30,429.604003906,187.440170288,30.7209625244,73.005531311,63.4237527847
30,386.651641846,190.396591187,19.0492725372,54.1342506409,46.4457839727
30,583.97833252,134.017944336,56.0216674805,277.008544922,33.6655527353
30,417.936126709,193.897262573,24.6008243561,63.110370636,20.8396553993
30,446.830474854,199.942245483,25.3621578217,58.9380760193,15.5727609992
30,567.759216309,138.190551758,45.0793762207,126.245414734,7.64199718833
30,461.149749756,214.936279297,18.9348621368,45.5887413025,7.51763656735
30,397.91003418,199.956832886,17.6902961731,49.6139526367,4.93577681482
30,596.901794434,282.475189209,32.4051704407,101.562995911,2.22302991897
30,74.0088119507,192.662780762,15.6053705215,43.4720306396,1.0661794804
30,364.375,197.552780151,18.3524341583,46.0667572021,1.05414958671
30,166.226547241,195.890945435,20.8224697113,56.8560791016,0.895022694021
30,8.12107276917,149.087051392,16.4193058014,48.2600669861,0.327292387374
30,601.292297363,105.673240662,20.4535045624,62.9864044189,0.224320264533
30,583.352600098,77.32081604,19.8768749237,59.620880127,0.184251647443
30,309.957855225,183.577774048,22.2553482056,59.3190345764,0.015220772184
60,394.51171875,164.745544434,72.7297592163,217.115402222,84.0823471546
60,336.2684021,200.344436646,31.2122020721,72.2574691772,69.9643909931
60,357.639648438,203.938110352,26.3910312653,63.8073921204,27.4906396866
60,298.980743408,199.895431519,21.0683841705,53.7291069031,25.1398563385
60,434.650970459,145.790466309,33.8496131897,134.943283081,16.8107450008
60,403.900604248,260.582977295,30.6467494965,106.576393127,12.8665015101
60,376.780059814,214.473632812,20.432975769,53.7136116028,12.247569114
60,350.912475586,174.190490723,88.2591323853,145.831054688,8.78396481276
60,538.603210449,106.995201111,20.0885562897,53.8114356995,8.15873593092
60,311.644500732,207.980056763,18.310174942,51.075176239,7.89210647345
60,382.813568115,190.91178894,31.9362773895,84.3756637573,5.3309161216
60,419.658355713,249.455932617,22.4220905304,70.2100143433,2.75266040117
60,279.238739014,205.000106812,20.5313282013,49.3180389404,1.30202043802
60,417.794342041,292.050415039,30.6396274567,79.412727356,1.15668447688
60,431.79586792,223.336547852,29.2369174957,83.0042724609,0.101676920895
60,97.5035629272,195.712768555,21.9959869385,56.2564277649,0.0101462996099
90,593.232849121,198.186782837,34.5279579163,79.3364562988,99.2067992687
90,125.667518616,171.390014648,55.3670349121,172.266906738,88.3914470673
90,154.844573975,171.625259399,40.8423538208,120.34765625,29.7813743353
90,176.878463745,201.740722656,26.5941696167,76.7330551147,26.7976224422
90,123.229804993,196.241012573,30.0668087006,89.6418762207,21.5997487307
90,192.89793396,233.038757324,28.2754878998,51.2569847107,17.733566463
90,117.43094635,205.181015015,17.5774364471,53.4745941162,10.9686262906
90,514.085083008,46.5859375,22.7237224579,56.6169471741,4.82235476375
90,106.303672791,202.968032837,18.4317150116,49.2279777527,4.347538203
90,373.612823486,101.878227234,21.3951625824,56.7842140198,1.73624828458
90,162.287399292,213.84753418,21.3381900787,66.5074691772,1.61765050143
90,144.065139771,197.71711731,26.4797649384,93.1969528198,0.555186066777
120,247.33442688,182.472854614,99.3838882446,199.73298645,99.6481060982
120,332.815246582,201.026779175,37.0665397644,100.375846863,91.690403223
120,15.9114074707,95.7976150513,20.5523586273,53.299823761,56.025236845
120,242.230606079,210.622055054,43.6728057861,111.004669189,55.9307217598
120,301.511749268,200.521713257,36.0479774475,108.967002869,12.397775799
120,119.108390808,32.4528007507,27.3840885162,66.4012451172,0.185793044511
120,352.841217041,206.078689575,21.1077098846,56.0712280273,0.0622229475994
150,501.341064453,195.308578491,29.8577823639,85.201751709,50.7183432579
150,260.143463135,191.283035278,26.2476329803,54.6961174011,1.79638639092
150,512.010070801,183.86340332,30.608789444,59.4308776855,0.490311020985
180,312.136627197,66.2324142456,21.8939495087,58.1584320068,11.0545381904
180,509.556854248,164.463150024,24.8415393829,55.2670478821,1.86353474855
180,20.097486496,254.180236816,25.978729248,63.0622825623,1.42141804099
180,35.3800506592,199.842575073,32.2360839844,105.096458435,0.467005511746
180,452.713531494,163.95451355,28.0766906738,67.3569869995,0.184257258661
210,171.098495483,212.52571106,23.001745224,49.0421028137,46.3397055864
210,74.4298477173,60.0677909851,23.9958057404,67.5578384399,3.72816435993
210,55.1958274841,70.8826828003,22.2515544891,57.4590263367,3.68059687316
210,301.598114014,172.941818237,20.8221950531,53.5083198547,1.25322975218
210,239.85748291,173.435913086,21.9328842163,55.0402374268,1.06997098774
210,41.6440429688,203.494750977,24.618888855,53.0372505188,0.778257055208
210,288.678253174,170.939987183,20.3704833984,48.975894928,0.693425955251
210,508.114654541,183.429977417,21.3041934967,53.042881012,0.494077568874
210,592.306091309,130.467605591,30.2814273834,79.2929840088,0.0198347741389
210,5.7486243248,147.176803589,18.4829788208,50.8708953857,0.0135114009026
240,566.255249023,186.894607544,23.4444942474,53.2428779602,21.2157577276
240,23.0845890045,183.508422852,22.2668228149,59.6251678467,7.91429504752
240,450.880706787,188.493652344,17.615568161,48.1491203308,6.86417073011
240,130.201278687,174.691360474,19.3059215546,54.2712059021,2.10102647543
240,211.536987305,165.158782959,20.7718238831,58.9500083923,1.26550933346
240,504.981811523,191.512008667,18.4360942841,55.3586158752,0.826513767242
240,459.486785889,178.357788086,25.2873325348,59.9420280457,0.751617271453
240,474.246704102,193.478820801,19.0953006744,49.0125274658,0.560795655474
240,9.39100551605,184.113037109,16.8474121094,51.8917274475,0.24785939604
240,141.50541687,177.160079956,20.262506485,54.074848175,0.226388592273
240,542.819580078,184.288513184,23.4625263214,51.7032318115,0.183703599032
240,493.723632812,183.528930664,20.7360267639,54.885345459,0.104525359347
240,80.0269775391,130.420089722,36.988609314,96.6094284058,0.0719160598237
240,531.003540039,185.083236694,22.1623096466,64.6537322998,0.0615617725998
270,607.379821777,185.376693726,22.0819759369,63.2930908203,44.9350208044
270,499.234222412,185.37928772,19.3291873932,53.8968391418,20.3736543655
270,201.489974976,172.272323608,20.6607112885,54.2179069519,9.9178917706
270,466.282867432,191.175247192,21.8170852661,59.1581420898,9.84992533922
270,477.468048096,180.726135254,27.9497432709,67.3656539917,8.48403051496
270,91.973274231,170.093185425,21.0724658966,58.8145027161,2.59267613292
270,56.8806304932,183.917480469,19.246843338,54.8527412415,1.59035921097
270,584.751586914,185.390426636,19.0148143768,57.3967247009,1.0408773087
270,514.698486328,171.152236938,21.2538795471,57.8898048401,0.18908692291
270,459.470092773,167.824661255,20.6258354187,65.1397476196,0.172526401002
270,526.89276123,57.9525756836,26.2745380402,73.7591934204,0.11573653901
270,22.2473449707,103.765647888,27.7683734894,74.7415237427,0.00267926243396
300,525.748779297,178.149337769,27.6376724243,88.057762146,18.5314074159
300,171.784133911,158.131637573,18.6969947815,62.6622962952,15.4275417328
300,422.950714111,166.254989624,17.8647327423,50.2057380676,4.01804633439
300,540.993347168,187.683517456,26.9539413452,78.4272079468,3.18635925651
300,560.147277832,147.6224823,23.1795806885,79.808013916,1.92921720445
300,57.722869873,165.876831055,22.9426116943,69.3910446167,1.03610381484
300,555.905578613,191.861404419,24.9418792725,68.6928024292,0.665293540806
300,548.05267334,161.175811768,20.910861969,58.6594848633,0.374303455465
300,501.791137695,229.003097534,17.4892730713,42.3327064514,0.343029340729
300,507.286743164,166.953735352,18.8392429352,60.9544715881,0.187782885041
300,140.096237183,185.963943481,20.0663967133,47.4941253662,0.0764776021242
330,606.901000977,148.244155884,22.6344165802,73.5214157104,42.3061460257
330,610.271911621,253.814880371,21.6826725006,62.1760368347,1.25581966713
330,3.44293856621,155.848953247,24.4408016205,66.8461532593,0.704796938226
330,580.791015625,204.418777466,19.5298080444,48.6265144348,0.377040123567
330,484.263427734,187.946792603,17.8258266449,52.9378623962,0.145031278953
330,472.669708252,199.881820679,19.443403244,48.772731781,0.142407044768
330,592.760742188,140.975906372,26.3921794891,70.8520584106,0.0306819245452
330,22.6532745361,158.525054932,23.2133312225,72.0291213989,0.0197564993869
360,602.701965332,189.838882446,29.7082309723,96.8449630737,11.7955908179
360,625.883239746,243.776245117,14.1167602539,63.0189781189,0.659276451916
360,545.362609863,85.3283996582,20.0129413605,64.1524810791,0.53608766757
360,553.087585449,157.275222778,20.2003879547,57.4635505676,0.489841029048
360,121.297370911,147.05758667,22.9421787262,76.2520141602,0.291802571155
360,567.489196777,149.43800354,19.6925792694,54.5576515198,0.162855477538
360,613.819763184,30.8421955109,26.1802368164,76.4710845947,2.48830982486e-06
390,605.200317383,53.0794067383,17.616727829,60.5405731201,19.7002992034
390,7.26811027527,189.625,15.570941925,41.7074012756,14.2867460847
390,605.234863281,188.412582397,20.6647663116,60.4781074524,1.30887264386
390,597.912719727,141.779067993,21.1057872772,60.4217834473,1.02803288028
390,547.72052002,128.209625244,28.4454708099,63.4765625,0.926456134766
390,547.50390625,90.6606826782,21.9220027924,51.9454078674,0.380204687826
390,616.713195801,209.686325073,16.145111084,44.8011360168,0.240467512049
390,37.5136451721,198.736938477,24.4639911652,45.4130439758,0.119665428065
420,6.82992553711,206.016891479,21.3032283783,51.8539161682,21.3841229677
420,592.486572266,167.487731934,17.1946163177,51.0640144348,12.3383700848
420,615.796325684,169.8540802,18.5599765778,51.968082428,5.61044067144
420,73.367805481,154.347915649,26.0584487915,68.4609375,1.41941886395
420,406.221557617,97.6739425659,23.1227779388,54.8198699951,0.19531766884
420,13.8255195618,148.149215698,29.7825641632,79.1842575073,0.0366981170373
420,516.432434082,28.3239059448,30.2759609222,76.5163650513,0.00124487778521
450,41.9794425964,153.681793213,18.9989757538,54.4654273987,10.0408174098
450,617.195373535,169.472763062,16.7977581024,46.4616279602,2.46836841106
450,2.00959587097,171.286743164,12.7144927979,59.9972877502,1.21946614236
450,510.797271729,156.068405151,20.0784339905,45.4071235657,0.427123205736
450,500.257476807,161.385055542,17.0233154297,43.5402870178,0.303756864741
450,450.046173096,74.0661315918,22.5183105469,50.4379119873,0.0500227033626
480,516.217224121,150.165420532,19.2108287811,49.6989631653,76.2275218964
480,533.613098145,150.513412476,16.5229301453,45.3672523499,1.23619260266
480,215.671951294,146.181335449,23.1833953857,44.3482780457,0.724695296958
480,440.543060303,40.4280471802,28.949464798,59.2585411072,0.00790581616457
510,580.417114258,148.517547607,26.4689769745,61.3589897156,96.3220059872
510,613.18157959,149.650314331,18.9288463593,46.8361320496,55.0092637539
510,168.097549438,147.402770996,20.7322559357,39.6571731567,25.6819009781
510,528.869934082,155.829223633,19.224981308,49.4501838684,7.11298808455
510,564.487731934,146.16166687,16.3088588715,50.9283638,3.58176194131
510,601.900085449,151.554763794,18.7858314514,49.8840332031,1.30152180791
510,541.70135498,160.462265015,18.1077671051,45.8267364502,0.263431551866
510,443.274139404,28.5502700806,24.4568119049,57.421005249,0.0132278146339
540,41.9275474548,158.2240448,32.1199951172,68.1142654419,98.5334277153
540,611.594543457,173.443527222,18.8786201477,50.9919281006,85.8336925507
540,498.531890869,171.455001831,23.7646713257,45.9624328613,12.0004311204
540,16.619966507,80.0423660278,24.7880859375,55.5650939941,7.44219124317
540,540.178466797,172.367263794,24.7335205078,44.1299743652,6.72390684485
540,131.616165161,154.169937134,22.2309818268,56.7481536865,4.05634529889
540,473.121826172,170.866821289,18.9553413391,42.470703125,2.55052428693
540,116.465293884,155.328948975,21.6150531769,56.8219261169,1.55283631757
540,5.66486501694,81.1801986694,18.9754505157,63.3753547668,0.975973997265
540,63.6021842957,167.375152588,18.5053157806,56.9967308044,0.238982541487
540,466.576660156,34.4361000061,20.6730232239,54.5111198425,0.190282496624
570,564.851745605,182.565811157,24.4527454376,55.0719261169,51.9988775253
570,69.9051208496,173.703536987,17.286283493,43.5268859863,24.7356444597
570,415.547698975,157.3828125,22.2177181244,49.82264328,6.90605789423
570,524.579833984,179.779495239,20.8123073578,45.9887657166,1.66549645364
570,56.8042640686,170.879333496,16.8892784119,45.1099090576,0.817919615656
570,536.636291504,186.313980103,18.2889442444,47.5285491943,0.276404875331
570,493.311737061,29.6594409943,25.6907520294,59.9623756409,0.00398573392886
600,588.484741211,182.768264771,18.5316963196,54.3145713806,57.0054709911
600,572.495178223,182.137023926,17.4659500122,45.3918952942,24.2330104113
600,420.227142334,158.925170898,25.9949588776,54.4249687195,21.5623572469
600,4.98452329636,182.624801636,13.2265968323,52.277217865,12.5895515084
600,601.618347168,189.036514282,22.8283843994,61.5878753662,3.30499187112
600,616.596557617,201.016769409,17.9779014587,46.7268180847,0.704492209479
600,512.191833496,16.074213028,20.606218338,67.8493728638,0.368891307153
600,498.018035889,175.196411133,18.8064956665,51.9590454102,0.175181950908
600,558.50970459,171.191085815,19.352853775,54.4445304871,0.134792539757
600,499.544830322,22.5559463501,21.3512821198,54.8561973572,0.00814535451354
630,602.029174805,191.525741577,23.7987041473,59.6415367126,71.769630909
630,427.266448975,164.829421997,18.8552455902,51.585193634,33.201482892
630,417.347412109,158.20274353,17.2601318359,58.6324501038,2.21453104168
630,528.813964844,165.514801025,20.0879497528,63.9939231873,0.683492189273
630,497.360351562,177.200210571,16.5252628326,53.3208885193,0.367723079398
630,562.940002441,199.400878906,20.2360019684,49.0473442078,0.0798190478235
660,85.8851013184,189.017745972,19.836812973,46.9949760437,51.2816250324
660,579.850708008,164.389297485,18.6620388031,59.1315956116,32.9181134701
660,487.10055542,163.307830811,26.2738800049,59.954208374,7.93738141656
660,562.794616699,182.447952271,18.0044116974,48.7081451416,1.1750000529
660,159.51008606,165.513961792,21.3956432343,51.8448066711,0.119920249563
660,577.394714355,27.1286258698,21.1993293762,55.9335823059,0.0645506836008
690,463.995819092,159.232437134,23.7173442841,63.8029441833,48.7436681986
690,504.528778076,157.768753052,28.2670898438,60.2742347717,4.23471145332
690,20.3305988312,194.102371216,28.0512294769,51.5866088867,3.76966297626
690,615.676208496,191.440185547,17.4723949432,45.8333625793,0.788106583059
720,508.658966064,156.502868652,24.9700088501,80.2266769409,42.1086490154
720,9.48760604858,71.83152771,28.145280838,69.6690597534,0.456153554842
750,565.831237793,142.53805542,25.1359386444,86.3740005493,8.8017269969
750,585.76184082,143.679931641,27.9944820404,89.6120681763,0.377288064919
750,616.588562012,60.4540863037,17.2734012604,49.7359313965,0.350807211362
750,584.730041504,59.9495239258,19.4071559906,55.1829376221,0.153994781431
750,403.48928833,177.35307312,19.2837429047,42.7639427185,0.0174973436515
750,36.9760055542,79.1528091431,22.5809078217,85.8433761597,0.00934987328947
750,481.578460693,115.185035706,29.0425548553,94.4826583862,0.00589980336372
780,613.305236816,177.501327515,19.974615097,53.7064247131,19.5835873485
780,454.428344727,182.513748169,15.3579130173,39.0342712402,0.2347440226
780,23.3111400604,118.236663818,25.7941646576,91.9087524414,0.0393858208554
780,45.0335197449,113.232017517,23.7229766846,79.1411056519,0.000637034236206
810,468.234863281,178.633972168,18.3385829926,41.4610519409,1.16670643911
810,61.1306190491,173.654846191,20.2488670349,48.8588523865,0.757003249601
810,24.0072097778,168.521911621,22.5079288483,53.4300537109,0.619494961575
810,40.2841110229,173.943466187,16.698513031,49.2567100525,0.389561336488
810,504.243255615,168.367263794,19.4573554993,52.6296081543,0.289112678729
840,45.2050476074,168.988815308,22.1413497925,53.3538665771,2.20199786127
840,6.64833498001,173.798294067,19.6677265167,54.1461830139,1.80902276188
840,485.000854492,168.450744629,17.178106308,46.6352653503,0.752712320536
840,18.0848827362,172.101577759,22.1287593842,50.7574615479,0.519605958834
840,511.590118408,157.958175659,16.6174373627,49.276599884,0.244136783294
840,522.198059082,163.463821411,17.7443504333,51.1379814148,0.0904212414753
840,9.40946865082,94.3192749023,34.2274665833,89.7015151978,0.0196346576558
870,499.123779297,172.437973022,19.3950214386,46.9148101807,12.1750377119
870,30.6131534576,153.9193573,24.5856761932,63.5361061096,2.11916659027
870,522.026977539,169.319259644,16.6615333557,52.1707572937,0.645603332669
870,546.33581543,163.160873413,24.2148723602,62.3750419617,0.263482774608
870,536.107971191,161.163024902,19.4297008514,50.4512023926,0.223314389586
870,537.459472656,103.434265137,27.9470272064,71.2787628174,0.045683895587
900,504.702484131,169.042312622,20.0205554962,55.4785804749,28.7879794836
900,531.262695312,169.482894897,20.0503616333,61.5881767273,26.9192129374
900,517.614196777,166.63444519,23.670343399,60.4215126038,1.78167894483
900,610.730407715,184.417800903,16.9801998138,53.5534210205,0.89944023639
900,553.2421875,175.755874634,19.9908771515,55.8063621521,0.80925039947
900,431.724121094,149.173278809,19.4075660706,52.1432304382,0.66498555243
900,455.164642334,159.252319336,19.9364509583,49.9082450867,0.277957320213
900,559.345397949,140.425674438,24.2222824097,82.2435760498,0.240324018523
900,445.383148193,151.210067749,19.0156173706,50.6416015625,0.235648127273
900,53.4243659973,112.496757507,25.2706241608,78.124458313,0.0105864462967
930,540.542785645,178.349197388,18.3730297089,53.9128303528,66.479486227
930,509.609283447,182.169662476,20.496969223,46.5933265686,34.1878414154
930,530.949401855,178.078720093,16.675447464,54.6602668762,5.54168894887
930,18.1075382233,162.839416504,24.4754390717,61.7618904114,5.36457821727
930,552.067321777,179.028244019,18.3760280609,59.8626098633,2.16207318008
930,435.551391602,153.981018066,22.5013198853,52.9221534729,0.260219303891
930,46.7851066589,112.81552124,24.8606109619,83.5922470093,0.15489537036
930,450.232818604,152.693725586,22.4191493988,58.997592926,0.0489640980959
930,578.229858398,139.16053772,18.5619754791,59.8227081299,0.0368481181795
930,566.612548828,144.246994019,22.1080780029,77.783706665,0.026831307332
960,568.030822754,177.196212769,24.8433837891,58.9063835144,52.464479208
960,521.972473145,178.363235474,21.6997585297,54.3087348938,24.3768900633
960,555.299987793,185.031326294,15.8758134842,50.1950531006,19.4389611483
960,6.20604944229,172.545944214,19.2809314728,58.1131858826,4.60664778948
960,534.917663574,183.315994263,20.9740467072,57.5575294495,3.8689468056
960,591.18560791,173.721420288,16.5401515961,72.2353515625,2.44809966534
960,33.103225708,107.503074646,23.3752765656,74.9137802124,0.557175790891
960,602.212585449,165.917953491,23.3698043823,77.7092208862,0.475859735161
960,512.356384277,187.969741821,18.7647724152,46.6285133362,0.191106670536
960,609.949157715,135.455154419,26.2223491669,72.6594314575,0.0347741501173
960,197.343643188,159.483108521,19.8591804504,53.7334327698,0.00552736382815
990,596.805603027,198.76348877,19.3694496155,54.6540679932,40.154838562
990,553.453430176,194.848770142,18.9232234955,41.6434020996,22.9159370065
990,7.27562952042,109.372779846,24.0549468994,76.0412902832,21.6091126204
990,543.956848145,195.893676758,17.0062732697,41.8425254822,3.24327275157
990,609.137573242,195.547439575,17.0658969879,56.554977417,2.50982474536
990,534.200378418,200.253738403,17.9539775848,42.7272911072,0.160894787405
990,448.69934082,164.67477417,18.2918434143,54.4621009827,0.13775016414
1020,575.088134766,173.638259888,20.7061405182,55.7054901123,14.1591385007
1020,613.078125,40.9994468689,22.4841060638,71.8736419678,1.10192904249
1020,510.301147461,176.112838745,19.0506534576,45.5222587585,0.666776066646
1020,587.514587402,178.113204956,19.5142650604,46.0522117615,0.634878221899
1020,561.461853027,187.903671265,17.3255882263,42.2787208557,0.077570969006
1020,439.203704834,145.791519165,18.1201820374,47.0326080322,0.00195286211238
1050,436.165679932,147.461593628,22.9508590698,60.7376976013,59.7872853279
1050,500.182647705,169.633712769,17.5083065033,52.011932373,1.59958954901
1050,566.682312012,181.105651855,20.2880477905,53.0533790588,1.35834235698
1050,535.33190918,172.193283081,20.2920818329,51.6118774414,0.61450554058
1050,483.469604492,156.709472656,27.0776309967,59.8264274597,0.0508136174176
1080,456.757568359,144.762207031,22.1630840302,66.035736084,54.3081700802
1080,467.032104492,156.119049072,22.6176204681,72.213394165,0.396767212078
1080,147.064559937,175.551452637,19.7010803223,45.8867225647,0.21291973535
1080,477.008758545,179.079391479,23.641166687,54.3929595947,0.00634988100501
1110,510.094116211,178.035354614,20.1052150726,61.1067657471,3.85607108474
1110,68.6869354248,172.717819214,18.2956829071,46.2516136169,0.692830886692
1110,560.908569336,74.7847290039,19.8252429962,58.789516449,0.16611131141
1110,453.633422852,140.202896118,17.9824352264,60.5177154541,0.119248661213
1110,59.3875427246,173.493087769,17.4777774811,53.9238739014,0.0674763112329
1140,487.086669922,130.518127441,26.6487350464,73.8527832031,5.48383519053
1140,503.05871582,148.454223633,33.0799980164,86.8194046021,2.18653399497
1140,10.5224018097,105.037963867,19.563167572,50.0714607239,1.76172591746
1140,522.592956543,167.358078003,29.8418121338,76.0625534058,0.622235890478
1140,2.22018122673,99.7538146973,14.9769086838,60.0781898499,0.353133701719
1140,589.114257812,156.944625854,18.9858226776,40.6968421936,0.313679827377
1140,20.667224884,184.238723755,22.9217243195,46.1104927063,0.126985146198
1140,484.777801514,183.832809448,17.8527317047,50.8634185791,0.0902840110939
1170,8.1927652359,89.5772018433,40.3328208923,132.401138306,9.85975414515
1170,579.636169434,164.865707397,18.4039459229,55.4460601807,6.18679299951
1170,97.7277297974,184.458908081,19.4284420013,43.9386711121,3.28923277557
1170,590.149108887,169.951797485,21.8841953278,60.1381874084,3.16937156022
1200,44.6883850098,184.493530273,20.8432674408,42.816192627,89.4034087658
1200,32.7528572083,184.035720825,16.8059577942,44.7213287354,0.864554475993
1200,538.856994629,52.3052864075,71.1481246948,200.282363892,0.840501952916
1200,61.4171791077,185.150039673,17.715549469,42.1121864319,0.0558410596568
1230,438.867950439,135.959869385,25.6671352386,84.3170318604,17.8308337927
1230,92.5189208984,178.93611145,17.0990352631,44.2688293457,3.75528037548
1230,451.272979736,181.847396851,18.4553260803,44.3862724304,0.37084100768
1230,454.368133545,134.96295166,20.0854663849,55.5357093811,0.119352119509
1230,103.406440735,179.732559204,16.7708110809,45.2858390808,0.105360313319
1260,608.37322998,104.140533447,22.6634120941,68.5858764648,2.54195015877
1260,46.1850395203,182.78678894,17.6705760956,49.9426879883,1.11001254991
1260,577.938049316,113.765411377,19.027671814,62.0124359131,0.0146606689668
1260,592.049926758,115.257331848,27.6753444672,75.7123031616,0.005269383837
1290,596.956115723,158.012924194,16.9408721924,54.2366943359,6.94118067622
1290,498.124908447,165.214385986,15.9792585373,47.3752288818,5.78641891479
1290,524.848937988,146.266098022,21.6164417267,59.7918434143,2.43375170976
1290,581.663757324,160.907485962,17.9004135132,59.2024879456,1.29554765299
1290,512.415344238,151.647201538,17.0590705872,50.4875602722,0.672670733184
1290,514.979187012,108.563781738,23.5101680756,77.6722335815,0.0277015438769
1290,457.728668213,89.8074111938,28.7289047241,80.6354904175,0.013427430531
1320,567.717224121,154.111343384,19.381029129,59.4670219421,42.3018306494
1320,578.66229248,154.123764038,17.8254070282,53.1573944092,2.81375572085
1320,624.117553711,89.2716674805,15.8824462891,79.1834640503,0.544259790331
1320,556.17956543,164.401092529,21.7025756836,57.5945892334,0.335766072385
1320,510.827880859,72.6737060547,18.9522399902,47.3914222717,0.0152777080075
1320,609.577697754,37.7879600525,20.8562831879,54.0949859619,0.000413707493863
1350,138.444168091,156.811584473,19.9837818146,45.0698127747,2.87358295172
1350,522.425231934,57.7823066711,26.3360881805,75.1498794556,0.592523720115
1350,482.43258667,114.710365295,19.1915645599,61.2397499084,0.400813575834
1350,560.529968262,52.5576133728,17.2830619812,52.8393363953,0.270370999351
1350,597.332580566,173.144851685,30.3751239777,82.219367981,0.172115163878
1380,615.929321289,190.836898804,18.6099319458,49.6968536377,12.0443217456
1380,555.59979248,164.410568237,20.5312690735,61.404876709,6.56890720129
1380,583.986938477,42.7704467773,28.4528331757,69.8645095825,0.278550619259
1380,565.026062012,177.788131714,23.6132946014,60.2131958008,0.26029900182
1380,571.94708252,65.3625335693,22.4129772186,73.4727706909,0.245789787732
1380,95.0343551636,170.18196106,24.5892505646,46.2800941467,0.0641033984721
1440,1.70697975159,192.996932983,14.0045251846,49.0886077881,0.316598522477
1470,133.679962158,179.849502563,19.2835025787,44.5253868103,28.9981782436
1470,17.5473442078,135.212341309,20.2647075653,65.4590530396,0.207176897675
1470,14.7246999741,171.5859375,18.2086811066,60.2437744141,0.0455639907159
1500,558.360046387,180.574356079,21.6283569336,58.7758140564,56.2622070312
1500,85.3719482422,187.451217651,16.684135437,45.6679840088,10.1038016379
1500,430.328338623,174.844070435,19.7025184631,44.6560668945,1.42789604142
1500,46.0996398926,182.791015625,19.0425739288,45.8940391541,1.24874683097
1530,5.97079896927,189.255081177,14.5936040878,48.8510551453,86.897444725
1530,38.6717529297,184.971389771,16.6260871887,45.5458030701,8.358040452
1530,479.109863281,164.246017456,21.509305954,51.6640472412,5.04069849849
1530,20.760679245,179.680221558,16.9485397339,47.6845855713,0.0200368303922
1560,509.145294189,153.055709839,20.7871303558,62.7080230713,12.2866898775
1560,414.178955078,169.571838379,19.1726608276,50.7237968445,7.11815878749
1560,11.309132576,189.536376953,16.8419456482,43.8127098083,1.48436343297
1560,487.438140869,176.559997559,16.2396125793,43.5453987122,0.519485957921
1560,405.596923828,117.30721283,19.8259086609,55.6319236755,0.400587404147
1560,500.44644165,165.376403809,18.3007564545,51.2867393494,0.0853375589941
1560,144.414154053,164.123519897,16.9581546783,46.9190635681,0.0483009847812
1590,570.360534668,104.320251465,29.8671875,98.018119812,21.877592802
1590,546.388916016,153.123703003,20.0252113342,55.4714546204,2.20681820065
1590,520.138427734,155.071670532,23.0416717529,53.6100921631,0.450437748805
1590,504.631072998,159.944992065,18.0590000153,50.595035553,0.295981159434
1590,556.012023926,135.671798706,25.8089809418,67.5311584473,0.206495076418
1590,416.575317383,86.0555114746,30.0554447174,75.4201278687,0.156742788386
1590,26.8819828033,94.2795028687,31.5824680328,73.5686569214,0.0224965755478
1620,581.822631836,140.448440552,22.8989315033,72.4478378296,56.8934559822
1620,608.040283203,61.7258644104,28.2726688385,91.9456710815,11.988325417
1620,615.512939453,165.170120239,15.6351051331,51.3758659363,7.99965783954
1620,596.347045898,140.054275513,18.8135643005,68.4552993774,1.70278251171
1650,615.618225098,179.212478638,18.5109233856,53.9852790833,2.1714348346
1650,563.608581543,159.023269653,20.1940364838,51.1065559387,2.14057974517
1650,516.437927246,158.292175293,16.9405517578,54.5253181458,1.05314534158
1650,528.985412598,166.292221069,20.674665451,44.962677002,0.377952959388
1650,596.30657959,185.567245483,27.1923427582,68.472984314,0.164704862982
1680,596.913085938,174.346923828,19.2069301605,57.3802909851,13.7255907059
1680,120.881652832,162.094528198,20.2282238007,45.3375740051,2.24922206253
1680,605.581237793,159.212356567,27.7509765625,79.0804672241,2.09144279361
1680,616.682312012,202.351150513,17.3881855011,47.4045295715,1.0372934863
1740,4.14174079895,198.93208313,16.0318012238,43.986831665,14.5287007093
1740,482.854827881,167.503646851,21.2445201874,51.0809020996,4.60811331868
1740,73.5157546997,171.352859497,18.3909664154,47.18019104,4.47383783758
1770,47.2012786865,169.830154419,19.2444343567,51.9255409241,7.24368840456
1770,525.858215332,137.273330688,30.5784225464,79.6496429443,6.05426244438
1770,348.838592529,173.499832153,19.6839866638,51.5374031067,4.21137735248
1770,425.166717529,171.541946411,17.5514583588,49.5755500793,3.92321683466
1770,435.926361084,169.889755249,18.3791637421,47.9019622803,1.00169731304
1770,367.73538208,175.417861938,16.0699806213,47.4937705994,0.484962249175
1770,336.949951172,163.819381714,22.7947540283,54.7840385437,0.0830992124975
1770,456.650360107,171.323257446,19.0422039032,45.966796875,0.0391056179069
1800,424.22958374,176.392288208,18.0816555023,53.8650474548,7.80648291111
1800,611.695373535,173.663162231,17.4224128723,50.3379058838,7.0289388299
1800,393.390380859,175.693130493,19.3051166534,54.3716239929,3.44578586519
1800,438.492889404,183.984603882,14.8670883179,47.0924110413,2.7085872367
1800,479.255279541,185.05406189,23.8218135834,52.4247550964,2.00185980648
1800,447.797210693,186.181289673,15.5659666061,42.7669410706,1.645642519
1800,521.434265137,180.934326172,17.2685565948,49.5954399109,1.27380983904
1800,599.762634277,175.648681641,18.900844574,49.3563232422,0.373843521811
1800,408.402709961,176.515396118,18.4031658173,53.3348655701,0.340019515716
1800,114.960517883,162.688720703,31.0118541718,56.7558479309,0.323808542453
1800,329.131561279,186.339645386,26.5884990692,49.3569450378,0.0196465669433
1830,537.109313965,194.34197998,19.6225261688,54.7592658997,38.906493783
1830,514.5703125,186.294296265,21.6816329956,65.988243103,38.4572505951
1830,597.063781738,200.286697388,23.9803390503,55.3110160828,2.84493286163
1830,550.255065918,197.052200317,15.0012369156,49.3595581055,1.131842006
1830,500.672241211,196.212417603,21.1563282013,54.4464988708,0.865657813847
1830,615.891418457,204.139038086,17.7822551727,52.4793891907,0.601173378527
1830,403.590362549,141.002059937,25.6771774292,78.1974563599,0.01453578152
1860,568.808410645,195.283004761,19.1954784393,45.1716804504,50.1179039478
1860,614.555969238,209.715332031,20.2223453522,62.3283348083,29.6237975359
1860,7.2990436554,177.598312378,17.5994586945,45.6054840088,18.6185449362
1860,609.241638184,184.551147461,19.3233623505,52.3067436218,3.62816117704
1860,493.841674805,179.229568481,22.3000354767,55.8919868469,0.983698107302
1890,86.108039856,140.611434937,18.674911499,63.2948265076,7.24495276809
1890,581.875549316,49.9993438721,40.2624397278,110.17868042,1.43206669018
1890,573.182922363,47.3194885254,23.0441589355,79.0365447998,0.0482955161715
1890,428.503631592,164.172332764,19.8081493378,54.2105064392,0.000180079325673
1920,246.641738892,139.18699646,23.1200504303,58.5786628723,52.7387797832
1920,508.58996582,175.658493042,19.4135932922,55.800983429,2.13625058532
1920,616.497741699,158.809738159,17.5108261108,54.0215950012,0.88573358953
1920,599.204467773,73.6854324341,34.9419517517,91.6522521973,0.284377369098
1920,59.3813743591,125.047180176,20.4180374146,58.848072052,0.240334868431
1920,233.535140991,141.252822876,21.7739257812,54.2232246399,0.0178123576916
1950,610.909606934,160.727767944,18.0368900299,58.6908073425,46.6505020857
1950,581.492736816,167.214889526,17.2520656586,55.4318656921,36.9839668274
1950,202.149642944,143.238632202,22.4041461945,64.3250198364,15.2622103691
1950,65.1285171509,164.714782715,17.0469226837,47.9235954285,4.72153536975
1950,11.7052736282,62.7507133484,30.6904907227,88.8021240234,2.06110142171
1950,594.339904785,164.454055786,25.0883560181,50.693561554,1.4939670451
1950,102.348754883,164.509475708,16.8920917511,43.9019470215,0.767570268363
1950,74.3575515747,166.239456177,22.5879001617,48.3905601501,0.691800704226
1950,49.4092140198,175.122451782,24.2655124664,51.0165557861,0.437523936853
1950,87.345954895,165.570007324,22.3882827759,51.4473571777,0.182379013859
1950,157.808563232,164.519882202,20.6920204163,49.5302886963,0.127259909641
1950,566.438964844,116.662757874,31.7052078247,87.542930603,0.0250095297815
1950,508.459136963,164.850402832,20.5399131775,56.705280304,0.0130427215481
