30,41.2330818176,183.315811157,16.3841381073,50.0769042969,23.3639121056
30,459.07510376,171.788650513,18.2350902557,50.0269584656,14.7303968668
30,510.153778076,159.4894104,23.0089797974,59.2668647766,7.2903804481
30,3.67613220215,180.759353638,11.7561159134,64.5345077515,6.49319067597
30,410.432220459,176.56578064,22.4632263184,45.6853065491,0.809086114168
30,9.39659309387,183.836349487,16.9123287201,51.2256965637,0.578674022108
60,488.804290771,156.161392212,20.3577232361,53.9077262878,93.9446270466
60,551.124633789,116.19228363,37.9456253052,91.4945373535,20.6742733717
60,504.204101562,153.566131592,19.6428203583,54.8805503845,0.801904499531
60,538.069030762,138.836105347,22.5981292725,71.0984268188,0.228061364032
60,412.488128662,87.5531311035,23.3726863861,65.0488967896,0.0823109701741
90,528.478271484,148.996139526,30.0524978638,67.5727081299,96.3994264603
90,548.571594238,149.857772827,15.0207529068,64.3924865723,8.03403332829
90,557.324401855,163.561599731,17.1388053894,52.4486846924,3.02275586873
90,408.43661499,75.5451278687,25.6580734253,50.952419281,0.155301229097
90,429.240447998,71.40209198,24.0341796875,67.0502090454,0.0405278406106
90,608.400878906,41.0622138977,18.36287117,55.6215400696,0.00626114560873
120,601.409118652,143.902389526,30.152048111,88.8659744263,94.1880941391
120,439.059844971,164.021575928,20.7943687439,46.1111450195,2.86672580987
120,467.746826172,155.395217896,17.6714267731,48.1623954773,1.48000493646
120,486.069335938,158.575637817,20.0783233643,51.6432380676,0.835188198835
120,450.728027344,163.260025024,19.7662067413,44.0311775208,0.429481361061
120,616.023132324,189.861190796,16.3933429718,50.2923736572,0.263132737018
120,426.673675537,61.0433921814,23.6089687347,53.599193573,0.176935223863
120,583.639221191,159.106491089,25.689414978,68.6774520874,0.0276824575849
150,464.323242188,172.409667969,19.5077457428,41.9996528625,5.56096769869
150,344.648590088,161.643249512,22.1995620728,45.292678833,3.44963110983
150,483.972198486,173.2890625,23.119474411,49.1789588928,3.06632220745
150,515.178771973,179.958084106,20.9441738129,48.2999076843,2.29144338518
150,413.462493896,157.61680603,18.6229457855,45.602519989,1.0461460799
150,600.213317871,204.715637207,27.17927742,68.6224212646,0.864272098988
150,16.4226226807,126.171203613,27.8115634918,63.9447746277,0.763335125521
150,528.548278809,166.85256958,23.6476268768,58.4556732178,0.111026817467
150,369.100189209,157.685455322,18.2840900421,42.2748451233,0.0982086756267
150,573.596252441,174.884338379,16.2415904999,46.877986908,0.0611166818999
180,574.175354004,182.648986816,21.944108963,60.6930885315,42.4280852079
180,598.601013184,184.648788452,18.9023342133,56.5620269775,31.5245062113
180,8.51087474823,184.122451782,20.0362510681,49.1354255676,22.4372595549
180,502.523681641,183.662918091,20.6868076324,45.6520996094,12.4255351722
180,614.250183105,193.673416138,20.6334514618,63.6592102051,6.11660815775
180,434.259887695,177.362503052,18.612985611,39.6071090698,0.888956896961
180,445.083770752,176.637023926,24.0803909302,44.9140892029,0.710558658466
180,490.914306641,184.472290039,18.7380161285,41.9551887512,0.0458521652035
210,536.703308105,185.04914856,21.0963382721,52.8586235046,55.5870354176
210,341.466339111,177.747421265,25.4124469757,49.0209617615,1.4784719795
210,549.99395752,196.216369629,23.1533565521,50.3064537048,0.428886478767
240,597.205200195,181.331604004,28.4399185181,71.0960769653,98.51770401
240,438.546142578,175.141052246,21.5028533936,51.4858970642,74.9088406563
240,2.64602351189,199.640197754,17.3594989777,47.0471954346,47.4162131548
240,466.115722656,181.229690552,18.499917984,47.9454231262,23.7532243133
240,326.585601807,169.890213013,21.781785965,55.7721862793,17.5568908453
240,77.33177948,186.374038696,18.5422763824,41.7155303955,8.36033299565
240,614.320800781,193.664352417,17.3858356476,56.4057044983,5.78297078609
240,315.566436768,167.550003052,21.1167736053,51.7348670959,1.32102929056
270,476.283935547,169.873153687,21.2113933563,53.1196327209,91.6827857494
270,35.3084373474,178.204391479,19.826210022,47.1950073242,86.9313180447
270,495.35848999,170.267486572,22.0965557098,59.9913063049,14.8874089122
270,324.17086792,165.947036743,21.8661804199,52.3482933044,3.88059616089
270,600.540405273,198.272018433,26.1337966919,56.0462799072,3.33078168333
270,467.983642578,172.601730347,16.9337711334,47.6190299988,2.0191192627
270,399.145263672,178.229614258,19.0847015381,44.9274787903,1.10416896641
270,373.236297607,174.746017456,16.9835147858,46.4085845947,1.07318181545
300,538.768737793,150.539077759,30.0957317352,91.3382644653,93.6979949474
300,578.940246582,161.054733276,27.5048503876,76.8230209351,78.2761394978
300,572.427124023,181.777526855,18.6287403107,61.1479988098,28.8247287273
300,384.13684082,176.814712524,17.4017047882,44.0840606689,17.6812916994
300,347.648834229,162.917160034,19.351518631,59.0041694641,7.74641484022
300,399.056243896,166.488342285,17.8442115784,49.5522117615,7.59852081537
300,424.301116943,178.285598755,19.1283454895,44.5322532654,7.04686939716
300,529.974914551,155.816452026,21.9087276459,73.7396240234,5.30705414712
300,558.092468262,157.116928101,19.8976478577,80.042388916,4.19013164937
300,489.960449219,169.470169067,17.5315036774,45.3603248596,4.01411801577
300,478.948120117,167.391326904,18.0851745605,47.5254936218,1.37758636847
300,616.661071777,172.767700195,15.5946731567,42.2645187378,1.30150951445
300,589.720947266,130.444900513,26.9510879517,77.0252151489,0.797708053142
300,434.156524658,170.301452637,18.9411487579,46.5537223816,0.610295543447
300,409.012420654,163.347671509,18.080581665,56.2793426514,0.54444312118
300,572.054016113,130.926040649,24.7979431152,66.5423126221,0.543075753376
300,603.753967285,157.683578491,21.9903507233,54.629863739,0.541818933561
300,372.098754883,169.398651123,18.7750988007,47.5493812561,0.356396241114
300,451.017181396,166.560714722,21.3798999786,49.8730621338,0.310908607207
300,285.231262207,169.887466431,21.7756481171,46.9838905334,0.0609990791418
300,359.717285156,160.421081543,18.0646877289,53.2519569397,0.0179909678991
330,423.432769775,166.614456177,18.9882965088,54.799407959,17.5083845854
330,566.916320801,176.208389282,21.4434051514,47.891910553,17.1973317862
330,540.264709473,169.377182007,22.939863205,64.2732315063,10.1107135415
330,456.903930664,179.991210938,17.4207229614,46.16664505,10.0336149335
330,440.987548828,171.76713562,19.2368221283,52.989200592,9.35601517558
330,388.510864258,162.690750122,23.1769104004,62.8205909729,3.70167382061
330,489.99206543,178.670425415,23.8091831207,53.1396751404,2.60360054672
330,523.557312012,160.839477539,20.3791179657,67.4357528687,2.02523898333
330,329.613006592,139.857498169,18.3090286255,68.6609954834,1.75505056977
330,613.602905273,153.057907104,18.2469654083,66.218132019,0.857657659799
330,467.656829834,177.075088501,16.7209568024,49.1484832764,0.467864703387
330,414.978851318,182.593215942,19.7401809692,52.0419044495,0.392603129148
360,564.840698242,189.182357788,20.7020301819,51.9132843018,57.4285924435
360,531.045532227,188.554489136,20.9175872803,59.9522895813,52.3331940174
360,6.81406593323,181.192489624,16.2648258209,44.4441337585,31.6586196423
360,608.268737793,184.374221802,20.89594841,57.7330780029,6.02052435279
360,597.644714355,191.343795776,20.0656719208,46.8703765869,0.977161154151
360,448.786773682,174.348983765,23.6652450562,60.1069374084,0.555435055867
360,541.437805176,183.806091309,27.0550365448,61.8268318176,0.539525412023
360,392.508178711,174.349899292,19.8630924225,49.9504699707,0.276866275817
360,430.765380859,167.551589966,16.740436554,54.4725494385,0.0351214897819
390,27.1096057892,174.796340942,26.4270687103,60.1580467224,57.6239287853
390,16.1361160278,171.045333862,17.2790775299,45.0051078796,44.7723418474
390,8.1454744339,167.418334961,15.0760583878,48.6840362549,29.7965437174
390,571.948120117,177.818557739,23.0148696899,54.2072105408,23.2182875276
390,607.652648926,174.341629028,27.695734024,81.9307327271,16.6191384196
390,615.377807617,233.627029419,17.2242164612,43.3314933777,2.39556469023
390,40.4762229919,167.101730347,23.641462326,45.6040534973,1.18397576734
390,445.530181885,177.572494507,16.5867328644,43.8546791077,0.040686459397
420,550.89276123,167.545181274,28.5900173187,60.9969329834,4.25090678036
450,602.508239746,138.602310181,28.6068630219,81.7229690552,8.39137583971
450,502.338256836,136.296096802,20.2413063049,51.541809082,0.492574973032
450,231.432449341,139.67250061,20.7497005463,51.8975410461,0.260276463814
450,590.173156738,74.7739486694,34.3704948425,117.455467224,0.184945424553
450,524.864318848,150.721343994,16.3347702026,42.4379196167,0.11906636646
480,602.748718262,145.320846558,22.5531024933,60.1899528503,31.8875074387
480,575.202697754,157.633926392,17.0843982697,52.7392463684,2.42489706725
480,46.889087677,119.011329651,24.7115039825,76.4669113159,0.613293237984
480,126.8695755,120.693054199,20.0895824432,60.3470649719,0.0834494712763
480,446.517944336,157.633468628,24.1789779663,65.5842208862,0.0397060182877
480,113.665550232,112.64138031,25.0039901733,84.0749511719,0.0347826135112
480,544.651123047,82.4239883423,31.0470199585,81.8410186768,0.0130978951347
510,239.553207397,148.420959473,20.4330730438,54.2581825256,5.56483492255
510,498.754364014,180.888442993,18.7106456757,48.3870353699,0.445564696565
510,508.84677124,185.444412231,20.1617908478,51.7539215088,0.285908067599
510,34.3321762085,137.21321106,22.7927913666,58.7919769287,0.236849463545
540,607.16003418,162.646469116,23.5483226776,58.5053215027,3.3079970628
540,584.794189453,123.66619873,30.4251708984,76.6409683228,1.79281011224
540,580.640563965,191.056716919,28.3332653046,72.0562057495,1.69700738043
540,12.9701805115,197.597366333,17.2479991913,46.0289421082,1.60919427872
540,31.5650577545,74.6604614258,29.9353427887,90.7661514282,1.46987084299
540,594.961853027,179.416488647,21.0032978058,47.1352043152,0.67752818577
540,616.805297852,118.805198669,16.5070972443,57.8456382751,0.489023094997
540,53.5824775696,74.3231201172,21.9148864746,84.2444229126,0.0282752560452
540,563.890869141,137.2212677,19.9735164642,50.7808265686,0.0139284224133
570,529.360534668,187.42137146,19.2173748016,58.2232971191,2.56530437618
570,153.438934326,151.83253479,25.5668506622,70.6232070923,0.13136259513
570,9.43289852142,201.897598267,23.672958374,61.8866691589,0.0612621719483
600,557.985778809,185.281509399,27.8703994751,87.3126220703,4.78646494448
600,616.66229248,177.765548706,17.460149765,58.5174751282,2.059558779
600,53.5397453308,147.683242798,30.0149326324,84.2546463013,1.17885172367
600,579.021179199,194.773574829,26.2299556732,73.0838394165,0.960758049041
600,260.425933838,142.635055542,20.9420528412,55.2130851746,0.600563222542
600,0.0,72.1976242065,19.872926712,78.3537063599,0.460600527003
600,10.7707519531,187.257492065,27.8614597321,66.5491867065,0.443267822266
600,554.083496094,170.951187134,21.3935565948,58.5404815674,0.442955456674
600,530.060119629,176.166061401,26.9382190704,73.7850723267,0.266897235997
600,151.559738159,52.9369010925,21.2428913116,62.5977363586,0.022774747049
630,606.074279785,185.57081604,21.8229656219,62.0779876709,80.5741608143
630,581.185913086,162.207321167,21.5336589813,74.3288192749,42.5479590893
630,594.270629883,162.615402222,21.532869339,86.2568664551,4.57042045891
630,616.452331543,210.600952148,17.5182857513,47.9165153503,1.19083542377
630,557.597473145,188.413955688,17.834066391,55.6121177673,0.39294809103
630,567.285095215,201.548828125,18.8760128021,46.9944000244,0.242035253905
660,458.452514648,128.031463623,23.1789493561,70.0627822876,30.8658570051
660,466.318939209,151.775802612,20.5366458893,75.1470718384,4.61994595826
660,562.359558105,220.877578735,18.0874252319,62.4710845947,2.7378808707
660,5.66409873962,63.6879615784,15.1527872086,73.4046707153,2.54182573408
660,540.095092773,219.175979614,19.7024745941,57.6270141602,1.34049048647
660,3.20429110527,119.925506592,25.8954162598,61.7407493591,0.308861769736
660,561.833557129,164.157043457,20.6805095673,55.112865448,0.292853545398
660,125.051574707,175.086715698,21.2204780579,65.5750350952,0.200865091756
660,124.33908844,143.796661377,21.6308612823,59.3933258057,0.0963015248999
660,99.3756942749,239.112136841,21.4063777924,52.4787559509,0.0610013143159
660,135.896499634,141.636367798,26.1344470978,76.539276123,0.051937851822
660,572.951477051,211.751464844,28.8584003448,73.7994842529,0.0305348774418
660,150.982711792,147.869247437,21.2408828735,64.8370285034,0.0142185293953
690,503.908660889,134.444320679,27.8885974884,79.6498794556,17.0224368572
690,524.748046875,134.602401733,25.6018199921,82.9751815796,10.920894146
690,515.618103027,172.604187012,19.8474903107,56.8596153259,1.46115189418
690,161.343170166,151.025558472,19.6427249908,59.1701774597,0.0669253407978
690,535.760681152,41.156993866,33.6479606628,123.815734863,0.0164133336511
720,138.223815918,153.430923462,22.9138565063,66.7009506226,13.5078042746
720,556.817932129,112.401512146,32.1965827942,101.723320007,2.41753924638
720,581.718933105,176.638900757,18.5009002686,52.527759552,1.42815951258
720,121.987922668,182.94543457,13.9515419006,47.3671226501,0.772444764152
720,511.814086914,61.2635231018,17.998884201,54.56092453,0.709381699562
720,17.6089477539,178.366622925,19.3876399994,52.1118354797,0.152976880781
720,50.6495056152,115.232147217,39.8046379089,87.3584365845,0.0277054961771
720,572.276062012,106.610984802,21.0096817017,56.9393310547,0.0184252174222
750,496.740020752,178.177780151,19.2349319458,47.2129707336,95.1291382313
750,44.7920532227,174.744262695,20.4384689331,63.0971984863,79.3854117393
750,613.280944824,174.012710571,17.0614929199,47.3491783142,60.1023972034
750,599.217041016,179.25944519,19.2575473785,43.1716461182,1.35139180347
750,509.293731689,178.901245117,15.2200784683,45.9904785156,0.437126029283
750,487.108734131,176.184936523,15.4070825577,42.8085594177,0.204737205058
750,552.819641113,166.967636108,19.6846637726,58.1335334778,0.1404371229
750,475.1043396,165.266357422,14.7370872498,47.4196815491,0.0663675018586
750,97.2806091309,136.20892334,31.4384288788,67.5028381348,0.0313447410008
750,560.090698242,31.6348190308,24.7523174286,51.9445762634,0.000213964767681
780,540.17388916,158.644927979,21.7864608765,55.9971351624,97.7507054806
780,505.695678711,153.434341431,18.572687149,45.5248565674,1.71126220375
780,484.298461914,147.348312378,16.6166267395,51.8874511719,0.14613851672
780,558.279052734,160.219955444,16.9309406281,50.6802215576,0.11935280636
810,568.328491211,166.865982056,24.3840103149,49.8655204773,4.65776659548
810,453.083282471,155.37197876,25.2094211578,57.4338226318,0.0722643511835
810,132.048126221,125.180503845,20.1813678741,58.0820350647,0.0123856574646
810,101.738716125,118.095359802,28.1196575165,83.3359298706,0.0117357027193
840,511.793334961,165.880554199,21.8657054901,59.2808876038,7.50442817807
840,610.277893066,72.3015518188,21.6860141754,65.916305542,3.67799848318
840,114.876853943,164.639205933,18.6792812347,52.7777252197,1.79144926369
840,586.348571777,62.9150848389,34.0157775879,106.423820496,0.885105039924
840,154.403182983,168.252090454,18.0413074493,39.6761016846,0.341201457195
840,499.399627686,157.689437866,18.8478336334,54.1096458435,0.244411174208
840,182.918807983,141.555007935,18.4002819061,52.5216674805,0.0309472932713
870,587.442199707,167.971572876,20.4497489929,51.1832237244,81.5953850746
870,9.62980747223,181.259536743,20.8643741608,55.0881462097,76.3780415058
870,90.4921798706,171.174636841,20.4358921051,51.7918128967,43.7459617853
870,599.725280762,167.483444214,17.8069858551,49.9356422424,12.1263891459
870,612.159423828,156.433944702,17.295797348,49.6825256348,6.52549564838
870,578.28137207,177.181228638,19.3323822021,49.138004303,1.43006658182
870,480.771575928,103.581993103,18.7523021698,50.2879638672,0.231300713494
870,55.0529594421,102.707580566,28.1626815796,74.1510314941,0.180302700028
870,184.826293945,162.073364258,22.5103549957,59.8459434509,0.0924576539546
870,569.608215332,179.61730957,16.4074325562,50.8431739807,0.0865102047101
870,451.719238281,171.687240601,17.5221767426,52.9667510986,0.0621393555775
870,460.465667725,156.959899902,23.3064670563,66.4534225464,0.0183837342774
900,64.2670669556,176.533630371,20.4327602386,45.0669670105,0.313368323259
900,398.867645264,134.151535034,20.6786975861,69.8899612427,0.0968159991316
900,168.983200073,135.506835938,19.2668018341,61.7826843262,0.0117025090731
930,8.72249221802,181.472946167,18.7625350952,51.3795166016,17.3752382398
930,403.197113037,145.494812012,20.3777446747,62.2568397522,10.0655160844
930,184.719360352,154.410720825,19.2865924835,53.5592002869,2.20537930727
930,493.817596436,165.773178101,15.9387216568,46.1954498291,0.308695645072
930,201.525024414,151.749588013,21.0267391205,50.315322876,0.179720006417
930,392.338348389,150.83265686,15.867389679,56.2376365662,0.175834714901
960,613.323303223,175.973739624,20.6125583649,52.272354126,49.0037947893
960,196.439453125,147.598098755,19.9981212616,62.6635856628,23.4452471137
960,555.250732422,177.814071655,20.0898151398,49.6053009033,13.8241797686
960,593.591064453,150.400161743,30.4126300812,72.3606414795,6.90869987011
960,401.713867188,156.086410522,22.0930500031,54.2467308044,0.182853313163
990,438.816314697,154.695037842,22.7372531891,67.9026412964,4.99876588583
990,423.634429932,149.799972534,24.3802719116,63.7456207275,3.97713035345
990,85.558555603,161.84173584,23.5722942352,46.3391609192,0.0563391600735
990,503.679779053,193.925064087,17.3185939789,57.3758811951,0.0487346143927
990,475.513336182,182.200088501,21.5481243134,54.4200744629,0.0409142434364
1020,457.154876709,172.852539062,18.8515720367,46.3010368347,10.7883036137
1020,125.428871155,169.058029175,18.8982658386,54.290802002,10.2923348546
1020,506.639556885,173.944824219,18.8034572601,42.8883781433,9.77972820401
1020,473.772705078,152.04246521,29.0690326691,74.7628707886,4.23876345158
1020,565.504333496,183.322875977,25.6809558868,52.9388313293,0.212194700725
1020,167.057723999,146.518127441,24.2956676483,71.0805206299,0.203229021281
1050,477.972167969,178.112960815,18.5883922577,45.2555541992,67.9226398468
1050,587.070129395,150.464065552,21.3317604065,54.7813148499,13.9690175653
1050,27.0428619385,171.003250122,19.7482147217,48.2347259521,4.19759266078
1050,81.0852355957,173.786361694,21.2440013885,51.4134178162,3.51904779673
1050,462.831390381,173.416442871,21.5771198273,52.8150367737,2.26705316454
1050,596.993713379,154.517379761,27.3952255249,75.0163955688,2.1589493379
1050,56.0248603821,165.297927856,22.4295425415,56.4217414856,1.90985612571
1050,509.623138428,74.0175476074,64.3692550659,158.337524414,1.24491471797
1050,37.2100486755,172.86932373,27.9001617432,58.1467285156,0.75874151662
1050,535.28125,166.368850708,32.3371124268,71.3897857666,0.154410651885
1080,10.215259552,175.800979614,20.6196899414,49.1974487305,57.9944729805
1080,611.591918945,180.867294312,18.3700752258,46.4627189636,26.5030801296
1080,598.59185791,180.304885864,16.0253009796,44.1249389648,11.0899858177
1080,69.0194320679,164.220901489,17.63971138,54.1183776855,4.24892865121
1080,22.2233295441,164.874404907,20.5841655731,56.8803710938,3.19992378354
1080,424.082794189,162.718032837,19.8253192902,45.8067359924,0.112785364036
1080,437.80758667,148.314346313,25.8550167084,54.9973716736,0.0225400974159
1110,530.148986816,171.673461914,20.1674671173,51.9189414978,88.3302152157
1110,430.820587158,156.906814575,17.67786026,51.8300628662,3.7640299648
1110,544.656066895,175.565261841,17.606426239,56.1863250732,2.89786178619
1110,557.223571777,174.710189819,22.7006015778,60.530872345,2.13001649827
1110,485.375701904,167.376281738,29.6018428802,55.4887390137,0.747544737533
1140,561.817504883,169.508895874,22.4108600616,60.7075004578,99.3670940399
1140,609.605773926,170.341888428,24.6112194061,77.3643569946,32.1840256453
1140,549.017150879,167.77394104,17.0630741119,48.1225128174,6.77045509219
1140,8.00304889679,147.899200439,22.9571056366,66.6386566162,4.91109117866
1140,591.437255859,162.837387085,21.7322998047,62.2820777893,3.36448960006
1140,615.799621582,150.743789673,18.3908462524,52.7244224548,1.85842309147
1140,615.03527832,37.3692932129,18.9353809357,49.9506950378,0.465452997014
1170,591.30657959,167.319473267,27.8199329376,67.5768280029,99.7322738171
1170,617.506958008,161.889907837,17.3327007294,51.8843231201,4.29611951113
1170,154.236495972,147.581680298,19.3086071014,49.983959198,0.0930734036956
1170,142.184494019,148.537841797,18.6487026215,52.0727081299,0.0176950532477
1200,143.901611328,144.328796387,19.951997757,63.820514679,16.0947829485
1200,585.233825684,140.983856201,23.9418697357,68.1042327881,3.14169041812
1200,576.127624512,136.111862183,19.5923347473,54.3843231201,0.803472846746
1200,131.880447388,150.57359314,20.7077159882,57.8263893127,0.0378768134397
1230,592.100219727,141.640304565,26.2103824615,68.2857589722,69.6610152721
1230,609.650390625,60.4102020264,23.9318714142,79.0715408325,5.035604164
1230,208.003723145,170.072311401,23.3489704132,51.3312797546,0.189209030941
1260,601.051025391,148.985855103,24.5362682343,61.9863166809,68.1317925453
1260,614.24786377,143.141555786,18.4226799011,48.0569953918,0.909430440515
1260,135.690475464,138.576873779,21.9376983643,57.5729179382,0.585048785433
1260,591.476135254,140.916641235,19.6136875153,49.0035133362,0.271229073405
1290,604.568664551,151.382614136,21.6824569702,59.4216461182,54.0553748608
1290,69.7525863647,182.265197754,17.4098091125,41.0707740784,3.18153090775
1290,585.336364746,142.500961304,21.2504634857,47.3676338196,0.203139544465
1320,604.464904785,152.994094849,20.2483463287,60.3512573242,39.8062229156
1320,590.652099609,146.590148926,23.4256973267,52.2105255127,0.715818582103
1320,132.290161133,148.498016357,21.0720939636,46.8730278015,0.025972147705
1350,604.424499512,148.169708252,19.6027355194,44.3235282898,12.0020493865
1350,590.362365723,144.866989136,18.4607334137,46.7832641602,0.126613734756
1380,603.999450684,155.665054321,22.2749481201,63.7550468445,62.083107233
1380,131.695495605,151.579452515,21.380487442,61.5272254944,0.272895838134
1410,604.985290527,155.93522644,20.5595493317,61.6883277893,43.9954280853
1410,568.030151367,153.481033325,18.1673183441,46.7576942444,3.04486565292
1410,579.590881348,151.589630127,18.1030063629,46.1893882751,0.540310377255
1440,604.213317871,152.188247681,21.6841564178,62.2945289612,65.2498543262
1440,53.1923828125,192.506164551,18.0058784485,40.0090904236,15.4844164848
1440,591.310058594,148.232376099,22.3694381714,51.161315918,0.529602263123
1470,607.749206543,154.957748413,20.8021087646,62.3175773621,62.721067667
1470,53.8108978271,185.418258667,17.2384338379,44.7147407532,5.81005960703
1470,590.031799316,151.407852173,21.6633319855,52.7445793152,0.344367558137
1470,116.567810059,156.109191895,23.6403808594,62.605342865,0.25361420121
1500,609.533630371,149.874771118,21.0417537689,65.2476119995,19.3040788174
1500,126.571617126,158.667312622,19.2123737335,56.0690727234,0.0330820068484
1530,611.784912109,158.152359009,22.0121593475,62.8933067322,45.6688344479
1530,60.7286643982,143.762207031,28.6575298309,90.0915603638,0.410013552755
1530,169.703872681,160.307479858,21.7156620026,55.9283866882,0.132783607114
1530,110.019126892,159.915756226,26.1399078369,64.0521621704,0.114651909098
1530,447.193206787,165.320999146,21.9511165619,58.3840789795,0.0807446427643
1530,125.940208435,161.665084839,20.1277561188,55.1310997009,0.0245391827775
1560,50.1650123596,204.342269897,16.2103691101,37.1019248962,1.82001609355
1560,49.573802948,151.796585083,30.8835220337,80.8492202759,0.0483113806695
1590,478.191497803,161.361587524,25.9896297455,60.6888160706,2.0443091169
1590,453.026275635,174.198043823,21.1269378662,57.8843231201,0.0847058487125
1620,494.436309814,168.458557129,23.1823825836,66.4298553467,2.05779727548
1620,9.8366765976,155.966552734,27.8771076202,62.5408439636,0.984412804246
1620,481.495330811,187.280380249,26.1971054077,52.649143219,0.607865629718
1620,470.113250732,175.387252808,21.423538208,52.7544288635,0.399419106543
1650,501.164642334,181.565505981,17.5533599854,48.0994377136,8.05947035551
1650,523.290710449,160.158050537,21.8299865723,72.731552124,5.66946566105
1650,509.333618164,181.498947144,23.0561580658,55.3401145935,3.00236027688
1650,7.25580787659,97.2304916382,19.7994117737,52.349105835,2.24866196513
1650,615.812438965,182.726974487,17.5448265076,47.1358985901,2.24521886557
1650,423.808135986,163.842773438,17.7342281342,51.4479255676,0.549273611978
1650,485.45602417,178.262619019,21.0924930573,47.2145271301,0.185189116746
1650,66.9560775757,129.817581177,22.5278396606,58.6780433655,0.129437155556
1650,438.169403076,162.142349243,21.78632164,59.696308136,0.0408148858696
1680,440.038604736,164.988967896,17.5673046112,50.6603279114,3.88213060796
1680,582.208068848,144.579406738,19.1777553558,51.1250457764,2.43479944766
1680,451.362670898,179.572433472,17.7398338318,44.6074256897,1.84853374958
1680,494.544525146,178.89894104,18.9891262054,49.0127067566,1.62121504545
1680,519.108093262,180.905593872,19.8087329865,51.5839500427,1.11652491614
1680,575.221618652,162.68081665,29.7951908112,84.053565979,0.308173056692
1680,461.491851807,181.373764038,18.3050479889,45.6059112549,0.171916466206
1680,529.663146973,189.457107544,18.9029216766,47.9284553528,0.148074969184
1680,424.57409668,152.512924194,21.219625473,65.2802505493,0.114131101873
1680,542.50793457,185.0912323,19.4263477325,52.0052032471,0.0547602307051
1680,552.613464355,191.264694214,21.2378559113,55.8067016602,0.0535461702384
1680,505.987518311,181.04838562,21.2432498932,48.9979057312,0.0223234077566
1710,572.028442383,178.656936646,18.5675964355,54.7142753601,49.6625363827
1710,462.599212646,163.369827271,17.2535991669,52.1343650818,15.0511816144
1710,12.8520441055,107.814147949,28.1764812469,96.5318069458,9.68774706125
1710,451.301544189,153.687728882,18.8926467896,60.5449485779,6.45563155413
1710,418.639434814,152.386230469,21.068063736,60.7524528503,3.09084895998
1710,613.317810059,157.182052612,19.4010066986,48.0341339111,2.84435637295
1710,434.844085693,145.381591797,24.106552124,72.0303573608,2.5458201766
1710,528.205627441,178.99647522,25.3746414185,54.8619384766,1.26692997292
1710,543.787414551,174.145706177,17.3922462463,57.080871582,1.11703202128
1710,578.051208496,158.756408691,27.6865291595,77.4814529419,0.926141627133
1710,470.320343018,177.059646606,21.5528335571,52.0430793762,0.602238997817
1710,481.137298584,154.917251587,26.6939907074,68.6320724487,0.371769978665
1710,531.324645996,138.979522705,29.1455936432,70.7806625366,0.196951115504
1710,0.774023711681,180.194396973,21.1075458527,60.3838653564,0.103101111017
1740,489.154144287,160.977462769,18.6826515198,47.5068473816,49.9770998955
1740,590.502990723,162.415969849,19.4085292816,52.3040924072,38.3756637573
1740,566.713439941,172.632507324,19.9842338562,50.3829689026,21.5285688639
1740,614.132629395,174.804977417,19.6589069366,57.7250480652,20.4376026988
1740,437.513641357,143.205581665,19.1469898224,59.2165260315,10.6180973351
1740,243.225952148,162.059631348,21.1749134064,51.6623420715,6.42747953534
1740,451.513824463,120.818275452,29.1398906708,92.8674697876,3.667730093
1740,601.760375977,163.24281311,21.4622879028,59.7814216614,3.13668400049
1740,576.644348145,169.792572021,26.2431430817,57.0555267334,1.56224137172
1740,499.700073242,162.172424316,17.2909221649,53.5682830811,1.37973856181
1740,425.114990234,149.377426147,18.9137210846,55.9422416687,0.501439208165
1740,537.459655762,135.178848267,19.9316616058,64.5682296753,0.456950766966
1740,508.132354736,160.68321228,23.501909256,58.0418395996,0.247144559398
1740,522.429748535,159.393188477,23.0104198456,63.8776855469,0.227032019757
1740,469.621612549,143.356185913,24.9992446899,65.0017318726,0.177081662696
1740,446.27041626,167.790802002,19.7694911957,47.8987426758,0.14486949658
1770,523.385070801,165.886276245,26.5481586456,59.487247467,85.5437159538
1770,565.203308105,105.168373108,37.8339233398,135.0728302,4.74036484957
1770,511.581512451,172.932189941,17.6154766083,49.8635406494,4.58784326911
1770,588.310424805,204.854415894,18.2708415985,44.4041099548,3.84642295539
1770,610.618835449,171.094924927,21.1010818481,64.2972564697,2.82071065158
1770,489.767669678,167.656616211,23.1642608643,62.2668113708,2.28784177452
1770,451.012329102,144.204971313,21.290599823,63.536945343,0.705878250301
1770,463.474884033,147.943069458,18.0201225281,64.4390258789,0.352026592009
1770,419.639038086,159.077224731,17.8249340057,52.6033439636,0.27612587437
1770,96.3647537231,121.07195282,18.9601383209,65.9324951172,0.123611104209
1770,605.016052246,130.497207642,18.5016460419,53.0330505371,0.0881277956069
1770,428.531860352,145.620849609,20.9818000793,60.0041542053,0.0852908997331
1770,589.379699707,123.049072266,25.0045833588,69.3668365479,0.0470591417979
1800,589.214477539,162.214935303,28.2833805084,73.8398284912,99.4323074818
1800,610.894775391,168.974685669,18.6475563049,63.7563667297,1.75669584423
1800,488.919769287,147.046936035,27.4587535858,66.4514846802,1.4659174718
1800,572.375793457,162.965927124,23.9456920624,71.3447265625,1.29763670266
1800,453.052001953,144.82258606,25.363866806,64.5086517334,1.15962326527
1800,503.053833008,168.654220581,17.6091308594,59.4547119141,0.80157732591
1800,440.324127197,154.604446411,20.2875614166,57.4390106201,0.419715372846
1800,59.8218841553,114.54914093,21.4799804688,64.5557861328,0.240226625465
1800,71.8267211914,127.37298584,19.0675811768,59.2833747864,0.0984018668532
1830,546.412841797,170.593582153,29.7026138306,68.4370574951,57.8834652901
1830,606.114318848,186.28125,20.32172966,60.8059082031,8.73981043696
1830,16.8210754395,99.7561950684,29.4081020355,72.7198410034,1.55999725685
1830,615.627990723,214.494018555,16.3555488586,42.5357017517,0.502708880231
1830,448.293121338,148.383514404,25.6248016357,63.7770805359,0.233547319658
1830,476.917144775,156.415283203,22.4397945404,56.9301872253,0.122363504488
1830,40.0868110657,104.269920349,27.4739360809,90.4864196777,0.00737908412702
1830,564.531066895,28.0387897491,26.8593921661,71.8955841064,2.17952319304e-05
