30,256.536010742,150.3984375,18.9702014923,50.4792060852,0.487067643553
30,114.856834412,186.157821655,29.9541339874,51.382232666,0.289052864537
30,270.508239746,146.942718506,18.4896011353,49.5219573975,0.0237446729443
60,168.33644104,173.068359375,22.772687912,47.9747505188,0.969530828297
60,203.905029297,133.457839966,22.9442920685,62.5228157043,0.0875559693668
60,511.610687256,106.43927002,27.8279190063,83.0844802856,0.0491963757668
90,124.474861145,168.26234436,20.7648181915,49.4800605774,8.46996158361
90,243.267776489,129.527603149,17.5138263702,51.6995124817,0.916197896004
90,583.895874023,127.180641174,29.7089366913,83.386177063,0.859028007835
90,23.2366847992,105.932777405,32.642414093,88.8072280884,0.436541484669
90,224.576644897,121.128173828,21.5463638306,65.1399765015,0.178227294236
90,571.164916992,161.765823364,27.4494419098,69.6167526245,0.0307886453811
120,612.076721191,79.1377182007,17.4750080109,56.3078155518,0.727116828784
120,584.680114746,84.2199401855,17.2726612091,51.932636261,0.580838415772
120,544.874328613,140.026763916,24.3649921417,67.6026382446,0.575714511797
120,555.692687988,84.9090499878,18.2373085022,61.4003257751,0.130775885191
120,234.420715332,131.870254517,18.4606571198,47.406375885,0.0602717103902
120,615.469848633,147.896896362,19.4883918762,55.9692115784,0.031956777093
150,225.433288574,132.713150024,17.5677070618,49.9972114563,1.99863053858
150,489.522827148,145.716629028,19.6167240143,48.4777793884,1.34158022702
150,616.143676758,88.992515564,15.7571458817,53.7919921875,0.10475377785
180,550.055114746,156.355529785,31.5367584229,71.0627441406,11.4782817662
180,129.285079956,143.034042358,20.3363113403,56.1273536682,0.247094593942
180,539.280700684,155.218414307,23.7093582153,61.4897727966,0.134660187177
210,69.2333450317,134.641952515,31.3297424316,68.713684082,43.1855618954
210,561.65802002,128.10723877,23.5944232941,68.7174911499,0.953432545066
210,52.5062255859,125.049255371,23.37641716,64.9832077026,0.333535065874
240,109.408714294,119.680976868,23.8423156738,82.5519790649,0.705864280462
240,314.446289062,133.299850464,19.9420814514,43.7865104675,0.219841790386
240,155.799682617,122.048179626,22.1477489471,57.7873382568,0.137269811239
270,138.300643921,113.948921204,22.2822647095,64.8187484741,0.0594697019551
270,616.263366699,124.253074646,17.9546165466,47.5624542236,0.0376656564185
270,15.8474321365,36.0377349854,36.1544761658,106.478141785,0.0236631633015
300,131.329849243,117.457542419,20.7611293793,57.1693153381,0.284592225216
330,89.4186401367,113.909370422,23.5301876068,64.1918258667,1.69084146619
330,486.852325439,156.669509888,25.0252456665,70.4386825562,0.229924474843
360,558.250244141,160.917602539,31.0568065643,91.8858718872,9.97283309698
360,607.005310059,72.0034179688,18.0177459717,55.5546112061,0.827028974891
360,80.7376327515,124.113220215,26.7851638794,72.9354553223,0.644525932148
360,615.25177002,159.648300171,16.7089748383,50.3518791199,0.549015821889
360,435.509033203,142.527435303,20.9022769928,55.7552680969,0.466115213931
360,463.294158936,160.502304077,27.5098171234,62.1904907227,0.424469774589
360,600.818054199,139.472579956,24.6822814941,71.1048431396,0.17058304511
360,446.002563477,156.103530884,20.2738437653,52.9981193542,0.0401632802095
360,542.830078125,194.741836548,30.3481349945,62.3404998779,0.0395014561946
360,220.788619995,143.077362061,18.3031349182,46.1454429626,0.0306893984089
390,165.919570923,104.121360779,19.2064495087,64.0360183716,2.52114385366
390,10.5478429794,117.075904846,28.9864025116,82.7717819214,1.16031467915
390,409.413970947,145.092788696,19.6527309418,43.8404273987,1.02778077126
390,52.7221870422,116.866882324,19.7680511475,59.507610321,0.626152986661
390,99.6056900024,109.24886322,20.8124294281,67.9852828979,0.569112459198
390,449.593719482,140.358535767,18.7782001495,51.5382575989,0.41786194779
420,15.977686882,111.18573761,21.4752502441,58.1440391541,12.2644245625
420,31.2267456055,107.091941833,18.3578586578,53.4001426697,1.55179090798
420,149.166366577,161.146286011,23.4870910645,54.6751251221,0.925984699279
420,428.525756836,146.944946289,17.9767475128,47.7368202209,0.849531590939
420,184.991012573,142.529251099,19.6696720123,55.7504997253,0.35385703668
420,575.470825195,136.508514404,17.5297641754,53.0680961609,0.312513485551
420,145.881347656,102.394325256,28.8569545746,76.8610305786,0.0453431828646
420,41.4653053284,101.243019104,27.2942562103,69.2856903076,0.0186753692105
420,55.8155021667,37.9905090332,27.3816623688,100.196899414,0.0020791316274
450,47.32188797,162.755874634,17.732427597,49.0650939941,5.55450469255
450,170.602035522,135.666275024,18.0295257568,58.4828338623,2.64656506479
450,186.716674805,123.097129822,18.9885902405,64.3364334106,0.938660744578
450,441.460601807,142.850082397,19.1061916351,51.2218322754,0.780648319051
450,199.502304077,114.727272034,19.2644939423,60.3507804871,0.362230767496
450,9.64503765106,125.689147949,30.5307674408,81.2301330566,0.316866207868
450,156.119171143,133.955001831,17.1298446655,67.3536300659,0.233375490643
450,423.417144775,152.743453979,29.2225475311,54.5384216309,0.0621505547315
480,181.342697144,113.382164001,21.8514270782,55.9273719788,10.8912184834
480,10.3509931564,179.689819336,17.4027023315,62.099029541,10.71203053
480,161.887008667,140.225250244,19.6480960846,51.1814918518,2.82905288041
480,105.885368347,84.9054412842,27.8984775543,79.9854812622,1.44262919202
480,608.984558105,115.052604675,20.7785739899,62.3447113037,1.29072293639
480,456.3543396,144.420059204,19.7079410553,51.389541626,1.05685694143
480,193.811523438,114.051963806,19.3869113922,63.2029304504,0.725181866437
480,172.42515564,125.673469543,20.8810157776,61.3312339783,0.314667401835
480,150.719161987,134.654769897,18.7774562836,56.7885169983,0.284620025195
480,101.931877136,159.084976196,22.6387805939,60.7946357727,0.214143306948
510,97.9417953491,87.1723861694,29.505273819,81.1173400879,7.38952159882
510,153.313461304,138.575912476,18.7944068909,54.7059936523,5.13034574687
510,190.285644531,114.141571045,19.5042552948,60.1306190491,4.61626425385
510,134.286605835,132.514816284,20.7943325043,63.8700256348,3.75112257898
510,500.437988281,129.924423218,19.1630706787,44.2632904053,3.11803501099
510,180.050842285,109.87877655,17.9995498657,66.8872833252,1.01135084406
510,169.646591187,122.907958984,19.5787639618,58.5090751648,0.342819630168
510,116.957275391,112.380012512,29.2015285492,78.7062301636,0.0687033578288
510,267.195037842,190.995040894,30.7526397705,72.1838989258,0.0472613377497
540,510.170684814,125.39074707,17.7336158752,53.5809898376,24.8886749148
540,131.114074707,140.23097229,20.2079257965,59.4745979309,3.5746652633
540,148.096557617,143.557144165,19.0422878265,53.7367401123,3.56079079211
540,65.6036529541,161.223892212,27.8870105743,69.331199646,3.15119810402
540,96.9458084106,90.8659896851,23.625082016,71.3189926147,2.00068932027
540,13.5861196518,168.692825317,27.9598712921,69.8481674194,1.97485852987
540,523.299133301,126.690467834,18.1407241821,52.2095794678,0.661665899679
540,175.32649231,120.379249573,19.0629386902,56.8556404114,0.554972235113
540,122.402626038,83.6353759766,27.3852157593,78.4794387817,0.366547843441
540,159.777252197,137.004150391,20.9050521851,54.277053833,0.295661762357
540,114.195014954,133.203811646,25.1321620941,63.361114502,0.193125987425
540,608.57989502,158.431381226,20.2640323639,63.8824615479,0.100914819632
540,185.611694336,128.448379517,18.7320575714,48.6448059082,0.0821437279228
540,108.564552307,108.8463974,21.2894020081,56.7208137512,0.0582943903282
570,148.662277222,140.036087036,23.2886047363,62.0442504883,11.6818591952
570,9.95434188843,174.098617554,29.2818279266,71.7535476685,5.42233325541
570,60.7203483582,171.290267944,26.0027256012,65.46068573,1.61281637847
570,96.9706039429,97.593421936,22.3943023682,68.8989944458,1.46743245423
570,125.173164368,139.143096924,20.4330005646,57.9388237,0.850539375097
570,136.291854858,141.580276489,22.6194896698,62.2271766663,0.700901215896
570,485.932830811,149.965621948,19.8648872375,54.3102111816,0.683548348024
570,171.173599243,126.798149109,22.3604354858,57.2748756409,0.502450531349
570,161.88722229,144.42414856,19.9506015778,53.1155815125,0.120482337661
570,605.025268555,207.87638855,22.4313488007,51.9472694397,0.112251541577
600,11.1381807327,194.624862671,24.1488857269,56.9364776611,7.39369615912
600,60.6619987488,175.809188843,23.0998821259,67.1701889038,5.67186363041
600,146.729766846,146.185379028,21.9842605591,62.4386901855,4.82062585652
600,96.8951187134,95.7923355103,25.4003314972,82.2417678833,3.60292866826
600,514.630249023,136.190689087,21.6799545288,52.1193504333,1.44902914762
600,123.486000061,142.758850098,22.7558135986,66.7265701294,0.354130449705
600,610.769836426,209.306335449,20.6047172546,54.8724365234,0.309430644847
600,160.350112915,137.763412476,19.8123626709,59.5496482849,0.302454805933
600,103.445648193,151.802001953,25.2798671722,61.7188606262,0.107217859477
600,29.2358837128,177.053833008,29.9416046143,72.2200698853,0.0900109997019
630,148.474258423,156.205123901,23.5493011475,55.1228065491,11.9834154844
630,94.1730651855,111.297294617,21.9056529999,67.4270248413,8.07549506426
630,9.84190368652,201.027832031,24.5856018066,53.1135406494,3.95848304033
630,53.601726532,179.572555542,25.8660068512,66.4860153198,1.39412647113
630,557.585266113,198.099258423,23.0958709717,52.2936248779,1.04548595846
630,114.643501282,142.307800293,22.5044174194,72.3751602173,0.772756664082
630,98.2626342773,146.558914185,26.4409866333,70.3703994751,0.536548392847
630,105.198249817,93.9209594727,26.2867145538,76.3052902222,0.49657355994
630,160.912597656,144.019790649,23.4744930267,58.2389564514,0.242602871731
660,47.967716217,184.235916138,25.5071029663,66.7267303467,6.68468922377
660,93.0683288574,106.820533752,21.5911941528,66.2984237671,2.22399886698
660,144.689987183,149.678085327,21.0594615936,65.4796600342,1.30711533129
660,117.8543396,155.726272583,22.0869884491,63.4950065613,0.936039723456
660,8.0738992691,205.266098022,15.5660247803,59.7903900146,0.912613514811
660,525.253601074,136.592437744,23.0997142792,53.0998573303,0.810795091093
660,158.554885864,161.972717285,17.8793792725,50.4394035339,0.764478649944
660,564.430053711,204.875183105,23.0929489136,52.8564910889,0.684654572979
660,91.5801620483,146.147949219,24.1058673859,71.1224441528,0.291293300688
690,35.2058372498,195.542831421,27.0712833405,67.6193008423,2.55939308554
690,148.989944458,170.961837769,17.5469703674,51.5801582336,1.72683410347
690,91.1945114136,110.832733154,21.6394195557,65.6390457153,1.42574757338
690,125.719665527,153.861343384,21.4313278198,60.8345527649,1.33064389229
690,89.0184936523,144.62940979,19.0009670258,53.7607765198,1.24868778512
690,112.367462158,158.350631714,24.0395298004,72.4933013916,0.85193105042
690,157.793533325,159.310424805,19.5837192535,53.5045471191,0.747866975144
690,178.635314941,137.140853882,21.4155712128,65.0217285156,0.681855017319
690,604.606018066,176.38923645,25.5934505463,66.7371292114,0.264640338719
690,113.739112854,111.429084778,26.0230007172,78.746887207,0.215616472997
690,169.980438232,155.873336792,18.7745113373,49.5303916931,0.133162119891
690,92.7421264648,178.582458496,21.7251586914,59.0388946533,0.0369849585695
720,85.4792404175,167.17364502,22.1874160767,68.6210861206,7.61648863554
720,104.392601013,176.179733276,26.3774471283,58.5393333435,7.46689066291
720,115.250396729,109.025123596,24.8417949677,69.0793380737,2.80820466578
720,146.235549927,179.51499939,23.8246707916,51.1902351379,1.44975595176
720,9.02146434784,222.462478638,14.5161924362,56.5466651917,0.943705625832
720,158.90536499,167.257797241,17.8665904999,48.5396842957,0.275835604407
720,120.173431396,174.133712769,18.8943099976,51.4225120544,0.173699459992
720,97.6247024536,115.162712097,29.0116634369,87.2341079712,0.144282740075
720,170.160339355,162.467849731,17.3105373383,50.2041168213,0.0525885785464
750,133.069503784,183.217819214,22.1647548676,47.52085495,4.28525432944
750,75.1811981201,171.117630005,26.10795784,65.6673278809,3.30389253795
750,105.805358887,99.3608627319,20.0052204132,54.9115104675,2.90394574404
750,5.68870592117,184.790298462,18.0823402405,52.5933570862,2.856990695
750,165.767074585,146.502151489,25.6011981964,64.3260803223,1.45495710894
750,98.9973831177,120.269111633,26.5489330292,78.631111145,1.18455355987
750,90.6588668823,169.251296997,24.4228515625,64.8476333618,1.14778019488
750,108.857398987,160.788848877,21.3005390167,65.2819290161,0.586107559502
750,121.441741943,178.048324585,19.7943401337,54.6869544983,0.373504427262
750,153.093399048,164.208724976,17.8369979858,51.1020088196,0.29657643754
780,113.867683411,186.291549683,17.6548099518,44.1096534729,48.8734990358
780,568.174560547,233.351119995,29.0206756592,69.081237793,6.17907717824
780,5.81081390381,181.387771606,21.6942119598,60.2328605652,4.39617261291
780,60.7893981934,107.83895874,25.5488128662,81.0970993042,1.97009276599
780,617.130615234,140.152175903,15.3578557968,56.1123962402,1.70849580318
780,47.6408882141,173.590652466,24.9992275238,65.8529434204,1.54008204117
780,100.912139893,188.052261353,18.0751476288,48.2192382812,1.45371714607
780,149.695129395,155.921676636,19.6371860504,52.4248657227,1.29174487665
780,173.98236084,144.979721069,22.6913070679,67.08152771,0.6377896294
780,139.496780396,161.867843628,17.4953250885,47.3699951172,0.497703393921
780,163.046096802,155.092651367,19.4888343811,53.4917755127,0.218135002069
810,30.9694004059,92.976890564,30.0154018402,93.1322937012,22.2838267684
810,64.1377029419,112.663780212,36.7194595337,118.289619446,12.2149720788
810,172.447067261,146.136642456,21.395067215,66.9516830444,4.08137328923
810,153.451766968,135.720718384,22.1492099762,68.2755279541,3.56715507805
810,74.1253814697,84.898979187,26.4748439789,76.984161377,1.68047882617
810,125.298316956,148.67678833,20.123664856,55.2228393555,1.06838354841
810,497.317749023,171.979019165,17.8674106598,51.0180625916,0.807858351618
810,511.854003906,168.503723145,20.3755435944,62.0124816895,0.5784467794
810,137.06678772,156.975540161,18.8087654114,49.4585266113,0.526708038524
810,275.917144775,152.582290649,17.5941543579,46.3728752136,0.470003811643
810,540.401367188,227.39225769,24.5342388153,59.7803535461,0.204002065584
810,52.3432044983,178.524185181,22.7925243378,57.8675231934,0.152527878527
840,506.707885742,169.191238403,19.2771511078,47.5118598938,86.4630818367
840,537.24230957,169.42124939,25.2986984253,64.5324249268,74.6910214424
840,46.557964325,67.7337493896,37.3416404724,129.409713745,73.2931435108
840,14.2454195023,180.479553223,19.8126678467,48.8950080872,23.0922669172
840,105.370368958,152.822463989,18.7578239441,50.2270812988,4.20491695404
840,22.5328578949,159.328140259,23.9776210785,59.521484375,1.89690496773
840,437.018951416,153.317199707,19.6177196503,55.3054656982,1.05363857001
840,121.198936462,155.997543335,17.6160125732,48.3446350098,0.588593538851
840,518.936828613,170.567642212,17.4935894012,50.5916748047,0.296814180911
840,259.978912354,149.068984985,18.4113178253,49.486782074,0.153666455299
840,613.969299316,148.239761353,18.4262561798,54.3714790344,0.147108384408
840,140.118148804,119.982185364,28.1849899292,81.1057128906,0.0142842472997
870,517.458984375,160.419448853,22.8417873383,47.4059562683,98.7092196941
870,590.41986084,151.719680786,24.5669403076,89.9157409668,86.4127099514
870,15.8451385498,62.965587616,44.2187805176,136.510025024,76.2502133846
870,229.431503296,164.518936157,22.86469841,65.0300216675,9.89989340305
870,575.81842041,166.608840942,16.4957447052,44.4740753174,8.18940922618
870,563.582275391,158.720474243,20.567773819,47.963104248,3.04342135787
870,614.202209473,142.285827637,17.7253608704,58.9882850647,2.35473029315
870,18.7654628754,136.819595337,22.0184345245,65.2383804321,1.19466809556
870,446.79284668,149.658981323,19.065114975,52.9284362793,0.308399251662
870,161.877639771,142.068527222,20.9414539337,61.5065803528,0.0491718761623
900,528.817199707,158.853012085,20.2563934326,53.1660003662,98.2825040817
900,244.655883789,146.287719727,16.9975605011,42.4149932861,0.308112800121
900,203.659988403,131.512039185,23.3633975983,58.2703056335,0.218475982547
900,615.549499512,167.72203064,17.1851787567,44.3454627991,0.094831129536
900,107.992553711,27.1927776337,22.357755661,59.4474029541,0.000840049960971
930,533.277038574,153.732803345,21.5641956329,51.3573150635,97.6821422577
930,55.5218391418,129.827682495,21.3970279694,59.7756996155,6.02971129119
930,78.9775772095,137.502532959,18.6186008453,51.9535179138,2.31152568012
930,444.419525146,84.011932373,18.6511440277,70.5909805298,1.28055224195
930,91.9231262207,130.492874146,22.5403442383,62.9876670837,0.891128461808
930,243.124252319,138.641555786,17.7365093231,47.3855247498,0.372314988635
930,189.769760132,127.663703918,21.70287323,53.481628418,0.197849282995
930,135.57371521,133.781066895,23.0435180664,62.3105659485,0.138736632653
930,116.027290344,135.308181763,19.2681541443,52.9276695251,0.138722942211
930,180.341873169,137.019882202,18.1407699585,48.015045166,0.0226949327043
930,169.480270386,136.307556152,19.0116577148,45.5922546387,0.00733591732569
930,92.2051086426,25.1500701904,23.5962963104,64.2542495728,3.15220034963e-05
960,522.301635742,149.052597046,22.794128418,54.5372467041,97.2312033176
960,64.1712722778,134.214691162,18.1217708588,49.9530639648,5.08153811097
960,41.8554649353,138.328781128,22.3486652374,54.631439209,4.62740696967
960,178.443405151,118.456970215,22.2233505249,54.6284790039,0.512192538008
960,237.762588501,131.345306396,17.8185501099,50.4903564453,0.319970818236
960,169.670501709,125.963684082,18.3565387726,47.4409179688,0.233836472034
960,146.888580322,125.489707947,19.9247512817,51.7510414124,0.216125999577
960,159.711868286,128.230026245,18.2414550781,49.2767791748,0.121212506201
960,109.311950684,126.092346191,22.999753952,60.9488639832,0.0829562253784
960,123.684265137,127.342918396,23.173948288,64.4242630005,0.0146711652633
960,87.872253418,16.741109848,22.7169895172,64.0100326538,4.97102973895e-05
990,497.285522461,148.924453735,24.7537689209,55.546207428,99.6737480164
990,36.0693626404,134.500152588,23.5775356293,56.9554252625,10.0268401206
990,599.470092773,137.421127319,26.2627639771,58.0379333496,7.99011737108
990,53.8519134521,138.957992554,20.9485034943,51.038318634,7.00456872582
990,227.30291748,135.611068726,18.8493022919,48.5369529724,3.75518649817
990,70.4468383789,137.384765625,22.6499652863,63.7807922363,2.93799862266
990,120.499229431,138.830947876,21.9937286377,55.7592163086,1.43216354772
990,89.4002914429,144.445449829,19.139497757,51.1566505432,1.31024764851
990,616.712463379,147.473526001,13.9855413437,50.8019104004,0.355630647391
990,174.794723511,138.886398315,18.5409049988,47.3547973633,0.079639517935
990,104.289489746,130.837936401,21.1774673462,59.7755889893,0.0385939609259
1020,545.005554199,146.92729187,50.5284004211,140.729904175,98.436653614
1020,457.880493164,154.667282104,23.1029949188,58.1455993652,82.6068282127
1020,53.7825737,146.653503418,17.3927326202,47.2120857239,6.41860887408
1020,36.2494163513,139.986663818,23.1842041016,56.2386741638,5.93524649739
1020,553.580993652,218.06854248,26.2618618011,68.142036438,1.35000888258
1020,61.6728477478,136.852844238,20.3656196594,53.0395202637,0.889808218926
1020,77.5475158691,158.791244507,23.3103275299,52.0190124512,0.178947730456
1020,94.2951660156,147.124008179,19.6303653717,46.7777900696,0.0923423271161
1020,103.419433594,139.62336731,24.7472457886,55.8746376038,0.0327732064761
1050,449.455352783,149.945373535,34.049571991,88.4480819702,44.2830681801
1050,445.426025391,147.482589722,20.2778720856,53.377368927,6.37093856931
1050,70.2331466675,184.879745483,25.7863292694,66.0721740723,5.38718663156
1050,82.660118103,202.717712402,25.9573764801,52.9972267151,0.344063201919
1050,79.2192687988,31.5936183929,27.6107788086,88.7077331543,0.000235471543419
1080,54.1367683411,154.58152771,18.4001178741,48.9946174622,11.9121819735
1080,37.3188171387,150.74836731,21.9430675507,57.3372039795,5.38107603788
1080,67.3086471558,149.84046936,18.6984405518,57.9221611023,1.4906976372
1080,226.523452759,151.764022827,21.1466331482,59.3069000244,0.374643690884
1080,603.554138184,132.278991699,22.4496669769,58.9356079102,0.0770341081079
1080,168.998291016,152.560119629,19.4851055145,47.6196403503,0.0344735512044
1080,143.19190979,150.402557373,18.3836288452,46.2387428284,0.0256524042925
1080,101.124809265,151.740005493,22.4934062958,53.1506958008,0.0136011061841
1080,71.2770690918,25.6702346802,22.8536891937,67.6043014526,0.000121799030239
1080,78.2246170044,35.8761749268,29.7797145844,92.176322937,5.37765856734e-05
1110,220.246994019,156.772323608,36.6307563782,74.1489715576,55.0909996033
1110,36.1532249451,148.930862427,23.3189182281,55.9895324707,3.27450856566
1110,58.4596557617,150.50970459,17.8328704834,46.7265129089,0.605213595554
1110,120.760398865,149.963943481,19.9677505493,61.1489448547,0.132827472407
1110,66.9350128174,136.026397705,26.6183300018,74.6481323242,0.0567184993997
1110,147.622879028,149.772659302,19.7803440094,48.2688102722,0.0368813547539
1110,413.568756104,113.417320251,20.8693599701,54.6909790039,0.0325917702867
1110,104.926025391,151.740615845,22.6214065552,53.610660553,0.0198722642381
1110,71.5391387939,27.9798984528,21.9956665039,65.8770141602,8.20286516046e-05
1110,81.1338195801,37.2388038635,24.1404361725,80.2831344604,2.48586871976e-05
1140,105.268371582,151.780502319,63.291519165,141.618225098,99.662989378
1140,608.806091309,155.901306152,18.1059513092,54.5748405457,2.87184789777
1140,108.985618591,212.675674438,26.8520526886,81.8302383423,2.17653792351
1140,88.8266220093,166.77166748,39.4724006653,115.844612122,0.560887856409
1140,106.261779785,157.218780518,20.5991687775,65.0196762085,0.309918937273
1140,116.56338501,161.59034729,25.6490097046,86.0484619141,0.172068062238
1140,58.4672851562,146.109130859,18.7959060669,44.5498161316,0.0739182927646
1140,67.9113845825,138.092773438,21.8046779633,55.9978485107,0.0150439678691
1140,144.955551147,166.422714233,21.0170764923,58.9371299744,0.00855652615428
1140,71.7772216797,30.6756916046,21.7587280273,61.8095245361,0.000115503678444
1140,78.4856414795,36.1687431335,28.7295455933,89.1488037109,3.28887750811e-05
1170,12.1682128906,152.645858765,46.7235298157,142.015640259,99.7734904289
1170,58.9895744324,156.307907104,16.9396934509,49.5939025879,1.80899035186
1170,36.930896759,161.095321655,32.6431846619,98.9058303833,0.201154965907
1170,48.9441719055,163.071716309,16.6371364594,55.5511932373,0.164584862068
1170,87.1523513794,174.757629395,16.7854976654,50.8381233215,0.16036410816
1170,98.3885803223,159.008834839,25.154882431,59.3694496155,0.0540942535736
1170,82.8169326782,27.1648960114,21.4806804657,64.0910568237,0.000688973659635
1200,58.5244865417,155.060165405,17.859746933,50.6532783508,6.32331892848
1200,37.6243629456,156.722763062,20.2988643646,53.6170196533,4.37552072108
1200,229.75592041,151.475341797,18.4768295288,51.8130187988,1.68477855623
1200,65.791343689,141.595489502,23.1053390503,68.3674545288,0.189218437299
1200,119.476539612,151.261001587,17.8974781036,63.5183563232,0.180026609451
1200,216.909042358,166.128677368,21.3228435516,48.5381126404,0.150907447096
1200,77.0417633057,25.2729930878,20.2770462036,66.4928512573,0.114846066572
1200,88.2772521973,34.2275276184,21.1547279358,66.1086273193,8.79049864011e-06
1230,36.9795913696,153.652023315,21.6665802002,55.7982025146,2.45594102889
1230,58.1939888,158.387329102,18.2151947021,47.8156433105,1.80663708597
1230,322.509033203,357.482910156,21.6331501007,44.0429115295,0.245973304845
1230,605.278381348,145.004806519,22.6241703033,66.4120407104,0.106610811781
1230,83.2619857788,26.908662796,21.5801830292,63.5189666748,0.000221568120651
1230,69.3527908325,35.3231086731,27.44140625,77.1173095703,0.000213479870581
1260,150.148162842,172.620773315,22.8076705933,54.4301490784,94.3381547928
1260,36.7638206482,158.132553101,24.6273097992,54.157623291,5.05896136165
1260,231.292495728,159.179641724,20.0974082947,50.3953704834,4.83934246004
1260,77.3044204712,166.006332397,24.9633960724,58.0113525391,1.66076608002
1260,53.6144256592,160.964569092,18.2139530182,47.3462524414,0.808043591678
1260,612.011779785,148.285476685,16.5661087036,61.8595542908,0.372965470888
1260,91.7437667847,164.101196289,19.881269455,50.0284729004,0.309115811251
1260,138.943527222,168.450042725,16.4195518494,52.3316459656,0.213479972444
1260,101.933280945,148.54850769,24.2361392975,61.2209320068,0.0106533851067
1260,82.8517456055,28.0145320892,22.2977466583,60.2404060364,0.000532339481651
1260,70.9544677734,26.6196498871,21.6375408173,61.0427856445,0.000294207802654
1290,604.089233398,156.340164185,21.8269405365,50.8653450012,2.46962867677
1290,322.87210083,355.158050537,21.5561599731,45.2811927795,1.54766729102
1290,231.392227173,156.161682129,17.7481517792,46.670009613,0.669844215736
1290,138.937301636,160.55480957,17.4747371674,45.2226982117,0.0493084895425
1290,169.362808228,155.928436279,18.4278869629,46.9935874939,0.0345231062965
1290,78.263130188,37.3093986511,25.0142593384,79.2704544067,0.00301282270811
1290,68.4920883179,29.3810958862,21.8317203522,65.3643722534,0.000695220433045
1320,103.179473877,172.839828491,20.5786876678,51.8093566895,94.3759799004
1320,35.8225746155,151.951828003,22.6126194,56.5681304932,5.91891780496
1320,58.4231300354,158.354385376,16.8072605133,50.9805259705,3.29165942967
1320,83.0207824707,170.92427063,15.3433866501,55.6884765625,2.53273230046
1320,227.72857666,151.755447388,18.6434555054,52.7358589172,0.556966941804
1320,121.325561523,158.532211304,18.9137458801,56.465549469,0.5538480822
1320,77.4487228394,24.7413406372,20.367893219,63.8994407654,0.523598957807
1320,446.164093018,128.249771118,19.8486251831,58.5104637146,0.24474055972
1320,142.216247559,155.608032227,19.2015743256,46.912273407,0.0534093065653
1320,164.861984253,148.919311523,18.7482433319,43.8277893066,0.0431007065345
1320,153.194366455,154.959213257,18.829618454,44.0443687439,0.018653285224
1320,88.4466323853,32.9971580505,21.3294830322,63.2853088379,5.83508040108e-05
1350,91.1142883301,173.436508179,20.7450771332,50.1409492493,94.4296240807
1350,61.5403785706,158.507675171,16.883769989,50.8330497742,8.87222364545
1350,36.4230079651,152.7890625,22.9054946899,57.7544059753,6.42973482609
1350,224.456039429,154.111984253,18.7508907318,50.9533996582,3.87774929404
1350,71.4839401245,164.93888855,14.7106781006,56.2866859436,3.0917102471
1350,167.739242554,146.909866333,19.7068805695,46.8084068298,0.822038203478
1350,77.2287216187,25.5258255005,20.7872619629,63.93309021,0.285911955871
1350,117.735656738,154.845046997,20.1627254486,60.3412017822,0.150743487757
1350,104.345741272,164.214614868,19.8363838196,51.563293457,0.0507907359861
1350,142.032485962,154.93586731,19.4754390717,45.7676391602,0.0502006325405
1350,447.365264893,86.9799804688,19.0281925201,73.630821228,0.0173461987288
1380,82.3118515015,174.817672729,20.6061306,46.9718894958,92.1034753323
1380,53.7014122009,159.421585083,19.4103565216,49.9378967285,9.6753038466
1380,37.5119819641,153.102035522,21.8592624664,56.7029685974,8.80965813994
1380,67.7802658081,161.875198364,17.1604747772,55.7051086426,1.70780997723
1380,610.878112793,157.387924194,16.9328289032,45.3955841064,0.465403078124
1380,111.905754089,157.998275757,18.8117465973,54.065738678,0.205993163399
1380,96.0322189331,165.35345459,21.5752277374,53.4362373352,0.156120653264
1380,169.288314819,152.53565979,18.5864124298,46.1746940613,0.120737752877
1380,446.107818604,129.708251953,19.1945495605,57.6993103027,0.0760048395023
1380,78.852973938,27.3581085205,23.8131580353,83.4451980591,0.0667693442665
1380,227.19128418,150.128768921,19.8139095306,53.76222229,0.0642022525426
1380,153.6302948,155.014053345,18.1266231537,43.564037323,0.0159312738106
1380,67.9265823364,30.6558208466,22.2568359375,62.9294471741,0.000214105193663
1410,82.4375,176.881729126,20.5039730072,48.4492950439,93.3763980865
1410,34.9759864807,151.67616272,23.7745113373,57.7284355164,13.3891180158
1410,57.5921974182,160.07019043,17.471200943,51.1883506775,6.383061409
1410,69.8513641357,166.707641602,17.5474433899,56.6156311035,2.41356566548
1410,229.759811401,154.023132324,19.1212539673,48.3434944153,0.821070279926
1410,102.812042236,161.21333313,19.7490005493,51.3369102478,0.088091212092
1410,169.319824219,157.977859497,18.152715683,47.038105011,0.0777219247539
1410,118.231079102,154.043914795,17.262922287,60.4900169373,0.0263639434706
1410,72.0861816406,29.5641384125,21.0527324677,62.1078491211,0.000279523806057
1440,83.9077377319,177.055252075,19.8562831879,44.3932495117,91.8481945992
1440,34.0103874207,152.978271484,21.8493556976,59.9546775818,5.84613494575
1440,62.9083595276,160.99180603,16.5262393951,53.5030212402,4.75062616169
1440,608.357971191,158.365493774,17.6881427765,52.6229858398,1.84279736131
1440,121.138145447,155.931274414,23.2494602203,60.9219474792,0.465781148523
1440,226.061584473,156.352722168,22.4752483368,55.6042900085,0.202877167612
1440,168.859298706,144.610595703,18.775144577,44.616104126,0.185239280108
1440,412.615600586,117.006126404,20.3389759064,53.8946418762,0.167024927214
1440,142.319168091,153.64692688,18.8989219666,48.0236206055,0.150493893307
1440,152.994766235,152.381103516,18.559551239,44.3445739746,0.0595545221586
1440,71.7451400757,27.7369251251,21.3268527985,63.5798988342,0.000197292729354
1470,88.767364502,175.692428589,20.6765136719,41.561832428,87.9198372364
1470,36.8997802734,153.272994995,22.2455005646,57.1508598328,6.95408508182
1470,58.9073371887,158.024703979,16.0423526764,51.9810600281,6.32239580154
1470,76.2424545288,172.655822754,16.9214382172,54.4375152588,2.16792151332
1470,121.831176758,155.339050293,22.3729152679,58.5082550049,0.852170493454
1470,67.1604232788,153.526504517,19.5251197815,63.3261756897,0.729533564299
1470,101.278106689,168.890563965,16.4139213562,48.268787384,0.560020515695
1470,610.050476074,150.895004272,17.0544338226,59.192035675,0.305006490089
1470,168.042449951,146.247177124,19.2025432587,45.369644165,0.108951923903
1470,147.902267456,152.278366089,19.7376728058,44.9665870667,0.0267666997388
1470,110.299583435,160.458053589,16.5844211578,53.374294281,0.0192864841665
1470,67.4590759277,32.7046928406,28.13630867,76.352104187,0.000670091003485
1500,97.9761428833,177.386535645,19.1545658112,41.3184394836,88.3136510849
1500,35.7095603943,153.380020142,23.1969165802,57.9768943787,15.8636912704
1500,61.7668914795,159.384109497,18.4430065155,51.7111320496,8.97719636559
1500,608.345947266,159.916625977,18.850353241,51.1848106384,3.13821546733
1500,89.2985610962,172.565872192,16.1170330048,50.2585945129,2.6993829757
1500,75.6695175171,164.858230591,19.0144901276,62.7457771301,2.30270568281
1500,109.651062012,164.434951782,15.0385437012,53.1815376282,0.337599148043
1500,142.682434082,155.319671631,19.0256080627,45.4032592773,0.0786702090409
1500,121.166656494,156.423110962,18.3923683167,58.8508148193,0.0660806370433
1500,83.5721130371,27.7861175537,21.699098587,61.1667060852,0.00100560591818
1500,71.907409668,28.3809871674,21.0373859406,61.3090934753,0.000257107149082
1530,102.656768799,174.724685669,20.5751056671,42.0485992432,97.4082708359
1530,59.4382629395,156.690139771,17.5692939758,52.4703941345,9.42046269774
1530,37.967250824,159.972946167,21.7195720673,50.8668022156,8.35650041699
1530,77.1223068237,169.90032959,20.6656360626,57.4620819092,5.00025674701
1530,607.241149902,147.318222046,20.002779007,60.9235191345,0.201308773831
1530,115.010017395,161.494506836,16.8992576599,55.4485282898,0.0618814956397
1530,72.0633926392,27.1037197113,20.9547042847,64.9313659668,0.000331960586664
1530,79.8001327515,35.4092559814,25.6555480957,82.9686965942,5.84876602261e-05
1560,109.811729431,171.815200806,19.3834667206,42.9635925293,67.2994792461
1560,59.173614502,158.693786621,17.3427600861,49.2666015625,11.040045321
1560,37.3093605042,153.362686157,21.0022411346,54.6291923523,5.11955209076
1560,81.6748504639,165.96206665,17.601190567,60.0188179016,1.07545116916
1560,606.772033691,155.161300659,22.2056884766,56.1912956238,0.762498704717
1560,95.4660644531,172.481185913,15.9429178238,48.5959968567,0.343487830833
1560,66.9598312378,145.888427734,24.0009899139,66.2655944824,0.32156642992
1560,445.448150635,92.6580886841,20.9668712616,86.8795776367,0.0252679630648
1560,83.9588928223,26.553817749,21.5552387238,62.0570983887,0.00116997171062
1560,66.9566116333,33.2436218262,27.9547214508,74.5346298218,0.000266695928985
1590,607.018127441,161.576766968,19.1494102478,50.3469390869,23.4528079629
1590,116.260017395,169.209701538,18.576002121,45.5040931702,18.5147151351
1590,35.4035453796,152.576004028,23.53840065,57.2754936218,9.18365046382
1590,50.241973877,158.83039856,21.5835342407,51.2575798035,2.22095753998
1590,177.923843384,160.162445068,26.7728042603,60.7046051025,0.103304290678
1590,100.882957458,156.702560425,22.6501674652,54.9582862854,0.0330204464262
1590,84.107460022,26.4048557281,21.7059803009,62.3587532043,0.000627825238553
1590,66.7148590088,34.0070419312,28.6190471649,74.7338409424,0.000533239062861
1620,34.9766654968,149.004745483,22.1019191742,60.6194801331,6.20579719543
1620,59.8840675354,155.260757446,16.6823635101,49.8646125793,4.69796955585
1620,75.9524078369,30.7490291595,28.558298111,93.2139053345,0.00296796497423
1650,34.3278121948,148.417129517,22.2190494537,62.5809288025,6.28364235163
1650,59.7915534973,156.130905151,16.2642860413,51.119430542,5.83651028574
1650,610.401916504,155.023147583,16.7698459625,56.363494873,2.46598683298
1650,67.7958221436,138.123275757,25.5958652496,73.7310256958,0.201264885254
1650,82.7914047241,26.3312892914,21.8116378784,60.7918701172,0.0021555719286
1650,66.5802536011,33.7961196899,30.0192279816,78.5485153198,0.000479220534544
1680,37.4747161865,151.019454956,21.8424606323,57.2294197083,11.701694876
1680,58.7606010437,154.734848022,17.6850738525,52.263469696,9.56898927689
1680,607.186584473,151.698669434,15.8000059128,62.3048591614,1.30183948204
1680,79.6186141968,165.337799072,21.3949337006,59.1250267029,1.19466148317
1680,71.1671600342,36.5734710693,24.9026355743,79.0050125122,0.000728961185814
1680,88.5829467773,30.5859737396,20.7422714233,66.9591445923,0.000682851350575
1710,58.2801170349,155.274490356,17.7265148163,52.1561088562,13.6966884136
1710,37.3614082336,151.903411865,23.2642383575,54.3774681091,6.30378425121
1710,65.7642974854,141.555801392,24.8323879242,69.0544815063,0.728716468439
1710,443.439788818,90.2460861206,19.6103553772,59.7413139343,0.0624857668299
1710,83.3937072754,26.9251308441,21.5999126434,64.6399307251,0.000531050773134
1710,69.2346572876,34.5619468689,27.2827548981,79.0533752441,0.000374127080249
1740,32.2543067932,148.086837769,22.9450683594,61.7330665588,1.63013227284
1740,43.7565422058,160.750228882,22.7128543854,50.8617515564,1.18082957342
1740,58.323474884,157.863235474,16.293050766,50.0448150635,0.752008147538
1740,71.8436737061,23.113576889,22.0863170624,65.86353302,0.013430560648
1770,40.8754653931,170.323577881,80.5952224731,197.837341309,86.9972527027
1770,68.2311019897,29.1924304962,21.7885150909,63.4513282776,0.000415577505919
1770,83.1508407593,27.0467739105,22.4135875702,63.6769828796,0.000119802928111
1800,36.2929649353,152.375747681,22.7223129272,59.072845459,12.9106223583
1800,61.4771118164,155.851425171,17.7264442444,58.2314491272,11.4795438945
1800,85.4003982544,158.774719238,22.7380123138,54.9401512146,0.0855004589539
1800,100.128105164,150.901687622,21.1422786713,58.622127533,0.066292862175
1800,84.0916290283,27.4642467499,21.4070110321,63.5470123291,0.000665294965074
1800,71.798286438,25.9525547028,20.6997833252,61.63539505,0.000200744511858
1830,59.9359321594,152.095169067,23.7355899811,61.8606758118,0.420820107684
1830,107.210670471,155.398330688,19.0238399506,55.3233337402,0.195096468087
1830,69.2399597168,29.1516666412,20.6827793121,62.920135498,0.00122968440337
