30,617.667419434,121.748168945,16.2835865021,47.5401191711,0.173324078787
60,14.5221891403,161.019577026,26.3645687103,67.9218902588,0.0057270819525
120,462.061798096,184.566757202,18.6666431427,47.5055389404,0.384041224606
150,111.127510071,187.47416687,21.8735675812,56.760974884,44.9901819229
150,127.088523865,184.749130249,20.2312602997,52.7108268738,13.1513923407
150,603.868408203,178.784484863,17.3808727264,41.4686279297,0.405451422557
150,140.465408325,187.183517456,17.8408641815,50.4422149658,0.373245798983
180,18.2443771362,179.855789185,22.8161373138,52.0856895447,0.0390071014408
210,600.149353027,179.916137695,18.6927776337,54.5400657654,0.104524171911
240,10.6894426346,174.436767578,20.7926654816,62.2860870361,3.49713750184
270,450.35559082,149.615966797,23.5854740143,78.9467849731,0.914735905826
270,134.037033081,172.834289551,24.2699604034,50.8669090271,0.705256033689
300,407.654327393,61.19373703,23.8056812286,67.2963409424,0.316823110916
330,398.707122803,172.572036743,18.2395763397,47.4352111816,0.256470683962
330,479.182983398,32.7745170593,21.8783168793,71.7562255859,0.071502692299
330,258.37979126,165.973495483,21.9550704956,47.8264198303,0.0190119244508
330,155.584594727,157.951782227,28.1077022552,60.9657783508,0.0172544823727
330,464.308105469,28.309431076,24.4213848114,68.6127166748,0.000599467512075
360,447.202911377,166.536514282,25.5830745697,67.8760452271,7.02103674412
360,14.3968477249,153.495040894,24.757232666,80.2714920044,6.38073906302
360,603.350524902,174.851547241,20.4739742279,75.4769210815,1.76531430334
360,577.010437012,143.725250244,21.6330318451,54.9008979797,1.06256306171
360,618.672668457,196.266799927,14.0378770828,48.6398353577,0.912697892636
360,134.628433228,182.327865601,22.9199504852,56.4152374268,0.579363573343
360,81.9936523438,182.969665527,22.173582077,50.5397796631,0.463911425322
360,578.884338379,188.718002319,19.0767726898,48.453704834,0.427397526801
360,35.5786018372,189.044128418,17.147108078,43.032749176,0.27160984464
360,589.713684082,42.4864463806,34.9283256531,68.622505188,1.80351078516e-07
390,284.594146729,170.046783447,19.6563091278,44.1882133484,0.0262857007328
390,237.977706909,162.164596558,21.6761798859,47.107219696,0.0182864430826
420,8.17146396637,190.852783203,15.9886627197,55.7758598328,9.83325317502
420,615.364135742,143.550460815,18.4033679962,54.019115448,0.633856095374
420,196.073318481,173.539169312,19.8010578156,51.1762733459,0.462461495772
420,550.768554688,177.137557983,22.4741039276,48.1828346252,0.436815805733
420,568.56652832,172.21295166,17.7256660461,47.226474762,0.406672945246
420,447.790649414,173.160354614,23.7361621857,58.4179840088,0.194430863485
420,236.486099243,166.371627808,21.7765960693,44.5207328796,0.0315113808028
450,585.613769531,162.853469849,35.0214118958,92.9433364868,14.3805474043
450,17.5837097168,118.583259583,23.0660800934,64.5946121216,4.30721901357
450,495.351043701,117.987762451,24.3823699951,65.2618179321,4.0486395359
450,618.477966309,185.319335938,17.3518848419,52.0112113953,1.0877632536
450,15.0384759903,186.894973755,21.1870956421,47.7015800476,0.521795358509
450,616.539001465,68.6940078735,17.3575382233,53.5398826599,0.457515614107
450,19.5329036713,64.9798431396,33.9716072083,91.9992980957,0.0814288621768
450,600.209411621,55.1871452332,28.9708194733,76.7303848267,0.0698490533978
450,270.689819336,167.671875,21.3783493042,47.1313514709,0.0312143587507
450,230.196365356,161.829177856,21.1192016602,46.6080207825,0.0134753034217
480,15.3589735031,193.046524048,24.8095092773,50.8664855957,6.70977830887
480,162.842208862,183.361282349,22.0378093719,41.4834213257,1.35696399957
480,31.9513759613,190.247741699,20.8239421844,51.9226074219,0.802102591842
480,281.121398926,167.743942261,18.0942173004,46.9539299011,0.536005524918
480,149.365036011,184.271682739,16.8489971161,38.6944541931,0.217515346594
480,271.010620117,171.745071411,18.3841609955,44.7277641296,0.0426756800152
510,76.4326629639,190.649734497,20.063035965,44.0878868103,0.240662088618
510,334.778961182,169.272354126,25.582572937,50.7930335999,0.113532319665
510,153.627197266,186.949279785,23.3769302368,44.1661682129,0.038488447899
510,323.501342773,177.583740234,21.114566803,49.1436271667,0.0338783982443
510,255.121139526,157.756149292,28.8164901733,64.2092666626,0.0243633796345
540,348.327362061,166.342224121,21.2751903534,56.3127784729,5.24972416461
540,119.972877502,191.411605835,18.8169670105,43.8386726379,0.709034781903
540,596.653137207,157.040542603,22.9599246979,53.2437286377,0.290633435361
540,335.96786499,177.371780396,19.5968227386,47.5171775818,0.16178364167
540,133.23638916,183.45072937,18.6696395874,47.7433204651,0.101722998079
540,260.775177002,153.908798218,25.862405777,63.7425384521,0.0745932280552
540,365.681549072,166.544509888,18.1768856049,53.9917449951,0.0274888734566
540,276.461395264,160.178466797,19.4013500214,53.3931846619,0.0248084805207
540,290.779022217,170.872680664,20.2503833771,42.6757850647,0.017667056818
570,378.401855469,162.805618286,21.4734325409,65.9776153564,9.41916108131
570,283.151489258,140.082473755,24.7324447632,73.4513778687,2.49210894108
570,593.444458008,176.112609863,17.8403205872,51.0877952576,0.942509062588
570,616.225402832,179.254623413,18.6167812347,49.2164764404,0.688739540055
570,537.395446777,183.19178772,17.9583797455,45.5310173035,0.441854121163
570,393.852050781,161.991439819,16.4458236694,57.116394043,0.17883972032
570,549.092590332,187.379684448,16.850561142,42.2601699829,0.121226278134
570,562.930969238,184.287887573,23.1313304901,51.2205619812,0.0848871015478
570,579.569519043,193.408370972,19.5164031982,44.3423042297,0.0112974506919
600,279.776611328,174.791885376,22.0587825775,48.8420677185,4.40185554326
600,247.823074341,163.596405029,24.6026916504,54.3598899841,3.18961106241
600,418.172454834,147.279846191,24.8429546356,71.5450363159,0.133736035787
600,396.908050537,149.808120728,29.6874294281,84.7185897827,0.111517042387
600,460.525177002,167.312759399,19.9092502594,40.8257980347,0.108424038626
630,454.055206299,136.944168091,31.6914310455,109.36240387,15.646238625
630,115.708045959,172.769042969,35.483165741,68.0408859253,12.9810675979
630,439.989471436,146.053024292,29.2254486084,79.7346725464,11.3365225494
630,392.371551514,131.49168396,25.1698760986,70.4134140015,5.01113906503
630,468.541656494,184.431259155,21.9828395844,59.1484375,2.55430098623
630,270.434417725,185.04637146,27.8501586914,39.1208953857,0.805635377765
630,12.1154661179,175.414367676,21.9738464355,54.1148376465,0.720603205264
630,51.5505256653,184.861373901,20.0888004303,43.876373291,0.0507191463839
660,502.738647461,92.5917282104,27.2117462158,76.1139907837,1.67265534401
660,478.975250244,163.076538086,17.3531360626,43.4304656982,1.20001388714
660,290.38381958,113.989219666,33.4566192627,88.3235397339,1.0269517079
660,216.412948608,150.381790161,19.5594863892,48.2893714905,0.593680469319
660,20.164068222,152.757888794,28.0506572723,58.9446220398,0.155250472017
660,229.22088623,149.857635498,16.4895114899,49.7713050842,0.0158638940775
660,41.3132743835,173.559280396,17.7261371613,46.5291557312,0.00553583304281
690,230.976852417,134.309051514,21.1210536957,59.498840332,11.4619836211
690,16.4312076569,176.625045776,25.8220672607,42.8799171448,5.12004084885
690,601.006591797,95.7174453735,29.8845081329,79.7350540161,2.41960827261
690,492.715179443,138.170135498,18.1912670135,56.3790855408,1.96104031056
690,471.508178711,142.149276733,20.5837516785,53.7357788086,0.542973913252
690,589.084228516,53.9402046204,30.1539897919,78.4793014526,0.222284253687
690,287.991546631,135.20602417,24.8349628448,63.1837120056,0.192595366389
720,606.477355957,196.712768555,23.0813121796,71.1057128906,3.69515046477
720,616.053527832,69.2322158813,18.5083065033,58.9968566895,1.25930309296
720,617.83996582,131.981079102,16.6286563873,52.5389823914,0.610009999946
720,280.893096924,92.3587112427,30.4246883392,82.9895553589,0.57651354
720,81.9019393921,126.501060486,18.7033576965,45.7072601318,0.314763654023
720,617.545471191,224.102294922,17.1521778107,51.6043510437,0.280909915455
720,607.17956543,96.7723617554,26.855796814,70.6377944946,0.111642619595
720,276.650604248,142.412506104,19.5865859985,46.4529266357,0.0281031418126
750,278.327270508,85.5935668945,35.7551727295,88.6835250854,13.4350270033
750,217.381210327,119.222694397,22.587059021,69.6984786987,4.1132979095
750,65.1169509888,122.958854675,20.3016090393,46.4832572937,3.36457192898
750,511.991607666,118.765960693,21.9172286987,65.3609542847,1.84290912002
750,572.265319824,111.918060303,19.3647975922,54.1554527283,0.664605619386
780,514.938781738,121.6951828,25.1484737396,65.2010040283,6.94271624088
780,220.412734985,124.028556824,20.3422679901,55.7668609619,3.47511693835
780,280.709381104,87.4302597046,31.1815395355,85.3605728149,1.34676136076
780,505.522094727,134.4271698,20.549287796,56.1184196472,0.328986905515
810,209.368728638,130.893569946,21.005115509,70.2493667603,5.10237514973
810,605.931518555,113.115470886,24.7079086304,59.0716362,1.14923743531
810,276.214508057,98.4187240601,34.5990257263,89.4677200317,0.254873745143
840,208.230941772,141.453811646,17.8692760468,60.6020965576,17.2187805176
840,621.704040527,155.506546021,18.2959594727,72.0753860474,0.837268400937
840,271.502960205,97.0108642578,41.0289268494,99.8855056763,0.204668659717
840,166.350708008,151.362014771,23.3780212402,56.0207862854,0.158824131358
840,179.983032227,162.432937622,17.1738529205,42.5808525085,0.0973530055489
870,597.276428223,132.693466187,19.0404262543,56.3759117126,20.8767458797
870,195.25138855,137.112747192,18.3655776978,53.8389701843,16.4826989174
870,152.656311035,146.437759399,27.5557937622,62.5460205078,4.49903681874
870,266.562225342,82.8138656616,35.1979827881,113.718254089,3.02484631538
870,135.377410889,69.4204788208,23.8527832031,66.4183425903,2.14907918125
870,609.340148926,130.569778442,16.518415451,52.6215629578,0.508199352771
870,543.132751465,163.619140625,16.7669239044,47.6025352478,0.103579554707
870,170.001235962,169.706771851,16.4253444672,44.6319541931,0.0279118830804
870,531.719665527,165.468170166,19.4216213226,51.828830719,0.0130529922899
900,138.199813843,128.754592896,26.1008853912,62.9076271057,21.0756480694
900,553.187866211,110.177825928,31.234916687,100.121582031,6.75054788589
900,598.279907227,116.265556335,22.3546657562,59.620059967,5.58081381023
900,587.398620605,114.24294281,16.7527961731,50.902923584,4.86250035465
900,490.765106201,208.647598267,36.6149864197,75.6995925903,2.31440644711
900,577.650695801,110.315307617,18.4911823273,46.800617218,0.619731610641
900,232.237106323,113.998558044,30.4851074219,93.2621154785,0.315754022449
900,104.241340637,163.910263062,20.4047393799,51.9476966858,0.111533806194
900,542.353759766,129.70375061,23.9184970856,79.4897689819,0.0440167757915
930,17.4642543793,128.95513916,25.6488895416,109.921272278,38.0482435226
930,28.4869747162,114.315086365,30.7301616669,93.7448425293,11.6411261261
930,12.0021886826,113.605751038,21.82903862,68.6003494263,3.09247840196
930,522.341186523,226.161178589,31.6216564178,69.6174850464,1.79997328669
930,617.144287109,107.243865967,15.2167158127,54.0816841125,1.51657853276
930,24.419708252,105.145225525,20.1825237274,66.4313049316,1.36522268876
930,565.295715332,41.5091209412,22.8040313721,64.3260192871,1.14366486669
930,19.877822876,198.569168091,20.6431789398,46.2879295349,0.377359986305
930,543.096374512,83.0263061523,27.6864452362,67.6061782837,0.332101876847
930,461.810913086,116.069274902,18.6821308136,45.8163108826,0.136742892209
960,591.20916748,94.3302841187,34.2878379822,94.5429992676,25.1797795296
960,610.182189941,112.327850342,20.2857685089,65.1206130981,2.41085980088
990,532.933837891,166.871932983,22.2506561279,44.8174858093,1.32863586769
1020,174.650253296,172.40864563,18.6152610779,42.8475608826,4.7679875046
1020,573.891174316,283.793243408,30.0709857941,61.3301391602,0.173369946424
1020,563.098205566,124.50793457,25.3288421631,65.9242019653,0.169825088233
1020,460.09677124,205.823226929,23.9396686554,56.3651161194,0.029979122337
1050,601.71697998,78.0793991089,29.0825252533,92.8367538452,16.9557139277
1050,609.138793945,259.43661499,18.4655742645,51.0268707275,2.02316939831
1050,571.460388184,222.880325317,25.760011673,58.1594734192,1.9794229418
1050,617.127929688,111.202827454,15.8843307495,57.1713905334,0.406360253692
1050,11.1689653397,174.454483032,25.7381286621,49.5238494873,0.0784854404628
1080,570.164001465,241.45300293,19.7087154388,45.0362358093,11.5253329277
1080,580.039855957,242.319641113,25.9744338989,50.3479347229,9.6517123282
1080,601.901550293,259.396453857,23.7920608521,54.8580780029,8.13034176826
1080,552.920532227,232.386154175,22.6382160187,50.9203338623,2.38625910133
1080,543.42010498,232.940673828,18.6162261963,45.100769043,0.380372279324
1080,73.5447158813,175.716934204,18.3623561859,44.4840507507,0.155747868121
1080,34.7282104492,66.1814575195,22.3276672363,58.4427757263,0.0925858621486
1110,579.163635254,91.1716690063,36.1671104431,101.4112854,30.3195208311
1110,542.276550293,128.554489136,19.2606086731,45.9691925049,3.08659672737
1110,617.542297363,149.345535278,15.7953643799,55.6723747253,0.316165830009
1110,539.391113281,191.550476074,31.8095626831,71.9612960815,0.209611980245
1110,592.669250488,44.9852905273,22.0964298248,65.4332199097,0.111813936383
1140,543.365539551,201.666213989,20.4283351898,51.2988090515,14.2311617732
1140,166.226913452,153.044845581,21.7004318237,45.5152244568,5.44752217829
1140,558.304199219,209.719665527,19.8964004517,47.290561676,5.27310967445
1140,597.796936035,118.211708069,19.2646598816,48.0503044128,4.99794632196
1140,618.372192383,114.437431335,15.8364458084,49.7693519592,3.46673354506
1140,567.731750488,215.200195312,21.3610401154,53.1701545715,3.16708944738
1140,315.340515137,107.113685608,21.0301914215,63.1587028503,0.0490826438181
1170,213.7890625,110.143165588,20.2242298126,60.0543861389,2.52377260476
1170,617.74029541,136.989364624,15.9347467422,50.9620170593,0.999675970525
1170,605.25982666,123.471031189,19.2661914825,53.292049408,0.338402064517
1170,9.26095962524,133.436706543,24.0659999847,63.6732788086,0.0954326358624
1170,578.654724121,135.053695679,19.2901687622,44.5124511719,0.073983729817
1170,592.041320801,134.871948242,17.2527065277,45.6667175293,0.025628140429
1200,55.8693122864,185.638931274,23.3968257904,49.3043518066,12.8784269094
1200,617.029296875,134.293212891,17.8245754242,57.8615989685,0.963128264993
1200,73.8623123169,176.45640564,21.5905075073,54.6663665771,0.64025586471
1200,51.8738250732,92.4044570923,27.202878952,89.0459518433,0.486845429987
1200,600.548828125,165.390396118,19.512172699,39.7612190247,0.138676178176
1200,34.1659126282,128.267745972,29.3388900757,91.3031387329,0.00158707207447
1230,580.614807129,157.314880371,20.6110115051,51.7344093323,26.0529220104
1230,616.911682129,64.6711807251,16.8345222473,52.5903663635,1.91785227507
1260,603.324890137,173.906173706,24.5509033203,56.6651191711,12.1403843164
1260,328.54006958,164.951797485,18.1890583038,48.5419311523,6.74148574471
1260,603.218566895,237.529983521,22.1001110077,56.7876243591,3.00688445568
1260,21.6703338623,206.962020874,20.8757915497,46.2752342224,0.0416299008066
1290,403.424713135,150.795516968,19.5637779236,45.0661201477,0.348757696338
1320,36.1915359497,183.416259766,19.8000831604,45.1234855652,6.48872330785
1320,267.637329102,151.039016724,20.2484092712,55.6750946045,0.919346418232
1320,23.956987381,184.611328125,19.0214653015,43.5587348938,0.414067553356
1320,169.79296875,186.822738647,22.4255447388,41.9906272888,0.309885293245
1320,311.023162842,146.735076904,22.3493728638,53.0504798889,0.100022437982
1320,104.682868958,167.109115601,24.0486526489,56.6219062805,0.0219593275688
1350,568.592285156,162.241485596,20.9958610535,53.4402008057,11.2467870116
1350,6.07573318481,54.4016304016,18.515045166,73.1911392212,2.07040756941
1350,140.278060913,137.905532837,27.0429077148,75.8419723511,1.49999633431
1350,135.745605469,89.2666397095,21.8384475708,57.7518157959,0.384851917624
1350,127.22592926,161.000350952,20.3312244415,57.6236991882,0.242271786556
1350,147.706481934,181.410751343,20.3000736237,48.9489860535,0.189091463108
1350,51.579284668,123.065376282,21.310136795,55.6369895935,0.166940316558
1350,206.104309082,170.750137329,18.1560459137,41.1946029663,0.160197610967
1350,442.321411133,142.358566284,23.4459705353,65.7684326172,0.139111885801
1350,32.6532821655,102.402709961,32.5485877991,81.8502731323,0.0932735740207
1350,114.481361389,106.557502747,20.9092731476,49.3786888123,0.0273036188446
1380,14.2939758301,148.094024658,29.1332187653,75.7849349976,10.3821650147
1380,7.48079061508,147.209564209,15.9648208618,61.8204994202,1.88543144614
1380,142.072677612,188.78163147,19.6877250671,43.7463874817,0.862828548998
1380,321.159210205,144.833023071,29.818693161,81.0719528198,0.53172595799
1380,215.718185425,170.320785522,28.8143463135,63.7541351318,0.0356384523911
1380,79.1303939819,121.57950592,36.2399482727,82.1248245239,0.00197878744075
1410,558.194763184,173.316360474,27.2624492645,63.9010353088,32.5251847506
1410,29.0325679779,288.821624756,22.8052158356,52.9987640381,0.782279856503
1410,20.693572998,190.33454895,73.7760238647,146.398468018,0.748616782948
1410,47.3927612305,260.033355713,29.5680084229,70.2384109497,0.396490190178
1410,576.043884277,172.723571777,17.7725772858,50.3924217224,0.118460156955
1410,76.4672775269,289.100494385,22.7971134186,58.8967247009,0.117623142432
1470,55.7412147522,151.255279541,20.5749740601,54.1600151062,17.9642915726
1470,37.5510673523,139.096466064,25.9816226959,62.0626068115,2.26905997843
1470,69.9928970337,152.904129028,21.7259502411,48.8986244202,0.317988498136
1500,51.7838630676,162.232498169,17.5072364807,39.0417404175,6.18042945862
1500,0.907470703125,170.826171875,24.1960983276,57.4786987305,1.55370822176
1560,617.119140625,84.9551925659,17.6404323578,56.7096099854,0.448589539155
1710,215.846878052,75.4913024902,22.7820949554,64.8785858154,0.444961944595
1710,0.0,159.893753052,122.174102783,196.341247559,0.000816458668851
1740,386.237792969,81.7147903442,20.3305072784,79.616897583,0.545855239034
1740,362.787689209,91.0107192993,35.3709526062,76.7298812866,0.237186811864
1740,419.332397461,73.5606384277,30.6140613556,71.5183944702,0.0556595565286
1770,308.930023193,81.5521621704,24.5113677979,72.7642288208,0.128172070254
1770,1.89348852634,65.8592300415,27.777349472,94.3659439087,0.0190733699128
1770,18.8259468079,71.5498657227,23.434135437,61.4458427429,0.0179374823347
1800,125.291503906,63.7435913086,20.783575058,73.8443222046,0.294159981422
1830,288.457550049,51.7588195801,31.041097641,84.4403610229,6.5263479948
1830,312.4871521,43.4352722168,18.5711231232,79.1119155884,0.35122258123
1830,275.811401367,65.3126373291,49.4121131897,149.955978394,0.0327937421389
