30,483.462677002,182.220321655,28.0903015137,62.0891685486,99.7918725014
30,564.079772949,161.227996826,23.8979263306,86.0955200195,82.2498083115
30,424.595458984,192.990219116,18.0486774445,48.7277374268,26.2760996819
30,433.289215088,194.643875122,24.0987110138,50.3798866272,15.4524281621
30,405.055419922,191.266799927,17.0449371338,47.7794799805,6.70435279608
30,554.46472168,166.30291748,21.4559421539,63.8602714539,4.00092750788
30,573.80065918,200.730728149,19.060049057,47.8249931335,3.2576456666
30,469.489105225,187.122009277,16.2311058044,47.8399353027,3.13838906586
30,589.89630127,170.855819702,23.1479721069,74.9569320679,2.8734439984
30,503.402008057,184.665908813,18.7662677765,54.8633575439,2.36176997423
30,542.831176758,134.096969604,22.8433589935,73.9780731201,1.0990280658
30,445.26473999,185.837600708,18.9832630157,47.1795845032,0.562698673457
30,334.830657959,189.177124023,22.6859512329,51.9010429382,0.412827217951
30,66.7687301636,123.26247406,22.050535202,65.1055984497,0.207378691994
30,5.90858459473,194.906692505,17.2957763672,43.3860435486,0.0922576116864
30,456.616912842,191.040649414,17.6133880615,40.7362365723,0.0766816199757
30,475.829620361,24.652223587,25.3778018951,55.1441192627,1.44488836895e-05
60,507.842651367,182.618942261,27.3204250336,64.5535049438,99.5998859406
60,579.736877441,158.263137817,25.6076602936,89.7407226562,91.5711402893
60,481.31918335,181.891494751,19.4339466095,50.578994751,89.0974998474
60,443.737640381,189.662643433,22.5853672028,54.8658752441,45.8575606346
60,425.619354248,186.167434692,19.4979019165,56.5841407776,31.8393975496
60,591.393249512,208.569869995,19.3102092743,44.5999565125,8.59228074551
60,493.468170166,182.644973755,16.9661655426,55.9361534119,7.22026452422
60,570.332580566,163.697113037,20.4652042389,67.8669281006,4.84469272196
60,536.281188965,190.938354492,21.0139827728,51.3774261475,3.94051261246
60,616.765441895,198.330703735,16.8489246368,51.2513313293,3.46637964249
60,598.948486328,168.896636963,22.0225830078,84.5171890259,2.32638064772
60,408.146392822,187.072341919,21.7229404449,49.8198814392,0.937723834068
60,461.105438232,180.919265747,17.4222373962,47.3372192383,0.756313931197
60,617.955505371,119.196876526,17.1308269501,45.9610176086,0.655462779105
60,501.80065918,41.6640968323,23.6222763062,73.3056716919,0.495434040204
60,552.003234863,183.117050171,18.7977218628,53.8731422424,0.269750179723
60,330.939544678,190.876846313,19.4715747833,48.9502296448,0.0706297927536
60,476.222991943,30.3696060181,23.0592632294,50.1962738037,4.96634811498e-05
90,560.380432129,179.482070923,31.19165802,75.3444442749,99.6621966362
90,494.477203369,179.815002441,20.6613807678,52.7079162598,94.7110891342
90,579.753234863,197.971206665,20.3730602264,56.0736122131,34.3376249075
90,466.092651367,188.147033691,22.4300765991,60.5643615723,28.2503724098
90,616.707946777,153.570785522,18.7220134735,48.3839988708,5.61166331172
90,513.393310547,172.018173218,21.7244052887,55.7139320374,4.71608042717
90,530.829833984,177.513305664,23.2952022552,51.6559410095,2.98544038087
90,616.601318359,193.386230469,18.9090080261,54.4258003235,2.08753403276
90,449.962890625,185.214111328,22.6602573395,61.9226875305,1.59510411322
90,440.957855225,179.266525269,18.8188076019,49.6478614807,0.99259307608
90,547.868347168,177.755996704,19.2574825287,59.2671051025,0.692901667207
90,627.987915039,160.397338867,12.0120849609,46.5732383728,0.603954540566
90,333.968902588,192.05241394,19.5806102753,48.9326210022,0.0763942487538
90,344.870025635,185.948928833,21.6501140594,55.5798454285,0.0259256717982
90,425.915985107,174.537521362,19.3729095459,54.527973175,0.0173472508322
120,513.221496582,189.035293579,25.6107349396,72.6125793457,69.5502340794
120,551.423278809,168.485412598,20.1626014709,59.974609375,28.5563647747
120,488.970123291,183.472763062,23.2309513092,66.802772522,10.7281714678
120,564.341125488,174.036819458,20.3202915192,57.7830238342,5.89010939002
120,581.991027832,171.140869141,24.6119174957,57.569606781,1.5926355496
120,462.698516846,172.007980347,19.3532428741,53.1228065491,0.25963538792
120,350.262817383,190.693481445,24.0257167816,56.1740379333,0.169159297366
120,365.620513916,192.008300781,17.3422050476,57.9033813477,0.0150214647874
150,569.420837402,181.189208984,46.8716773987,85.0279769897,65.546900034
150,605.149780273,184.387619019,26.7499847412,90.6235046387,28.6961048841
150,401.101898193,193.053268433,29.9816150665,69.8604507446,5.83305805922
150,546.71661377,162.85458374,20.9147777557,69.6815719604,4.77053895593
150,616.701599121,172.380187988,19.910905838,51.9004020691,4.43606860936
150,532.162658691,181.458251953,16.7166347504,49.2711601257,4.21627648175
150,66.8344345093,203.589828491,21.282579422,58.1415252686,1.16004627198
150,618.859924316,219.82572937,19.3317890167,56.8083686829,0.723656406626
150,594.649780273,211.081558228,21.8430843353,61.6727027893,0.37928733509
150,606.914428711,152.2447052,22.7364044189,59.5376396179,0.362887978554
150,559.115905762,161.833724976,19.1630535126,60.9865074158,0.289068720303
150,85.5453109741,198.040725708,18.9736289978,43.8763580322,0.162203132641
150,572.331176758,169.573623657,22.9276428223,65.5602722168,0.137779791839
150,388.449493408,191.875717163,20.0583972931,60.6189460754,0.0541711284313
150,376.834716797,192.363342285,20.541217804,57.6833763123,0.0134258298203
180,418.358795166,193.824035645,22.6030216217,69.7789382935,32.0769786835
180,439.574310303,193.324996948,30.0801239014,79.2750778198,6.5773062408
180,404.630706787,193.089492798,21.0210971832,51.318862915,0.888387858868
180,391.094970703,186.395065308,24.020942688,56.2597961426,0.042284434312
210,456.013153076,206.566589355,24.0344371796,77.5731658936,25.7193505764
210,592.948059082,144.510238647,36.1265144348,87.8153762817,17.1682685614
210,505.828338623,214.840530396,24.3317718506,89.530128479,4.8748396337
210,565.136047363,251.788833618,23.7661380768,78.5057907104,4.41476330161
210,469.037231445,208.816360474,33.9466667175,79.4599380493,4.17312458158
210,50.7234916687,189.953598022,22.0700435638,48.5826873779,3.11651676893
210,413.176971436,196.546432495,19.9686641693,56.7571258545,2.05202959478
210,617.433227539,156.231536865,16.5099239349,49.3950462341,1.74323339015
210,29.5523223877,192.699584961,22.0480194092,54.3375892639,0.708784908056
210,397.723754883,197.024719238,21.6907749176,52.3467445374,0.230347155593
210,551.668151855,374.309356689,22.1650180817,50.7808074951,0.0679146090988
240,582.683837891,215.288864136,39.3284759521,134.275436401,36.4732205868
240,598.754394531,38.4294929504,21.8314037323,65.096244812,13.6522620916
240,602.297302246,238.458145142,25.7133426666,73.0080032349,0.642246799543
240,617.438476562,102.48210907,16.6422252655,46.9559936523,0.551496725529
240,358.191436768,189.475326538,20.9670505524,52.7933921814,0.327389966697
240,600.034851074,92.4015731812,26.2892227173,72.0185623169,0.253987964243
240,256.757019043,147.845428467,22.6969432831,58.1460227966,0.00915007622098
270,340.448516846,162.729553223,24.3952407837,65.6470565796,5.08650951087
270,475.48425293,189.892272949,22.3164806366,55.6924629211,0.749603612348
270,8.79604911804,183.50177002,21.2986183167,48.8486671448,0.448465114459
270,488.932373047,179.356918335,19.6981277466,48.9130706787,0.160866905935
300,389.591156006,159.846038818,21.1112003326,56.6670951843,7.7541321516
300,481.772735596,182.237670898,27.3480815887,67.9067230225,5.52695132792
300,363.807128906,168.437179565,19.2195529938,57.6015777588,1.95375774056
300,582.143005371,149.871505737,22.7068653107,47.3575172424,0.407299958169
300,594.36505127,139.523513794,26.3232021332,55.8261146545,0.386382429861
300,371.463409424,152.069168091,19.7852745056,53.026638031,0.218978733756
300,354.48449707,130.71496582,20.9181289673,62.8851013184,0.120537751354
300,6.55099534988,183.15296936,16.4287052155,42.6222991943,0.0727531325538
330,455.843048096,195.370162964,27.1734333038,57.6121253967,75.6627559662
330,491.548797607,210.681808472,70.4368743896,150.537704468,56.9617927074
330,392.8984375,170.223922729,23.9541110992,68.6789703369,10.2340064943
330,203.216430664,184.017227173,17.7538585663,42.8106231689,6.35959208012
330,148.745986938,181.783248901,16.6172447205,46.1777305603,6.11445754766
330,526.241699219,145.633270264,28.6887607574,62.657043457,2.55355909467
330,369.253936768,129.31968689,21.3153533936,50.0886116028,1.86313092709
330,551.173400879,162.541732788,32.3690757751,72.7677383423,1.54769551009
330,159.084594727,181.243301392,17.3772907257,46.9141693115,0.351892597973
330,46.595287323,179.468002319,18.7841434479,50.4152832031,0.27686287649
330,82.3241882324,159.287918091,22.2673778534,48.1068267822,0.195454712957
330,222.530014038,181.402770996,19.590177536,44.1852264404,0.16523594968
330,572.930480957,210.748214722,20.5906963348,50.1432342529,0.152908579912
330,410.331695557,195.3724823,17.3347587585,45.2159881592,0.109386118129
330,64.5383834839,148.029067993,28.5411167145,62.8547401428,0.0158127120812
330,28.0866336823,138.595657349,19.2936439514,50.6872711182,0.00817128893686
360,203.789535522,189.79888916,16.4981708527,46.1348571777,27.1994054317
360,134.054672241,184.328659058,19.6524925232,50.1659545898,20.9250926971
360,573.448669434,191.763595581,35.3671302795,92.7102279663,10.266533494
360,146.221969604,171.698974609,25.387090683,62.5642738342,6.57284259796
360,189.587753296,186.243103027,17.8756656647,49.2343292236,5.48483580351
360,381.0418396,121.217964172,23.5325374603,62.2570610046,4.19688895345
360,445.01965332,121.191947937,20.6851787567,58.2310791016,3.58987785876
360,609.510498047,134.404174805,19.8240852356,56.8532752991,2.26156432182
360,219.582168579,182.169387817,15.2129974365,52.4641304016,0.837370473891
360,120.201026917,188.595275879,23.1331729889,48.314250946,0.772618548945
360,175.478988647,181.770248413,18.610830307,51.1350898743,0.739159854129
360,398.584442139,132.366027832,18.0660266876,49.6080322266,0.567900389433
360,67.4935684204,152.713485718,20.1479072571,52.0968360901,0.0325668603182
360,275.082214355,136.743804932,26.1539993286,63.1493721008,0.0251065153861
390,217.23109436,184.032836914,19.6882305145,51.7848014832,94.0841019154
390,199.614013672,185.638366699,18.2163524628,50.7043418884,44.6542173624
390,163.592788696,180.240188599,18.1396121979,52.0691223145,37.6249194145
390,187.573364258,186.111160278,18.1221046448,48.1788673401,30.3246945143
390,132.692550659,186.483474731,26.3518772125,47.2223701477,15.5140548944
390,26.9752655029,163.162948608,28.0684661865,72.2976303101,15.0308296084
390,61.0398826599,138.940002441,27.6373462677,62.0645027161,8.9590460062
390,407.246704102,178.756973267,20.7314376831,43.7727851868,8.71057584882
390,13.9382047653,189.970626831,19.4297466278,47.9333343506,4.41394224763
390,36.0663948059,145.748123169,23.9551143646,53.6196479797,2.97269262373
390,145.416549683,169.12272644,28.3775730133,64.4985656738,2.36771851778
390,501.944458008,166.553573608,26.0814533234,57.132068634,2.36108694226
390,6.02318048477,181.368759155,16.0322666168,49.9413146973,1.48000828922
390,588.378112793,50.1658821106,26.0395584106,81.604309082,1.35169634596
390,594.653625488,148.269393921,28.3803939819,72.3757705688,0.936783663929
390,369.349273682,180.093917847,22.8700790405,44.1082572937,0.507980678231
390,110.18674469,186.581542969,17.8979244232,50.3073158264,0.416370481253
390,48.4499702454,154.909439087,28.8900699615,64.0927124023,0.351913645864
390,122.332336426,186.11088562,17.793674469,51.4385528564,0.300644454546
390,410.453125,106.904937744,24.7513942719,60.5609703064,0.241976534016
390,513.388977051,156.628158569,20.0416183472,45.3748435974,0.123674829956
420,210.666000366,183.887023926,19.5200710297,56.5076408386,96.8398749828
420,234.59828186,182.940536499,21.5322933197,59.997844696,92.6349699497
420,154.900238037,190.043746948,18.3023338318,49.5667724609,70.1161086559
420,132.140518188,194.661514282,21.2730617523,50.3838233948,70.086991787
420,167.868011475,182.293579102,20.2459850311,57.0270500183,61.1268222332
420,9.28870773315,191.363830566,27.7580337524,55.7193145752,30.0152510405
420,196.881774902,185.149719238,16.8626422882,53.204498291,19.7353303432
420,223.435562134,184.115600586,15.6087379456,56.258556366,9.76682901382
420,112.807830811,184.036148071,18.7505931854,60.481388092,5.56843839586
420,29.3123092651,195.955429077,20.7099132538,52.1469078064,2.66358815134
420,259.347167969,173.710571289,23.7062778473,56.9995994568,2.25278865546
420,92.4667129517,187.075744629,24.9055461884,53.5146942139,1.59848686308
420,250.804367065,179.993972778,15.7580137253,57.4540367126,1.34232128039
420,67.1578903198,201.693725586,19.0027217865,44.4606056213,1.20898447931
420,274.261566162,183.890304565,22.771654129,52.5245170593,0.567643484101
420,446.623382568,170.053604126,24.7985858917,46.6674613953,0.458638323471
420,187.797348022,190.937789917,16.1918678284,45.3368721008,0.305573758669
420,439.507446289,105.303779602,22.5474700928,64.3817672729,0.252188951708
420,52.8783378601,92.5350036621,20.4584255219,70.797203064,0.0920341466554
420,487.208343506,115.562904358,20.7729969025,49.8451843262,0.0259316293523
420,451.943115234,116.350242615,18.8598537445,59.98204422,0.0175979075721
420,468.703735352,115.358818054,24.9181613922,60.9253578186,0.00990400003502
450,125.429138184,184.231033325,23.0368366241,62.8869934082,96.8668401241
450,81.4676895142,185.596374512,20.0800437927,55.1783409119,90.3128743172
450,147.485671997,180.707626343,27.9474849701,70.733001709,89.3318474293
450,38.0740318298,187.258590698,24.9759979248,66.3578720093,75.0711858273
450,107.979606628,181.339431763,19.6026000977,61.6255493164,62.9858016968
450,265.01663208,180.496582031,21.2357387543,53.9457244873,38.61553967
450,544.063049316,170.71496582,25.0543308258,60.6104545593,36.4092081785
450,48.6627616882,178.076583862,41.1430473328,71.6351089478,22.7016866207
450,196.453872681,173.682128906,25.2391376495,69.4765014648,3.41487452388
450,94.0955734253,185.196289062,16.1854362488,54.4690856934,1.78041495383
450,71.4493484497,152.618789673,20.9930610657,77.4644622803,1.27408336848
450,12.6361589432,185.63293457,23.1698246002,59.2953186035,1.18015455082
450,184.045654297,175.866027832,20.4015216827,61.5072975159,0.938051845878
450,234.48449707,187.859939575,22.5043239594,49.1018333435,0.818875990808
450,164.859741211,180.651626587,22.2075519562,59.4902305603,0.577943818644
450,59.4554710388,154.01133728,21.3100452423,68.2271347046,0.451571075246
450,514.476074219,124.696510315,20.7561779022,49.9287605286,0.425124447793
450,212.377197266,174.079147339,25.0928058624,63.3902397156,0.297852582298
450,24.9532260895,186.972900391,24.3539428711,61.04114151,0.248750206083
450,256.124023438,124.929412842,28.9369106293,60.8813934326,0.0936107768212
450,375.058380127,97.6516113281,24.995016098,63.6637573242,0.0492197461426
450,557.092468262,167.476318359,19.1592178345,45.4494934082,0.0452254753327
450,9.11246967316,116.476356506,19.5263233185,47.9512062073,0.0371014757548
480,568.31463623,134.454269409,47.2354469299,114.05758667,98.8253951073
480,373.610809326,164.550003052,20.589132309,57.3193473816,38.5809451342
480,53.7987556458,185.558700562,22.2357254028,59.4223175049,28.286498785
480,535.809509277,131.137954712,35.0648727417,89.0057067871,25.2721220255
480,603.544616699,90.1730575562,24.9492340088,75.884147644,3.70557010174
480,145.863082886,183.916885376,21.315694809,50.4622955322,3.68908569217
480,348.792114258,163.980041504,19.1451339722,53.5156555176,2.66808476299
480,189.772094727,103.115501404,21.0881175995,58.5344352722,2.18504462391
480,386.172088623,175.826065063,23.8122577667,63.8352851868,0.884172040969
480,599.941467285,146.444274902,19.0776672363,63.1170692444,0.586994783953
480,617.352905273,102.82308197,17.9538021088,49.4339637756,0.580947101116
480,505.989379883,112.682914734,29.4435806274,58.5214996338,0.302641745657
480,160.220016479,172.590652466,19.9029178619,58.9836463928,0.23531881161
480,343.391601562,118.289154053,20.6848545074,46.3752403259,0.215756171383
480,560.75012207,135.015625,30.6539554596,67.7382125854,0.146121007856
480,359.808074951,115.599273682,18.5863399506,52.3045692444,0.0512550584972
510,252.71836853,133.787918091,66.0455474854,159.681182861,99.4130790234
510,502.211456299,148.219116211,22.0763702393,57.1576347351,21.088373661
510,535.694885254,145.100509644,26.4862689972,61.8442382812,15.5562266707
510,141.452133179,183.846923828,29.3208827972,74.4261703491,13.8770058751
510,466.915496826,125.516746521,23.951089859,76.4175338745,7.16474950314
510,110.505950928,172.052368164,24.0584354401,62.9861335754,6.86911344528
510,397.190185547,153.066604614,23.9111938477,61.2097320557,4.5531347394
510,486.981109619,151.083190918,23.0251464844,61.255947113,2.47845966369
510,30.1268978119,194.003417969,24.9857807159,50.9966697693,1.53212463483
510,296.160675049,123.101348877,20.5654983521,51.0025367737,0.678221043199
510,370.072509766,126.678649902,20.3000602722,63.0583000183,0.143956777174
510,278.38394165,131.014770508,31.4177684784,75.6226501465,0.132048339583
540,255.239181519,143.960525513,27.6331577301,78.8658065796,33.3331614733
540,327.675140381,166.670593262,26.4964447021,62.962146759,12.4062053859
540,285.443634033,164.821289062,28.4560527802,63.4752655029,6.69508650899
540,270.348602295,184.340026855,21.2412261963,50.4218635559,4.1879966855
540,78.6821365356,140.055953979,19.8833332062,46.8715934753,2.69454233348
540,68.1658859253,141.583450317,17.5520305634,46.3490562439,1.90361514688
540,249.848205566,171.935012817,17.9692974091,55.3715171814,1.61874257028
540,155.934631348,141.422729492,21.1637840271,56.1707038879,0.676901685074
540,91.5500488281,146.15435791,24.8138122559,58.0252685547,0.14330878621
540,429.664550781,169.445709229,20.1996459961,57.2047767639,0.112435349729
570,171.182006836,166.598510742,26.0487575531,66.0396652222,44.8441147804
570,608.466125488,191.327804565,22.4352169037,57.8491172791,34.2600941658
570,87.011756897,147.107528687,32.2952003479,83.6914596558,16.5371060371
570,119.341621399,149.971954346,31.7189254761,82.2624359131,6.63283765316
570,561.397827148,188.992431641,23.7877635956,62.2057762146,4.85803112388
570,280.289764404,172.043106079,26.2481899261,58.9161109924,1.54508231208
570,84.0392074585,190.120895386,18.040555954,48.776550293,1.29073467106
570,10.0540990829,186.394042969,22.4493942261,56.8477363586,0.390106323175
570,596.788269043,195.255615234,18.7342205048,46.3323631287,0.322714843787
570,185.012634277,187.416610718,20.3971004486,50.567073822,0.139188824687
600,596.141052246,217.087890625,26.997751236,72.109375,15.9228220582
600,472.469573975,182.655410767,17.5810165405,46.967880249,7.28279948235
600,503.309204102,178.762207031,23.4099884033,58.6545677185,6.07862211764
600,459.171142578,190.046096802,27.5514431,67.7866592407,3.87175120413
600,610.232727051,209.34236145,16.0641765594,49.9730873108,1.79351828992
600,151.179351807,176.496261597,25.9352817535,57.3456001282,0.965099222958
600,561.567199707,26.4134120941,22.082862854,61.121837616,0.558348884806
600,562.19921875,61.4482078552,21.4448184967,62.432849884,0.355917098932
600,535.256530762,188.74420166,22.3877124786,68.8263015747,0.327738141641
600,488.301635742,177.629898071,15.2977819443,50.5047607422,0.202304939739
600,530.622497559,129.603683472,20.311132431,50.1644592285,0.000744957333154
630,400.223876953,186.21484375,20.6631946564,48.5817146301,84.483641386
630,428.070922852,185.501037598,19.8052024841,52.3490943909,48.0376899242
630,41.6895675659,189.875,19.1650524139,47.1077461243,15.7311201096
630,412.432525635,181.016372681,18.8079471588,50.1113243103,13.4098052979
630,595.52947998,228.916671753,29.882932663,93.1294631958,8.3464846015
630,386.456787109,181.432434082,15.8075628281,47.6425476074,3.88868823647
630,494.755004883,196.602859497,32.5356636047,74.9320755005,2.41839196533
630,5.49496412277,215.004074097,17.4467124939,43.7522277832,2.34994422644
630,437.847045898,182.315917969,24.278421402,58.5575752258,1.00523764268
630,613.918884277,231.40007019,19.1824131012,57.2346000671,0.445487117395
630,473.590545654,87.1100845337,19.9160118103,52.8960151672,0.355912046507
630,481.750488281,46.9634399414,22.4862422943,64.6694869995,0.332977902144
630,474.576538086,187.330184937,26.4038105011,74.5081253052,0.308609218337
630,345.166381836,183.642745972,22.279001236,59.3294868469,0.137510627974
630,61.8897285461,130.151016235,19.8429679871,67.0190887451,0.0868255388923
630,75.7646484375,137.994247437,28.0551147461,93.0842285156,0.0273926212685
660,302.856719971,184.133163452,25.3562107086,53.8903694153,93.8068091869
660,598.648010254,168.198196411,32.0937843323,61.8025398254,32.2006732225
660,398.413238525,185.346984863,19.1047763824,48.534412384,4.48205955327
660,8.42956447601,173.014953613,21.0142765045,62.0594329834,2.46386993676
660,416.719085693,192.52204895,18.2722301483,48.6033172607,0.910810753703
660,457.622680664,76.5265960693,27.6599292755,68.6041564941,0.708177126944
660,538.120361328,233.260910034,32.8864936829,68.9644165039,0.546650122851
660,492.126464844,202.827758789,21.160326004,61.5016479492,0.295191886835
660,584.335266113,167.688720703,20.2948055267,57.4008026123,0.280657433905
660,446.189331055,69.7602539062,20.6161289215,53.6109580994,0.175835541449
660,549.745422363,95.2206039429,18.6253986359,66.3603820801,0.17481574323
660,531.693664551,130.238327026,21.7746372223,69.0374526978,0.0746873323806
690,228.440307617,183.042160034,32.1999092102,63.2810020447,98.9931285381
690,422.054290771,182.455795288,15.5345163345,49.9812889099,4.24604862928
690,432.100799561,184.473693848,16.2191810608,47.5656776428,4.04872074723
690,604.859008789,126.523376465,22.337059021,60.0403747559,1.65666565299
690,367.553314209,173.824996948,18.5592861176,51.7581062317,1.11432289705
690,441.766479492,189.612442017,17.1421966553,46.8045387268,0.644976180047
690,616.234924316,144.960067749,16.3835010529,48.4301719666,0.606534490362
690,597.810913086,236.593505859,23.0652999878,61.0885047913,0.497378595173
690,617.234069824,236.774108887,18.2949619293,54.5294761658,0.257004029118
690,461.939300537,108.323814392,21.1066741943,52.4935417175,0.21669648122
690,412.630157471,121.878692627,23.1682987213,55.4685249329,0.000941356938711
720,140.072158813,187.674926758,34.2970733643,72.2233352661,98.9257991314
720,440.814697266,188.734176636,18.5167865753,51.9695281982,71.3389337063
720,519.099304199,202.848251343,21.2336483002,48.0342445374,8.88153538108
720,616.581481934,35.6964492798,16.3929843903,54.7838783264,6.13971799612
720,410.957366943,188.746398926,17.5011463165,44.450252533,3.64284552634
720,429.343261719,184.523452759,16.1366958618,50.4719963074,3.1012063846
720,127.401947021,191.135848999,24.6847934723,69.6623077393,2.053424716
720,464.029754639,174.605575562,18.1558895111,63.360912323,1.79720614105
720,49.6651573181,194.116928101,17.9495868683,46.5898857117,0.665503880009
720,392.95715332,179.232116699,20.6528720856,49.7112731934,0.087498879293
720,423.471679688,30.1667308807,21.2272510529,58.1780128479,0.000264876757683
750,11.2614746094,181.014831543,35.8135871887,97.5845031738,99.7395098209
750,447.396697998,190.860717773,17.0439033508,42.7155609131,17.0703187585
750,473.588897705,200.195297241,20.1757125854,42.0821838379,8.54753404856
750,425.469451904,189.787643433,15.67162323,42.5780448914,3.79902161658
750,52.3290100098,180.398788452,21.9737186432,51.2472381592,2.59934552014
750,8.32282829285,190.141967773,16.4812831879,67.8076477051,0.806670077145
750,541.917663574,181.626602173,20.2060508728,48.5815315247,0.145711679943
750,488.411712646,178.833984375,17.2750835419,52.6614341736,0.11845366098
750,38.5338897705,182.119400024,16.1342563629,55.265460968,0.0452250562375
750,429.925567627,41.4713897705,18.5655765533,53.11876297,0.0427487131674
780,437.967895508,187.58164978,16.4022979736,49.0950126648,20.9630534053
780,568.058898926,182.942321777,19.5123348236,57.2275047302,13.2475033402
780,383.622039795,176.362792969,23.4712543488,61.791809082,6.41159936786
780,458.039886475,190.919998169,17.6205615997,45.9490776062,5.93158826232
780,577.429138184,182.380142212,25.2754268646,80.1490249634,3.33062522113
780,65.3444900513,181.692428589,20.479593277,45.5125923157,2.72739995271
780,132.585479736,175.202072144,17.6775188446,47.9579048157,1.39363668859
780,492.703369141,170.679763794,22.1128025055,63.3307609558,0.421889312565
780,400.785614014,181.013977051,18.1961593628,52.7213439941,0.109072704799
780,493.630401611,49.0384101868,19.8480186462,50.573299408,0.0877245445736
810,446.783935547,193.102615356,17.9167613983,47.5638618469,57.2602033615
810,42.5093650818,185.059036255,19.2775802612,44.9804878235,22.5921079516
810,396.521026611,189.541748047,21.4949245453,53.0489807129,18.9602702856
810,466.305908203,173.29447937,23.0578632355,64.66771698,11.0940471292
810,105.161987305,175.534912109,18.9375019073,51.3709754944,9.69143733382
810,8.98031711578,181.590133667,19.6996326447,45.7727661133,7.75754228234
810,456.318939209,189.153808594,20.75831604,50.0507011414,7.23417177796
810,609.573791504,174.666870117,20.8611030579,62.1437683105,7.07603245974
810,20.2443370819,175.238601685,20.1163368225,49.6570243835,6.70337975025
810,117.089317322,178.698242188,15.8924436569,49.8388328552,3.51442024112
810,514.060913086,175.545410156,21.103729248,57.3220405579,1.91055722535
810,53.6766815186,190.042770386,16.8514003754,42.3139915466,1.88897233456
810,64.1548843384,189.432510376,19.8892421722,40.6819267273,1.39295859262
810,31.2739315033,174.542541504,21.1140422821,49.3578643799,0.706415669993
810,530.381164551,179.554077148,20.0451869965,53.0777702332,0.0577146420255
810,39.3884277344,143.01902771,23.1521396637,61.6448326111,0.0429975771112
840,494.793823242,200.002746582,19.3166904449,48.8975944519,69.6211755276
840,477.720062256,185.820144653,18.8153762817,47.7402076721,57.4168205261
840,428.081756592,190.630020142,23.7820606232,59.1250343323,17.751930654
840,44.7414245605,188.657791138,19.4364433289,43.6396789551,5.59290312231
840,18.7354068756,188.56867981,18.8907985687,44.7590026855,3.84842008352
840,556.515197754,162.086868286,23.969461441,75.5702285767,2.44189165533
840,617.22857666,54.5828132629,16.1221008301,49.4067230225,2.38190349191
840,517.477844238,171.804138184,22.236032486,69.4291229248,1.06548750773
840,466.65145874,187.438720703,17.2277832031,48.4844474792,0.540497107431
840,508.392333984,195.109863281,17.9376773834,49.0941925049,0.395190995187
840,183.429260254,181.904785156,19.4138813019,43.8544654846,0.321019720286
840,445.289764404,183.369064331,17.8438549042,50.8854103088,0.159082689788
840,30.4815006256,187.406295776,18.2848739624,46.2671165466,0.122423004359
870,520.208312988,193.523071289,21.8458805084,54.313747406,94.5052862167
870,504.633026123,192.921157837,16.673532486,56.5526390076,89.4673526287
870,339.445373535,191.643249512,17.3423900604,45.4364356995,65.896987915
870,484.754730225,193.057495117,15.7300310135,43.2098846436,32.3268324137
870,25.9763088226,186.102294922,18.1253948212,40.6756095886,14.4429281354
870,462.802124023,184.792922974,20.8502597809,63.4770507812,8.62890928984
870,492.248779297,198.071960449,19.8360595703,51.6537818909,4.52800840139
870,147.769790649,168.200912476,18.2030887604,44.4355926514,2.38050129265
870,41.5049324036,184.096328735,15.8533983231,45.7007713318,1.43162943423
870,9.77477550507,187.564651489,18.1117534637,41.2329521179,0.646603247151
870,57.7591438293,184.201538086,17.3372745514,45.8485069275,0.356520130299
870,68.9884033203,185.23840332,14.0722131729,46.2023429871,0.132784247398
870,610.481628418,171.503540039,20.3849849701,61.9006538391,0.117027375381
870,508.505615234,131.033843994,21.8475208282,56.6187591553,0.0125233869767
900,575.229858398,187.715072632,23.7247009277,64.5753173828,96.3924825191
900,345.836303711,187.076782227,19.2192020416,50.6094055176,85.4764044285
900,560.685974121,189.603164673,18.7251224518,62.6030769348,81.4589262009
900,538.417785645,178.034744263,30.9167919159,105.827613831,16.650429368
900,461.184906006,219.71105957,21.8399143219,57.0422935486,9.88233685493
900,144.462646484,167.977615356,17.3484592438,45.2950782776,8.38719978929
900,53.4215507507,182.486129761,16.0948104858,46.445526123,6.38529509306
900,357.669433594,184.493652344,17.6815490723,55.5860900879,1.67986229062
900,608.253967285,75.8349990845,23.6140384674,51.9276885986,0.87368991226
900,591.577392578,192.345535278,16.8072624207,56.2200508118,0.485981954262
900,368.458709717,190.682327271,18.2279586792,49.0831184387,0.0260744593106
900,450.099975586,94.3767700195,22.6328754425,44.8845062256,0.0115021961392
930,367.657196045,181.258300781,28.1806049347,62.0317382812,99.2293298244
930,419.456634521,46.8592720032,21.7009944916,68.750617981,20.6291675568
930,12.6024217606,184.720321655,17.1219158173,47.3299827576,18.8141062856
930,156.005935669,181.965774536,21.1446399689,47.0490150452,11.1272849143
930,417.259185791,195.505691528,19.1595020294,56.5501098633,7.84728601575
930,535.851806641,223.763534546,32.5321540833,79.5531387329,7.57645890117
930,393.036407471,180.108093262,21.9311141968,66.9090499878,1.93366594613
930,600.330566406,237.774642944,32.5280570984,73.8725280762,1.40430890024
930,44.591293335,186.341064453,17.8736476898,34.3582191467,0.923485122621
930,617.166503906,33.1844215393,16.7891979218,48.3153266907,0.0943756429479
960,409.287078857,170.782424927,45.487361908,86.5863647461,90.7316088676
960,439.044921875,180.581008911,25.5941848755,78.4392776489,23.8151177764
960,415.031158447,167.645675659,21.4941558838,56.5583763123,11.0933825374
960,46.4651985168,195.138137817,28.468328476,49.5258979797,4.19910103083
960,149.233444214,162.922958374,17.1762752533,47.7398071289,3.31805795431
960,401.320068359,174.310714722,19.4757881165,54.43983078,2.26433817297
960,131.962738037,159.354476929,18.8792896271,50.4782409668,1.89497154206
960,506.965057373,73.20677948,19.8180522919,37.7057418823,1.64386015385
960,600.734436035,72.8124313354,26.3421497345,69.570602417,0.906491000205
960,161.423950195,161.990737915,17.6873111725,46.7483825684,0.715128658339
960,615.811645508,94.4705810547,18.5076293945,52.0727653503,0.358667620458
960,94.2027282715,183.591842651,21.8729038239,60.0529441833,0.258808885701
960,8.09070301056,191.863021851,13.79383564,41.1295661926,0.228371354751
960,428.210418701,160.252120972,20.8617343903,54.1207695007,0.128167809453
990,472.125762939,156.049087524,46.3022956848,133.851028442,85.2961242199
990,392.324951172,178.045700073,24.8774642944,37.2601699829,68.993550539
990,483.593994141,154.524597168,20.1756782532,56.7510681152,21.9390675426
990,502.053619385,202.462051392,25.8441085815,81.9609298706,19.2316740751
990,32.4612617493,167.799316406,24.2095775604,58.8497009277,7.43971839547
990,154.498352051,178.01763916,18.4719562531,39.8812141418,5.59370145202
990,470.642547607,154.368911743,21.6807308197,72.6382217407,3.97847443819
990,486.773895264,216.809432983,23.8218402863,68.3578109741,2.48605310917
990,500.825836182,157.091934204,18.8060398102,50.998626709,2.02264301479
990,610.360534668,112.26159668,16.5750331879,45.3272705078,0.660533551127
990,124.785186768,165.076583862,18.8508777618,50.3290367126,0.168076669797
990,49.7578887939,160.943862915,26.3012561798,59.9218444824,0.163389754016
990,537.631958008,189.867507935,33.9735336304,82.3792648315,0.00760597467888
1020,614.825866699,184.252563477,18.1890659332,47.876083374,65.5142426491
1020,551.102966309,127.585426331,21.9318084717,90.0978088379,49.7687220573
1020,113.884391785,158.376602173,23.9401912689,59.8140907288,49.7535020113
1020,89.4859085083,160.213180542,18.3649272919,55.1185874939,5.1177021116
1020,560.555480957,158.956588745,23.2822971344,57.8051605225,2.67259199172
1020,587.356567383,146.016998291,18.0819263458,58.5817260742,2.22465042025
1020,606.325378418,80.0750350952,25.8411464691,61.3475990295,1.95038039237
1020,101.4010849,168.767349243,17.1153469086,46.4145545959,1.58601216972
1020,562.324890137,41.3313064575,20.6554012299,47.4299888611,0.364680634812
1020,519.578491211,139.083328247,24.0578460693,65.1455383301,0.122440536506
1020,129.334457397,154.686141968,19.6509380341,52.4445495605,0.0672480091453
1020,542.073608398,125.366661072,20.2115745544,54.8455085754,0.0621875689831
1050,617.180480957,182.833938599,18.7286434174,47.1423950195,79.9647152424
1050,281.670684814,176.681289673,24.8595733643,46.3779144287,39.8630470037
1050,558.102600098,144.979904175,19.3831768036,50.2817230225,18.8143342733
1050,526.721984863,167.202362061,18.3642864227,55.9692573547,7.41887316108
1050,520.31439209,124.080482483,20.4457645416,58.9671363831,2.08030156791
1050,524.613586426,32.4494247437,19.2459449768,56.5913124084,0.885384250432
1050,269.019348145,327.213592529,22.1930923462,57.0518798828,0.860458239913
1050,601.940368652,181.398620605,21.1599998474,49.0234069824,0.311500625685
1050,517.768432617,153.225097656,19.9520549774,57.8995246887,0.0643087434582
1050,499.859466553,34.7970848083,28.8583507538,71.4723739624,0.0396614690544
1050,530.355895996,139.094009399,18.972568512,55.6092414856,0.0272498262348
1080,173.36076355,177.771072388,25.1033916473,45.6743202209,97.1785128117
1080,484.991455078,166.898712158,17.7576217651,58.7055473328,69.2286133766
1080,522.417541504,71.6514663696,19.9114303589,55.675868988,32.3785632849
1080,364.455230713,142.310256958,20.941701889,59.5340538025,28.5676538944
1080,521.02911377,134.665328979,19.4119472504,55.1411895752,16.0372063518
1080,312.03012085,154.01625061,24.5275192261,67.0953292847,11.6808496416
1080,465.503540039,137.670959473,27.6572055817,78.4372024536,4.68060523272
1080,479.549194336,109.611717224,20.0886497498,62.0190429688,2.45200246572
1080,494.680145264,164.717071533,23.6003875732,59.348903656,0.92260055244
1080,421.343048096,130.563156128,30.2594127655,79.7614746094,0.0172776373802
1110,140.10697937,167.628417969,21.7850627899,50.9379577637,95.4254209995
1110,389.408569336,130.896316528,20.0433750153,50.4232368469,44.8125183582
1110,566.148742676,119.894081116,18.0980854034,47.0044593811,41.4502233267
1110,503.068481445,112.939994812,22.1554336548,88.3396224976,16.8253168464
1110,514.775512695,117.539451599,26.8488826752,87.9047775269,6.62717595696
1110,445.485351562,148.108413696,22.3045654297,56.7222328186,6.44920766354
1110,529.451416016,102.180389404,20.5899047852,59.4304161072,2.78123002499
1110,127.475944519,167.292312622,21.4334087372,53.8938751221,0.974638946354
1110,529.627746582,157.352005005,22.1973514557,55.2513580322,0.796865858138
1110,253.367019653,162.779891968,18.6593322754,44.6978416443,0.188345648348
1110,577.858337402,115.31174469,17.602722168,53.8607330322,0.168236671016
1110,460.613647461,152.690795898,20.9677867889,53.010509491,0.124604371376
1110,455.743286133,115.647247314,19.0796451569,65.5136642456,0.00569266157981
1140,145.365615845,165.980239868,24.5249576569,54.1881370544,97.2982227802
1140,584.546813965,94.6421737671,27.7013225555,105.152435303,45.6979691982
1140,611.407409668,139.529052734,22.3372116089,62.609752655,21.8983352184
1140,465.996368408,114.508300781,20.5747852325,59.1072845459,16.3163468242
1140,528.227600098,150.162460327,18.4025287628,52.9936180115,9.04894396663
1140,611.400817871,116.936210632,18.8171672821,48.1426429749,2.30899751186
1140,599.684631348,107.136741638,20.3194847107,59.131275177,1.63110792637
1140,539.225158691,149.549819946,19.4557437897,51.8486938477,1.31826521829
1140,161.204147339,169.075180054,19.3764514923,52.3655662537,1.24654779211
1140,553.305725098,152.372634888,18.8776130676,48.3514709473,0.448100594804
1140,314.291473389,154.829711914,20.249294281,45.1709289551,0.281217205338
1140,530.947692871,106.15411377,28.6661224365,78.1880722046,0.138611311559
1140,596.679016113,154.32383728,18.849565506,56.7447967529,0.0766753044445
1170,106.676094055,173.234268188,30.1904430389,54.0274772644,97.5888550282
1170,510.025054932,115.843254089,23.408744812,52.4774589539,24.4898155332
1170,603.826843262,97.3585205078,23.0965194702,68.7994918823,5.54366111755
1170,469.647949219,122.172119141,18.9217529297,53.1561889648,0.784370116889
1170,587.028381348,98.4439697266,27.4693069458,71.1787490845,0.463222153485
1170,123.293479919,170.906967163,29.6270084381,54.941028595,0.325816380791
1200,16.4760360718,184.734817505,30.492395401,56.1685447693,99.1324841976
1200,514.963989258,128.227249146,24.1329212189,47.2910118103,59.1878354549
1200,593.789001465,116.011543274,26.7505970001,108.775657654,19.4312214851
1200,612.383605957,179.953109741,16.1653614044,47.5004425049,3.00882961601
1200,586.135864258,161.326675415,21.9245967865,60.8340339661,2.88675520569
1200,605.390136719,105.744773865,27.586977005,69.0059585571,0.542510347441
1200,582.188049316,114.188972473,19.4302692413,68.335395813,0.411486905068
1200,573.85144043,144.611419678,19.8603305817,53.7961997986,0.134327122942
1200,473.539916992,133.60194397,18.8572311401,54.7672920227,0.0953137059696
1230,582.189880371,168.410812378,19.3190917969,62.768245697,60.8876943588
1230,581.466674805,121.059791565,41.281627655,107.265014648,45.8085030317
1230,507.478302002,132.364089966,19.7932796478,49.9525184631,38.5393023491
1230,444.480072021,116.993782043,21.6535587311,60.655292511,11.1721992493
1230,605.151000977,104.765296936,28.6845722198,90.7426986694,4.75340560079
1230,615.677307129,180.995300293,18.4205493927,47.5839958191,3.50238829851
1230,582.021606445,110.697166443,22.7004833221,67.6923980713,3.20528522134
1230,463.668670654,141.583908081,18.7326850891,53.3638954163,1.39169124886
1230,616.551940918,151.000823975,18.6640529633,51.6360015869,0.69939987734
1230,623.069274902,103.039756775,16.8991680145,62.876789093,0.514254486188
1230,568.392028809,150.705841064,20.1273670197,51.1828422546,0.314306165092
1260,535.076599121,168.091690063,21.7761631012,66.9717712402,44.0752178431
1260,459.546508789,123.041053772,19.6548633575,55.3421516418,35.564738512
1260,546.183776855,133.49621582,26.6035385132,99.1033401489,10.1906351745
1260,583.876953125,172.056884766,20.8153305054,57.5019264221,6.23650550842
1260,392.272369385,119.309745789,17.8241691589,59.4997901917,5.41407540441
1260,535.066101074,106.731651306,25.7848911285,67.4702301025,4.65110577643
1260,409.809814453,132.848617554,17.7393398285,49.0240631104,2.92371343821
1260,561.852600098,101.973876953,30.7983016968,100.651123047,1.1536443606
1260,572.816589355,157.416870117,20.6622009277,63.1341438293,0.729752704501
1260,520.686706543,164.164657593,20.7135257721,55.5248680115,0.552957132459
1260,562.849304199,175.572128296,18.2226352692,50.6570701599,0.53801080212
1260,413.57119751,153.08442688,20.6263313293,48.1571922302,0.379042024724
1260,550.755737305,106.175376892,21.5442638397,68.9519958496,0.193397130352
1290,550.674194336,159.251235962,22.286359787,72.6349716187,79.5588493347
1290,335.765289307,117.068786621,24.8796787262,66.1543807983,56.1974525452
1290,438.638427734,113.858009338,28.8977947235,117.120002747,24.0263909101
1290,418.240570068,98.8635253906,29.7179889679,129.189987183,15.9773498774
1290,500.573028564,161.959274292,22.7941589355,66.5072402954,6.88060894608
1290,268.917724609,116.34236908,17.3451709747,56.9900016785,3.82946282625
1290,547.935119629,100.41809082,33.6756973267,103.672523499,3.11661269516
1290,287.41418457,130.240524292,18.8103370667,51.2768745422,2.8030699119
1290,524.145263672,159.965011597,19.72955513,73.3452606201,2.77038682252
1290,468.893341064,164.626968384,17.9337882996,53.698551178,2.56338752806
1290,582.815734863,134.507141113,19.0566501617,57.5556373596,1.04007655755
1290,534.597106934,169.804977417,20.7312831879,63.2245903015,1.02940360084
1290,457.023834229,175.022750854,20.0611610413,56.6006889343,0.921940430999
1290,135.120880127,173.788208008,17.9401435852,50.9720497131,0.651167472824
1290,544.856384277,97.9294052124,19.3817272186,58.5913658142,0.525314966217
1290,568.297424316,180.137023926,21.0386314392,55.1905632019,0.519835809246
1290,529.679382324,105.252624512,21.2130451202,62.507598877,0.365391769446
1290,390.472747803,112.974510193,23.2289867401,60.7265625,0.354304234497
1290,416.166992188,166.9322052,20.4321537018,58.3438453674,0.280720042065
1290,291.613922119,106.334106445,18.7191486359,51.3528747559,0.277401250787
1290,502.25088501,97.2424545288,23.3964614868,74.1430587769,0.226388964802
1290,8.97308540344,153.171035767,16.4908332825,49.9823303223,0.224408577196
1290,589.972412109,191.550949097,22.8589706421,48.9189414978,0.177106610499
1290,275.452575684,140.567611694,20.0822811127,54.8077278137,0.161562534049
1290,429.674102783,167.456787109,20.4338665009,62.7714538574,0.127240503207
1290,514.005554199,106.920341492,29.0585002899,87.6260986328,0.125354970805
1290,454.374664307,96.6123657227,21.4154911041,70.0400161743,0.0962171587162
1290,597.218505859,35.4031105042,24.9411621094,74.0174789429,0.0755712389946
1290,289.742126465,142.680435181,31.3649921417,65.5677108765,0.0561946653761
1290,536.058410645,126.674003601,22.7132968903,63.5646820068,0.0477026798762
1290,478.056152344,102.96988678,19.8975734711,50.9687805176,0.0359706144081
1290,488.658477783,105.726989746,21.4747562408,54.8132324219,0.0225210751523
1290,605.10748291,99.8813171387,26.2057704926,78.8832168579,0.011984174489
1290,566.600280762,124.274452209,19.1612377167,67.4359207153,0.0042708881665
1320,296.565551758,156.824584961,22.510017395,69.8412704468,69.7698533535
1320,211.505020142,111.737915039,20.5196723938,54.4522438049,66.6025459766
1320,428.471954346,150.086486816,26.4475421906,79.5088272095,52.995288372
1320,302.625213623,120.087623596,36.0249481201,108.476753235,35.8738124371
1320,464.48739624,132.360717773,20.318359375,55.4367980957,13.5941714048
1320,528.207092285,97.9085769653,26.7817554474,69.745552063,11.5663774312
1320,429.002532959,101.556175232,33.6817741394,88.733795166,8.39874222875
1320,158.429580688,122.749427795,18.8864612579,50.563533783,5.95638751984
1320,287.173858643,100.214958191,33.8303909302,103.826637268,5.8866802603
1320,396.742523193,163.259140015,24.7028675079,68.3948898315,4.22028675675
1320,128.775085449,102.061912537,19.7115268707,68.9997024536,3.89807224274
1320,601.727416992,52.6913642883,26.8560333252,61.885055542,3.21641638875
1320,623.51550293,58.9378051758,16.4844970703,61.9152069092,2.82408446074
1320,380.893829346,153.098220825,21.6163635254,71.7978744507,2.3012181744
1320,455.08102417,150.140335083,26.6660327911,76.9358901978,2.08736043423
1320,410.359954834,148.826004028,27.3823261261,82.5604171753,2.05485578626
1320,608.151672363,80.9536743164,26.1046772003,62.7651977539,1.75981316715
1320,6.01598119736,169.95161438,17.2941761017,50.8139152527,1.74387190491
1320,389.212005615,86.4913024902,27.5094585419,65.9927139282,1.60316899419
1320,333.140350342,171.351486206,20.0121383667,55.1444396973,1.25312302262
1320,330.072052002,108.128120422,27.969575882,100.009925842,0.768947182223
1320,148.4947052,137.395889282,20.1130504608,50.3545227051,0.619048485532
1320,420.790161133,106.192100525,22.6919727325,64.8607254028,0.59283580631
1320,168.452224731,117.432411194,18.8331699371,50.6992454529,0.492278393358
1320,196.513442993,108.95500946,21.8469905853,60.3328208923,0.414406321943
1320,576.143737793,94.7528686523,26.7074680328,64.9898834229,0.386197771877
1320,281.266326904,160.949035645,20.6058883667,59.1497306824,0.202531507239
1320,162.20980835,136.40322876,29.997297287,60.052822113,0.17222110182
1320,407.396514893,96.7834472656,21.0626106262,55.924861908,0.169424433261
1320,446.753631592,99.5862808228,23.0974369049,63.8481330872,0.118598272093
1320,323.398651123,179.823501587,18.3902587891,50.0893821716,0.11646989733
1320,162.352828979,95.8591690063,19.6151027679,49.1819763184,0.110487558413
1320,461.443359375,103.023872375,20.224149704,57.5752601624,0.0570370466448
1320,541.69708252,130.655899048,20.2599048615,57.7588157654,0.0555143051315
1320,441.867340088,176.505630493,24.5123081207,53.9100608826,0.0532633741386
1320,250.59614563,108.242332458,27.3006038666,65.0643081665,0.0445406651124
1350,114.62487793,119.706382751,17.9218559265,49.215045929,66.2310004234
1350,288.833648682,90.858833313,28.3508625031,55.4433403015,4.34749573469
1350,58.1574821472,139.120941162,19.4212532043,51.9557533264,3.86557877064
1350,338.346374512,89.9817733765,19.8860416412,53.3599739075,1.25623904169
1350,515.685913086,78.1724090576,20.1672935486,59.847076416,0.907838530838
1350,516.048156738,36.0291519165,18.7280826569,59.3518409729,0.692811561748
1350,100.492652893,113.736473083,23.3565750122,63.6624298096,0.584155414253
1350,481.076507568,167.968551636,27.45246315,73.9582824707,0.450155790895
1350,238.831741333,94.0584793091,18.1830692291,45.3700904846,0.412409938872
1350,66.9610519409,138.786392212,29.5013790131,60.3988800049,0.213617947884
1380,45.6138038635,118.88344574,18.1065196991,50.7765617371,65.6012415886
1380,135.227661133,159.417648315,32.2603912354,74.7275619507,50.9858012199
1380,126.888908386,162.153244019,21.5728130341,56.7486610413,31.5129935741
1380,271.050750732,158.989151001,25.7596035004,79.6112289429,29.4756740332
1380,374.739990234,97.7750930786,27.5952148438,68.1800765991,16.8574661016
1380,604.217285156,173.525680542,20.6695995331,49.8641624451,16.0859823227
1380,157.155105591,132.862716675,29.0437469482,98.4534912109,6.57277479768
1380,309.795013428,183.985519409,21.4511260986,54.1808891296,6.2801219523
1380,243.858932495,175.519042969,23.4811496735,62.3383331299,4.57112081349
1380,177.618331909,153.724914551,26.3227558136,73.048576355,3.97680476308
1380,556.951538086,102.442871094,26.3555850983,72.0955810547,3.09698935598
1380,265.126495361,189.408004761,17.0100955963,52.1535301208,2.43245940655
1380,33.3327980042,112.051582336,16.9076442719,58.8038368225,2.13688928634
1380,286.096191406,158.502990723,29.3229045868,85.419708252,2.12297495455
1380,123.00982666,100.395294189,28.6897201538,74.2289199829,1.71893369406
1380,117.800987244,171.482543945,20.9066467285,64.4469833374,1.64260864258
1380,164.792480469,107.87247467,23.5642166138,68.1514511108,0.975208822638
1380,235.904129028,86.4264297485,21.3110961914,53.9477806091,0.692411931232
1380,188.254348755,179.593948364,28.9490413666,56.3232536316,0.338813965209
1380,573.055297852,97.770072937,20.0198612213,49.202205658,0.31984357629
1380,328.659942627,29.696138382,21.2615413666,61.7123565674,0.29801314231
1380,392.529388428,113.171913147,19.4932670593,59.8530273438,0.264380825683
1380,233.575790405,168.884460449,21.4158935547,55.6145782471,0.205791299231
1380,156.895904541,183.948318481,18.448923111,52.8510169983,0.17417089548
1380,266.469818115,103.542518616,29.4705963135,69.2605895996,0.146557867993
1380,294.020385742,97.3647079468,23.0600757599,74.1735458374,0.142881565262
1380,324.084686279,167.283187866,18.0154476166,45.7036094666,0.110762240365
1380,220.295227051,165.170730591,19.8859558105,59.8643035889,0.0724813377019
1380,217.474960327,96.9964828491,25.9512481689,81.9691238403,0.0552757934202
1380,333.800598145,153.437561035,19.6623001099,49.2391853333,0.0434941670392
1380,178.283615112,93.5411758423,20.1022071838,51.2346382141,0.0140663149068
1380,451.387084961,29.7580890656,20.3363246918,57.2210960388,0.011604874453
1380,5.28682136536,29.1003437042,18.185049057,47.3675575256,0.00344140134985
1380,309.418487549,28.5511398315,31.4805450439,67.3085098267,0.000785209249443
1410,93.5303726196,151.855148315,36.319393158,87.9076843262,79.462480545
1410,8.79573535919,117.62361908,18.3607673645,53.7364959717,75.5825161934
1410,233.348800659,157.886032104,22.5026855469,76.6853485107,74.7131586075
1410,113.743865967,162.236465454,21.4824810028,60.4512825012,35.3847771883
1410,266.807159424,133.681884766,22.403470993,58.4818916321,29.5977801085
1410,602.792297363,165.939331055,21.6469135284,68.5171737671,21.0879966617
1410,131.889816284,166.435531616,19.8354701996,60.0199623108,18.8713267446
1410,333.663787842,98.3001098633,29.1752986908,63.2067756653,14.598505199
1410,572.993774414,177.604049683,19.8561878204,53.043674469,11.5379594266
1410,142.901855469,165.789764404,21.2078056335,62.0762290955,9.99878793955
1410,237.756225586,116.762145996,47.4009742737,120.666717529,9.49139744043
1410,249.327896118,99.0943374634,25.7299804688,86.7334518433,8.83675143123
1410,531.304138184,100.182060242,22.2662677765,51.8679161072,7.5756303966
1410,615.783996582,168.335083008,18.1392173767,54.0017127991,5.02460189164
1410,84.3706283569,165.125640869,21.6337528229,67.2678451538,4.93284352124
1410,89.4537963867,101.380744934,21.023809433,62.8081245422,4.5389931649
1410,266.428100586,176.870925903,23.5858287811,62.7977256775,3.64269018173
1410,223.757003784,186.3697052,18.2655258179,50.093662262,1.94570012391
1410,202.136428833,185.836990356,25.201253891,56.70129776,1.88658479601
1410,520.534240723,104.054466248,20.1432628632,50.3371734619,1.36178433895
1410,78.2207717896,141.427337646,20.5725288391,58.2904396057,0.87090684101
1410,617.02722168,145.714141846,19.1960201263,47.636089325,0.82582635805
1410,75.3119430542,178.847595215,19.3277378082,57.4047050476,0.278615462594
1410,279.084381104,151.899673462,19.4288578033,47.8685150146,0.250447983854
1410,292.17880249,152.351852417,17.6968021393,46.8242340088,0.236581964418
1410,93.4284896851,128.260253906,23.3044433594,64.202507019,0.196208944544
1410,353.841400146,101.893074036,20.2007331848,64.5603790283,0.139172188938
1410,253.472061157,177.046859741,19.6618156433,56.5675468445,0.135150877759
1410,264.992614746,95.9864196777,19.6106090546,55.5131835938,0.059781037271
1410,584.241516113,181.384094238,18.6117687225,51.4010314941,0.0381500896765
1410,285.353149414,178.091491699,19.7019138336,45.7283935547,0.0375324947527
1410,270.594329834,31.2560195923,23.7554416656,59.7361183167,2.89334405323e-06
1440,200.180252075,152.634811401,26.086233139,87.0022583008,88.3872687817
1440,63.4056968689,159.641189575,41.1433448792,78.8130264282,46.9134092331
1440,56.4033546448,171.566757202,21.7230052948,69.6145935059,22.4343195558
1440,301.8565979,102.334251404,26.1399555206,60.6794281006,20.714110136
1440,224.848190308,129.253448486,30.4291362762,100.462135315,16.9431582093
1440,569.522399902,137.263656616,34.1492462158,104.009880066,16.3764864206
1440,102.993232727,166.023361206,23.6606769562,69.1411514282,10.2350749075
1440,501.268585205,102.702972412,19.3612995148,53.4492149353,5.28840124607
1440,617.310852051,109.460823059,17.8561840057,49.9754486084,4.664606601
1440,193.536499023,189.103775024,19.8125514984,53.2643318176,3.22231166065
1440,59.0553398132,98.6214981079,23.3162250519,62.9053459167,2.76258643717
1440,220.88343811,98.7552490234,22.8160648346,83.5303878784,2.46902760118
1440,46.8363304138,152.736984253,19.8088150024,60.5114326477,2.23235096782
1440,388.560821533,57.9490242004,18.5922355652,55.8087730408,1.94282848388
1440,94.2743301392,180.961196899,19.3985481262,55.6021308899,1.73774026334
1440,241.311035156,140.97026062,19.4484806061,51.9815673828,1.72028485686
1440,146.817611694,104.861206055,20.6423568726,56.786239624,1.65605451912
1440,25.6008853912,120.4973526,19.4034194946,51.1143989563,1.42348455265
1440,236.392333984,180.152175903,20.5489997864,62.0271148682,1.37759605423
1440,170.86378479,174.336959839,24.0217952728,67.6576156616,1.21349655092
1440,222.104187012,181.289382935,19.2337627411,58.0187492371,0.973403081298
1440,215.288650513,154.62588501,20.4792118073,66.6393814087,0.758564192802
1440,181.722213745,120.46030426,21.0012702942,66.0358963013,0.754134822637
1440,183.742843628,152.785461426,21.8472728729,75.8172683716,0.673490390182
1440,588.729003906,150.338699341,20.2457351685,54.8291931152,0.448622461408
1440,616.486999512,130.575927734,23.5130004883,64.5012207031,0.395695166662
1440,41.8959503174,185.342849731,21.5682888031,56.574382782,0.368888559751
1440,89.4971313477,128.176986694,25.7987766266,80.1875152588,0.345081347041
1440,514.447692871,107.404975891,17.9798221588,47.2797279358,0.307007180527
1440,65.8116912842,146.456802368,21.4692783356,59.8405723572,0.252463831566
1440,547.42388916,164.906661987,24.9834346771,71.1386032104,0.188100466039
1440,260.047149658,153.929077148,18.4221000671,46.4852180481,0.181241717655
1440,11.96986866,102.492515564,25.2530612946,67.1669158936,0.122612598352
1440,194.09815979,118.788543701,22.6876468658,60.1949501038,0.0895490229595
1440,254.639816284,133.462615967,18.0182266235,46.7942047119,0.0487859128043
1440,263.806976318,175.526107788,20.334186554,49.5052757263,0.0311424868414
1440,130.214599609,94.0140457153,20.191400528,55.9202880859,0.0229776342167
1440,204.338088989,98.4411392212,23.9493618011,75.5939254761,0.00984539728961
1440,104.01146698,93.0327987671,21.2581501007,51.9881896973,0.00170220791915
1470,570.064941406,214.450149536,48.4852790833,149.276275635,81.9223940372
1470,97.2157669067,157.482894897,20.3037700653,74.2474212646,44.2841678858
1470,403.900512695,101.206230164,20.8093776703,52.9282035828,20.7184240222
1470,474.243652344,141.317733765,28.303686142,96.1984329224,18.9970269799
1470,132.323074341,128.973007202,23.7263660431,62.0190925598,16.9137731194
1470,66.2924423218,179.520584106,22.4041690826,64.2795181274,15.8710449934
1470,589.476928711,145.09942627,50.5230712891,147.688156128,14.9536877871
1470,9.20651054382,164.126785278,17.8386631012,57.5855827332,7.05070570111
1470,198.963302612,89.2515487671,28.577583313,74.8933334351,5.92770986259
1470,285.554290771,77.5970535278,20.9125843048,56.9779472351,2.66075525433
1470,579.903320312,223.702835083,26.148645401,80.9395980835,1.98113117367
1470,85.2181777954,189.058944702,19.0659503937,47.6331138611,1.6212599352
1470,101.350715637,109.596351624,39.6503562927,120.458953857,1.02871889248
1470,56.822265625,83.3839416504,28.0842571259,87.7733535767,0.882510654628
1470,418.819732666,100.76776123,18.056810379,47.5384483337,0.739581184462
1470,13.8848266602,178.37689209,27.1987705231,59.4748420715,0.720330886543
1470,290.221710205,48.684967041,20.2476215363,55.4424095154,0.712940376252
1470,128.244552612,161.4087677,27.8208141327,79.2981491089,0.592748727649
1470,49.9746208191,177.554946899,23.2528686523,65.1856155396,0.442476058379
1470,487.1043396,136.933242798,20.744392395,60.3828163147,0.330857816152
1470,107.879096985,157.199783325,17.6212558746,57.6619911194,0.321409199387
1470,567.10534668,173.102890015,27.7831439972,99.5546340942,0.271405791864
1470,497.488677979,152.579238892,20.4165897369,51.8387908936,0.208877190016
1470,121.04233551,112.339202881,20.5487575531,68.2270355225,0.175461196341
1470,153.881591797,152.354614258,18.5618190765,46.6986503601,0.106453464832
1470,71.2317428589,102.175598145,29.1231822968,92.1381149292,0.101894792169
1470,30.9861068726,174.924057007,17.7747592926,49.7855262756,0.0720402458683
1470,93.5690078735,114.769958496,22.8699626923,61.5277557373,0.0622660736553
1470,134.669204712,15.9348678589,22.7112636566,63.1069297791,0.0611064489931
1470,155.343612671,28.4577350616,20.7477283478,57.6948814392,0.0428878207458
1470,593.907470703,232.914657593,23.7382297516,80.3463439941,0.041992860497
1470,152.893997192,177.729507446,19.7874927521,46.5085906982,0.0308351009153
1470,107.814659119,127.16330719,21.3457202911,54.562915802,0.0157382528414
1500,252.136962891,124.187561035,91.1332397461,255.813964844,99.4665801525
1500,352.219024658,131.110076904,75.9169845581,228.542663574,98.3267724514
1500,246.061904907,223.199874878,54.1905059814,141.631546021,18.7643140554
1500,249.319900513,189.436691284,23.0276622772,76.0620498657,5.11310994625
1500,204.014663696,102.595878601,23.3498840332,55.7655448914,4.04198095202
1500,366.199493408,209.713745117,45.1430778503,104.302192688,3.6678288132
1500,74.1171264648,84.9731369019,18.6462802887,53.4323234558,3.62915992737
1500,296.946136475,224.608566284,37.2616233826,148.895309448,3.38571704924
1500,74.3172683716,53.7157020569,19.2463989258,54.8936042786,3.04854717106
1500,186.212661743,92.4705200195,28.6530094147,72.1173629761,2.34127026051
1500,255.367858887,146.253814697,42.0835647583,145.305282593,2.02378463
1500,291.407012939,135.157730103,47.2949829102,121.341453552,1.90607216209
1500,373.985076904,124.000984192,35.3960990906,82.4603271484,1.48694235831
1500,618.24017334,139.349151611,18.0530834198,47.5250701904,0.604816852137
1500,340.988342285,150.008666992,48.0294342041,141.249389648,0.599245447665
1500,353.777435303,259.743286133,36.4021110535,83.2663345337,0.431420467794
1500,73.4250259399,117.634727478,19.4357089996,52.3881492615,0.371095677838
1500,393.532623291,139.196395874,45.2934417725,122.282142639,0.276620383374
1500,321.368103027,180.924072266,30.5720596313,80.5797424316,0.182557012886
1500,548.43536377,155.590805054,20.2507667542,44.9542388916,0.0821957713924
1500,321.440979004,66.815574646,30.9445018768,82.3492889404,0.0354710122338
1500,593.353881836,139.515213013,21.1574020386,51.7736854553,0.0341028498951
1500,77.5011520386,25.4854183197,20.4865970612,53.6969108582,0.0292270851787
1500,263.817352295,114.583885193,49.4778900146,94.8731002808,0.0233348124311
1500,605.457824707,130.02230835,20.6448726654,49.6396636963,0.0118452197057
1530,466.2081604,180.770217896,25.3306789398,67.8003692627,36.5957260132
1530,42.310333252,179.775802612,24.8403453827,72.4468460083,5.25346770883
1530,490.122955322,182.827590942,18.3995342255,55.0289001465,2.41697356105
1530,23.9230728149,179.016769409,25.4266719818,56.5296783447,1.70324780047
1530,536.578796387,165.814987183,17.8503170013,56.3985710144,1.54954809695
1530,291.928161621,125.695465088,19.7539958954,48.9595489502,1.16850389168
1530,511.912261963,175.098876953,23.6388168335,63.2547416687,1.00118592381
1530,377.044586182,94.4262924194,28.6231212616,60.2420158386,0.646638683975
1530,472.570037842,148.956100464,25.4070568085,68.2270584106,0.435724575073
1530,309.655151367,120.013206482,27.1152324677,76.3306350708,0.350236776285
1530,525.230895996,190.852798462,18.4424972534,52.0439872742,0.286024413072
1530,226.543991089,69.632270813,21.5559692383,46.7465629578,0.0742741220165
1530,166.465789795,167.734207153,23.8591079712,60.6806945801,0.0580697786063
1560,438.129760742,194.780273438,36.4975318909,95.5721435547,82.0817530155
1560,136.759841919,184.443161011,18.591960907,57.2867088318,4.1125766933
1560,164.084899902,172.724365234,27.5518398285,76.889503479,3.08275874704
1560,193.50239563,191.072616577,20.0599269867,56.2389030457,1.39928516001
1560,152.734222412,181.583969116,23.9271240234,64.3846969604,0.289437710308
1560,128.28855896,144.010818481,25.3611888885,80.2665786743,0.136228615884
1590,113.61391449,193.729125977,44.2638893127,115.462135315,85.8518302441
1590,116.054359436,270.658233643,19.7837162018,51.6231842041,9.29447263479
1590,118.335777283,188.565383911,21.7340545654,63.122089386,3.75014059246
1590,363.667755127,138.39289856,20.9650192261,58.1972084045,0.0247036485234
1590,213.644470215,136.838180542,25.3817367554,70.5272140503,0.00246460676863
1620,519.242126465,192.359863281,32.7502555847,88.5362625122,2.80904211104
1620,554.06237793,39.3284873962,25.1182022095,82.27709198,1.85100678355
1620,134.231948853,133.504089355,23.1876754761,64.1473922729,0.156623020303
1650,448.863739014,185.518188477,37.1417007446,105.019500732,48.9286363125
1650,612.306030273,275.717651367,21.9184932709,73.4103546143,6.65421038866
1650,191.403182983,190.351516724,18.4569034576,47.7759437561,3.92559282482
1650,468.689331055,41.2131462097,21.7569828033,64.6425094604,2.26287022233
1650,434.657226562,188.831359863,30.3939208984,84.7586517334,1.01294834167
1650,509.882904053,211.439865112,22.1918563843,59.9340629578,0.0360963371349
1650,520.036560059,201.316650391,27.2732448578,66.1888198853,0.011453267507
1650,478.951690674,36.4970397949,31.0069637299,70.5112533569,4.3665869498e-05
1650,453.973052979,22.4677371979,23.8270435333,61.1992912292,1.88753670471e-06
1680,604.975769043,231.289596558,30.2992725372,101.214454651,9.8385989666
1680,341.161865234,105.384521484,23.6550312042,105.715423584,6.23425580561
1680,125.160835266,189.062332153,19.7742729187,55.9674568176,4.96964342892
1680,184.974349976,181.259033203,21.6094512939,48.6180458069,3.5601131618
1680,6.26251411438,198.880447388,20.8899402618,57.4050865173,1.49970566854
1680,567.417358398,224.66758728,22.5425643921,46.30418396,1.27058234066
1680,511.511322021,213.776428223,29.8974533081,96.1953430176,0.911988504231
1680,523.36529541,180.811294556,36.3672637939,101.856254578,0.89255888015
1680,70.4127578735,204.067550659,29.9289951324,52.5394706726,0.440242700279
1680,446.539886475,29.0150089264,23.8462238312,75.605682373,0.12928993674
1680,546.935302734,205.11328125,58.1298332214,130.401733398,0.0365209940355
1680,104.679710388,45.2950286865,19.8085803986,66.486076355,0.02664392523
1680,429.146270752,31.9450683594,23.0836772919,61.8750724792,0.00627791887382
1710,535.51385498,190.348327637,18.8858013153,49.0365715027,37.4803990126
1710,336.279937744,97.6761779785,30.2555007935,121.250854492,28.1208872795
1710,612.086791992,169.24067688,20.9557762146,49.7889862061,8.2464709878
1710,481.081634521,184.495285034,19.1112575531,53.9281349182,4.63653095067
1710,171.760513306,178.173461914,15.8016729355,44.8694152832,1.00003769621
1710,88.3691329956,196.862121582,20.7439556122,52.5963249207,0.856532901525
1710,17.3673496246,216.627853394,22.4075546265,53.9213294983,0.619263807312
1710,34.8328018188,210.038375854,19.6031856537,50.3254051208,0.330108124763
1710,524.321716309,185.936141968,14.8341255188,43.9792785645,0.160834088456
1710,53.0888023376,200.629776001,18.6511764526,51.9895477295,0.0730141066015
1740,17.0711688995,216.38432312,22.597442627,53.628036499,61.6142809391
1740,339.157623291,92.1160049438,29.0437469482,88.0848388672,6.88732564449
1740,8.7922039032,218.640182495,16.9729480743,50.1165657043,3.97692359984
1740,36.2153282166,205.391601562,15.7648658752,56.5008544922,0.325365317985
1740,273.480987549,145.528152466,21.4839401245,64.0905685425,0.059573771432
1740,248.593185425,158.368988037,20.5190906525,54.1644477844,0.0284077512333
1740,616.467102051,26.4241409302,20.1143875122,50.2130279541,2.53384797588e-05
1740,572.04473877,31.5354862213,27.6807231903,66.0769119263,2.93408941587e-07
1770,356.430511475,75.1705703735,21.9801845551,68.8285140991,18.959183991
1800,370.136932373,60.0340461731,22.7410297394,65.2644805908,2.96557769179
1800,550.921813965,263.478485107,37.9939308167,94.5989990234,2.91155483574
1800,408.329559326,190.312210083,33.6584129333,81.1824798584,2.26334966719
1800,572.881896973,300.669311523,22.0180339813,64.4334487915,0.686122616753
1800,426.693023682,188.832077026,21.6028308868,58.3096885681,0.103515584487
1800,43.2426757812,176.414428711,32.8717689514,68.7698745728,0.0412624009186
1800,62.3854866028,203.166503906,25.6466159821,63.3428916931,0.0179187118192
1800,439.087493896,182.324157715,26.5147914886,78.1570892334,0.00646604603389
1800,601.944702148,36.9053688049,30.0275859833,68.7965240479,0.000282991140921
1830,224.237808228,181.388290405,24.0539188385,53.3997650146,33.3392500877
1830,550.758483887,208.477584839,50.7164306641,175.907058716,15.0012105703
1830,107.732933044,194.196777344,22.5589351654,42.3095054626,4.85032126307
1830,290.975860596,136.673355103,22.1217193604,64.1774597168,4.20712344348
1830,211.620544434,177.689804077,20.4935207367,62.8228721619,3.88091914356
1830,609.234008789,157.239730835,20.2920303345,61.6850318909,3.30398008227
1830,196.154983521,176.110488892,23.7246322632,59.4843864441,1.41335846856
1830,489.896118164,195.901504517,31.0171966553,64.6001434326,0.34685775172
1830,615.100341797,184.852661133,18.0968284607,53.9972343445,0.166208844166
1830,390.993011475,35.4386711121,24.5910625458,63.4161529541,0.0463802600279
1830,389.74230957,168.270309448,20.3508224487,58.1618804932,0.0256456434727
