30,489.309783936,191.945968628,22.4122714996,63.8910217285,18.4321507812
30,113.580848694,198.975646973,25.5254917145,87.9893493652,11.2425178289
30,578.274719238,149.141799927,15.0639562607,60.3395729065,7.09149241447
30,567.766174316,300.402923584,20.7584934235,52.6085548401,3.76880280674
30,507.444732666,157.145751953,28.1977176666,110.594390869,3.00373509526
30,529.59576416,213.953857422,22.9949245453,55.7475585938,2.88683436811
30,530.635925293,139.836273193,50.3339118958,137.424301147,2.12156251073
30,584.473999023,307.3359375,19.4002227783,49.7133178711,2.05575358123
30,609.970031738,143.46673584,20.9107189178,54.3015022278,1.65123287588
30,596.99786377,75.2960891724,20.4601478577,62.2199440002,1.33602079004
30,365.762420654,42.762298584,22.4991016388,55.5056495667,1.08010182157
30,228.313552856,280.513824463,32.3666381836,68.4634170532,1.07549568638
30,605.213317871,35.5816345215,20.0639705658,56.4184379578,0.919345393777
30,552.765625,299.403991699,19.8552818298,45.242389679,0.548540614545
30,594.434509277,314.139434814,20.6815700531,56.0170326233,0.522017385811
30,616.348815918,284.922088623,16.8324222565,48.4342002869,0.278053688817
30,439.170166016,22.9522800446,22.4423313141,56.4972229004,0.011927910964
60,63.4208259583,203.564758301,39.4035644531,100.115608215,43.6699807644
60,539.370788574,166.147399902,31.8576984406,98.9987869263,31.0866177082
60,514.752258301,179.195007324,27.6882228851,74.6355743408,14.3336594105
60,566.217712402,224.824020386,22.7595062256,52.5689735413,8.66778418422
60,615.355712891,323.419952393,17.2460613251,47.587677002,2.30937730521
60,610.307128906,71.2374572754,21.1201095581,54.8301963806,0.433236639947
60,476.029296875,174.731384277,27.7900485992,65.0959701538,0.336318067275
60,574.622497559,193.925354004,30.6243515015,80.2580947876,0.18409024924
60,530.792541504,189.965682983,22.5674743652,64.4563140869,0.175337237306
60,555.13092041,222.919113159,19.464471817,50.552154541,0.103331974242
90,563.137145996,169.830856323,33.7486953735,101.770935059,38.8280421495
90,591.686340332,231.370300293,21.0937385559,55.1620140076,25.0764936209
90,42.1832618713,204.664779663,34.0001564026,85.5709533691,11.9914509356
90,597.147888184,196.594604492,33.5544548035,80.3449783325,3.1628370285
90,527.117858887,181.339004517,32.5436210632,77.8445663452,1.67654491961
90,609.066833496,51.7993049622,19.6744308472,58.4042396545,1.00446017459
90,70.4187545776,176.286575317,26.5765094757,74.7687149048,0.507137179375
90,581.533935547,229.566726685,19.8614864349,50.3391151428,0.0893436837941
120,22.2284564972,207.009017944,34.6036338806,107.66708374,42.715972662
120,607.125061035,246.363525391,20.5790233612,50.9180908203,38.5467290878
120,49.6313171387,186.405441284,22.8592967987,72.3960800171,13.3689969778
120,9.37187480927,216.260848999,23.6199321747,106.980102539,8.39842110872
120,562.852294922,170.559555054,52.8182678223,107.144737244,6.39817789197
120,537.591552734,187.25038147,31.572385788,78.1010665894,5.10856546462
120,6.90327310562,207.967407227,16.7454357147,51.4418983459,1.74124035984
120,614.863098145,66.1990585327,17.1257781982,59.1349754333,0.401854189113
120,68.2813873291,178.744430542,21.6519565582,56.1244163513,0.316627533175
120,556.53729248,209.26524353,19.8867912292,55.5339698792,0.266355578788
120,90.7823104858,205.911361694,32.9683189392,102.049079895,0.0681403034832
150,11.8412237167,227.574279785,35.3152732849,105.018104553,46.635517478
150,39.6924095154,198.711929321,22.163225174,72.2719650269,3.52383740246
150,614.592834473,250.880355835,21.1376037598,68.5205230713,2.51954887062
150,63.663394928,177.169143677,22.5185146332,64.5507965088,2.26744115353
150,608.831787109,51.8739013672,18.4788684845,57.2530784607,1.8379047513
150,550.111083984,210.654495239,24.2997531891,69.5997695923,0.681179622188
150,497.234863281,184.570327759,21.992395401,53.7625999451,0.158151017968
150,57.8950691223,199.262756348,17.615858078,55.4399757385,0.0525521987583
150,7.65212106705,221.795837402,16.8498840332,57.4557609558,0.0375952891773
150,33.3220176697,231.493972778,20.9549274445,62.0479125977,0.0236328720348
180,10.6145391464,216.423934937,34.7379570007,133.048995972,46.5964794159
180,574.999572754,190.356323242,44.9768943787,112.963401794,18.6561182141
180,616.823059082,262.683746338,17.2785148621,57.8582496643,15.8555313945
180,29.9153079987,218.796615601,23.1465911865,67.6642684937,4.08626794815
180,609.887512207,64.8580093384,17.4772758484,54.702255249,3.62893119454
180,67.7700195312,194.523727417,42.3421630859,126.465080261,0.228250399232
180,39.1552429199,205.652664185,31.0897655487,71.7971115112,0.220692926086
180,8.71617889404,234.552627563,18.0086574554,60.0428733826,0.0736981339287
210,5.27168512344,225.105148315,32.1643867493,131.019683838,56.1325728893
210,544.04095459,215.360473633,35.9554710388,76.9120483398,7.24912211299
210,55.7004089355,198.34211731,23.2887058258,61.3528785706,2.21772994846
210,609.051147461,68.9092636108,18.5256214142,57.2354125977,1.67247839272
210,20.4516983032,203.260070801,39.7645072937,115.395027161,1.40773812309
210,614.959289551,353.969329834,17.1294059753,50.1066322327,0.481590302661
210,81.1230239868,216.42024231,33.6561470032,83.7033462524,0.46689058654
210,614.397033691,91.3292160034,17.9291629791,60.0076026917,0.428589899093
210,127.47631073,189.998779297,21.2351322174,59.6060523987,0.410653464496
210,68.9110336304,196.35559082,29.4687900543,71.3894119263,0.0830375123769
240,10.2937164307,193.199584961,30.4065799713,103.247886658,8.54042544961
240,38.1835975647,191.711380005,27.7431945801,68.3534851074,0.684247305617
240,435.125396729,185.64781189,20.1725921631,58.3571357727,0.543708587065
240,359.664703369,50.1167755127,22.9271831512,53.1157722473,0.289859599434
240,56.5882568359,193.526535034,29.4450531006,68.8851013184,0.288435188122
240,5.46491956711,187.583007812,20.9793224335,64.1771774292,0.124602694996
240,80.1545639038,209.224624634,33.0568847656,65.3977050781,0.102655554656
240,23.7573604584,177.754455566,24.4519023895,65.3216705322,0.0916255405173
270,495.956787109,167.102508545,30.2726345062,81.2359848022,1.51621932164
270,157.543380737,61.6608581543,20.9509544373,48.6841392517,0.703968014568
270,458.88973999,255.352310181,29.8533630371,49.6660041809,0.234116055071
270,345.896240234,359.822113037,38.4164199829,69.8399734497,0.160299404524
270,25.1978549957,201.874893188,28.4391937256,57.1806526184,0.126767333131
270,12.3597679138,208.749099731,27.0565471649,79.9877700806,0.0243907546974
300,75.3379898071,220.747131348,19.6746406555,60.6208076477,1.64614412934
300,510.461547852,188.62361145,19.7585372925,65.0350112915,1.3947234489
300,461.514251709,256.109222412,20.930021286,53.1405143738,0.396170094609
300,14.78794384,204.987533569,25.9496917725,70.4736022949,0.185587268788
300,613.57232666,355.094024658,17.9262542725,49.098285675,0.0830694683827
330,39.5411987305,200.204330444,42.8079223633,99.2567977905,6.09428361058
330,21.3171386719,191.949142456,28.6175937653,66.4343795776,0.415783375502
330,460.382781982,260.74822998,28.0534000397,50.1801109314,0.110534939449
360,497.855865479,188.102172852,28.9200801849,73.5307846069,10.7947394252
360,23.6819458008,196.932998657,24.4767589569,63.9314880371,6.77445679903
360,143.992248535,61.0673370361,28.1532611847,56.4909362793,1.63070280105
360,513.27520752,198.740707397,21.5798187256,53.1625175476,0.649505853653
390,613.78302002,62.1967163086,17.3115901947,54.7060890198,2.32837721705
390,27.388168335,205.605026245,23.7550354004,59.2574462891,1.87976639718
390,511.04309082,174.731994629,25.6684703827,79.3064117432,0.764402700588
390,44.3147315979,204.938491821,27.0753555298,69.2215194702,0.336779328063
390,526.490783691,180.066482544,22.3985996246,77.5357437134,0.0459135742858
390,11.6328735352,200.440124512,29.1178340912,84.1757278442,0.0277921790257
420,21.8493270874,196.423278809,26.9424381256,62.220123291,1.58194433898
420,612.470153809,57.6919822693,17.7221660614,57.590587616,0.791043415666
420,40.8126831055,198.107589722,20.8778553009,49.1867866516,0.474977120757
420,455.936889648,258.76776123,21.691400528,54.6133575439,0.32066674903
420,365.038116455,48.8036384583,22.4705657959,54.3444824219,0.120252917986
420,10.8790521622,211.44392395,28.7019729614,81.2037124634,0.0875444733538
450,522.605651855,220.548034668,27.7543869019,78.0372848511,10.4327432811
450,28.3605670929,200.234695435,24.0824642181,64.8581085205,8.78137648106
450,531.83581543,206.576965332,17.7324848175,52.1238365173,3.14306654036
450,62.7738456726,225.764526367,30.3055477142,84.5475311279,1.99285205454
450,44.9385185242,213.131149292,22.8719463348,56.5630760193,1.84967592359
450,11.1595907211,201.424301147,29.6067523956,86.1918945312,0.0288482260657
450,612.477355957,378.013549805,18.8559112549,40.3806648254,0.0130990199978
480,566.237670898,223.078308105,36.3472633362,91.2168884277,22.9469418526
480,512.030456543,203.118423462,18.6955165863,57.5806159973,2.47042886913
480,76.3306808472,236.640930176,19.2810668945,56.9619255066,1.90218966454
480,23.7212581635,207.455307007,21.5739269257,52.7934608459,1.44205773249
480,39.1752471924,213.436645508,38.1590156555,101.977020264,1.16847213358
480,45.8865203857,207.05090332,20.7842712402,56.3038291931,0.672460207716
480,525.238952637,206.286132812,20.8351249695,51.707736969,0.285825878382
480,360.583862305,59.9757575989,23.1502838135,59.3764915466,0.246357708238
480,538.338562012,207.634994507,15.6439628601,44.4822349548,0.12475522235
480,615.260681152,379.628204346,17.2354793549,47.3360786438,0.122422829736
510,21.5825138092,202.982192993,27.8524074554,65.7661361694,9.99979302287
510,511.425415039,194.492614746,18.023519516,58.3585853577,2.32212077826
510,356.009796143,63.9867744446,22.4358825684,56.3830566406,1.64200235158
510,565.054138184,223.765090942,37.2049331665,86.4367446899,1.35210966691
510,40.3628501892,204.90763855,31.9975185394,78.8734359741,0.978464540094
510,367.97567749,60.7090759277,27.6060638428,71.6996688843,0.673322100192
510,76.6829528809,237.559585571,21.819272995,55.3262214661,0.458034407347
510,614.538024902,384.685791016,18.4021778107,46.8634223938,0.354916602373
510,10.6687059402,209.753738403,22.9806423187,96.3809585571,0.0529825512785
540,579.998046875,197.397628784,45.6779136658,117.634254456,15.378510952
540,6.61889505386,199.0209198,20.6608886719,60.6893806458,5.24022318423
540,513.247009277,246.656906128,21.1749820709,51.2473754883,2.65370942652
540,615.633972168,218.871948242,16.3769207001,50.0928497314,1.67859587818
540,365.54296875,62.8569984436,23.9959793091,57.7852478027,0.810660701245
540,616.397949219,64.470916748,16.2542133331,52.0458183289,0.714064156637
540,525.82598877,248.56463623,19.1317653656,52.6538047791,0.221586716361
540,615.347839355,381.044555664,18.1434497833,49.0315246582,0.210535922088
540,25.3505401611,275.393768311,35.6520004272,78.6427688599,0.054305192316
570,7.8525853157,308.885284424,17.2358951569,52.1506080627,3.22733037174
570,365.596679688,57.7377815247,23.0868377686,56.1503448486,0.748354289681
570,11.7802915573,261.77432251,32.0125999451,101.46182251,0.28184291441
570,603.190124512,357.294677734,25.9931583405,51.5706176758,0.272628455423
570,4.96489143372,208.238525391,16.1370182037,47.6777153015,0.272559467703
570,614.390686035,378.674957275,18.5721302032,46.3214149475,0.21131511312
600,5.59229516983,208.191329956,22.4639434814,75.01927948,5.52729330957
600,17.4052581787,202.448974609,21.2794456482,57.4908180237,0.993900652975
600,609.576416016,34.744758606,22.3392333984,53.436252594,0.320545374416
600,519.488464355,166.613113403,20.5509719849,55.3906402588,0.150941102766
630,493.925689697,261.666992188,34.1491546631,55.1826667786,1.50448372588
630,206.5990448,64.6417236328,23.4507446289,52.3014526367,1.18194064125
630,535.393554688,138.758987427,30.9590320587,75.4961471558,0.251786783338
630,366.668334961,34.9731216431,23.5250072479,55.2871360779,0.0874725985341
660,21.2807254791,189.597229004,23.7481021881,56.2264900208,0.328319892287
660,466.912872314,141.773757935,20.1795845032,48.360622406,0.0764280848671
690,604.59979248,91.4169006348,22.2942523956,63.3813667297,4.45586256683
690,613.760681152,28.9492321014,20.0583324432,42.7474632263,1.06772022335e-06
720,615.430541992,79.6035461426,16.6917438507,49.8770713806,0.394963659346
720,50.8569374084,209.906906128,23.3609313965,52.9694404602,0.0484503165353
720,613.782226562,356.257568359,19.6608409882,54.5970344543,0.0273576937616
720,616.812683105,30.9536876678,17.5763244629,35.5251312256,2.33195640575e-07
750,611.084533691,92.3763504028,20.1637363434,59.679599762,2.3163177073
750,615.608337402,32.1500892639,18.2985420227,38.4677085876,3.18159804058e-08
780,142.098800659,68.4787445068,20.7322864532,46.067150116,0.884686224163
780,17.122800827,223.351211548,23.667142868,52.0302467346,0.621528131887
780,614.529724121,29.1158313751,18.8164787292,45.0549468994,0.000786323562352
810,610.296569824,96.5593643188,20.6536827087,61.1385993958,2.29166448116
810,436.070068359,388.778564453,21.4100322723,45.5940856934,1.27800377086
810,568.788513184,190.461425781,26.0573883057,67.1646118164,0.775655824691
810,141.986602783,70.8206863403,22.1918010712,48.0614318848,0.323162972927
810,587.341796875,188.167617798,25.4903316498,55.6594657898,0.187833828386
810,21.5165309906,217.043823242,21.8610973358,56.469417572,0.186621805187
810,449.480865479,386.720703125,23.481880188,51.0557899475,0.130847201217
810,616.158813477,28.001077652,18.2027645111,39.7333869934,4.33220293417e-05
840,611.05657959,107.589576721,20.4141616821,61.8193206787,3.55456471443
840,561.648803711,189.40184021,20.5851802826,55.8402137756,0.681529100984
840,86.8997497559,207.772460938,25.206243515,65.4639053345,0.49358503893
840,616.536621094,29.968832016,17.2808532715,45.8791923523,0.080460665049
840,578.283081055,183.502059937,33.2787513733,61.9938087463,0.0245108647505
870,610.765441895,98.3725357056,20.3074245453,58.8488502502,2.35383994877
870,567.781494141,193.091964722,23.9747238159,48.4620552063,0.012467612396
870,616.33972168,28.1558685303,17.7980213165,41.9526290894,0.000118554135042
900,609.963195801,96.5589828491,21.7837753296,61.12241745,1.87069196254
900,10.9548845291,218.661026001,20.1566905975,57.5834312439,1.60908196121
900,444.236175537,392.800811768,24.0882492065,49.4897956848,0.0266101676971
900,616.18145752,26.3094177246,17.6731243134,41.9094963074,0.000174108686224
930,611.292907715,91.6710891724,19.3780498505,60.4942474365,1.5236848034
930,440.483062744,391.146362305,20.7699623108,44.2261199951,0.435786414891
930,18.125875473,213.341781616,19.7969532013,59.9987487793,0.139320245944
930,615.915893555,28.3239440918,16.6460876465,40.0186157227,0.00632473238511
960,570.200378418,191.898727417,26.570066452,51.0172767639,4.6648979187
960,193.98890686,64.9552841187,28.752073288,50.1446495056,3.49170453846
960,610.278869629,96.724029541,20.9643249512,60.2538414001,3.37570607662
960,25.4747982025,221.083450317,26.2746200562,54.6738739014,0.825083255768
960,444.935668945,388.948974609,21.4627437592,46.4133720398,0.474075973034
960,616.492248535,28.7061233521,16.5210666656,43.2599143982,0.0703743891791
960,428.704559326,391.735839844,26.4705429077,46.7843513489,0.0564153539017
990,567.812438965,192.108444214,22.9802150726,53.0773735046,14.0968263149
990,610.962585449,105.74962616,20.3833827972,62.1997070312,3.11673544347
990,438.597015381,386.448242188,25.4415359497,48.5923042297,0.625201780349
990,142.128585815,71.2302474976,21.8666629791,46.681224823,0.399931613356
990,586.625244141,183.646179199,25.3364658356,57.3186454773,0.240435544401
990,616.420410156,31.3108005524,16.3214511871,38.9089241028,6.79933521042e-05
1020,610.732177734,96.787902832,21.0047206879,59.658115387,1.67209804058
1020,11.7153215408,218.15574646,19.6032981873,60.1658630371,0.750822667032
1020,445.128448486,390.138153076,21.5351657867,48.0708198547,0.174701015931
1020,616.126586914,26.3251247406,17.0285701752,46.6089897156,0.0853157660458
1050,568.891235352,194.031692505,21.4296035767,50.7695770264,3.13040874898
1050,610.506591797,96.6487197876,21.1731681824,60.375453949,2.98045016825
1050,433.278320312,399.445800781,24.7175960541,47.5089302063,0.00113195274025
1050,616.03515625,31.4665660858,16.5457630157,39.7490577698,3.25249004618e-05
1080,610.980407715,97.1159133911,20.5398483276,60.2752342224,3.33908982575
1080,16.5960273743,219.537857056,21.1279010773,57.5651512146,0.470347655937
1080,437.44519043,393.993286133,24.3401966095,47.2891998291,0.00043444451876
1080,616.121826172,32.6254615784,16.5026092529,40.405330658,1.30915964291e-05
1110,610.445861816,102.663475037,21.1183567047,59.1897773743,3.55734676123
1110,571.907348633,194.163513184,25.9757556915,50.8147125244,0.350408954546
1110,615.997924805,28.4889450073,17.7720012665,39.899887085,5.90438048675e-05
1140,610.718444824,106.028831482,20.6619091034,61.9429016113,1.90415047109
1140,616.198669434,32.1840553284,16.2592544556,39.9405708313,2.26328296549e-05
1170,566.019165039,189.482376099,26.5852603912,56.9989509583,23.2743665576
1170,610.479919434,103.08669281,21.0668125153,60.3911476135,3.07918917388
1170,585.700744629,180.847091675,26.6803073883,60.1758460999,0.344322063029
1170,439.544219971,394.774017334,22.352022171,46.0762138367,0.0157695219968
1170,616.281188965,33.2147903442,17.4522647858,40.6954612732,2.78235233964e-05
1200,571.40826416,188.392440796,22.6388950348,55.6787910461,3.99693995714
1200,610.638977051,101.256317139,20.7765789032,61.715473175,1.86058226973
1200,557.687561035,194.646652222,25.3143253326,52.8067436218,1.10597936437
1200,616.527099609,31.214471817,16.196100235,40.0245666504,2.18720245471e-05
1230,610.790283203,95.9878768921,20.3255157471,60.6053771973,2.41635050625
1230,11.9476966858,216.454406738,20.0608139038,62.8178138733,0.91190058738
1230,439.890991211,397.513305664,21.5204257965,43.4173469543,0.0497123342939
1230,616.332397461,32.478717804,16.3731060028,38.7423095703,3.51518934849e-05
1260,496.188964844,224.453048706,30.4566650391,58.5382041931,7.24185779691
1260,611.157165527,96.4723739624,20.1640605927,60.0624504089,2.76367794722
1260,440.087768555,390.644317627,22.6887378693,44.075881958,0.537665886804
1260,615.975158691,28.4611053467,17.8653583527,40.1236190796,6.99252268532e-05
1290,610.655029297,105.264404297,20.6564121246,60.9593200684,2.1085223183
1290,557.199768066,196.342041016,25.8446102142,51.8580207825,0.0858753046487
1290,439.830291748,398.978790283,21.8429393768,43.2846717834,0.0148603357957
1290,615.971984863,31.1723690033,16.8314208984,39.5585289001,1.76920195827e-05
1320,563.908081055,192.079391479,23.0770797729,53.4213294983,6.67636394501
1320,610.71661377,106.09841156,20.4445743561,63.508228302,1.69572234154
1320,580.475036621,186.915786743,23.8980178833,57.0026855469,1.10821863636
1320,615.96862793,28.4029445648,18.0623950958,42.0865058899,0.000104313915017
1350,12.4211082458,222.493515015,21.9421672821,53.9128570557,2.81085018069
1350,610.157470703,106.889068604,21.0318317413,65.3678359985,1.38421487063
1350,615.945678711,27.6784973145,18.2574138641,42.5653381348,8.08045228951e-05
1380,17.577123642,212.323745728,34.774471283,65.5467605591,19.9052616954
1380,563.229553223,190.329406738,24.1127109528,56.0355262756,4.15104180574
1380,610.082763672,97.7319412231,21.256439209,62.1842651367,3.30043546855
1380,9.83723640442,222.9165802,19.3492298126,53.6184082031,3.20807248354
1380,580.46105957,186.674255371,24.5201206207,56.6265220642,2.01535783708
1380,449.310058594,383.834136963,24.4695262909,57.8507080078,0.0360880541848
1380,434.060882568,396.752716064,23.1325130463,45.6824493408,0.000962043486652
1380,616.713806152,31.2058029175,15.9720640182,39.3672218323,2.61031175341e-05
1410,566.129821777,188.672775269,25.4033527374,56.3285675049,4.93005253375
1410,609.823852539,99.6595458984,21.2491378784,61.8474388123,4.6369574964
1410,18.2028827667,217.154922485,23.6006088257,59.8668556213,0.248884013854
1410,444.471801758,388.585479736,22.0098361969,48.7406616211,0.196104915813
1410,615.534729004,28.0340747833,18.1785011292,41.359500885,0.00010641621202
1410,603.936218262,31.5830459595,23.5084609985,55.3210716248,4.20051282646e-07
1440,563.37322998,191.787765503,27.3975963593,52.9479179382,8.46866443753
1440,610.336975098,103.081260681,21.0156078339,60.5282478333,4.43387404084
1440,17.0351524353,217.145004272,24.1481304169,59.6231269836,0.0901195744518
1440,616.110107422,32.8344230652,16.4048213959,38.5896568298,1.61519096764e-05
1470,610.760437012,106.606956482,20.2077198029,62.2574310303,2.10524722934
1470,616.368041992,26.730134964,16.8413410187,44.3219642639,0.0650030677207
1470,434.756256104,398.378631592,21.9883041382,43.9617004395,0.019340570725
1500,566.257507324,192.866210938,27.4936771393,55.9651031494,23.2770562172
1500,610.943725586,106.124916077,20.3400707245,61.3339691162,3.18242758512
1500,587.74206543,191.913253784,19.7904834747,49.0953521729,0.424860371277
1500,444.97543335,388.131378174,22.8028793335,50.300201416,0.0679930555634
1500,615.978271484,28.5632762909,17.6894359589,42.3203887939,7.0845595701e-05
1530,563.447753906,193.185409546,22.3017482758,54.0950279236,21.0911527276
1530,611.006713867,99.1724243164,20.5437908173,57.7910804749,3.80431860685
1530,439.192108154,393.18737793,23.2995243073,47.4647254944,0.0208255863981
1530,615.928649902,32.7421913147,17.6780261993,40.8082771301,3.49094875673e-05
1560,561.357543945,193.913757324,22.8862018585,51.0097351074,9.15118306875
1560,610.206970215,101.865440369,20.8555488586,62.0153503418,3.3285073936
1560,582.38092041,194.038269043,19.8305034637,50.4530601501,1.70029159635
1560,440.352508545,391.65713501,21.0495090485,44.3727149963,0.337699986994
1560,52.8768730164,211.237487793,30.0554943085,63.5696563721,0.233000703156
1560,616.163879395,28.7268543243,17.7818107605,39.483921051,5.76695924792e-05
1560,604.484680176,31.5812473297,22.7994995117,52.9267578125,6.06666450409e-07
1590,559.246520996,196.018859863,23.3750667572,48.4853477478,9.31481868029
1590,571.656005859,192.207778931,24.1694698334,54.8543128967,4.06752936542
1590,609.910461426,101.13457489,21.2567138672,61.7040367126,3.38474735618
1590,439.838348389,394.44140625,21.5863571167,44.0880317688,1.03187132627
1590,7.42581319809,183.408218384,18.5526809692,62.6353607178,0.130945804995
1590,615.741149902,27.6851902008,17.3426036835,41.195690155,0.00610865681665
1620,573.68548584,199.487854004,22.7896709442,49.2159385681,4.63699027896
1620,611.05670166,112.728157043,19.6684894562,59.1649742126,2.09661349654
1620,557.61541748,196.516967773,26.2464694977,52.2244529724,1.30557538942
1620,19.2451190948,210.535018921,23.5822658539,70.1351699829,0.34713880159
1620,616.316101074,24.6465969086,15.7538461685,40.5338935852,0.0540844921488
1650,566.362854004,212.919692993,27.0864315033,51.8440093994,2.36691199243
1650,609.532775879,213.365905762,19.9795131683,56.4989433289,1.06952795759
1650,611.444213867,35.4463691711,24.5751895905,80.3222579956,0.899500865489
1650,120.859992981,228.200057983,24.2524776459,55.7949638367,0.791198201478
1650,460.546386719,300.096801758,32.7810096741,84.1956558228,0.770746497437
1650,483.658172607,229.667282104,16.6233921051,43.4262390137,0.674773240462
1650,627.079528809,35.8699035645,12.9204711914,52.824382782,0.394638627768
1650,600.911010742,377.002227783,26.83735466,55.1439323425,0.305494200438
1650,109.388877869,240.681777954,22.1383647919,47.8536682129,0.164728937671
1680,8.24691486359,216.054641724,23.6868057251,62.618976593,13.0569025874
1680,608.021179199,200.755996704,23.7086849213,67.7880935669,5.60454018414
1680,20.3764457703,217.410476685,26.2132549286,67.6777572632,0.282037840225
1680,269.140594482,190.642028809,20.8609027863,57.4739952087,0.161319377366
1680,626.01739502,212.668624878,13.9826049805,58.672832489,0.0411681336118
1710,23.6610584259,228.875198364,49.5335235596,124.064186096,42.319136858
1710,566.941650391,238.767578125,20.1057548523,45.2561607361,11.7628738284
1710,596.519104004,219.475296021,32.3913040161,80.5879516602,3.03057152778
1710,589.694641113,221.840148926,19.1995449066,62.4828796387,1.52316894382
1710,554.128601074,239.327316284,21.5796203613,46.6044502258,0.893186591566
1710,377.376220703,222.270797729,18.3814373016,51.9959068298,0.867412891239
1710,56.3341827393,211.729492188,33.1418876648,99.1046447754,0.762617820874
1710,11.65209198,246.19883728,30.4518585205,109.807044983,0.735214864835
1710,378.887664795,71.9850311279,23.9024810791,57.0926818848,0.49363267608
1710,577.992126465,237.854293823,20.6949100494,48.2676696777,0.219957553782
1710,99.3365402222,217.723434448,26.3872089386,60.7119178772,0.164652557578
1710,258.050079346,161.952682495,22.8293895721,62.639251709,0.157179194503
1710,614.944030762,270.271850586,18.6410999298,48.796749115,0.0459347007563
1710,389.280914307,235.078109741,18.147600174,45.8674468994,0.0132810484502
1740,162.596939087,241.652633667,23.1361789703,60.2309761047,29.807972908
1740,332.645111084,250.064575195,25.5652770996,47.73046875,23.1714114547
1740,441.601074219,225.790969849,33.108505249,71.9901351929,15.0729075074
1740,394.686676025,186.596496582,23.8361263275,74.2699661255,8.99361521006
1740,135.68510437,243.407546997,17.8051128387,49.6956596375,8.39107483625
1740,574.256774902,227.548461914,25.2166385651,64.1102371216,7.54966512322
1740,409.179077148,237.491043091,27.2183246613,64.8640975952,5.48009946942
1740,615.114440918,228.093734741,18.2439441681,49.0978240967,4.78140972555
1740,92.4183349609,147.822219849,30.0033283234,79.0939712524,4.66023981571
1740,78.4050369263,163.210128784,31.7539749146,100.060783386,3.94229665399
1740,149.161361694,246.120788574,21.7816982269,51.7988548279,2.92602367699
1740,87.2716674805,231.079483032,29.8854751587,57.0395355225,1.5904340893
1740,504.228515625,99.4402084351,29.9159069061,78.1642990112,1.32075818256
1740,386.845916748,246.306167603,26.636674881,46.4563331604,0.903025642037
1740,377.665161133,66.1133728027,25.6375751495,55.6543235779,0.589707680047
1740,120.090431213,255.172225952,25.328496933,52.2754020691,0.448686862364
1740,168.971542358,126.472846985,31.1765575409,68.7725753784,0.378648354672
1740,391.044464111,109.604064941,20.3482189178,57.955078125,0.135465455242
1740,178.125076294,197.165466309,26.0202617645,68.1289749146,0.109576177783
1740,196.342422485,227.398391724,26.4654369354,62.9191932678,0.0916220538784
1770,450.500946045,220.608352661,20.2146282196,59.6981697083,42.3533737659
1770,343.607666016,126.254341125,32.9099845886,79.7913131714,8.25953632593
1770,611.037841797,238.385665894,18.2273578644,46.9537849426,4.13966663182
1770,92.7198104858,244.673202515,28.7772655487,62.1673469543,4.08086888492
1770,166.28352356,173.542251587,25.4156265259,62.4270057678,3.65678109229
1770,311.084014893,31.8095874786,22.4984588623,49.0077476501,2.49431692064
1770,210.775009155,163.057785034,29.0887889862,68.0078735352,2.28089224547
1770,110.761634827,255.58732605,21.7742004395,53.5546875,1.65356937796
1770,506.2265625,61.9169197083,19.1425857544,48.8945465088,1.10255545005
1770,298.65411377,41.0801582336,23.8293685913,54.8150444031,0.972281303257
1770,395.042694092,46.6228065491,33.833984375,68.3613967896,0.695664342493
1770,370.744262695,42.0352325439,32.3721046448,70.6453170776,0.562022160739
1770,229.204833984,197.412841797,22.2006511688,46.2168235779,0.310748210177
1770,240.186569214,189.752151489,26.8560638428,47.9425964355,0.116722285748
1770,5.66799545288,397.00302124,21.7046127319,59.6709861755,0.0796256470494
1770,328.121795654,134.422149658,29.0867385864,74.0339584351,0.0420674681664
1770,429.952880859,27.5472049713,39.5020980835,105.179077148,0.033569597872
1800,140.766830444,241.438217163,32.8096046448,62.2735328674,75.5776882172
1800,224.948547363,64.053062439,29.7942428589,67.6113510132,4.76911216974
1800,131.788269043,58.8968162537,26.7825393677,62.1744880676,2.24594809115
1800,378.086090088,210.954284668,24.0868740082,56.7981414795,1.45938014612
1800,96.4186477661,141.435882568,36.9328460693,70.935043335,1.21289100498
1800,241.800109863,70.9041519165,20.5596542358,50.8524208069,0.881218817085
1800,81.9553756714,160.242492676,29.978471756,70.1267166138,0.864734780043
1800,252.240524292,91.5817184448,24.6046772003,53.5250892639,0.713649671525
1800,196.739608765,219.643920898,34.0207366943,73.5341415405,0.274112238549
1800,6.32929086685,28.2873744965,20.5438213348,52.1860656738,0.0530292512849
1830,573.391174316,148.225814819,30.5212650299,92.5646286011,48.2674330473
1830,396.710723877,104.388404846,23.2438430786,62.6553459167,19.6852907538
1830,532.501525879,147.606277466,34.3878479004,82.4468612671,8.43956694007
1830,611.873413086,52.7831726074,19.274225235,51.8064918518,2.64437235892
1830,324.331451416,164.017944336,26.2063655853,56.6336555481,2.29677874595
1830,614.815795898,204.803649902,17.1433982849,50.9440765381,2.20415573567
1830,208.388412476,44.7289123535,24.0275592804,69.5907669067,2.07669138908
1830,348.901977539,161.341400146,20.5694561005,51.6351509094,1.41479028389
1830,587.031005859,140.021713257,22.3965358734,60.0434837341,1.4078929089
1830,576.254516602,116.594421387,22.081735611,72.5925827026,0.804018229246
