30,545.463867188,183.323486328,20.9608402252,49.5588188171,84.8428249359
30,587.660339355,122.205223083,42.0522117615,138.394241333,44.7723150253
30,532.108703613,181.293029785,22.6135177612,62.0987205505,44.4910913706
30,500.94229126,190.828384399,22.7477645874,66.4734573364,42.4244046211
30,608.998779297,160.314804077,20.8938827515,56.3490142822,37.6990526915
30,516.682678223,183.640029907,24.9683303833,65.8227767944,9.05250310898
30,179.059951782,182.323959351,18.0692062378,47.2934112549,6.25894665718
30,153.340545654,174.558029175,17.7003078461,53.6986846924,5.42225688696
30,35.5753746033,181.953567505,17.3894290924,51.7823600769,3.48413996398
30,6.54242944717,151.164535522,17.0214710236,56.789352417,2.88662817329
30,49.3925056458,93.0965270996,22.8098678589,60.5805015564,2.16426029801
30,82.7582168579,56.7861022949,23.4225711823,61.5195579529,1.80465336889
30,166.515609741,176.377853394,15.4389219284,47.6858100891,1.77106652409
30,44.7508850098,179.960769653,23.2573013306,56.3585853577,1.67684666812
30,604.977844238,209.37852478,19.7595539093,55.0403747559,1.62010993809
30,6.52679443359,191.623901367,15.8099746704,45.3210716248,1.55388154089
30,22.2474002838,176.002502441,20.1499462128,57.1131744385,1.52882905677
30,124.761322021,177.954605103,23.8936538696,68.2318649292,1.17551805452
30,486.774871826,159.10383606,24.9141788483,63.2197990417,1.00988466293
30,142.255783081,181.495193481,18.1771850586,53.331401825,0.718418788165
30,593.558532715,190.051330566,22.0610561371,69.4348297119,0.234827958047
30,614.763977051,227.595046997,18.2039890289,43.1294364929,0.0987919862382
30,627.370422363,167.064941406,12.6295776367,56.4953918457,0.009968719678
60,599.354492188,186.932785034,18.9174537659,52.473651886,81.7692756653
60,11.2548599243,167.791809082,19.248632431,74.2053146362,76.4493644238
60,481.398284912,182.394821167,23.6503372192,40.7255897522,21.8436568975
60,125.628204346,166.502807617,20.2339496613,62.7707099915,20.8922535181
60,612.04510498,185.088394165,16.8886508942,52.7011222839,15.7048016787
60,28.1508617401,180.226577759,21.4417476654,60.590045929,3.99934537709
60,99.2680282593,175.184692383,21.251077652,55.2792778015,2.83054970205
60,562.539733887,110.565345764,26.6838378906,89.6176757812,1.84979140759
60,580.074462891,183.734481812,20.2679519653,54.9421386719,0.622425507754
60,136.428237915,182.434204102,16.7801837921,47.5892791748,0.210793083534
60,626.088012695,182.421142578,13.9119873047,57.1145629883,0.0416716880864
90,542.723510742,177.439956665,22.8820037842,48.2080841064,99.3653178215
90,159.544525146,174.082519531,18.4686546326,47.2534790039,5.87686672807
90,473.0390625,179.773147583,16.2134571075,42.2819671631,3.80729474127
90,149.135604858,177.725204468,17.7050552368,46.0941810608,1.89963057637
90,106.692962646,187.681442261,20.4577846527,42.3031349182,1.36121036485
90,569.6484375,164.277267456,18.8590679169,52.9156341553,0.48347148113
90,584.383483887,171.519470215,19.5659351349,49.3807830811,0.353011209518
90,175.183105469,178.86505127,17.5092201233,43.8745918274,0.10155121563
90,616.862121582,178.701339722,16.5096740723,45.727306366,0.09812253993
90,6.59962797165,31.0552215576,17.9077510834,50.2862434387,0.00214257433981
120,42.6600608826,176.239013672,20.816411972,57.9155426025,51.8640100956
120,83.2539215088,181.259048462,20.7984962463,50.9644317627,3.82035672665
120,55.8521537781,179.680953979,19.4140472412,52.9902687073,2.85668037832
120,460.247192383,185.592453003,19.9158859253,51.3727302551,2.79000625014
120,190.208999634,356.945159912,20.4352664948,52.0427246094,1.09174884856
120,442.145721436,180.611694336,24.8952560425,48.6470184326,0.445844046772
120,173.952346802,174.835708618,17.7840366364,46.2147064209,0.394840491936
120,67.0535049438,185.443161011,19.4299545288,47.8884391785,0.250704749487
120,615.443786621,180.061416626,17.5042591095,46.2623023987,0.218233396299
150,139.280441284,153.079162598,20.8077011108,66.2407913208,7.91471153498
150,10.4805364609,176.561660767,17.0029945374,48.7779846191,6.2394682318
150,496.568572998,118.3123703,26.5996227264,94.4935913086,4.86822240055
150,375.232788086,180.076675415,18.8119010925,52.2998199463,3.10414340347
150,54.4373474121,164.491775513,28.2278461456,66.292350769,1.52726350352
150,5.09890890121,111.057167053,25.3551712036,76.4459991455,0.428615929559
150,385.289520264,174.652816772,19.7455482483,58.7479743958,0.324947806075
150,522.962646484,87.2448654175,26.9420757294,80.7087020874,0.0569604046177
150,540.864074707,184.702651978,25.7295970917,71.7670593262,0.0254339160165
180,7.11816835403,184.74822998,17.351442337,60.5622062683,29.3227940798
180,129.312713623,155.625091553,26.5787582397,68.3784408569,28.3296704292
180,19.4226932526,187.996139526,20.2364559174,50.4644126892,8.85591208935
180,94.5059280396,189.465087891,18.5211353302,41.3745651245,4.09298352897
180,78.0991439819,177.081665039,17.7428379059,49.8069114685,2.92566642165
180,112.58795166,181.538345337,16.8044261932,43.4044189453,2.59296186268
180,169.285400391,170.600280762,19.2550907135,50.0603485107,0.559117877856
180,428.960449219,292.367889404,34.2420921326,71.4029464722,0.0768774480093
210,495.481536865,152.36177063,65.7821121216,133.479415894,56.9518506527
210,578.453613281,181.195877075,22.1262226105,57.5092010498,15.5669420958
210,67.9921035767,185.020263672,20.6290664673,54.3320426941,14.1108050942
210,40.4368247986,180.035751343,19.698102951,52.0919075012,11.0462345183
210,8.06921386719,184.732833862,22.1920185089,54.2600288391,2.81682703644
210,85.0801620483,168.999343872,21.8403377533,64.8658447266,1.90319810063
210,402.838867188,169.333374023,26.3491268158,51.0831604004,1.28152342513
210,558.554016113,179.30027771,19.8641414642,50.2062492371,1.19036333635
210,83.6825790405,135.206390381,21.9140605927,59.9995536804,1.18890423328
210,57.364490509,189.590103149,19.6070308685,48.4899024963,1.16218263283
210,30.7316074371,198.667739868,18.7486400604,42.5441474915,0.300597399473
210,516.495422363,161.173217773,26.8357067108,73.9674987793,0.130952335894
210,7.69248962402,98.6004333496,19.9842357635,62.4158058167,0.110388209578
240,581.097229004,177.645462036,22.1174907684,65.1990509033,12.8214597702
240,12.1647939682,137.382797241,28.3678150177,99.2128982544,5.51480837166
240,38.4236564636,169.290328979,23.2422409058,65.3624191284,3.43333780766
240,573.346801758,43.5359230042,33.849861145,87.5986862183,3.33264693618
240,601.244384766,50.5848579407,30.7220458984,85.1127853394,0.96716824919
240,592.386169434,169.583847046,31.6909046173,71.1147155762,0.543952221051
240,572.771179199,63.977191925,57.721370697,174.965942383,0.397861842066
240,566.873413086,31.8893280029,24.066865921,58.2313041687,0.011309247202
270,17.4853744507,153.002746582,25.7159786224,80.6124191284,27.0823687315
270,345.705413818,185.630752563,21.1335849762,49.0612754822,3.55213806033
270,6.16983652115,150.660629272,21.1787490845,70.4475708008,0.713067082688
270,377.756744385,162.098709106,23.1702880859,59.8093681335,0.603783456609
270,418.03918457,149.259109497,22.1435451508,73.670211792,0.497343856841
270,547.852233887,177.378173828,25.1979732513,62.0754241943,0.471241772175
270,404.819061279,155.691955566,20.7769680023,63.7696647644,0.0391496607335
270,391.466583252,160.528518677,22.2879333496,61.4457511902,0.00765596632846
300,374.58581543,165.306793213,22.2382888794,67.4982757568,8.47920104861
300,11.1109428406,186.752456665,23.3620471954,62.3955039978,4.79676574469
300,71.6287918091,183.082168579,20.3825244904,48.0057258606,3.60689535737
300,402.196868896,151.107467651,29.2599582672,78.9067993164,3.55543121696
300,555.899963379,171.4296875,22.3849639893,59.6177825928,3.51812057197
300,540.605651855,174.291015625,25.3552856445,58.2523612976,1.57021097839
300,500.837036133,182.571289062,18.9117259979,47.1243438721,1.37757044286
300,454.57144165,142.119812012,27.9610385895,71.8041687012,0.981281511486
300,95.1367492676,178.06111145,18.1835651398,47.4243888855,0.449245609343
300,61.1986694336,189.623092651,19.4331512451,45.4095039368,0.364321470261
300,564.065185547,138.364151001,24.8706760406,65.8773880005,0.338696781546
300,367.957305908,193.93409729,21.4100646973,53.0455818176,0.275374925695
300,7.50740814209,27.3252658844,22.8370456696,58.1800117493,0.0338390731486
300,475.053192139,176.108261108,17.5625019073,51.414188385,0.0306891859509
300,627.05065918,69.6089706421,12.9493408203,57.328918457,0.00948914093897
330,11.2395982742,105.405235291,35.1953887939,112.598381042,30.4844647646
330,152.554580688,177.690795898,25.0209827423,56.8243255615,11.6331905127
330,106.273490906,187.407150269,17.3069458008,43.322353363,8.50832313299
330,8.22947978973,185.784133911,15.0280694962,47.8455085754,3.2040335238
330,40.2221488953,179.816589355,19.9367427826,54.7273292542,1.91479120404
330,428.705932617,151.299102783,20.6208667755,57.082901001,1.81076452136
330,6.75011491776,107.493156433,17.4416694641,47.2600250244,1.37988738716
330,18.8970870972,191.319534302,19.5167751312,45.8527412415,0.518958969042
330,481.626464844,212.608337402,23.8549041748,65.1483078003,0.497952429578
330,51.1769523621,192.413208008,18.2519817352,41.7358436584,0.21184515208
330,79.1914138794,190.916687012,17.770570755,41.0674705505,0.197496963665
330,414.945404053,150.677993774,20.3850708008,64.3281860352,0.145249511115
330,614.648010254,243.873977661,17.5052967072,52.3812522888,0.138420495205
360,436.507232666,164.442932129,17.3229179382,49.6464538574,7.16996788979
360,151.723098755,157.29045105,20.8446331024,59.9886627197,4.40305545926
360,131.454421997,168.513137817,20.6481647491,58.0601387024,3.84559296072
360,482.631195068,71.1309738159,26.7342853546,88.0055465698,1.46355479956
360,453.175811768,142.390487671,16.849981308,55.1013526917,0.783329829574
390,511.129730225,124.729072571,19.7798633575,59.9262237549,12.7060726285
390,506.306274414,79.6585235596,22.5419921875,68.9339065552,9.00846123695
390,9.72204875946,187.013473511,15.7254171371,48.2349586487,7.72657692432
390,452.38760376,151.552963257,17.9876613617,52.5801391602,4.4406645
390,473.624847412,118.200706482,20.9947032928,84.0409545898,3.90982739627
390,486.559844971,95.1831665039,30.1125926971,81.4552230835,2.76834405959
390,93.0998153687,155.078720093,20.848657608,66.0534057617,1.22527312487
390,11.0783195496,103.804412842,24.7602462769,68.047996521,1.0027250275
390,25.7249832153,384.494415283,32.0495185852,66.3283920288,0.817329064012
390,519.501953125,60.6032104492,23.540719986,67.5811157227,0.107806699816
390,519.033874512,111.642982483,20.1901721954,53.2444763184,0.0184835749678
390,109.177093506,112.022758484,22.7488193512,58.5025215149,0.0120663054986
420,522.481445312,106.815155029,28.4287433624,86.7953491211,9.67686474323
420,564.108947754,137.177230835,18.2728557587,56.8814659119,2.94173043221
420,121.188652039,335.516052246,20.1790046692,46.3374290466,2.40273382515
420,152.752639771,336.68838501,20.932926178,45.9547691345,1.84299666435
420,88.5920333862,374.376373291,19.7475147247,45.5645332336,1.39215514064
420,131.287475586,325.193450928,19.8940162659,47.8588371277,1.39155872166
420,617.575927734,182.137039185,15.8792953491,45.3688621521,1.32155036554
420,466.391876221,147.61177063,23.6927261353,58.9945869446,1.23528083786
420,608.131835938,141.942199707,20.5286769867,63.7974128723,0.888381525874
420,95.4555587769,354.905395508,26.2731647491,54.5807189941,0.666063418612
420,616.061889648,76.0852584839,18.7683811188,51.3271331787,0.655091181397
420,98.0518722534,115.900550842,41.5556907654,95.3445053101,0.460262363777
420,103.347755432,95.7215805054,24.1244277954,67.981918335,0.384431448765
420,139.996002197,315.343719482,28.2862167358,59.2483978271,0.360646261834
420,157.525802612,302.424530029,28.941236496,57.5989227295,0.31040108297
420,135.331420898,344.918609619,21.3018283844,49.9047546387,0.20969377365
420,509.413848877,239.625015259,20.4872493744,44.6809501648,0.191333435941
420,167.954544067,284.029541016,21.4971828461,51.0343933105,0.149503909051
420,596.717102051,250.857116699,19.0999660492,45.3646202087,0.119620014448
420,576.394836426,126.549659729,23.2286586761,58.3675842285,0.0888509268407
420,614.638000488,285.025421143,18.2114257812,45.3750190735,0.0776406901423
420,520.036804199,42.8437995911,26.6126155853,74.321762085,0.00854744503158
420,550.70892334,24.3136043549,37.0388526917,83.0996704102,0.00071176232268
450,511.185577393,113.80078125,24.7152996063,88.311958313,71.8432843685
450,135.33732605,154.912826538,32.6221351624,62.0737113953,53.3812880516
450,13.1997041702,365.685211182,26.8781223297,71.7496261597,6.48571252823
450,123.749153137,156.917022705,20.8307266235,60.9627838135,5.04408851266
450,469.692138672,175.15864563,26.8632946014,58.0526733398,4.31323945522
450,481.340362549,154.805603027,24.9388484955,67.2229003906,2.38924473524
450,508.071136475,174.274093628,19.9537963867,51.9545173645,2.04804092646
450,498.100494385,150.83164978,19.9786376953,67.8640975952,0.738128693774
450,111.301551819,179.99067688,17.889295578,44.0563392639,0.539474980906
450,172.003952026,165.477493286,24.2119827271,49.9659576416,0.408633891493
450,163.308135986,162.829177856,18.391248703,49.3083763123,0.157058390323
450,33.7455482483,388.390594482,30.7291584015,71.2449493408,0.0858062529005
480,537.671569824,166.195617676,18.5566310883,53.2445030212,66.8601334095
480,516.483398438,173.612930298,19.7791614532,45.8647117615,58.7285578251
480,402.576934814,153.896347046,20.7056789398,67.1471557617,12.3283155262
480,79.968711853,152.809036255,19.5940265656,60.0377693176,5.67258968949
480,104.738334656,320.108123779,18.9294204712,45.6543464661,3.62080037594
480,83.9138565063,345.540618896,20.5444278717,49.8057060242,3.24812233448
480,89.7403488159,324.199157715,26.8434467316,53.7989387512,2.23572384566
480,617.471862793,157.31427002,15.0573883057,48.1241493225,2.23169121891
480,183.295120239,303.125152588,23.4781284332,58.4934272766,1.43671659753
480,563.170837402,167.609008789,30.0521793365,75.328338623,1.19043691084
480,610.971618652,58.7180938721,18.4358196259,63.0542106628,1.02521982044
480,91.6768264771,152.660949707,20.7960548401,59.683795929,0.971784628928
480,67.3693313599,164.871841431,18.214881897,50.5343208313,0.864276196808
480,120.229187012,321.326751709,21.5379943848,45.469493866,0.442998949438
480,108.070526123,158.046783447,22.5147914886,53.9550170898,0.281479093246
480,604.915588379,87.1628341675,21.7387561798,58.5532836914,0.0458581082057
510,37.4842948914,138.011627197,26.8663654327,74.7787094116,7.55003839731
510,405.406341553,160.636779785,27.2553386688,60.9166717529,5.98692260683
510,602.399902344,86.79296875,18.6628627777,58.7031135559,3.46612557769
510,573.170471191,93.5800552368,25.0570297241,57.6728935242,2.83156763762
510,16.716802597,172.850570679,21.1617946625,47.7099571228,2.68866568804
510,508.558380127,112.251365662,28.9913806915,65.7315216064,2.66570616513
510,529.007751465,179.72088623,23.5660495758,57.8171348572,2.02381629497
510,582.335388184,181.987182617,23.538061142,49.1569862366,1.00400708616
510,419.951171875,144.902633667,28.6341152191,73.2797546387,0.854465831071
510,62.8018760681,165.153915405,19.711435318,51.3695793152,0.492792436853
510,615.573547363,87.5755691528,17.1321125031,56.94140625,0.420723808929
510,611.160461426,58.9065551758,19.1963920593,60.5078315735,0.33761956729
510,28.5948429108,157.253097534,19.7757778168,58.8011512756,0.24850347545
510,549.70111084,173.823074341,16.1114463806,56.0825462341,0.188426498789
510,589.426452637,91.7673721313,19.2193088531,55.1964988708,0.0770808430389
540,436.91885376,138.297668457,27.4742450714,102.785362244,41.0470545292
540,14.5667953491,175.414733887,17.5455112457,50.9983673096,3.32705080509
540,453.114990234,186.142349243,20.4989910126,64.334022522,1.57881546766
540,215.072753906,169.294937134,17.0328674316,43.1450920105,1.1556272395
540,25.6280441284,187.636291504,17.4128112793,44.0512275696,0.644475687295
540,35.9790649414,188.020523071,16.2844219208,43.2073860168,0.385645637289
540,237.882095337,278.427398682,21.8076686859,53.8538246155,0.20991761703
540,6.31078767776,65.4501571655,17.355840683,51.7353782654,0.107588525862
540,626.444213867,156.472579956,13.5557861328,64.6874923706,0.00745698853279
570,521.831115723,170.782577515,25.6994552612,67.5867614746,93.3143913746
570,568.149108887,198.266403198,50.9632530212,126.182746887,32.2358727455
570,542.317993164,168.557144165,19.4731349945,56.3476257324,9.48461666703
570,456.61618042,121.857757568,31.5171947479,96.1737289429,7.97650888562
570,44.4522666931,167.598510742,25.9625854492,57.0246162415,0.857617240399
570,390.098846436,176.343139648,23.4274539948,56.9324035645,0.610717851669
570,542.082580566,112.767951965,27.311126709,77.5717163086,0.53142439574
570,472.946014404,111.204711914,21.3019313812,64.0692138672,0.113810168114
600,419.137359619,175.282653809,26.4269618988,67.4169235229,19.4293677807
600,619.53326416,164.347015381,20.4667358398,78.8154067993,17.3411697149
600,191.433944702,163.254623413,17.557849884,48.9456825256,5.52165992558
600,216.107009888,165.212478638,17.0849971771,45.1470489502,3.09392679483
600,533.866088867,98.2829589844,27.602098465,72.8774261475,3.02120130509
600,115.55380249,163.524276733,21.0733661652,51.5355377197,2.02265828848
600,488.598907471,98.7462997437,30.3535823822,80.6428604126,1.85348168015
600,202.672531128,164.34274292,14.7760667801,45.1728668213,0.448386278003
630,483.016204834,130.658920288,21.8534545898,58.9067687988,28.7646949291
630,78.568901062,164.030975342,21.5530948639,57.5127220154,3.96989062428
630,176.65864563,168.535812378,16.8811340332,44.7267494202,1.24404355884
630,97.1491470337,158.898635864,21.1562290192,49.4439506531,0.441139470786
630,496.877655029,201.761489868,21.6506557465,71.5970077515,0.166023452766
630,191.58001709,168.006393433,16.5663299561,43.7334594727,0.0544136622921
660,383.784088135,174.052536011,18.457529068,59.462020874,23.7933322787
660,398.475860596,179.389465332,22.8136310577,59.0476379395,16.5341317654
660,219.340286255,132.042221069,21.4633026123,54.5583648682,14.1913488507
660,575.791625977,179.090560913,25.9466266632,66.582862854,7.45158568025
660,136.78868103,167.374847412,18.9016647339,51.4958343506,6.44862651825
660,8.00380134583,178.707763672,15.4298210144,49.5812034607,3.40769588947
660,517.578369141,163.331192017,24.9019832611,71.8800582886,2.28755939752
660,164.93170166,158.899047852,19.2338409424,52.4881095886,2.01021973044
660,584.561706543,162.10710144,26.6484470367,54.9870491028,1.70415882021
660,373.134796143,174.078796387,17.6311588287,52.9664649963,1.31126185879
660,512.848449707,108.533668518,67.1001281738,136.524581909,1.19011867791
660,615.917663574,40.647480011,15.9552192688,51.351348877,0.660094339401
660,600.667175293,80.3285217285,29.5438671112,58.3745155334,0.592341413721
660,155.735534668,162.43711853,15.0987386703,48.8545341492,0.0653301191051
660,13.3520898819,58.5496711731,22.6401386261,52.5982208252,0.0155638772412
690,440.268096924,176.123947144,26.8292942047,76.4588012695,14.4878804684
690,381.862701416,168.295303345,20.5486602783,59.7564849854,12.6402229071
690,605.07623291,154.052322388,22.0445327759,59.11901474,4.43207919598
690,370.088500977,171.131759644,17.0746631622,53.9178924561,3.73706482351
690,541.104309082,123.210716248,25.3316345215,83.609046936,0.95043387264
690,411.01651001,184.767745972,22.608795166,56.8640937805,0.260657910258
690,43.3778991699,129.791015625,27.1870517731,67.5144958496,0.122437637765
690,616.250671387,239.363235474,16.8766422272,46.2222709656,0.121721054893
690,398.954437256,176.025222778,18.6318855286,58.5392417908,0.116774393246
690,291.416900635,246.078201294,22.0605144501,50.1239738464,0.0823346665129
690,359.0887146,175.62840271,15.9011240005,45.3969230652,0.0148171442561
690,430.540679932,182.917419434,20.3206615448,69.7731018066,0.0108703112346
720,425.354492188,164.718856812,29.625421524,77.153968811,17.6593005657
720,591.249084473,233.250167847,38.4499588013,111.937103271,12.0919771492
720,123.629920959,157.206817627,24.1728801727,61.7938842773,2.40079481155
720,5.15482378006,124.235679626,18.5070362091,62.4228210449,2.04793177545
720,66.8586959839,173.342727661,20.757806778,50.590713501,1.673787646
720,378.255889893,177.063034058,17.37018013,49.9191703796,0.889069028199
720,563.548950195,224.312744141,28.1576366425,83.4401168823,0.789556186646
720,615.20526123,126.700408936,18.3882789612,55.8220787048,0.361739401706
720,551.598999023,243.886886597,21.5388317108,64.9926528931,0.27927912306
720,614.43548584,192.656112671,19.0571994781,50.403591156,0.0783439551014
720,540.005493164,125.455039978,20.3682441711,57.291305542,0.0738345319405
720,555.439575195,341.893463135,24.879278183,53.0883750916,0.00159205719683
750,15.0046396255,170.549484253,22.1594676971,58.1137199402,23.2389077544
750,403.382171631,182.284301758,24.0670528412,58.4938964844,3.72388139367
750,136.82975769,166.450241089,16.9829406738,48.5236701965,3.69552113116
750,506.197387695,186.636276245,36.1828231812,103.308982849,2.65997070819
750,582.274841309,260.032592773,19.8767871857,71.4402923584,2.38512102515
750,11.3055047989,126.989784241,28.1689281464,73.6384353638,1.30480090156
750,530.865905762,373.090118408,21.8454360962,51.984375,0.841430481523
750,582.007873535,137.861709595,22.891752243,62.5289764404,0.737655255944
750,530.176452637,44.2364997864,37.1432228088,84.1119537354,0.57336310856
750,546.245117188,371.736907959,21.9691829681,52.6077232361,0.522354291752
750,615.20880127,266.765045166,17.0541172028,50.4105796814,0.47672316432
750,460.564941406,128.32572937,21.1742267609,62.2596855164,0.123681512196
750,580.206176758,214.967956543,20.6439819336,64.6413803101,0.0339061371051
750,524.418640137,191.946609497,27.8926143646,71.2140274048,0.0263448717305
780,616.551025391,162.293807983,18.7519989014,55.9881706238,37.9332393408
780,486.880584717,97.5962524414,38.9281654358,108.900001526,23.2863947749
780,436.29699707,166.815719604,38.8772468567,92.0304031372,7.18565136194
780,457.472869873,192.180175781,22.9196796417,77.6812515259,5.00662997365
780,470.754730225,126.186592102,23.6268768311,61.2023963928,4.84743714333
780,58.0522422791,149.992172241,24.5702648163,69.7885513306,4.09244634211
780,439.062103271,124.57434845,23.2383651733,68.3725509644,2.25758645684
780,72.7518386841,154.083465576,19.7788982391,60.3926048279,2.00566034764
780,482.372833252,98.5093002319,21.991104126,60.5750083923,1.64372883737
780,422.62588501,170.249313354,29.431230545,74.76222229,0.900785438716
780,486.624969482,210.091964722,30.7848148346,73.569480896,0.861482601613
780,452.200042725,120.920921326,26.4589252472,79.6808166504,0.351845053956
780,627.508972168,149.338699341,12.491027832,48.914150238,0.0635703734588
810,4.84603118896,171.467697144,25.4216537476,78.1630630493,25.0186860561
810,506.910491943,205.415100098,36.631023407,83.1505126953,7.1408033371
810,28.475610733,305.171966553,23.1453113556,62.6700401306,2.60653886944
810,450.598480225,185.338378906,33.0426673889,72.0173110962,1.61497555673
810,37.3694458008,137.394287109,22.4866847992,65.4724960327,1.22060682625
810,7.06847143173,142.428848267,19.5499649048,61.1324768066,0.474776653573
810,25.1075191498,139.649291992,22.206993103,61.8184204102,0.34992415458
810,614.815795898,175.053695679,19.7634944916,56.1732025146,0.316012138501
810,524.553771973,105.866905212,24.0702190399,71.3836135864,0.150242995005
810,589.004211426,86.9179077148,22.2805175781,63.3229980469,0.144545524381
810,46.8820075989,171.089538574,18.9181232452,48.1552467346,0.0595900928602
840,415.971832275,181.778091431,30.3494186401,69.0142745972,3.52391786873
840,178.730285645,66.0315475464,20.9310951233,45.3341369629,2.40622330457
840,96.4108047485,178.609909058,21.3474903107,48.6744537354,1.78444571793
840,601.834716797,77.7495956421,19.3568401337,60.2764282227,1.77973881364
840,205.351455688,163.444732666,18.8873653412,47.0184516907,1.42206726596
840,398.55456543,177.896286011,25.766500473,59.1281089783,1.09221274033
840,558.659729004,142.931686401,33.1168365479,77.0791702271,0.910137500614
840,617.31262207,146.587936401,15.6081151962,44.6459465027,0.642470829189
840,13.6224555969,249.256713867,21.7701950073,49.4767951965,0.565721001476
840,36.3983879089,183.322982788,30.4790477753,62.2862281799,0.0866500369739
840,576.286193848,96.1454544067,27.7591609955,106.713317871,0.0717288348824
870,6.46565008163,253.703781128,22.2745342255,78.9307250977,25.5935549736
870,9.77701282501,211.645828247,99.9172363281,217.99256897,17.5390318036
870,420.737915039,183.003433228,21.4459915161,68.1536026001,6.95957764983
870,615.337585449,32.3232154846,16.6073493958,57.5224113464,4.93725761771
870,557.165222168,81.8167419434,33.5342407227,121.157752991,4.85436990857
870,157.514694214,60.3901252747,20.4765529633,43.9519309998,3.27207259834
870,600.924804688,285.353179932,26.1052246094,80.5524520874,1.77303571254
870,585.608154297,62.3046264648,27.4846553802,105.933570862,0.612421613187
870,601.038208008,118.505226135,21.0454998016,66.1095199585,0.0220651461859
870,626.988220215,29.3960418701,13.0117797852,51.4991455078,0.00176395951712
900,50.7465019226,232.371749878,29.2941799164,78.483215332,35.515448451
900,462.082000732,197.71244812,33.667804718,81.9072952271,6.57863020897
900,608.671325684,171.213424683,22.5530853271,66.4253311157,3.8685284555
900,10.9893026352,211.859329224,40.122013092,132.39894104,0.879108626395
900,578.278015137,90.1877746582,32.3372192383,98.4639053345,0.604360410944
900,588.384216309,35.0448417664,32.4378471375,99.1199569702,0.450896751136
900,55.8229560852,290.232879639,22.016992569,52.5433654785,0.0565866648685
930,173.382461548,159.875106812,20.0073299408,55.8000907898,5.92102408409
930,14.0004549026,381.44833374,28.3484745026,67.0629653931,4.31008711457
930,339.221191406,169.75541687,30.797624588,66.5979232788,0.937736034393
930,617.005493164,179.300857544,16.4227542877,52.028553009,0.728986645117
930,589.913513184,145.319046021,21.2497806549,79.5458908081,0.591513421386
930,107.879241943,223.313552856,20.4068927765,61.351474762,0.582986278459
930,529.76751709,181.645996094,20.3959655762,52.8254890442,0.502154743299
930,85.2760162354,190.86100769,35.4239997864,94.1614990234,0.500681390986
930,541.383117676,168.804290771,22.6834964752,59.6871986389,0.118695176207
960,608.327941895,184.992202759,22.070520401,64.7943878174,27.4932771921
960,604.658203125,73.3672103882,28.71134758,99.7613449097,4.80929017067
960,342.672973633,179.227493286,23.2020969391,60.336227417,0.759830931202
960,124.630409241,207.501525879,34.7130355835,71.7021102905,0.533015560359
960,184.532043457,162.222717285,18.4779338837,49.6528663635,0.286108162254
960,357.476959229,179.390090942,26.1453418732,59.4344940186,0.237223366275
960,417.693756104,184.989456177,22.6147918701,71.419052124,0.127854268067
960,628.418640137,193.636428833,11.5813598633,49.2126274109,0.0198570836801
960,437.269195557,73.7290039062,22.3330383301,61.6498260498,0.0194311054656
960,627.252258301,49.9689025879,12.7477416992,56.4296913147,0.0107850326458
990,507.414154053,212.133911133,35.4723434448,92.2556381226,9.81011688709
990,453.630889893,186.733261108,27.7631015778,79.4998397827,2.64055225998
990,550.20300293,229.335281372,32.4155158997,94.6731796265,1.99809689075
990,540.300415039,97.6949996948,20.0820178986,64.256362915,1.90084706992
990,235.083129883,178.350524902,18.1563854218,63.4206390381,1.23190050945
990,479.916259766,186.071609497,31.7574939728,101.289886475,0.794121623039
990,541.376037598,197.613113403,34.3379859924,78.9987792969,0.759300356731
990,536.809387207,227.678466797,22.2900066376,64.6861572266,0.29125593137
990,437.757202148,194.862548828,25.7486362457,73.4307937622,0.0742849893868
990,564.88482666,224.383544922,21.4455738068,53.5761451721,0.0364290230209
1020,109.952331543,185.340332031,18.7757587433,43.1312713623,9.15959700942
1020,578.994262695,230.436965942,27.3263454437,79.1374740601,2.6295363903
1020,244.975402832,189.464614868,30.6733646393,68.0568161011,2.48347464949
1020,5.6828789711,215.21321106,16.8858089447,50.4802589417,2.37749032676
1020,562.862243652,235.560623169,29.1586437225,85.0312576294,1.74227505922
1020,225.321716309,206.695755005,22.2464618683,55.2848243713,1.28087187186
1020,120.115440369,182.675796509,19.0406932831,44.1550712585,1.07785491273
1020,96.2111816406,182.150039673,19.1305103302,45.5410423279,0.783964805305
1020,592.614624023,223.467651367,23.7127857208,65.3427047729,0.530157703906
1020,497.205932617,237.459640503,22.8270053864,65.0751419067,0.243991333991
1020,5.11811637878,113.484474182,17.2142925262,53.4461784363,0.172543677036
1020,386.938690186,29.3449649811,22.5448932648,55.579284668,0.10805799393
1020,594.944152832,215.859390259,43.1423683167,112.333496094,0.0748631136958
1020,361.615386963,191.314498901,29.5393276215,74.2341918945,0.0376608280931
1050,146.570953369,173.066589355,20.3601932526,54.1348419189,9.89432036877
1050,463.548919678,179.440490723,25.2275924683,58.0742454529,8.03936198354
1050,166.714279175,172.541381836,22.2333698273,50.5753364563,2.31784526259
1050,604.576782227,280.772491455,23.2288188934,76.2862319946,2.06158570945
1050,83.4601898193,190.021347046,17.36561203,43.3773536682,0.970303732902
1050,605.119567871,70.6698608398,19.689119339,50.9739990234,0.330318976194
1050,333.12600708,190.26953125,34.5860443115,103.203727722,0.305768242106
1050,617.010131836,65.0627059937,15.188041687,45.5492401123,0.276285479777
1050,358.431762695,196.578674316,21.7417316437,54.8544769287,0.019754578534
1080,481.416229248,175.986633301,28.9577388763,66.4532546997,22.3098754883
1080,130.733337402,166.25189209,22.0323390961,56.5573692322,12.7001747489
1080,146.454116821,173.700027466,19.6934871674,52.5327339172,7.19076022506
1080,51.3194389343,194.433410645,22.5951595306,45.516002655,7.09997192025
1080,11.9461393356,184.597640991,17.1761951447,49.6108512878,1.89444739372
1080,80.9773635864,161.91835022,23.0158367157,65.5725784302,1.65298990905
1080,66.7504196167,192.782409668,16.5877246857,42.207485199,1.0906631127
1080,506.517791748,175.962966919,16.3304195404,51.7326774597,0.663738744333
1080,617.391052246,52.9947090149,15.4556312561,53.8041229248,0.622609630227
1080,113.870521545,168.055435181,25.4076747894,61.5037536621,0.380071369
1080,414.581573486,177.794250488,16.7132263184,43.6182899475,0.317487097345
1080,223.896987915,191.078231812,22.27485466,58.5988197327,0.284804357216
1110,108.630470276,155.966903687,26.8474636078,74.4723587036,13.7723982334
1110,17.5769119263,202.312332153,21.53074646,47.7054862976,10.7397541404
1110,505.881866455,171.644882202,31.398109436,71.3815765381,5.588606745
1110,134.954238892,160.550827026,27.0322723389,66.889251709,2.65066958964
1110,35.6411399841,199.793212891,15.2549552917,42.399433136,1.94644276053
1110,533.165466309,181.279800415,20.2638072968,62.4388313293,1.4449168928
1110,125.350341797,161.721298218,20.1040859222,61.3191413879,1.22064501047
1110,420.353057861,177.657516479,16.5331401825,45.4915161133,0.888734962791
1110,51.788898468,196.514389038,18.2820911407,45.3800086975,0.421046605334
1110,512.401184082,221.208618164,20.6044158936,49.8848609924,0.224059238099
1110,178.707809448,286.748260498,22.7823486328,52.5015068054,0.0976623152383
1110,226.871261597,191.921951294,32.8351554871,63.0598716736,0.0853453646414
1110,18.7365550995,378.57421875,31.5323848724,70.4921340942,0.0167618927662
1140,9.36148738861,190.067886353,17.5091438293,44.5156898499,17.3853412271
1140,536.804260254,165.455307007,24.343421936,56.0046081543,8.46080332994
1140,115.45766449,152.675613403,28.4677734375,75.3025283813,8.26052874327
1140,14.0807352066,383.330444336,34.5515365601,66.0262374878,6.35690465569
1140,97.9437866211,160.386169434,24.8581409454,67.8586044312,3.40504944324
1140,604.483764648,167.034378052,31.4125995636,88.5327072144,3.38086113334
1140,137.065933228,178.082168579,17.2332630157,53.4844551086,2.86421570927
1140,359.658691406,364.488128662,22.6415710449,54.7064704895,1.87326762825
1140,60.2238273621,362.2449646,22.0582141876,44.2255554199,0.822407379746
1140,80.9406814575,159.782592773,27.8863372803,69.6507949829,0.658369204029
1140,497.132781982,325.260894775,22.216917038,48.0808258057,0.460936734453
1140,565.056945801,176.720947266,17.9135398865,48.5545463562,0.396152865142
1140,231.581710815,191.580123901,23.5171756744,56.6906166077,0.377102917992
1140,610.676086426,147.457778931,20.4265003204,60.7973213196,0.364746293053
1140,19.5952358246,193.032211304,18.330997467,45.5431556702,0.274938368239
1140,617.174743652,220.959732056,15.9772415161,48.2020301819,0.272859330289
1140,567.323059082,249.560256958,30.7228336334,56.4409217834,0.153689051513
1140,554.356506348,172.537734985,18.3455219269,51.8113098145,0.140388577711
1140,612.904846191,21.588891983,18.9875259399,67.0929870605,0.122633192223
1140,626.692077637,160.14112854,13.3079223633,59.9762458801,0.0582874752581
1140,626.081359863,22.5335445404,13.9186401367,74.586265564,0.00368676410289
1170,125.251670837,176.936828613,19.6073055267,53.3359031677,10.6152169406
1170,13.1256904602,376.908050537,35.7980270386,71.3952407837,4.35517951846
1170,240.321090698,184.287063599,26.3493099213,64.1583023071,1.24070029706
1170,74.6469345093,155.108505249,27.7938213348,69.1253585815,1.06801008806
1170,431.231231689,174.770568848,19.4004611969,49.0562438965,1.01238070056
1170,333.317504883,183.382949829,18.8735523224,47.6899528503,0.943624228239
1170,22.3676319122,188.830184937,16.5872898102,47.8289031982,0.667482614517
1170,616.967102051,92.0001449585,16.1530075073,51.825881958,0.639527104795
1170,106.118492126,143.382247925,26.2161998749,75.9647827148,0.379468826577
1170,498.62411499,196.32409668,19.4172649384,47.2560424805,0.15362292761
1170,573.046691895,388.974731445,21.672586441,46.2160949707,0.117282080464
1200,614.612182617,168.272720337,17.0189914703,49.7177085876,8.2403190434
1200,251.441650391,181.120727539,29.0484447479,64.2113342285,3.38059365749
1200,38.4565315247,156.080978394,25.7533111572,82.0888061523,2.18339972198
1200,110.077026367,170.065612793,18.8400688171,64.1241378784,1.39595968649
1200,58.6364097595,167.968765259,27.4623432159,65.0284957886,0.701790489256
1200,13.7578382492,149.113647461,33.9560813904,88.0082168579,0.648391852155
1200,453.395355225,171.762588501,21.7306537628,52.1290168762,0.624988460913
1200,6.72275161743,179.715011597,19.4590396881,62.5261421204,0.299311382696
1200,202.273513794,176.60987854,23.9756793976,48.3370933533,0.208392459899
1230,502.010528564,174.158996582,19.0499477386,52.8375587463,15.5300080776
1230,457.282806396,176.887557983,15.530166626,44.2871055603,6.60932660103
1230,17.5137634277,221.220230103,33.6461219788,88.0777511597,6.56665340066
1230,90.8296203613,183.350814819,43.1688499451,85.1780166626,5.95115199685
1230,467.021850586,168.718475342,17.3360366821,44.6277923584,2.21640355885
1230,525.54675293,166.05847168,21.4479999542,59.9730529785,1.47133739665
1230,18.8645095825,378.232208252,37.0710945129,68.8273086548,0.926721002907
1230,9.85077190399,215.685745239,20.5713329315,56.5216331482,0.579839246348
1230,257.471679688,175.931884766,19.5058574677,53.4594459534,0.458281533793
1230,477.020355225,171.386535645,18.2869720459,45.8673400879,0.386073207483
1230,302.069610596,372.252166748,33.0366172791,74.1936721802,0.321906153113
1230,18.773557663,109.856544495,25.2013492584,68.1022262573,0.183772633318
1230,515.943908691,186.399856567,19.296049118,46.0092201233,0.0933082366828
1230,498.980987549,124.313926697,21.0352325439,59.8766021729,0.0632263196167
1260,484.100341797,180.444702148,22.3246002197,50.689617157,13.5344147682
1260,30.2838993073,201.738342285,22.9799480438,71.2070388794,4.00672182441
1260,555.812683105,113.329978943,21.9257278442,62.8316078186,3.70361320674
1260,15.4442977905,192.370483398,17.3488788605,52.9410591125,3.25749441981
1260,582.681945801,162.317672729,27.1711826324,75.3819351196,1.6636185348
1260,171.134338379,184.179199219,27.2482433319,49.5080108643,1.35492598638
1260,123.938987732,204.736328125,30.6728343964,69.6124954224,1.29984021187
1260,41.0747795105,158.078872681,25.3944911957,69.0058670044,0.151213689242
1260,258.360565186,180.850585938,27.5372982025,48.76770401,0.0969183398411
1260,618.257385254,183.441726685,15.6873083115,43.7206420898,0.0449954852229
1260,597.715087891,140.677749634,31.3083095551,88.427116394,0.0380887038773
1290,415.463348389,200.418533325,17.2392501831,53.4819984436,5.00969588757
1290,6.68996191025,148.796600342,19.7616119385,63.3211097717,2.13131997734
1290,227.752975464,200.022232056,21.1690597534,59.855594635,1.1849205941
1290,259.631744385,305.506561279,20.8980751038,45.4478111267,0.219374359585
1290,295.896240234,309.621856689,21.0778446198,44.0242462158,0.160566810519
1290,361.73348999,184.934692383,22.232301712,55.8652534485,0.0870035786647
1290,615.942138672,219.742675781,16.7916660309,43.4333152771,0.065153563628
1290,324.575897217,308.455108643,27.8865184784,51.1222991943,0.0451991450973
1290,270.753265381,309.428741455,28.4047164917,53.7375221252,0.019568123389
1290,8.79180812836,29.9635982513,28.7176990509,66.2210006714,0.000610793495071
1320,31.6324253082,164.140335083,20.4913349152,60.4690856934,5.54671175778
1320,415.887542725,210.299728394,17.2067737579,59.0231170654,5.32494410872
1320,10.266784668,151.239349365,23.2290439606,84.6648178101,2.97965947539
1320,13.8234672546,376.415313721,36.3806724548,77.7495269775,1.09985116869
1320,161.839706421,157.845153809,23.6683712006,62.0394172668,0.786449573934
1320,6.62442064285,189.062240601,16.5309848785,53.4393157959,0.446992786601
1320,46.7730140686,184.12109375,17.5402355194,47.9413566589,0.316492049024
1320,40.4979171753,127.28200531,24.8592586517,69.6663742065,0.301160966046
1320,6.13202095032,389.708526611,18.4055900574,54.2636833191,0.249459571205
1320,431.382110596,206.158325195,19.9101333618,64.6157302856,0.221119029447
1320,55.8742179871,373.920074463,22.3503417969,46.6273040771,0.218843575567
1320,368.201507568,191.614303589,21.6517333984,52.4767875671,0.14837984927
1350,72.5452270508,188.598693848,23.6493453979,48.8897285461,47.8180080652
1350,436.442779541,206.423446655,19.8923397064,64.3495559692,8.9473798871
1350,370.488494873,183.499633789,19.5638389587,50.5155487061,1.22959678993
1350,616.93170166,154.652297974,16.1929798126,49.629486084,0.951969530433
1350,615.189147949,213.963668823,17.2013072968,49.3154907227,0.216125301085
1350,286.550262451,187.991149902,28.6715698242,69.157623291,0.134333292954
1350,39.3999214172,146.379379272,28.6022624969,69.8065109253,0.0292945362162
1380,519.573425293,234.628417969,43.2225799561,100.151924133,31.3055574894
1380,11.2422103882,188.598861694,20.0418338776,60.9715003967,12.4276466668
1380,431.091522217,199.669128418,26.5027370453,71.7073898315,0.772265298292
1380,90.8992385864,166.174621582,18.6385746002,57.2442169189,0.217412528582
1380,445.494262695,128.995620728,29.5572662354,92.4541244507,0.206647627056
1380,280.887634277,190.291503906,30.6785106659,59.9829063416,0.114546879195
1380,626.396362305,31.4908008575,13.6036376953,55.5852012634,0.00290715324809
1380,607.746643066,30.5036067963,30.2030029297,75.7776565552,0.000702507031747
1410,612.996887207,32.8897590637,24.5191059113,64.5559692383,15.8448204398
1410,7.76542234421,185.108352661,16.4024791718,49.0762062073,7.98309892416
1410,117.660179138,175.155273438,20.5087280273,53.7993927002,4.15612831712
1410,107.212280273,179.315963745,17.9009246826,53.4001121521,0.787198636681
1410,481.012969971,79.598236084,30.6937046051,109.864234924,0.180475320667
1410,365.94430542,184.889297485,20.0785484314,51.9294395447,0.0957095762715
1410,15.1874923706,369.568603516,33.5770721436,89.2083129883,0.0151737272972
1410,628.89276123,52.2709960938,11.1072387695,65.1501541138,0.0113462767331
1410,566.257873535,243.93196106,31.473531723,113.876861572,0.00978556417977
1440,85.1044692993,170.741134644,21.7358226776,57.9711112976,11.9072400033
1440,9.58502006531,174.058883667,19.9820594788,50.0963134766,2.70949732512
1440,72.5842971802,173.718566895,21.9683208466,59.4734992981,1.1601800099
1440,590.610168457,44.7051506042,41.3174705505,108.374061584,0.701159099117
1440,99.5779647827,171.929824829,21.1875,55.880569458,0.585159519687
1440,572.116333008,196.816757202,30.5763378143,65.2780075073,0.569138396531
1440,539.665466309,51.3587036133,26.7158584595,91.9274673462,0.371771957725
1440,44.2498283386,153.057647705,24.8393554688,68.2393569946,0.353054655716
1440,523.699890137,61.6176567078,21.9966068268,71.1425323486,0.0548906740732
1440,614.143127441,199.774597168,17.9456481934,44.6660461426,0.0302972825011
1440,567.507873535,80.3009567261,29.5544986725,133.741699219,0.00335010809067
1470,47.8307952881,160.476898193,22.3526592255,70.7575912476,37.066295743
1470,531.752380371,58.3655548096,20.396730423,69.119354248,5.38392588496
1470,60.8846931458,171.412658691,19.3261871338,54.4630432129,2.87120901048
1470,27.0777130127,175.702194214,23.0231647491,57.8775939941,2.73716263473
1470,76.0281906128,175.355606079,21.9991207123,54.6101722717,1.55575629324
1470,541.964355469,47.9817199707,22.159204483,64.9517745972,1.06710428372
1470,506.026275635,53.3832244873,25.4159469604,58.5162353516,1.0320995003
1470,593.15447998,362.455230713,22.1428890228,48.7833366394,0.923256203532
1470,520.590454102,59.2723045349,19.4946098328,60.2662849426,0.492110848427
1470,574.867004395,363.278076172,27.6663570404,62.0041389465,0.336916046217
1470,534.458679199,350.346557617,22.5167255402,52.2139701843,0.322486110963
1470,521.351135254,190.695419312,17.3126506805,46.2853279114,0.129570206627
1500,617.86541748,182.567855835,14.7243566513,47.913684845,6.43114447594
1500,26.4467010498,164.9322052,26.7111339569,62.6100463867,5.34532740712
1500,8.51640605927,180.365493774,18.3933467865,59.1727752686,5.12159131467
1500,19.4310474396,174.698562622,18.1377277374,57.5001068115,0.345901818946
1500,268.136260986,173.728927612,26.0751857758,56.8172035217,0.329369702376
1500,317.686065674,119.197692871,22.8039264679,61.3172492981,0.165999180172
1500,475.308807373,173.780380249,20.3496761322,59.7098121643,0.12737584766
1500,458.720550537,181.745483398,18.846162796,49.1976280212,0.125169800594
1500,502.694915771,25.5012569427,23.6319732666,65.2651290894,0.0204159718123
1530,247.093795776,163.309677124,19.6498374939,50.7077178955,15.3388872743
1530,264.208404541,164.796005249,28.2228069305,67.457321167,10.0739449263
1530,488.129425049,180.400436401,20.9842281342,54.5863761902,0.993944425136
1530,500.432495117,186.893493652,17.9154033661,50.6400146484,0.952261406928
1530,514.925292969,67.6218795776,33.8800697327,83.8076629639,0.182071805466
1530,509.23348999,179.034057617,22.5102367401,70.3745193481,0.0621378654614
1530,609.444641113,26.8430271149,20.5204944611,60.3566474915,0.0144791396451
1530,542.886657715,36.7179641724,30.1410083771,73.7434616089,3.43222374966e-06
1560,233.927246094,165.418563843,23.4124698639,51.1311187744,5.36516718566
1560,618.09942627,187.462509155,17.2065753937,51.1203308105,3.91715206206
1560,261.83895874,166.989685059,27.9610805511,63.7033691406,1.35108027607
1560,515.8046875,77.4814987183,32.5375442505,78.2500228882,0.929490569979
1560,610.625793457,220.29347229,19.2880306244,52.3591461182,0.666806520894
1560,564.951477051,204.317886353,16.6201095581,45.3362617493,0.570719223469
1560,53.3905181885,169.693649292,24.6347560883,62.3992767334,0.551316468045
1560,627.917907715,180.496536255,12.0820922852,46.2064247131,0.113078358117
1590,217.384872437,158.973831177,19.7523365021,54.09217453,66.0888373852
1590,7.81416654587,185.312759399,14.2011604309,51.1341819763,1.90489217639
1590,125.978858948,202.412918091,22.3425750732,47.6372261047,0.857638381422
1590,29.2809848785,149.097595215,23.2618255615,56.8826141357,0.538573414087
1590,228.711410522,157.446609497,21.2956809998,57.663192749,0.517861917615
1590,163.225708008,117.30594635,18.7560939789,47.4945869446,0.344336940907
1590,452.076934814,123.220069885,28.8124389648,90.3367919922,0.285775912926
1590,6.68401193619,399.356231689,19.0892162323,54.727016449,0.0700069824234
1620,483.001220703,124.781547546,29.0937900543,85.6385498047,7.14986696839
1620,54.9959526062,185.351730347,20.4092273712,58.4861869812,5.48240728676
1620,206.53477478,161.659881592,20.7267093658,58.5579223633,3.80915552378
1620,232.201858521,158.116668701,19.060092926,55.0255279541,3.24951931834
1620,617.167541504,198.614822388,15.3824491501,43.6468811035,3.14255878329
1620,473.973388672,122.177146912,18.8990192413,55.6339073181,2.38160267472
1620,141.476516724,111.198478699,20.0062541962,46.6151771545,1.47571349517
1620,243.098220825,166.308044434,19.8513793945,59.5478019714,0.489158648998
1620,292.064178467,103.159461975,27.7194499969,64.4625930786,0.401158118621
1620,28.2526493073,369.535766602,23.915435791,54.9896202087,0.339316716418
1620,5.08370828629,229.992980957,20.3849239349,61.9662742615,0.121885922272
1620,391.122314453,359.452789307,35.5611991882,83.1923599243,0.0319344224408
1650,427.978515625,174.057373047,18.2631626129,51.5266532898,7.62307196856
1650,537.766662598,159.460342407,26.0303726196,66.5676574707,5.34159168601
1650,511.964233398,114.043884277,24.492307663,101.705070496,4.79782447219
1650,296.674102783,102.935028076,22.80443573,64.491355896,1.33597897366
1650,24.9829463959,181.451705933,23.0005970001,44.7881278992,0.965285487473
1650,491.798980713,87.1951675415,31.2977619171,103.91153717,0.762319378555
1650,225.772659302,156.275634766,21.3751220703,57.6610908508,0.54382472299
1650,524.648742676,121.062599182,22.3463897705,58.3999176025,0.208728574216
1650,441.3800354,168.010269165,16.7059955597,47.6977729797,0.142603414133
1650,615.809631348,147.339767456,15.3848228455,45.9449043274,0.102365203202
1650,592.332946777,206.175598145,27.5294647217,59.4086456299,0.0753173895646
1650,312.305633545,82.4076843262,21.1800079346,55.9481964111,0.0178576490725
1680,7.03624725342,184.861709595,14.9992017746,51.5893287659,17.5475776196
1680,311.194793701,99.4917831421,22.3777694702,59.2087097168,6.87641277909
1680,596.239074707,40.7733955383,34.8112182617,110.410301208,5.50971440971
1680,228.391479492,154.450759888,18.46342659,59.9742012024,3.14090587199
1680,537.836853027,72.3322753906,22.4883708954,61.7417030334,1.10925883055
1680,211.207458496,162.958847046,17.6448001862,52.7458381653,0.817008502781
1680,587.02947998,187.55140686,16.7332000732,49.7863769531,0.515702040866
1680,466.693023682,190.816894531,19.1759738922,51.7970466614,0.290423538536
1680,6.68201971054,34.5962791443,17.986541748,50.0931549072,0.0798947410658
1680,320.318695068,81.5904846191,24.0818862915,57.539150238,0.0123809091747
1710,293.284118652,155.56993103,23.1436901093,65.2590713501,34.4350397587
1710,11.9566040039,193.200866699,26.6459712982,63.7893943787,27.5074660778
1710,518.873840332,178.35748291,23.9594955444,76.6858291626,11.1556261778
1710,606.390319824,76.583404541,23.521856308,57.992023468,7.34024047852
1710,302.499420166,94.9681167603,22.0083179474,58.1622161865,6.0506451875
1710,44.6759338379,199.866027832,22.63646698,53.2937889099,6.02607242763
1710,12.5891218185,363.700836182,32.9933357239,81.0695419312,2.79509313405
1710,526.231994629,166.523498535,20.4737300873,48.2316436768,2.11256295443
1710,209.850204468,147.849807739,23.0511951447,65.7482681274,1.89519505948
1710,463.163848877,335.093811035,24.8699645996,54.8766670227,1.65401119739
1710,492.593475342,369.961517334,22.7869205475,55.6701316833,1.40941794962
1710,314.140930176,91.5057373047,24.336473465,60.3932800293,1.29518145695
1710,545.197509766,112.969047546,27.5699977875,65.6877822876,0.749060697854
1710,504.235076904,196.997207642,22.7734470367,60.0285224915,0.561734987423
1710,389.054077148,174.161056519,19.2886219025,47.5619506836,0.165472214576
1710,482.923828125,221.755874634,31.9102420807,56.8183174133,0.159078289289
1710,535.937561035,125.693138123,20.8567066193,60.6045227051,0.109871302266
1710,230.807189941,147.486373901,20.5324459076,55.240901947,0.0268232368398
1710,539.345031738,398.754272461,24.4221515656,53.7119636536,0.0136855232995
1710,514.928405762,378.491119385,35.0731048584,78.1583328247,0.000875666955835
1710,333.895782471,24.7856616974,24.760843277,48.4614524841,2.71445287581e-05
1740,586.724914551,66.6712265015,42.4883918762,175.503479004,61.0690355301
1740,532.746276855,142.012573242,29.3997440338,98.8837890625,46.4581221342
1740,7.93860960007,210.726501465,15.8442239761,45.5629844666,4.8956271261
1740,233.891616821,133.820022583,30.6034240723,78.5506973267,4.7609668225
1740,547.448303223,166.823699951,20.1599140167,56.3456001282,4.52730841935
1740,573.960021973,216.085647583,22.9036197662,55.237613678,2.95567177236
1740,6.98929262161,77.2185592651,17.1213645935,46.5432739258,2.93893944472
1740,253.754394531,158.743423462,19.1669254303,55.6261749268,2.43371408433
1740,606.094543457,39.509513855,26.8012142181,76.2605438232,1.5657177195
1740,550.471130371,243.420120239,20.8323326111,47.4902610779,1.5099523589
1740,557.68572998,157.146224976,18.0686359406,53.8565635681,1.49737615138
1740,227.323684692,247.279159546,20.0472507477,45.6070098877,1.43524054438
1740,122.460083008,148.046768188,21.0974617004,55.4883384705,1.24491546303
1740,528.744812012,181.843215942,19.7884960175,53.8874397278,1.20613370091
1740,574.391662598,99.7623672485,32.8730049133,101.233428955,0.98093021661
1740,578.218078613,165.292053223,29.6770114899,96.4366149902,0.883256923407
1740,515.272521973,171.507141113,17.895532608,52.0335655212,0.816643610597
1740,184.970153809,142.196899414,28.8246479034,66.3324279785,0.487268855795
1740,503.306396484,224.06640625,22.3857574463,51.3645973206,0.326716434211
1740,329.374145508,178.746170044,27.8056640625,52.0455627441,0.234051444568
1740,563.891235352,222.413009644,19.3222293854,52.1092414856,0.193327176385
1740,545.744689941,206.690292358,22.4806194305,48.6291999817,0.144532031845
1740,581.800842285,288.115997314,26.3447723389,49.0503196716,0.0623632804491
1770,52.8700294495,142.778076172,39.5263023376,95.5218811035,31.6810369492
1770,5.99457788467,210.430343628,16.3370265961,45.3625679016,30.6080102921
1770,589.735900879,97.5956802368,35.7292976379,129.668685913,29.0690600872
1770,586.632995605,166.775985718,18.6380767822,53.0287284851,17.7547171712
1770,137.59211731,137.695968628,23.7207965851,58.8010368347,14.139534533
1770,508.448272705,169.083099365,19.0657978058,44.7559967041,13.1926357746
1770,609.580444336,104.406677246,22.2062740326,89.2194442749,5.36436624825
1770,552.832214355,173.063430786,21.6577854156,61.8595733643,3.91262024641
1770,563.720275879,163.486068726,17.4792461395,53.0659828186,3.86810451746
1770,614.791625977,218.767944336,16.6705932617,54.1303749084,1.89969576895
1770,598.854614258,27.5255432129,29.2825679779,89.3334960938,1.81668009609
1770,574.006835938,157.376998901,21.4609451294,54.4917297363,1.02902119979
1770,121.031677246,140.751922607,25.0419387817,71.8832015991,0.726450234652
1770,309.683776855,165.124313354,18.1167297363,45.4394073486,0.232549500652
1770,617.495422363,84.9940719604,15.2775888443,59.9344177246,0.149546668399
1770,257.774932861,131.251083374,19.0799331665,62.0335388184,0.122978794388
1770,616.784118652,38.7941207886,15.2196722031,56.0881385803,0.107245263644
1800,480.617553711,167.091903687,17.7439594269,55.195400238,28.0002385378
1800,549.214294434,163.662887573,19.5367355347,49.8365745544,27.8924912214
1800,612.644958496,169.704605103,18.6150150299,51.3047637939,19.7652384639
1800,492.169677734,167.40625,19.9903717041,55.9328155518,13.928578794
1800,532.434020996,164.078903198,18.0063819885,49.877117157,13.4482488036
1800,598.992004395,106.676216125,20.378528595,61.8197021484,5.56375049055
1800,597.905761719,191.501785278,25.9871578217,67.0132369995,3.04905734956
1800,469.450164795,170.788070679,19.0662670135,52.7855796814,2.6780448854
1800,470.751342773,343.981567383,21.6897735596,60.1410484314,2.08542309701
1800,561.29498291,153.838912964,20.1109733582,58.8638496399,1.30364475772
1800,481.965820312,362.553741455,21.9788894653,47.733291626,0.985266640782
1800,157.062454224,173.681152344,24.7355937958,62.2925071716,0.952143035829
1800,214.406494141,80.7111129761,23.2933063507,56.4844017029,0.661626411602
1800,456.586334229,355.821075439,21.838218689,49.313495636,0.644448772073
1800,44.3207550049,133.521133423,24.0567150116,62.1160087585,0.509766675532
1800,584.932800293,214.407592773,19.5783519745,48.3650398254,0.450871093199
1800,181.127563477,155.115783691,22.1233272552,65.6150436401,0.367508875206
1800,613.10723877,93.1518554688,16.4187679291,54.1349372864,0.351224839687
1800,10.4885253906,131.366287231,20.3730831146,63.5879096985,0.295715266839
1800,566.398681641,128.770339966,21.957403183,51.5803642273,0.187135010492
1800,571.738098145,223.533569336,23.037027359,54.1908988953,0.144923536573
1800,614.055786133,368.443756104,18.3318538666,49.4535064697,0.120790838264
1800,204.447402954,133.319564819,19.5881023407,62.8158378601,0.0592833559494
1800,57.7545280457,132.73286438,24.8395137787,63.4658508301,0.0131136359414
1830,532.046020508,163.466491699,22.0082302094,54.2642364502,65.0416076183
1830,552.368469238,163.443832397,20.0093040466,55.1974830627,7.54169002175
1830,476.531982422,187.190658569,21.4975280762,43.670791626,3.06266993284
1830,456.375579834,179.937438965,21.6412582397,49.0854454041,2.20976080745
1830,153.007736206,77.5071029663,20.3914146423,53.2584686279,1.33505212143
1830,123.619941711,150.901794434,22.2292327881,62.1821174622,1.0589289479
1830,72.9964065552,179.666397095,18.841463089,46.3358650208,0.245005614124
1830,7.69039201736,111.799491882,16.3018321991,48.1165313721,0.0854615878779
1830,129.034378052,130.020401001,21.0767230988,54.4984703064,0.0339091260685
