30,181.002212524,171.957046509,21.5201511383,50.8753089905,55.7706058025
30,156.760009766,172.300308228,20.3383617401,56.0930519104,10.1007677615
30,350.702728271,168.411849976,17.5368442535,50.1138801575,2.15075872838
30,97.9244995117,168.471374512,21.7172374725,59.8056640625,1.70571953058
30,297.359619141,165.766204834,19.1364917755,52.5155601501,1.4517438598
30,171.395858765,169.792984009,16.7176094055,53.237197876,0.983929820359
30,373.278656006,170.625976562,19.4110012054,51.3893127441,0.86059840396
30,498.487213135,184.560668945,17.9720630646,50.5200233459,0.733816856518
30,120.524200439,173.055160522,17.788520813,51.1961250305,0.669705215842
30,613.675354004,60.643321991,19.6170253754,50.869846344,0.0975838920567
30,615.776916504,88.7531204224,16.9359951019,49.4401817322,0.0143172888784
60,536.255065918,160.810531616,23.7587680817,65.4223556519,17.5594449043
60,594.940979004,183.561019897,30.0631275177,71.5396652222,4.5796263963
60,354.681976318,165.465637207,18.6330127716,48.9476737976,3.47923375666
60,114.948699951,170.802108765,19.7353248596,62.2940673828,1.98261011392
60,367.685638428,169.676116943,16.6424484253,41.3337974548,1.36185036972
60,558.441589355,159.014480591,18.8432235718,54.5430450439,1.27497725189
60,145.858139038,170.937301636,24.7848339081,58.1128845215,0.672209588811
60,6.5704741478,161.978439331,17.6909999847,48.9908447266,0.385391060263
60,377.43762207,171.680404663,18.7459774017,45.597366333,0.286849611439
60,128.754989624,173.698806763,20.0496177673,54.5452423096,0.283689447679
60,615.018127441,212.175918579,15.9962053299,47.9256134033,0.186705018859
60,244.108947754,166.336868286,20.1749992371,50.7729225159,0.117707962636
90,365.994232178,167.777420044,23.3316326141,47.1454620361,6.4826592803
90,51.3893890381,185.57749939,19.914024353,51.9326210022,3.18974591792
90,41.3528327942,190.955993652,19.1967372894,49.0914001465,2.46835593134
90,285.246032715,147.358596802,26.1670780182,66.208442688,1.7387419939
90,31.415643692,196.038085938,18.8439464569,47.1624145508,1.63077525795
90,356.004852295,164.966110229,16.9646625519,50.3719062805,1.41106080264
90,614.305603027,226.43182373,18.6484298706,49.7441139221,0.791893154383
90,380.247589111,170.446212769,18.4758052826,45.4917564392,0.436196569353
90,480.010528564,196.617126465,19.2133903503,52.7101402283,0.329373916611
90,401.017578125,180.266098022,16.3215389252,45.2461700439,0.130029325373
120,359.257202148,157.39881897,20.9645271301,56.9522705078,88.0998909473
120,290.561676025,152.841293335,22.386724472,59.6710662842,18.3495059609
120,408.144042969,163.159378052,17.1349487305,48.0675163269,10.1325891912
120,557.489562988,115.033569336,25.9271564484,74.3952865601,3.39021869004
120,385.92565918,160.491470337,18.5650978088,50.1120185852,2.68044006079
120,611.796447754,174.731033325,18.0684604645,58.3125343323,2.31718830764
120,62.4565849304,164.724990845,19.0098400116,65.2575912476,2.2365020588
120,573.436523438,122.523368835,20.3618869781,55.8177490234,1.26753533259
120,459.953216553,195.703109741,19.0710067749,48.8252105713,0.659136101604
120,578.059143066,187.426757812,20.429265976,60.8965873718,0.592563673854
120,440.241729736,161.911331177,19.8925991058,49.801071167,0.381419784389
120,271.18838501,100.971748352,25.1319503784,74.5497589111,0.28508589603
120,428.612670898,162.895889282,20.3011722565,55.1197357178,0.20194593817
120,615.161560059,134.292938232,17.0062561035,60.6298980713,0.178402662277
120,519.531921387,117.314567566,27.4114246368,73.4256210327,0.110522878822
120,615.526550293,208.693893433,17.8243083954,49.2542304993,0.0454459077446
150,29.1293945312,161.72706604,22.8980884552,61.5061759949,32.9963773489
150,290.448944092,150.038253784,25.8523712158,61.095489502,9.58544462919
150,7.37701749802,183.308425903,16.3708400726,48.9742012024,8.14300701022
150,550.458557129,192.040222168,21.8323917389,50.6690368652,6.09754174948
150,607.69720459,196.117996216,24.3362522125,60.9410820007,5.9883300215
150,613.841247559,51.081741333,19.2978115082,78.5725631714,4.27462011576
150,593.070129395,105.753051758,26.5367908478,80.561164856,0.864403881133
150,535.104125977,184.146911621,26.3829212189,54.8446617126,0.6303248927
150,386.961639404,159.546035767,20.459192276,48.8185577393,0.483751157299
150,626.699707031,186.928405762,13.3002929688,50.2952308655,0.0242910144152
180,536.035217285,167.497146606,19.6500511169,54.9491157532,9.38484817743
180,497.659393311,193.120849609,20.9179954529,53.1365699768,4.85788546503
180,526.785705566,154.34614563,21.0114307404,52.6431121826,2.54869889468
180,287.151245117,139.380096436,26.1888446808,71.9399261475,0.94161843881
180,509.162872314,186.567184448,19.1980457306,49.0190467834,0.544647080824
180,399.972442627,148.783493042,27.6508579254,62.4000282288,0.0827558338642
210,374.330657959,143.228652954,30.5044498444,63.2294921875,41.0059571266
210,604.416809082,166.881164551,25.9401226044,71.4543533325,35.5868548155
210,310.39755249,153.71987915,25.8101940155,63.0387153625,4.70530800521
210,598.207519531,88.4825820923,19.6461467743,61.7988624573,4.0508620441
210,554.989990234,169.284011841,27.7871494293,65.3268280029,2.26869434118
210,396.427032471,150.555541992,20.2871189117,56.6360206604,1.02315442637
210,255.83152771,158.810623169,19.5214977264,55.8433265686,0.984517578036
210,416.325683594,152.044677734,19.4007873535,51.6261405945,0.937763694674
210,610.014953613,205.669570923,19.1686534882,48.7437095642,0.804285611957
210,440.615325928,142.193145752,21.8356761932,59.8784751892,0.678238738328
210,540.967285156,216.155471802,22.5828781128,52.066280365,0.380662083626
210,615.00982666,103.488098145,16.9162387848,51.3686637878,0.176927156281
210,587.06237793,178.394546509,19.9321842194,58.1532402039,0.140904309228
240,213.192123413,148.97618103,23.6966247559,70.1927871704,22.5534021854
240,615.805053711,157.926086426,16.9087085724,53.8030128479,20.0922012329
240,63.185710907,171.1015625,21.4783878326,52.8676185608,14.1928747296
240,346.266082764,150.486312866,19.3633117676,51.5567321777,6.81697204709
240,601.770812988,152.673156738,19.414691925,50.2824287415,3.52523811162
240,313.624176025,142.013519287,28.2810535431,63.1649436951,2.45779454708
240,575.75958252,160.618286133,23.1851978302,62.8971061707,1.29121746868
240,9.50977706909,176.453964233,14.9789400101,52.3634185791,0.749434251338
240,369.005645752,124.121620178,26.0035858154,78.9691848755,0.472414121032
240,590.841003418,155.047363281,19.0263004303,49.7541847229,0.135992176365
240,335.508392334,153.801528931,18.7988758087,50.651260376,0.0519017863553
270,311.703735352,149.205993652,27.3100662231,60.1306610107,21.6007739305
270,236.030227661,150.215484619,21.7364215851,58.1964759827,3.85512560606
270,260.399475098,120.205322266,31.607421875,88.7932357788,3.67601029575
270,252.600036621,156.055374146,20.5540790558,56.0036048889,1.48180620745
270,568.827087402,48.8071174622,21.6489887238,60.7066688538,1.16552487016
270,65.1982192993,162.884628296,21.9722614288,57.7704772949,0.961550045758
270,6.56859588623,188.759262085,16.3739910126,40.2343406677,0.780413160101
270,215.300170898,155.6118927,20.3542461395,52.313369751,0.107791018672
300,79.5564346313,152.263275146,23.2253665924,61.206035614,12.9150480032
300,126.425605774,93.0631408691,24.2290039062,64.3638687134,0.937127415091
300,71.3536758423,155.97114563,17.6991939545,49.3359680176,0.296540395357
300,54.1916389465,162.530410767,19.6744976044,49.2822685242,0.26220344007
300,189.434997559,144.719497681,22.5818576813,65.5825119019,0.0594324606936
330,8.19102191925,130.573013306,19.7014160156,64.3946304321,31.2514603138
330,371.056121826,155.41947937,18.9945106506,46.3798942566,6.2256436795
330,7.45787811279,177.623092651,15.5524291992,49.0768432617,1.81465316564
330,7.82596158981,96.429069519,18.0308856964,55.2818565369,0.185483822133
360,557.841674805,208.832107544,22.4270153046,54.8132019043,2.25914306939
360,219.192810059,161.449447632,24.7500076294,50.3473320007,0.0409130530898
390,5.31302785873,170.519241333,17.7060680389,48.4364318848,3.53965945542
390,11.7174339294,351.938140869,35.0672645569,92.6278915405,1.59954149276
390,25.9342861176,154.184188843,17.5526180267,47.8891868591,0.216161529534
390,615.288818359,190.565994263,18.6781826019,47.5663032532,0.0876013364177
420,209.762924194,165.273849487,19.6009979248,49.6048851013,22.3529756069
420,485.028900146,174.392883301,21.3961791992,43.5473175049,8.56321454048
420,617.276245117,190.250259399,16.2363643646,43.9080963135,0.0757711473852
450,588.749206543,189.250869751,18.7157707214,51.6699867249,10.8464501798
450,599.467529297,193.244552612,20.0533828735,51.3222541809,1.79137717932
450,609.565002441,185.661987305,21.6737422943,51.6077270508,1.63973234594
450,137.138473511,176.665908813,18.7800769806,53.9517822266,0.63021434471
450,501.633544922,164.359222412,22.0862102509,63.2555503845,0.602321140468
480,552.41229248,154.307815552,21.5333042145,53.9536743164,3.01081743091
480,373.656280518,291.753295898,31.3730640411,71.1626815796,0.810630619526
480,48.4492378235,169.610473633,24.6904850006,71.8512878418,0.803289934993
480,461.469116211,202.912521362,17.3068237305,44.0220527649,0.581721635535
480,616.496582031,218.780258179,15.7272491455,46.8916969299,0.539120612666
480,15.0691976547,355.406494141,34.402217865,96.5810470581,0.0863219087478
510,270.846435547,335.883453369,25.923418045,60.5174217224,11.0510922968
510,242.399276733,342.519073486,20.5159702301,50.4855690002,6.89532756805
510,299.952758789,346.255096436,25.6126041412,57.2049255371,6.18779361248
510,286.639068604,339.419158936,18.9952068329,49.2745399475,6.17006607354
510,486.557739258,205.045669556,26.3444824219,58.3034248352,6.07096031308
510,258.597930908,341.401947021,21.1017513275,54.0444297791,4.2686264962
510,268.97946167,316.604156494,21.0040817261,49.6575737,3.51789705455
510,605.50579834,188.167541504,21.9928607941,55.4046669006,3.01772411913
510,252.761428833,316.379486084,21.8604202271,50.6392211914,2.38989442587
510,382.494049072,210.623001099,20.8304576874,48.6213951111,2.35027205199
510,290.200744629,368.965942383,22.746679306,50.6164588928,2.07412913442
510,215.674758911,365.83972168,20.3404636383,48.4589118958,1.89979039133
510,384.173187256,298.869720459,27.9714946747,64.2238845825,1.78110096604
510,291.244354248,309.701324463,19.934709549,50.1494178772,1.4763657935
510,524.991394043,209.915420532,21.1069850922,49.0055427551,1.3978086412
510,231.878845215,354.813964844,22.1711406708,50.8892097473,1.33306896314
510,303.706756592,308.949645996,27.8815670013,67.3215103149,1.02051747963
510,201.835861206,373.670196533,27.542509079,60.9002876282,0.992300361395
510,280.568572998,302.48147583,20.6849880219,48.7078285217,0.657005002722
510,394.291778564,327.236968994,30.6737575531,66.4007797241,0.268869311549
510,338.596374512,289.413482666,22.3645610809,50.6764640808,0.21526995115
510,508.669708252,204.712692261,26.2883377075,58.783115387,0.151663064025
510,616.247375488,219.638671875,16.9631538391,43.6185455322,0.105478125624
510,317.204376221,289.617645264,21.6118412018,52.762462616,0.0919920857996
510,352.854248047,279.622772217,28.259223938,66.1012496948,0.0145215934026
540,512.528198242,186.687210083,21.9084033966,65.4262161255,34.9182069302
540,395.601531982,190.797302246,26.5738010406,66.6269989014,9.01321619749
540,51.0524291992,208.255722046,24.3014583588,64.5347671509,8.30071270466
540,527.63873291,189.479919434,20.7807216644,53.2008399963,3.84472943842
540,427.472686768,217.991958618,20.1060848236,44.6191902161,2.56746653467
540,67.9672470093,211.454818726,19.5564575195,60.3256263733,1.735230349
540,593.357849121,184.395675659,35.8040809631,70.3930740356,1.48973027244
540,153.449371338,368.019165039,29.6422195435,61.2194213867,0.528771337122
540,78.7785720825,227.378112793,19.0239658356,44.2236480713,0.279320357367
540,449.272369385,217.780334473,16.6753845215,46.0730285645,0.256725819781
540,414.007598877,209.738967896,19.5728034973,49.9602928162,0.143620395102
540,241.363113403,226.892044067,20.5286998749,47.5411643982,0.0820698740426
540,615.327575684,238.937988281,16.8809204102,43.1632652283,0.0439134455519
570,438.037384033,204.707015991,20.4981937408,52.4173927307,22.6068392396
570,103.654510498,202.158218384,19.0713787079,54.9640655518,22.4871769547
570,392.91696167,175.752182007,29.022359848,71.565788269,8.00297781825
570,5.90349245071,221.671951294,17.6032848358,46.1163673401,4.00917492807
570,466.086456299,209.485458374,22.0187511444,49.8951377869,1.39340255409
570,122.92212677,212.673843384,19.7550125122,45.2272949219,1.37090049684
570,537.469543457,182.593002319,21.8901119232,57.5280799866,0.805162452161
570,451.063812256,208.048294067,19.0510234833,47.6263122559,0.31387519557
570,424.880218506,203.6197052,20.7679538727,52.8313026428,0.20412998274
570,480.222900391,211.452331543,18.2953186035,44.4562034607,0.18495520344
570,410.057250977,186.55329895,27.0651264191,63.2265510559,0.119573390111
600,418.300872803,182.117553711,21.4548740387,60.3890113831,15.3895497322
600,461.378387451,183.370300293,20.0836086273,57.2301483154,11.1852042377
600,7.93026304245,210.11366272,15.4263038635,39.8748703003,2.92015559971
600,295.380493164,313.754241943,22.8226108551,52.5409545898,1.90727505833
600,289.257110596,178.657485962,17.8999919891,52.4237785339,1.83962825686
600,398.625030518,163.551361084,36.0193367004,71.6386032104,1.68208796531
600,35.7533111572,193.340988159,20.9546718597,51.4225578308,1.68150048703
600,181.226455688,190.884597778,26.2232666016,79.1624526978,1.67678482831
600,311.124786377,319.135009766,22.3102817535,50.6358032227,1.60375162959
600,304.385559082,171.026687622,20.3883647919,50.676940918,1.35309323668
600,293.163482666,272.706878662,27.9360809326,70.2214889526,0.394421210513
600,615.871765137,198.015060425,17.8851470947,49.4235115051,0.376906362362
600,434.497924805,182.434570312,19.4309387207,58.1362876892,0.108009495307
600,494.33996582,203.881515503,19.7177410126,46.4397888184,0.0892768031918
600,472.271453857,178.228393555,19.9167194366,64.664352417,0.079173501581
600,447.098999023,184.914855957,22.6314239502,57.3165016174,0.0585646135733
630,438.422943115,166.514602661,20.898431778,63.31873703,72.4149048328
630,488.215606689,162.110458374,26.4513339996,62.5989227295,52.2834658623
630,605.842407227,180.683395386,19.9273471832,65.1276397705,16.5264159441
630,456.009155273,157.061584473,22.814786911,66.8393173218,11.6383165121
630,220.523117065,176.606887817,17.2739620209,41.3403129578,9.40219983459
630,402.467895508,136.700012207,45.7365455627,93.9702682495,8.51636528969
630,298.55758667,155.823364258,19.9679603577,56.7938690186,4.30932454765
630,248.322677612,345.498809814,20.7675037384,51.1897621155,2.99149435014
630,383.987457275,133.576751709,27.1416416168,83.9507827759,2.99083273858
630,12.1549224854,141.969055176,21.4017086029,50.1933135986,2.64493115246
630,469.557159424,161.494064331,30.1929187775,69.6772766113,1.38564659283
630,76.8881149292,59.3814811707,21.5520477295,50.6726112366,1.23482672498
630,256.111541748,331.243804932,26.6151428223,55.1152992249,0.898507796228
630,280.064788818,330.341186523,21.0508823395,48.2826194763,0.53230621852
630,614.773620605,208.798782349,18.4987869263,46.701915741,0.488594686612
630,408.231292725,175.572509766,22.332868576,52.8471069336,0.2869351767
630,115.274078369,194.55255127,27.1672306061,74.2495803833,0.273629068397
630,504.622314453,166.443283081,20.7131214142,55.5766944885,0.190808798652
630,12.614274025,230.020202637,32.1719932556,74.7551345825,0.161049421877
660,456.05078125,131.85206604,34.1182899475,97.8828048706,26.9995331764
660,407.16394043,99.875617981,75.6407394409,122.567932129,25.8116006851
660,494.681762695,161.243667603,22.1728649139,59.4942131042,10.2437861264
660,534.609802246,160.652267456,22.7615756989,58.4780464172,7.18365237117
660,475.575897217,152.250213623,21.65325737,65.3127212524,6.31081461906
660,551.384887695,160.449874878,22.7046489716,53.4033203125,5.34959025681
660,9.51813793182,209.521057129,23.8613739014,77.6540222168,3.93624082208
660,589.458129883,193.691894531,18.947927475,45.0749359131,1.44944824278
660,531.905456543,192.224319458,18.7081356049,43.2700958252,1.22608197853
660,330.078430176,183.962417603,22.6075611115,40.4528160095,0.920658186078
660,395.897064209,111.644714355,34.4986915588,93.7820510864,0.894639175385
660,201.794967651,338.414245605,20.5668125153,52.3043174744,0.237126694992
660,627.135070801,187.498031616,12.8649291992,50.3231506348,0.200125644915
660,616.306335449,324.883178711,17.9191493988,45.2160682678,0.153131247498
660,6.40323066711,247.650314331,18.8099880219,58.2124443054,0.152508006431
660,521.112609863,140.378692627,19.6904392242,61.3026275635,0.136610318441
660,577.470153809,313.117828369,25.940820694,49.9191894531,0.121389434207
690,530.82421875,89.4206771851,65.7626419067,152.551757812,48.6801087856
690,585.712463379,148.120895386,32.171749115,83.3382949829,41.8434768915
690,207.688781738,161.977432251,18.6478748322,42.265663147,37.1985375881
690,386.56930542,154.957305908,22.129743576,57.5182151794,16.3645073771
690,363.93649292,158.89453125,31.8115978241,62.5239295959,13.2402986288
690,439.261810303,111.593009949,48.4468383789,105.52947998,7.7501937747
690,546.66973877,168.47833252,27.6827831268,69.9647293091,5.28667382896
690,565.769836426,113.806396484,31.942949295,96.3047561646,4.36455570161
690,596.880737305,91.4759292603,33.4346656799,125.258209229,3.83846871555
690,516.06817627,106.079795837,35.8824195862,114.104911804,3.75516451895
690,526.40814209,177.439743042,22.0924358368,51.8680686951,3.1676210463
690,419.020477295,110.450408936,32.4141426086,81.5077438354,2.2462785244
690,472.065826416,94.422203064,65.8178863525,125.722015381,1.89520400017
690,440.452026367,126.546394348,21.5819072723,62.6587486267,1.81170776486
690,219.742752075,158.518768311,18.1944065094,46.2632904053,1.5096206218
690,460.599365234,167.40713501,23.1360092163,54.9926948547,1.49820623919
690,259.382232666,336.460906982,20.7109375,52.0791320801,0.986392237246
690,324.322174072,328.890075684,31.6753387451,60.6473350525,0.658794492483
690,337.633087158,351.885162354,24.1501903534,50.3568572998,0.627075415105
690,233.593322754,337.773071289,36.0396156311,68.5797576904,0.603923760355
690,604.56451416,175.78717041,20.4639472961,53.9611816406,0.594105804339
690,103.529563904,148.452789307,28.1725940704,69.5707473755,0.567306624725
690,57.7510948181,177.176681519,16.9737033844,40.6165046692,0.466085597873
690,359.172943115,330.76965332,24.3899612427,52.0874137878,0.316557218321
690,429.132659912,164.190856934,24.5272006989,53.2145233154,0.274797808379
690,475.828643799,173.143600464,22.3050708771,53.1369171143,0.228336523287
690,566.849914551,374.419586182,28.6778259277,67.889793396,0.133964815177
690,614.98223877,196.677246094,18.8169326782,49.6125335693,0.103467900772
720,268.648590088,157.690750122,20.1741733551,47.3138694763,73.1733500957
720,459.573852539,162.437072754,24.8113384247,65.3760681152,63.0623459816
720,557.391601562,35.3280830383,63.6641349792,185.671066284,52.7210354805
720,444.525146484,172.602783203,23.428144455,59.0073280334,16.9380038977
720,545.824523926,116.666625977,32.0513801575,88.8900375366,9.35423597693
720,145.886672974,167.796340942,30.8658771515,66.6058425903,5.78482486308
720,7.884329319,177.05305481,13.5032653809,49.6001281738,4.91167120636
720,126.682090759,137.987518311,32.3819999695,66.0899429321,2.86255553365
720,554.092163086,58.0563697815,19.5748538971,65.2262268066,2.52833273262
720,583.879333496,130.514572144,34.5419425964,97.722618103,2.20858585089
720,559.977966309,44.4151191711,32.666683197,86.8983154297,1.89689323306
720,533.676330566,59.7645263672,22.8284397125,60.0813751221,1.74170285463
720,561.888183594,128.946502686,36.99426651,90.924987793,0.366629427299
720,483.785919189,167.441268921,20.1554679871,51.1301002502,0.26070503518
720,592.072814941,55.5610389709,33.265209198,81.0911560059,0.107922928873
750,328.274230957,153.587219238,21.3047828674,51.287399292,81.9011569023
750,586.763549805,154.705444336,35.4841804504,75.2360458374,17.515937984
750,600.347473145,65.8631210327,27.2570037842,85.0082473755,6.15588128567
750,314.730194092,144.586364746,20.558889389,56.0776405334,2.77327317744
750,609.178771973,160.510971069,18.7344913483,65.3559570312,1.59617885947
750,115.2579422,166.299575806,18.0526599884,46.6375541687,0.607450027019
750,589.948913574,130.444442749,21.2495517731,52.4641418457,0.215053022839
750,7.03603124619,130.664764404,19.1301269531,56.4063682556,0.163211603649
750,126.147773743,164.70161438,16.5912952423,42.3761024475,0.104437174741
750,609.31060791,207.413223267,19.4700431824,48.7590484619,0.0993695808575
780,378.290130615,139.439865112,23.6793689728,65.0727157593,78.4841418266
780,5.871717453,153.854675293,18.0534191132,54.216960907,21.1426272988
780,391.851898193,144.648239136,22.9384975433,57.5477142334,6.11730962992
780,115.363197327,158.789077759,20.4444503784,48.3197479248,3.49147431552
780,449.480194092,47.9051933289,26.1745910645,75.9242172241,1.52243422344
780,366.972259521,151.053466797,19.372625351,51.5314445496,1.17150954902
780,170.291397095,164.756820679,24.9126834869,54.7603759766,0.484621338546
780,7.80698204041,38.9983139038,19.6942195892,57.4225921631,0.146289577242
810,434.528717041,149.20085144,22.8584842682,48.7308540344,41.1164820194
810,95.4401245117,141.224868774,31.3204250336,69.6859588623,18.29983145
810,417.048828125,124.387107849,20.0078907013,60.9553794861,12.2901149094
810,22.0009670258,129.545333862,29.2598514557,72.3573684692,10.9557949007
810,118.480163574,135.129776001,19.3093357086,56.6620483398,2.00289338827
810,8.62546348572,146.106826782,20.2623786926,57.3900718689,1.97681114078
810,510.760467529,162.344833374,25.5002574921,50.7657318115,0.522408541292
810,382.39352417,140.118835449,17.7601966858,45.8529968262,0.185274903197
810,526.790466309,31.9911651611,35.6678123474,80.5182723999,0.0602310057729
810,514.098510742,35.8381309509,22.7947788239,58.8444709778,0.0381544436095
840,503.306518555,170.463287354,31.78191185,62.3766136169,37.7848088741
840,8.27650547028,166.826644897,16.0457077026,51.0408477783,3.76739427447
840,584.910339355,157.568237305,35.0086174011,70.5459442139,2.42423918098
840,438.790039062,160.02897644,25.2875995636,49.5574607849,1.56436320394
840,425.828582764,161.228225708,17.5490379333,42.904460907,0.164836132899
840,616.346252441,157.537124634,15.8853683472,48.8912658691,0.13395404676
840,488.709381104,179.848007202,20.8609962463,49.1938018799,0.0371634057956
870,14.6837263107,172.736694336,24.3326511383,58.4610595703,18.3301523328
870,491.656860352,175.394454956,18.0749835968,45.9983863831,11.8370264769
870,4.49308204651,69.4604415894,18.1505413055,57.3714027405,1.28768756986
870,504.678924561,168.941848755,20.1592311859,53.9752998352,0.721085444093
870,373.446014404,170.698364258,20.5016670227,50.0558776855,0.349945807829
870,476.989990234,156.809692383,18.7369155884,56.0178108215,0.161729531828
870,614.416931152,200.035110474,18.4832267761,42.2226486206,0.122708093841
900,39.2649116516,130.537765503,30.5564193726,76.0424423218,16.0656392574
900,543.854919434,124.570465088,51.5847434998,104.185768127,15.7289087772
900,283.093078613,183.061279297,22.4221477509,48.9975624084,3.76884005964
900,571.755737305,157.563796997,33.4871101379,78.3165893555,2.97640319914
900,589.27130127,186.262161255,23.2754611969,52.2737426758,2.52542309463
900,491.598114014,158.986862183,24.2748889923,60.442325592,1.50677366182
900,537.666442871,148.637680054,27.5520153046,72.1404647827,0.471783522516
900,158.813308716,193.886856079,18.2811050415,43.6819763184,0.328764948063
930,237.189025879,178.146118164,20.3232364655,50.8398590088,40.6812787056
930,57.0255622864,186.463439941,21.529668808,51.0737724304,12.7356290817
930,270.056915283,187.258911133,33.205329895,77.2618713379,7.1432068944
930,501.559417725,171.975830078,22.4706935883,45.3009223938,4.906456545
930,338.804382324,291.841033936,22.1112880707,52.4495429993,0.717241223902
930,309.910675049,231.422424316,31.0151691437,68.0014266968,0.426813727245
930,340.608123779,330.005218506,28.3207492828,59.0974159241,0.399695429951
930,454.505279541,259.690032959,26.6809749603,54.6697883606,0.322753563523
930,291.285369873,207.00390625,28.8565311432,64.813369751,0.166741025168
930,615.409118652,206.495559692,16.9942474365,46.9178466797,0.150400411803
930,524.619262695,184.964157104,21.586555481,53.8919792175,0.133064435795
960,242.015869141,183.745361328,22.644203186,47.4884681702,11.6835162044
960,280.778533936,185.951248169,31.5475521088,66.3170013428,5.14689646661
960,75.3787918091,205.645751953,16.9272460938,50.4348602295,4.83365729451
960,301.710479736,193.524307251,21.0962104797,53.0686988831,2.88984905928
960,317.168914795,281.418212891,23.6981887817,59.5783348083,2.60589439422
960,34.2603797913,296.20993042,21.07380867,44.8893280029,2.2262647748
960,45.1487121582,291.231109619,20.7441196442,45.8394126892,1.43636874855
960,613.8828125,167.484634399,16.847700119,55.6498985291,1.34410466999
960,56.3912086487,300.320678711,20.5873203278,45.7378578186,0.945782102644
960,333.896606445,285.754394531,20.9748401642,54.5892295837,0.877212453634
960,247.430786133,288.488311768,21.988363266,58.7479667664,0.803696736693
960,412.528045654,190.083984375,26.9553833008,57.2008514404,0.792378466576
960,489.458496094,198.446044922,19.3229598999,46.4402580261,0.785492081195
960,312.622314453,344.056610107,33.0221405029,77.6972122192,0.238265143707
960,538.465637207,351.902740479,26.3080158234,52.5995597839,0.210510916077
990,606.083557129,208.693969727,17.8064613342,49.3818359375,52.8898775578
990,461.661956787,202.533935547,24.1252193451,59.9580574036,13.9610096812
990,302.864868164,182.620895386,36.9185905457,77.2132797241,11.1861288548
990,492.304107666,190.194839478,25.2969417572,65.1379470825,7.47055932879
990,264.176116943,194.320251465,21.35546875,42.1870918274,4.0214817971
990,24.9629611969,209.538314819,23.1974048615,55.23097229,2.74013672024
990,403.843414307,212.110458374,16.3745517731,50.0792579651,2.18030586839
990,377.050384521,195.075424194,22.380065918,61.8435096741,1.83206815273
990,592.402893066,209.503860474,18.9192409515,48.826461792,0.99366530776
990,477.677520752,190.342590332,24.0231151581,71.7272644043,0.596960773692
990,614.865905762,218.866378784,19.4245967865,46.9542808533,0.578117277473
1020,460.572906494,214.245285034,23.2595462799,47.6755523682,4.94151599705
1020,318.213287354,175.243347168,46.8300018311,85.4376220703,3.8914244622
1020,357.292266846,181.276855469,22.1395206451,58.8431892395,2.61922199279
1020,599.168151855,182.530761719,26.1029148102,94.6404647827,2.39115506411
1020,617.122497559,214.846252441,13.9859323502,57.5687599182,1.93181019276
1020,171.946594238,212.145812988,17.8699169159,45.9179725647,1.00004021078
1020,431.774871826,222.878295898,18.2727298737,38.9519081116,0.434973277152
1020,399.782958984,197.729568481,21.228351593,51.6427192688,0.265493337065
1020,383.989624023,94.25365448,31.8047389984,70.4448776245,0.195004523266
1020,127.576332092,99.2822799683,31.9775524139,79.9163589478,0.00911547540454
1050,129.074356079,184.959274292,21.2505931854,52.5660247803,67.934679985
1050,358.34487915,159.462173462,28.0114803314,62.8544273376,26.4010310173
1050,505.287719727,168.170578003,34.704864502,91.6114120483,12.4887436628
1050,315.280761719,139.63117981,69.7429275513,88.8214645386,9.52342972159
1050,167.811325073,180.604995728,20.8507766724,55.404510498,7.18418508768
1050,603.618713379,158.461959839,25.1153259277,97.9501266479,7.15081840754
1050,33.5789718628,196.900085449,20.391992569,54.7202720642,1.4572343789
1050,529.057189941,200.973205566,19.9269008636,55.032333374,0.813762098551
1050,590.703918457,115.454063416,28.131269455,74.2788848877,0.626284163445
1050,146.863952637,185.283859253,19.599029541,49.6971473694,0.37115518935
1050,345.919464111,157.087051392,20.7660675049,57.6701927185,0.282875285484
1050,469.763641357,161.743637085,25.1322193146,88.8096008301,0.231881812215
1050,486.531829834,161.458633423,28.296503067,71.640953064,0.116638909094
1080,543.036437988,192.056777954,36.3469276428,68.8305435181,71.1794435978
1080,336.583282471,131.0990448,42.1655082703,84.0836029053,9.7165375948
1080,599.801696777,27.8142166138,26.5398006439,54.8993186951,4.72490750253
1080,76.1743164062,165.949996948,26.3563671112,65.6809463501,4.70109395683
1080,362.053619385,139.875915527,28.2610340118,66.0035400391,1.50078767911
1080,92.6215209961,173.103759766,21.0946025848,58.0911865234,1.44253280014
1080,111.002227783,171.385009766,20.1542415619,53.5211906433,0.141841790173
1110,355.202758789,128.827575684,19.8006782532,51.1666221619,5.65282590687
1110,495.962921143,182.76763916,27.6669635773,51.1908836365,3.70731987059
1110,9.54428768158,150.17527771,23.1457996368,73.1637115479,2.85796076059
1110,315.108154297,114.23828125,70.4148788452,104.222808838,1.58783644438
1110,367.611450195,122.924583435,31.040102005,65.5681228638,1.33331585675
1110,50.1191520691,168.332794189,26.6998310089,65.5696792603,0.329401483759
1110,465.634124756,126.006408691,22.3249435425,67.2264862061,0.145690876525
1110,470.674285889,187.627029419,35.3626823425,63.4449005127,0.141610903665
1110,73.1024169922,162.46534729,24.683172226,65.1914672852,0.0510560523253
1140,522.147888184,157.376968384,25.0228710175,49.9340400696,16.9636428356
1140,369.140869141,122.956443787,24.2145214081,54.8717765808,5.7472679764
1170,262.907348633,114.739265442,21.0961360931,55.2831764221,8.18315893412
1170,393.558868408,110.043937683,22.1634616852,51.7613716125,5.04497624934
1170,615.943725586,156.620315552,16.2444934845,42.1966362,0.208084401675
1200,312.661743164,130.421676636,20.6269836426,51.6873435974,9.65564996004
1200,617.125793457,91.1967468262,15.1131925583,49.8033294678,4.66068126261
1200,612.669311523,158.507156372,18.4731349945,44.8194160461,1.73711404204
1200,487.520599365,105.496360779,27.4178543091,59.3762969971,1.70736424625
1200,594.973388672,26.051279068,32.5675239563,57.4957084656,0.00344489017152
1230,495.411468506,134.852783203,23.6929035187,62.0193977356,3.69250923395
1230,134.083084106,147.471679688,24.2683582306,52.870880127,0.171469175257
1260,262.962036133,162.802871704,24.869682312,52.6631736755,30.3097307682
1260,236.489685059,158.820602417,21.662519455,58.5953330994,6.48348927498
1260,94.2716751099,157.448501587,19.8531284332,55.6332817078,0.235816417262
1290,540.636413574,160.222793579,30.4720897675,92.544670105,59.9869370461
1290,401.995117188,168.83934021,23.9286594391,57.2455177307,47.4617391825
1290,219.292282104,150.495773315,24.3420352936,66.5190963745,20.4708054662
1290,415.343963623,165.046066284,24.1533813477,58.5497398376,4.72978539765
1290,78.5724258423,119.632995605,28.570848465,54.9010314941,3.50013449788
1290,315.757293701,198.480773926,19.5498332977,44.1810417175,1.96951106191
1290,526.694763184,47.6860046387,19.9043712616,46.5821876526,1.73123497516
1290,194.206588745,164.570602417,18.5025062561,43.635345459,1.20441047475
1290,206.548019409,160.523468018,18.7930164337,51.5131645203,0.328105338849
1320,43.1528511047,117.1980896,20.1239299774,52.7467689514,28.0224442482
1320,611.89239502,184.922790527,17.5204315186,48.0353889465,2.60776020586
1320,335.292938232,163.276626587,19.8233509064,46.8023376465,1.47274909541
1320,58.4475250244,114.687194824,18.1435642242,50.1387023926,0.700623635203
1320,6.5955696106,127.545372009,19.4413928986,60.5904655457,0.495132198557
1320,488.005889893,207.251083374,21.3755207062,52.0450325012,0.40566008538
1320,413.469940186,206.98991394,19.4593791962,44.3107337952,0.0493778032251
1350,413.807891846,135.812026978,18.1074733734,48.4014778137,4.40628491342
1350,20.1008224487,134.137649536,23.0778808594,56.3501853943,1.28713119775
1350,8.64459896088,133.893447876,20.6809558868,46.6263694763,0.532315950841
1350,73.4938049316,98.7954101562,19.8938045502,58.1382713318,0.133508269209
1380,95.8747253418,101.148651123,22.0740146637,68.1568832397,1.36886676773
1380,109.084228516,101.017356873,18.4496212006,52.5720977783,0.562073849142
1410,602.841125488,79.8566513062,28.802986145,83.2563247681,78.9338171482
1410,8.90601825714,93.241027832,22.0486068726,58.9380187988,69.605743885
1410,49.7066764832,95.9736709595,25.367231369,62.0979728699,53.1391561031
1410,16.659532547,75.294418335,47.4809761047,80.5671691895,10.6422767043
1410,276.038665771,91.1963806152,31.0012950897,60.6350708008,8.63528102636
1410,66.0983734131,92.1507644653,20.040769577,55.0340919495,2.14128494263
1410,23.5861759186,98.5472335815,19.4959068298,56.0932579041,1.49589823559
1410,358.790740967,232.116989136,24.2270565033,57.538898468,0.251329853199
1410,117.576774597,95.529258728,15.3492002487,45.023651123,0.116075761616
1440,120.316688538,94.6282348633,16.9910640717,51.3369140625,17.4270063639
1440,191.135253906,50.7215881348,24.1167583466,70.7841567993,15.1653409004
1440,399.474822998,93.4545288086,17.5621643066,45.0617828369,4.47703301907
1440,142.627655029,106.40057373,18.5596466064,42.1001472473,4.01277281344
1440,106.021949768,95.3631286621,18.3223628998,53.9788246155,0.733966799453
1440,184.632522583,76.7373733521,20.3472537994,54.8605537415,0.255448790267
1440,381.806549072,100.009895325,19.8423652649,44.4350242615,0.169781967998
1470,50.5110473633,131.730865479,21.7745437622,53.3960838318,29.0173232555
1470,441.113250732,118.26134491,21.0876178741,54.1319389343,16.0427257419
1470,413.144866943,122.360115051,19.6428394318,45.6369895935,8.66765230894
1470,63.9128761292,125.350502014,23.1151943207,53.1109428406,3.40351834893
1470,360.421783447,116.617797852,18.6233921051,46.0781059265,2.48588249087
1470,609.758483887,60.1442756653,19.3687839508,52.5756492615,1.35404895991
1470,112.72290802,123.822387695,17.9919471741,48.2249450684,1.2823513709
1470,82.954536438,120.123565674,18.5833969116,53.1594047546,1.27115240321
1470,178.990280151,68.5231399536,21.4044513702,62.466506958,0.380038237199
1470,405.027557373,313.183502197,28.4977893829,72.4518737793,0.145237857942
1500,525.038757324,163.807174683,24.442483902,56.1678161621,15.6958952546
1500,65.7998580933,155.412460327,17.7405433655,46.5847358704,5.90548701584
1500,11.0424852371,151.246566772,18.3898582458,55.2421455383,4.37039732933
1500,30.0684604645,153.550689697,19.2545185089,53.2675628662,2.10321005434
1500,157.449630737,109.701148987,22.5591640472,55.6433868408,1.1535005644
1500,167.841552734,90.2298049927,22.8940486908,69.9081802368,0.229969178326
1500,614.598449707,156.143157959,18.3394985199,45.7947807312,0.0728889892343
1530,153.745895386,80.4470901489,31.5080394745,89.9508743286,2.29253135622
1530,167.954681396,120.849754333,23.1673755646,67.1672592163,0.802847463638
1530,33.9307594299,165.530014038,21.5285511017,42.2273597717,0.628197472543
1530,410.970428467,147.84602356,21.6825847626,53.0129241943,0.355019234121
1560,368.356201172,157.899612427,35.3819580078,53.1806602478,38.0442798138
1560,10.3906440735,159.560562134,17.165102005,56.6098022461,2.77925953269
1560,42.9408912659,139.346588135,22.6650295258,67.2214126587,0.605563493446
1560,141.665267944,119.770690918,22.4100704193,62.2200660706,0.241220835596
1560,461.74206543,163.648910522,23.8878097534,54.7657356262,0.143572478555
1560,345.162597656,147.626525879,17.6453647614,50.7961425781,0.0662988692056
1590,589.433654785,161.759567261,20.4621448517,41.6695518494,27.9382050037
1590,108.489906311,152.146652222,22.8475780487,60.6533317566,14.9064123631
1590,428.78112793,170.649291992,22.145401001,51.3671569824,10.3848643601
1590,5.78997564316,164.892822266,15.9204454422,62.5404777527,10.3247284889
1590,467.252807617,163.351150513,22.0982189178,51.6465606689,6.89686909318
1590,76.4084243774,163.940673828,18.3866233826,52.6258087158,4.45158034563
1590,164.750579834,91.3316421509,27.0703411102,83.9636917114,4.16377857327
1590,37.9758033752,142.070480347,28.0617961884,69.4990081787,2.96073574573
1590,392.968048096,161.145675659,19.776342392,49.9437446594,1.97906009853
1590,21.0425415039,140.233657837,21.0413017273,61.7456512451,1.76440365613
1590,479.277587891,152.53175354,21.3258895874,58.8174285889,1.40344435349
1590,453.391601562,169.396728516,16.7633152008,46.367477417,0.503115309402
1590,359.654998779,160.254455566,28.1454944611,68.7037277222,0.223826034926
1590,7.67205953598,119.202331543,23.186750412,70.6261749268,0.184107618406
1590,382.53805542,147.585494995,17.8987407684,53.3047523499,0.170544150751
1590,412.911651611,111.013389587,22.1234989166,54.8425178528,0.116225564852
1590,56.1127319336,130.962051392,22.9382781982,57.0399971008,0.0652936927509
1590,430.439208984,106.896598816,27.3415699005,71.5997695923,0.00725546269678
1620,500.809661865,191.073440552,22.7376155853,46.2094688416,55.2805960178
1620,436.096435547,173.047164917,21.9852771759,52.4082145691,53.3911406994
1620,489.505126953,32.2064323425,22.574174881,60.1406593323,30.8195650578
1620,39.9772758484,160.522888184,20.8352413177,60.6983337402,22.719116509
1620,6.85176706314,151.487319946,21.7516078949,65.9784393311,12.1468685567
1620,458.396881104,160.749267578,20.4889755249,57.7674102783,7.63216018677
1620,609.506347656,142.150482178,21.8365955353,73.7394790649,2.27113682777
1620,139.725524902,94.0002822876,33.1618614197,94.068397522,1.99415683746
1620,80.1632385254,148.815750122,30.3589038849,63.0989379883,1.78980249912
1620,610.869689941,46.3476371765,18.8855361938,51.3880310059,1.71862561256
1620,474.632476807,90.0144042969,25.8116817474,75.9166488647,1.32331037894
1620,263.625762939,92.6288757324,22.5889434814,56.9786987305,1.01107824594
1620,479.68838501,39.202091217,19.4609680176,57.0090141296,0.7817029953
1620,615.19720459,217.159591675,16.647436142,50.7359733582,0.443645985797
1620,594.197875977,138.68536377,24.846830368,75.6001358032,0.291763432324
1620,28.2300262451,164.478118896,15.673324585,53.6309661865,0.277272984385
1620,412.506439209,105.591590881,21.6398239136,53.3270683289,0.268283067271
1620,456.303619385,91.1645202637,23.7332553864,70.5879669189,0.238173734397
1620,518.851379395,107.20539093,21.2746067047,62.4787445068,0.174708489794
1620,461.970092773,116.545341492,26.8971614838,88.1550674438,0.0862252549268
1620,413.311065674,33.8039245605,28.7560062408,63.4076957703,0.0767740886658
1620,424.26574707,117.935890198,21.7566757202,53.0003089905,0.0199878108106
1620,286.060943604,162.590240479,157.929702759,235.978988647,0.00703411496943
1650,465.761505127,160.580871582,23.6261749268,60.0203895569,97.0852017403
1650,545.566040039,154.037811279,23.397310257,66.2988052368,95.9169924259
1650,496.119384766,160.454528809,19.3755321503,57.9573173523,76.1896252632
1650,604.456604004,189.768066406,23.2899398804,71.3279418945,68.4321582317
1650,507.490692139,154.578567505,19.8750705719,58.3877983093,5.04164732993
1650,593.15814209,198.255493164,18.8787212372,57.9789924622,2.51382756978
1650,284.782928467,147.991287231,21.3396205902,53.555606842,1.16208400577
1650,7.30061912537,170.524734497,16.2925701141,47.5204048157,0.489084608853
1650,115.532478333,59.0140571594,21.4320926666,63.6623497009,0.471808901057
1650,39.9925422668,160.307327271,17.6503219604,53.1472206116,0.471153529361
1650,415.961791992,79.6939620972,25.8404102325,70.6697235107,0.263281865045
1650,50.9696960449,158.098083496,18.7464771271,50.5236816406,0.0835922372062
1650,433.727294922,100.557929993,23.0360012054,55.6748466492,0.0574794481508
1650,546.360656738,100.833610535,21.355588913,53.3916625977,0.0218035100261
1650,422.229980469,26.8951950073,31.8695964813,73.2677536011,0.000154709164235
1680,560.737304688,152.680923462,24.587896347,71.022102356,99.1070747375
1680,525.754516602,160.655273438,25.4423732758,64.6584014893,96.5663015842
1680,35.8698120117,168.289749146,18.9440517426,53.9915046692,6.28921315074
1680,547.45892334,151.453201294,24.5679264069,66.8572158813,3.71271446347
1680,448.995330811,86.0148086548,28.8474807739,67.3006362915,0.489303469658
1680,510.078369141,113.97088623,20.6638660431,54.4629631042,0.253416737542
1680,510.459991455,158.12046814,17.0597076416,62.5726776123,0.23155210074
1680,490.315460205,166.095108032,32.1075706482,78.2345504761,0.139399291947
1710,111.666358948,230.805603027,32.2931404114,76.2909317017,20.5502897501
1710,544.828979492,171.306686401,23.0388870239,61.4503479004,20.2890962362
1710,171.48387146,185.537719727,24.6894550323,70.9698562622,4.40998598933
1710,616.754333496,106.350517273,15.0742578506,47.9995880127,1.50381894782
1710,610.264648438,38.3594017029,19.8298072815,54.8360443115,1.46070197225
1710,615.190307617,226.206481934,17.8054790497,54.2837333679,1.04249455035
1710,577.03326416,142.945053101,34.6075782776,82.2027130127,0.987550243735
1710,194.32093811,176.747741699,18.6027870178,51.1500511169,0.684310868382
1710,11.5782194138,80.8628540039,18.8303890228,57.1498603821,0.497538968921
1710,185.28125,190.676452637,19.4808750153,52.6998291016,0.332140387036
1710,252.859176636,159.819412231,19.2234725952,51.0113563538,0.0682848854922
1710,211.367126465,172.507858276,16.5231533051,51.0991821289,0.00839901913423
1740,213.469741821,197.757995605,17.7857036591,48.0860748291,26.8363326788
1740,599.965270996,185.772521973,27.0775909424,52.6188697815,18.9087450504
1740,139.401763916,151.285461426,23.9763259888,88.8278503418,14.3846720457
1740,12.97742939,157.242996216,29.3523044586,89.4536437988,14.2512574792
1740,16.236913681,39.6305122375,30.5540618896,78.2329025269,4.28660660982
1740,9.34564781189,147.720474243,21.2077083588,55.0139503479,1.70821789652
1740,172.786193848,161.987380981,25.3648662567,77.583770752,1.55258560553
1740,195.744094849,176.586654663,20.1530532837,64.355506897,0.356123805977
1740,27.2284297943,165.559890747,20.3108081818,55.1340751648,0.217957049608
1740,7.64394235611,58.6311836243,18.9035663605,57.9561004639,0.161331740674
1740,614.979125977,202.423461914,17.6689910889,46.4702720642,0.135019887239
1770,37.0148162842,166.646011353,23.3195476532,71.5536575317,43.07064116
1770,55.5377311707,179.400466919,21.5912780762,57.1123847961,14.6705523133
1770,11.9768333435,176.84576416,30.8313770294,64.2066497803,2.38976292312
1770,615.462097168,237.661499023,16.681684494,42.2687721252,0.745814619586
1770,77.3929824829,179.94758606,19.9799900055,53.2842826843,0.30836686492
1770,550.329345703,135.38067627,18.7692718506,55.9115753174,0.0397297582822
1770,423.986541748,94.6719360352,21.5932178497,56.3722839355,0.0102668287582
1800,27.8046264648,142.797988892,20.8339099884,55.4523773193,11.2377516925
1800,324.682769775,51.2477684021,28.8647556305,62.2100028992,5.40891811252
1800,602.380004883,152.830795288,22.4167327881,57.2604408264,1.94254443049
1800,312.475616455,68.5753326416,18.9518547058,53.9831428528,0.642990600318
1800,491.335540771,108.386177063,21.1056079865,58.6210784912,0.0957299140282
1830,604.073181152,37.6507873535,26.5432376862,68.3026123047,36.9180262089
1830,10.4989538193,119.650482178,26.6133804321,78.5466918945,6.06403835118
1830,614.625915527,161.441299438,16.8904800415,54.5086174011,4.15287315845
1830,93.1283798218,272.584686279,21.6501903534,47.6015930176,1.17908976972
1830,294.541809082,300.777496338,29.2161960602,57.3377723694,0.995167903602
1830,417.570037842,163.3384552,21.9248199463,58.3514823914,0.826778355986
1830,331.034332275,157.878982544,19.0860424042,51.5250587463,0.500894291326
1830,56.1011047363,130.601730347,20.9100856781,52.0556640625,0.303544313647
1830,346.80557251,155.031097412,18.3511829376,56.0734596252,0.235088705085
1830,615.410827637,201.04699707,16.9951953888,48.250869751,0.215723039582
