30,546.996765137,175.238586426,26.1227321625,60.920211792,10.454300046
30,8.4985666275,205.967712402,16.5621395111,52.5072898865,0.944007653743
30,495.911743164,332.830810547,24.6518859863,50.7137908936,0.332325603813
30,616.400085449,128.257019043,15.7951850891,44.8016662598,0.270678126253
30,613.005737305,193.452575684,20.8525352478,51.5082054138,0.0353406328941
60,552.013244629,169.365707397,28.3585281372,73.4403076172,27.7331888676
60,465.317626953,356.255981445,27.3287563324,57.9851837158,1.61830894649
60,480.157745361,347.515136719,24.6815776825,54.7007484436,0.60569467023
60,514.711730957,344.646942139,21.1983413696,48.3144798279,0.551033345982
60,539.721252441,182.326248169,20.407907486,55.7214546204,0.230002170429
60,617.931091309,132.255325317,14.9230985641,45.608505249,0.151880923659
60,435.727508545,118.929603577,22.387594223,69.3938522339,0.132626004051
60,562.725219727,147.817230225,20.2094783783,48.8423919678,0.024749347358
90,552.049865723,179.160110474,33.9690895081,74.2146987915,5.01583777368
90,305.038818359,96.7741394043,20.8199520111,48.0152854919,0.648075435311
90,65.8566970825,237.392745972,113.414581299,199.628662109,0.0144699413795
120,500.741943359,403.118804932,30.5941257477,57.409740448,2.98888124526
120,562.968261719,387.275604248,20.791349411,48.4140281677,0.919868703932
120,310.212677002,94.1348800659,20.9859638214,53.1913871765,0.777602056041
120,432.290313721,326.703643799,31.3879337311,62.9126434326,0.75535136275
120,517.741394043,391.104827881,36.8307952881,62.8825416565,0.158022262622
150,598.263977051,182.577453613,27.911863327,71.6189498901,11.3947972655
150,616.213439941,201.30128479,17.2861537933,48.8945617676,0.165190384723
180,614.690246582,196.612014771,17.867816925,49.1750297546,16.8862104416
210,27.0281925201,206.977127075,16.2972946167,41.4307632446,11.6990104318
210,618.381652832,176.766769409,15.1943368912,42.7517662048,1.04999821633
210,468.640350342,133.995986938,22.1014385223,64.660369873,0.0540198292583
240,26.3766155243,206.305786133,20.2208805084,45.5249214172,34.1076016426
240,323.488006592,83.3156509399,22.1223506927,55.2970466614,4.18518334627
240,619.447509766,184.717330933,14.2051172256,42.6363525391,0.859233364463
240,530.528442383,368.922119141,21.9578933716,47.4418907166,0.144354871009
270,25.9236431122,208.874694824,17.3784389496,42.5368652344,18.8931241632
270,328.10067749,79.2174453735,20.3553733826,53.9869651794,13.0349785089
270,562.47253418,390.023590088,21.6584606171,49.4380989075,0.227718497626
300,617.252685547,148.988601685,15.7991552353,46.1795845032,0.229055806994
300,577.546813965,392.608398438,22.8987751007,45.401309967,0.120314047672
330,27.2110443115,207.387527466,16.7713756561,42.9042701721,2.18664202839
330,617.073425293,147.372817993,16.1869163513,45.1449775696,0.283634173684
330,574.475585938,385.979400635,30.8655490875,52.7518615723,0.204366166145
360,31.531621933,206.409927368,15.4268922806,40.6222496033,36.9110763073
360,358.584503174,130.404220581,39.5568122864,76.0013275146,6.03440441191
360,322.816650391,76.9483566284,26.3525333405,52.9639587402,1.26441400498
360,572.91986084,392.43637085,22.725484848,46.1432647705,0.565395923331
360,587.424560547,400.735595703,24.0637817383,48.2912902832,0.00152322181748
390,31.6728839874,219.251480103,17.8284645081,39.1222343445,29.4732123613
390,415.391387939,184.327468872,22.8480052948,54.8375892639,10.116443038
390,322.637786865,92.2301635742,26.9634075165,53.8158874512,1.49688897654
390,567.172851562,397.864501953,21.9405899048,42.9194221497,0.331488158554
390,605.793395996,159.493637085,19.6060276031,44.2095489502,0.132355804089
390,584.526428223,399.098175049,30.1017818451,50.2926597595,0.0409457978094
420,418.481079102,186.74597168,26.3704128265,64.4113388062,99.2986917496
420,34.5757904053,240.943496704,29.6316814423,87.9976730347,57.236802578
420,434.804351807,185.944076538,20.2488803864,62.8622894287,26.874306798
420,446.025482178,182.559265137,19.3372001648,58.2633361816,6.74038529396
420,37.8911170959,144.197265625,33.3627586365,84.7175827026,3.92474122345
420,13.2403211594,249.498413086,33.2336425781,93.1009597778,2.09887381643
420,407.659759521,189.701126099,14.9309854507,56.0375366211,0.784408301115
420,85.8933334351,200.592483521,21.2451992035,57.0993499756,0.341727165505
420,76.6160583496,182.132263184,20.889509201,54.4954719543,0.280476594344
420,49.662563324,280.091766357,21.0604362488,52.5314941406,0.146558263805
450,442.055450439,184.672424316,31.890625,74.1156845093,99.3561148643
450,32.5221099854,221.402542114,18.3613109589,41.9873313904,72.1310198307
450,554.858642578,196.586776733,20.7315196991,47.4960479736,23.163112998
450,378.559539795,197.961593628,24.4280490875,56.0594673157,3.00444792956
450,486.510345459,384.969207764,24.5426807404,52.8203926086,0.767430616543
450,614.620910645,184.193161011,16.2122173309,49.0313835144,0.446912739426
450,503.187164307,353.807128906,23.3625640869,46.0772209167,0.431319605559
450,205.142715454,288.108978271,19.0471057892,53.6037788391,0.383719871752
450,420.629150391,207.38482666,18.2237300873,45.5265350342,0.336511922069
450,432.455108643,200.909896851,18.0860786438,52.393157959,0.299286865629
450,598.372375488,184.133422852,21.487449646,56.0923461914,0.138054427225
450,501.758422852,153.689483643,22.3008518219,74.4517669678,0.0578476348892
480,483.444580078,171.93762207,37.1057548523,93.7454833984,99.5417535305
480,19.842168808,220.108474731,19.948343277,42.2779350281,41.4531588554
480,419.225616455,187.419082642,22.7727584839,53.3267936707,8.56592953205
480,386.344146729,168.404983521,21.2756671906,73.9203720093,4.33974340558
480,164.30355835,209.907272339,23.9639720917,57.2734489441,3.83924283087
480,476.785369873,341.772705078,20.6216411591,49.6420860291,1.6804356128
480,376.646942139,203.900253296,21.4224319458,54.619304657,1.16431564093
480,610.687438965,196.41758728,17.7946224213,46.1045684814,1.15478299558
480,472.639160156,192.819015503,22.5455913544,61.0614624023,1.07086868957
480,416.134765625,294.385772705,29.523443222,56.6885643005,1.05750057846
480,82.8330612183,204.711730957,19.4236469269,50.9692840576,0.746370339766
480,366.902435303,212.379104614,18.4422874451,46.6097717285,0.489649130031
480,516.285583496,159.690475464,20.0593357086,49.8354377747,0.348880537786
480,399.3699646,197.510986328,15.6486082077,46.569568634,0.300137931481
480,411.55758667,193.385498047,16.0150279999,47.247127533,0.215258472599
480,473.366546631,298.769317627,29.2015895844,57.3598518372,0.146297935862
480,7.84806442261,22.9489383698,18.4590358734,59.9802360535,0.113010639325
480,461.083221436,373.222259521,34.1505508423,60.9681816101,0.0138107177918
510,562.155212402,146.39503479,45.5041160583,130.928756714,98.8985300064
510,402.315551758,209.954177856,22.6081295013,54.9184379578,66.1680698395
510,8.67656326294,216.804443359,18.0561523438,45.5160675049,56.8445920944
510,560.903503418,203.476547241,25.5813388824,67.8680801392,15.8458143473
510,576.510803223,212.60975647,23.5651226044,63.5897254944,4.28376272321
510,348.037109375,200.563171387,28.3896713257,66.4253845215,2.1958777681
510,452.813446045,198.941696167,20.3466854095,44.2190437317,2.03677974641
510,370.41519165,178.060653687,20.8374786377,53.0739631653,1.91559623927
510,586.350769043,192.511489868,22.86652565,67.5373458862,0.494200224057
510,480.630157471,325.166351318,29.4713993073,62.5344848633,0.493344804272
510,474.001739502,192.846084595,17.492313385,50.4602088928,0.425063539296
510,80.4939956665,191.23576355,22.4103794098,54.340045929,0.307765998878
510,461.567871094,319.870758057,32.6781806946,54.068069458,0.295311980881
510,362.953399658,197.563949585,21.1171169281,51.1596107483,0.22082561627
510,500.452026367,388.46572876,33.1608276367,67.9038314819,0.161574932281
510,498.891571045,319.529296875,21.7789382935,47.5270881653,0.0809012795798
510,400.162963867,391.262420654,23.9648227692,54.4797363281,0.0696387083735
510,553.832092285,86.3322677612,18.0696964264,54.2980079651,0.0594725075644
540,438.613067627,214.481216431,22.0621509552,63.9403533936,8.80935192108
540,73.1688461304,192.646972656,22.6056461334,56.7397651672,3.43100503087
540,576.210754395,196.137374878,30.7851772308,54.1959037781,1.58242098987
540,185.53855896,192.495666504,16.5604476929,44.9424247742,1.20358252898
540,10.2841491699,220.851638794,21.6182727814,46.6922950745,1.16763170809
540,170.179916382,198.169616699,17.8619670868,44.3817024231,0.269092060626
540,356.369415283,196.509780884,21.8018436432,53.2609519958,0.156389770564
540,145.994812012,190.676040649,19.797498703,47.1848945618,0.140834518243
540,381.681304932,274.967132568,33.7709121704,68.1554641724,0.0749242026359
540,29.5634822845,119.427490234,27.8341598511,82.0214767456,0.0521345355082
540,538.73236084,22.571390152,22.5410079956,56.5546684265,0.00167667003552
570,485.26651001,197.012084961,18.0274181366,41.2212791443,53.7024199963
570,443.241455078,184.486984253,16.0981082916,47.8743400574,8.1709831953
570,30.9883728027,198.557052612,18.0224685669,44.0665740967,5.55335953832
570,408.239349365,173.317703247,28.5021591187,67.8127365112,5.06304763258
570,55.2422447205,197.72819519,22.1873950958,51.5774688721,4.57701049745
570,43.259552002,200.596008301,20.7673206329,44.8257789612,1.92119255662
570,129.851806641,192.568222046,18.1224346161,47.831653595,1.25670749694
570,433.061981201,276.973236084,28.230758667,60.0409660339,0.450706295669
570,432.385131836,186.500595093,16.0643177032,51.0058288574,0.322809955105
570,615.00604248,196.878295898,16.4495639801,43.5826911926,0.172887719236
570,142.186157227,192.944473267,16.6363525391,44.0221595764,0.0841540459078
570,498.405639648,198.87550354,16.4775409698,39.932094574,0.0609801150858
600,343.940948486,195.641860962,17.8128013611,52.0591163635,10.9708607197
600,13.3079328537,196.96875,21.3336582184,52.1973876953,3.32063622773
600,117.37877655,189.941162109,18.0594711304,45.4414520264,1.71432290226
600,524.928161621,106.127471924,19.1939182281,53.9690704346,1.6478119418
600,355.290435791,193.373672485,16.5516624451,61.3216056824,1.50961317122
600,266.878753662,188.133789062,19.5152282715,48.246307373,0.84857493639
600,322.289276123,197.084793091,20.063205719,47.0238304138,0.669817253947
600,437.367401123,134.82270813,31.4873065948,73.9972610474,0.377214187756
600,547.11907959,333.182617188,30.1728191376,62.795009613,0.24492170196
600,423.680267334,344.907592773,20.8762340546,51.8715858459,0.0766227953136
600,527.729309082,329.677276611,32.7244911194,73.4841384888,0.0598703452852
630,103.155342102,188.401687622,20.1775722504,52.0031433105,68.192255497
630,521.458557129,197.375564575,19.704957962,44.7061157227,40.4913753271
630,462.053985596,181.537918091,18.6031131744,51.8026313782,28.1740218401
630,18.9426898956,184.690048218,30.1851882935,65.4753494263,10.5145365
630,9.72582149506,191.973983765,21.0936336517,56.4864501953,5.76862320304
630,358.159820557,201.133178711,21.2602939606,46.3584709167,1.94170493633
630,444.042572021,178.333175659,21.806312561,56.1253852844,1.71178653836
630,5.96208238602,99.4561843872,15.3494348526,45.1642494202,1.39165120199
630,422.778900146,166.868469238,30.5857639313,68.5717849731,1.24220857397
630,370.46963501,196.236740112,17.2618465424,46.6023826599,0.949611607939
630,343.042358398,175.158035278,22.5984115601,58.8475151062,0.699104368687
630,614.58416748,190.221679688,16.4260673523,44.907333374,0.44327895157
630,478.789886475,180.725723267,17.169008255,50.3100547791,0.132670195308
630,37.2168426514,212.800369263,28.0926685333,66.0424423218,0.0788270437624
660,464.523101807,182.502578735,21.0630741119,52.0048103333,59.2464387417
660,9.4546289444,187.576705933,18.7908267975,58.7558135986,57.6838850975
660,330.753143311,181.630142212,25.0487518311,63.3057060242,6.47060349584
660,355.580322266,194.820388794,18.644903183,52.2089233398,3.68907935917
660,147.044387817,202.946350098,25.5899276733,63.1123924255,1.31484670565
660,436.606933594,174.984237671,27.8956432343,63.7683601379,1.25146759674
660,344.924560547,175.17906189,19.9294567108,54.5578727722,1.24211236835
660,58.6954803467,200.022018433,19.9360599518,49.9962310791,1.05482535437
660,542.465515137,194.119674683,18.214006424,52.6460266113,0.837677251548
660,371.183197021,201.288253784,16.7815589905,44.4650421143,0.810325425118
660,563.572143555,191.82824707,21.6955947876,54.2852210999,0.546988798305
660,423.240386963,173.585693359,24.1977481842,63.3657951355,0.411830097437
660,314.456695557,197.125305176,28.6243991852,55.859500885,0.286797666922
660,89.4871139526,184.131393433,19.8992366791,44.4593048096,0.239546690136
690,465.499969482,183.112442017,22.5586013794,52.6071014404,34.3355536461
690,327.468292236,188.702804565,21.3050632477,56.7598266602,8.28611925244
690,538.11315918,202.773666382,18.8378410339,44.5444335938,7.98829346895
690,306.758392334,181.8802948,18.9353237152,55.0873374939,6.68125897646
690,569.558288574,186.195632935,21.8867893219,61.0684661865,5.77827617526
690,338.043670654,164.438903809,20.5578746796,56.5966072083,2.18689292669
690,549.622131348,193.203964233,24.5484905243,52.9951477051,1.55954891816
690,20.0767765045,194.00553894,21.4086971283,52.6495513916,1.09668374062
690,479.176300049,177.523178101,20.8321475983,55.4985351562,1.04788169265
690,370.976226807,200.588195801,16.8308696747,47.4065589905,0.768109504133
690,91.2745361328,183.898193359,17.0524539948,47.5625610352,0.513976626098
690,423.056732178,170.546554565,25.6312255859,60.063709259,0.321277976036
690,349.582794189,188.007461548,19.3167133331,57.4777946472,0.135133962613
690,343.292388916,118.304595947,24.0673999786,62.7160644531,0.132772850338
720,470.392852783,186.249694824,17.9610385895,45.9834899902,56.4888358116
720,338.072692871,157.811813354,20.050907135,54.4149742126,14.8119837046
720,566.183776855,181.755966187,25.7074489594,61.0024452209,8.18650946021
720,305.574707031,190.038101196,18.8642101288,47.0735969543,8.11890140176
720,325.185974121,196.095809937,19.0152263641,47.7223701477,6.38028681278
720,91.0784835815,180.740844727,17.0328330994,45.5779876709,5.98432980478
720,532.308532715,203.069458008,18.4730949402,42.3329811096,4.04183119535
720,455.746551514,183.429855347,19.6877155304,54.3470039368,3.33245880902
720,44.571269989,198.050643921,24.523141861,53.9605293274,2.59114187211
720,547.036376953,198.423538208,18.8277835846,45.5273132324,2.3670559749
720,291.041015625,184.024337769,20.011346817,48.6669654846,1.16135580465
720,371.779083252,198.803817749,16.0697383881,46.4206428528,1.1512494646
720,434.425537109,170.144363403,30.6493167877,65.5836410522,1.07069276273
720,336.061187744,197.091964722,23.2490386963,51.6984100342,0.710525782779
720,587.913696289,183.394775391,20.0938930511,57.9380073547,0.4529658705
720,482.300689697,185.980285645,17.8246364594,50.0193367004,0.374171347357
720,343.724212646,113.966362,21.9828968048,58.9889068604,0.259690289386
720,599.804138184,184.186691284,18.8474407196,52.4223747253,0.210070726462
720,78.5397872925,184.665267944,17.0653362274,46.2629966736,0.193888170179
720,494.615264893,179.627975464,19.0785923004,48.6600494385,0.110710773151
750,469.313140869,186.346206665,18.9724826813,47.0270957947,63.163870573
750,91.1570358276,179.101089478,17.0429821014,47.5439453125,12.1027499437
750,325.647338867,190.338729858,23.1219329834,57.1452522278,6.59849494696
750,542.987182617,201.411270142,18.6133003235,44.8766365051,4.40658591688
750,307.128936768,181.274124146,17.4617366791,48.1240539551,3.96465808153
750,532.633056641,203.37071228,18.4421405792,43.3742523193,3.43649089336
750,457.470489502,182.21522522,18.9181118011,52.8581695557,3.04915923625
750,338.557739258,165.525497437,19.6874332428,54.9051971436,2.68073175102
750,556.947387695,192.380447388,22.2917785645,48.7044067383,2.20310688019
750,577.860351562,181.484924316,21.5460109711,66.2613601685,2.17102244496
750,434.279174805,170.318115234,28.0719146729,63.9874229431,1.28688076511
750,371.629608154,196.880126953,16.3250236511,47.391002655,0.806021783501
750,481.580963135,183.030029297,18.2032489777,51.6366157532,0.770028494298
750,311.308349609,204.053588867,20.3452396393,47.8403015137,0.680704927072
750,594.816589355,185.389160156,21.3852176666,55.4088592529,0.296008423902
750,343.112701416,112.800239563,22.6366977692,63.7982521057,0.170391146094
750,79.2012710571,180.218887329,18.2876911163,49.4426689148,0.133386685047
750,615.407592773,205.29675293,16.0178279877,40.3351020813,0.131710642017
750,495.639434814,177.773757935,17.4029064178,48.9842414856,0.120032788254
780,471.862823486,178.38444519,21.6110248566,51.2209205627,79.2480289936
780,335.814605713,159.496047974,20.8293552399,61.7607727051,32.9167455435
780,307.173736572,177.793823242,15.8156890869,51.4283332825,17.0480981469
780,534.850769043,192.602615356,29.1561336517,50.6840629578,12.4303467572
780,90.1667098999,176.921005249,18.1665802002,49.2747535706,8.06356146932
780,455.695953369,181.359298706,19.3312320709,54.6066131592,3.49738895893
780,580.212585449,190.428909302,18.7194004059,58.031124115,3.09096369892
780,434.317138672,165.79447937,29.20362854,65.1842346191,1.49168530479
780,293.131744385,193.113098145,28.6579608917,56.5762901306,1.03726377711
780,326.840362549,190.715866089,21.9655227661,57.0911750793,0.947441253811
780,359.616943359,195.787704468,20.2377243042,50.5487823486,0.921149179339
780,371.443359375,193.613479614,15.7454376221,47.6138038635,0.60445764102
780,592.80090332,184.121170044,20.8423957825,59.3067436218,0.509715406224
780,467.572723389,56.8611564636,19.3172588348,42.15883255,0.507563957945
780,565.539672852,197.351821899,19.8759746552,45.933807373,0.392853375524
780,319.441589355,182.53125,15.7761087418,47.0887947083,0.316413096152
780,79.7188186646,179.088256836,18.1401882172,48.9650154114,0.273627880961
780,310.41885376,206.858840942,20.8400745392,46.3300933838,0.250386400148
780,488.782623291,179.405197144,17.5805683136,49.8264122009,0.210178666748
780,348.402709961,155.906951904,20.4468860626,62.5808258057,0.202465243638
780,341.732452393,187.533996582,21.7688751221,56.9047355652,0.111769663636
780,499.991119385,177.604492188,18.9478683472,50.45835495,0.0911137729418
810,467.549438477,178.737075806,20.5550899506,53.958065033,66.8071091175
810,332.515869141,154.381210327,22.7282009125,67.2527236938,33.1825584173
810,304.42880249,177.400619507,18.5428733826,49.2139091492,13.758701086
810,92.1207351685,179.030838013,17.2347202301,46.5526123047,7.09715262055
810,576.738830566,190.83039856,19.5057086945,55.4785728455,6.75719901919
810,548.757629395,194.356277466,18.0551967621,48.3174552917,4.19286936522
810,567.042663574,196.913955688,18.1227741241,44.711101532,3.07670421898
810,449.318267822,173.995117188,23.9037704468,60.5276374817,2.53176037222
810,343.735137939,114.047904968,23.1489257812,62.1051025391,1.95914823562
810,481.54019165,181.227401733,18.5030651093,51.8611946106,1.51105523109
810,587.588195801,185.791793823,20.3899097443,60.0576019287,1.38793922961
810,427.446533203,168.512252808,24.9164333344,58.6719551086,0.537629192695
810,321.10546875,198.393325806,24.3641967773,51.1341667175,0.31790479552
810,317.338409424,169.924758911,22.4026565552,56.2528991699,0.227804342285
810,79.1732788086,179.449157715,18.6137256622,50.6405029297,0.219801743515
810,495.680450439,177.812911987,17.4953746796,48.1466407776,0.183066690806
810,310.557647705,196.403274536,21.0482883453,47.0779075623,0.154830573592
810,616.360656738,205.139755249,16.2902736664,42.1151580811,0.140541675501
810,348.759552002,184.072555542,20.7770633698,60.1174201965,0.0823157140985
840,471.885864258,175.566940308,22.5067081451,54.3447608948,62.8959536552
840,328.923065186,159.252822876,22.8836994171,59.5569419861,36.9954288006
840,543.168212891,192.248947144,22.0602283478,51.0460777283,8.3647981286
840,326.280914307,192.866867065,24.3353824615,55.7404212952,6.79556131363
840,361.144744873,272.501678467,31.0437221527,59.5068473816,1.92125011235
840,360.54309082,193.837112427,16.9871997833,52.4913330078,1.91068593413
840,484.654144287,173.480224609,19.3370685577,52.1001586914,1.54163725674
840,300.207977295,190.17767334,21.5459461212,48.5469322205,1.37536674738
840,448.747924805,177.597900391,22.9723911285,56.9154167175,1.26203699037
840,371.350097656,193.510391235,15.6754264832,49.1735954285,0.780253997073
840,582.163513184,184.269271851,20.3975830078,59.2947998047,0.771305756643
840,341.826538086,114.635948181,23.7757720947,59.7878303528,0.702371820807
840,427.082427979,170.093032837,25.905046463,58.00157547,0.387393403798
840,73.194480896,180.896362305,19.5283184052,47.7597007751,0.173829682171
840,615.703369141,203.356399536,16.4203586578,42.2312049866,0.14531185152
840,349.099884033,152.737716675,20.2076797485,59.5226173401,0.111511338037
840,86.0880508423,178.182678223,16.8198013306,45.9870033264,0.105237669777
870,465.621490479,174.328674316,20.5037612915,62.2982177734,95.5618441105
870,333.966217041,157.334701538,19.1917171478,60.7434425354,46.5743482113
870,543.979675293,191.630661011,21.628484726,50.9130249023,12.6379400492
870,305.901733398,186.313720703,19.3029499054,48.711856842,3.43364588916
870,584.707580566,200.135253906,18.296163559,47.8265647888,3.31012755632
870,357.822418213,199.232666016,20.5719013214,46.9406166077,2.96665728092
870,85.1369247437,176.467453003,20.4389476776,45.9078025818,1.73175223172
870,371.272369385,192.074584961,16.0208015442,50.3230018616,1.25111257657
870,344.696380615,115.304206848,22.2224502563,59.5631103516,0.636382680386
870,484.766357422,177.556411743,15.5201225281,49.588306427,0.545096769929
870,426.8722229,168.838684082,25.3992938995,58.2688484192,0.429507298395
870,327.63394165,187.351791382,23.2714309692,57.4477539062,0.405415706336
870,310.893859863,204.761276245,20.5638809204,48.5442085266,0.289114029147
870,615.691711426,204.433547974,16.4395637512,41.9479026794,0.141610298306
870,348.535369873,154.132019043,19.9869651794,57.9034767151,0.127972359769
870,339.670318604,179.095703125,25.2056045532,65.606628418,0.0869018316735
900,463.407012939,176.469711304,20.9937171936,40.2464523315,9.09131392837
900,542.177307129,197.949081421,21.5045185089,45.6512107849,2.87307016551
900,476.699371338,172.852416992,18.8389644623,46.884475708,1.17033207789
900,579.25213623,192.454910278,18.0036067963,52.7440452576,1.01921204478
900,556.330383301,187.535507202,23.4283237457,53.9710426331,0.772715220228
900,344.005004883,111.687614441,21.8780879974,54.5910491943,0.292458361946
900,615.450073242,204.970016479,16.8149681091,41.7342033386,0.245563266799
900,488.782196045,175.01890564,19.1862888336,45.7884216309,0.0799324247055
930,457.691040039,185.417724609,22.2922134399,52.92710495,97.7903485298
930,473.073730469,181.528503418,19.4322776794,54.3046455383,6.6996127367
930,449.415679932,181.409835815,16.1037425995,57.0904541016,6.06141351163
930,304.213470459,176.815750122,17.7117023468,52.7855644226,4.76550683379
930,344.474121094,110.713096619,21.7441387177,57.5110473633,1.59789770842
930,532.655029297,197.765380859,17.7434597015,44.9890403748,1.52478329837
930,544.071105957,199.963119507,16.876241684,44.2711677551,1.11171025783
930,337.28994751,152.2993927,18.5862159729,51.6819458008,0.576675357297
930,616.037902832,202.462478638,16.5936336517,42.7224159241,0.396637944505
930,592.899780273,184.225723267,21.3179836273,57.2512054443,0.100448785815
930,490.028778076,181.160476685,16.7045078278,47.8859291077,0.0918092729989
930,295.407165527,104.443145752,20.7559871674,59.7608604431,0.0838681822643
930,5.34106016159,225.778518677,18.8232135773,55.8811302185,0.0631324830465
930,50.2709159851,381.489837646,22.7035274506,49.3522186279,0.00990426415228
960,333.827453613,155.667129517,18.656375885,58.8296813965,22.5475504994
960,307.6769104,175.5859375,17.9504413605,52.7918243408,2.65877991915
960,216.527938843,194.922485352,26.1096363068,56.2191963196,2.55904849619
960,344.921051025,110.565185547,21.9661560059,60.1003761292,1.32005671039
960,317.561767578,179.982070923,17.477350235,49.4434967041,0.757379783317
960,616.973144531,178.852676392,15.6483945847,43.5254325867,0.717538269237
960,300.628417969,203.91368103,27.5510692596,55.7106628418,0.530748162419
990,444.99899292,183.22819519,25.0863513947,57.8562355042,97.4905967712
990,10.5410394669,132.823684692,37.0114097595,52.0168151855,48.0890542269
990,328.212310791,150.631057739,22.2862625122,64.0230941772,21.940971911
990,550.409729004,193.257629395,23.8219223022,48.9008331299,10.3083439171
990,466.395599365,172.488815308,20.5769424438,63.9919013977,9.9225088954
990,540.037475586,191.478744507,20.0373630524,50.4484291077,2.71845310926
990,430.409942627,176.50642395,20.1628780365,61.5628395081,1.79122164845
990,575.385437012,196.015487671,19.7401676178,48.7781639099,0.667156744748
990,343.373382568,111.669166565,23.4559230804,65.0024642944,0.658227130771
990,343.967163086,230.442642212,32.2868919373,75.6019363403,0.460332958028
990,615.915771484,203.359085083,16.3184680939,42.4779243469,0.343680940568
990,594.350585938,184.081863403,19.466047287,57.9047241211,0.133678060956
990,103.87978363,239.899551392,22.1498775482,56.2861061096,0.0536478532013
990,346.835540771,145.658798218,25.2932567596,62.6227416992,0.0224445146159
1020,430.354034424,186.908325195,21.6327114105,53.5722236633,95.3003227711
1020,413.736938477,183.932739258,24.0327358246,58.1345939636,93.6241984367
1020,334.270599365,158.935806274,20.9300251007,65.5864715576,14.4601330161
1020,303.904174805,177.383605957,17.9930706024,52.1948547363,9.96606349945
1020,594.03326416,104.797019958,28.1793994904,64.9918899536,6.73022717237
1020,462.626678467,181.906387329,19.0465183258,54.3546295166,4.82359752059
1020,370.945404053,195.521499634,16.0993709564,47.3869628906,0.769978342578
1020,516.69140625,233.736129761,29.853521347,67.7124862671,0.652325944975
1020,448.633148193,184.701538086,17.5426292419,54.3516998291,0.628049578518
1020,401.135894775,183.055175781,15.3244590759,54.9294891357,0.428877444938
1020,318.282958984,170.996780396,18.0901241302,50.7458992004,0.197017285973
1020,461.480438232,354.416168213,21.0376110077,41.7269668579,0.0960860343184
1020,350.635742188,185.338195801,19.9469909668,57.7545890808,0.0722404918633
1020,615.448303223,123.026039124,16.9953479767,47.903503418,0.0273567537079
1050,386.386688232,185.779953003,20.5372219086,54.8888816833,98.2323348522
1050,412.94152832,189.74382019,19.2498683929,52.3766212463,98.0214774609
1050,459.94821167,176.246932983,23.0103282928,60.1843414307,16.5291011333
1050,337.009674072,157.042861938,20.1623516083,66.1629104614,15.7610982656
1050,303.308685303,177.725219727,17.6555671692,51.4123077393,14.1060188413
1050,473.426757812,169.73085022,23.3981246948,66.5528335571,11.5031957626
1050,376.209136963,182.780654907,18.0844860077,63.1913299561,5.51244691014
1050,558.818847656,195.207641602,18.56457901,47.8464660645,4.20696772635
1050,544.367492676,193.33013916,21.3083209991,53.138004303,2.27842573076
1050,569.247497559,200.469116211,17.9989070892,43.9740638733,1.0416790843
1050,580.941040039,192.032424927,19.0984172821,51.6892280579,0.735657662153
1050,615.89630127,203.495864868,16.8278999329,42.2558631897,0.415025604889
1050,360.776367188,190.884521484,18.3183689117,55.1982574463,0.335345044732
1050,488.644683838,180.701766968,17.3694286346,50.9680175781,0.315795908682
1050,344.509277344,110.809631348,21.7819271088,58.7253723145,0.281535508111
1050,425.461425781,177.200363159,25.4125347137,60.7168884277,0.176904792897
1050,591.970397949,181.86958313,21.9740524292,60.3025550842,0.144322006963
1050,318.932769775,170.871459961,20.2905139923,56.5549583435,0.131238298491
1080,389.937896729,187.639633179,22.2015171051,57.3732757568,96.1444735527
1080,376.075958252,185.211730957,18.8041305542,55.7033729553,91.0365700722
1080,302.572235107,177.720458984,18.9590549469,45.9194450378,37.6248061657
1080,475.072509766,180.348999023,20.5010051727,53.3387336731,37.6123219728
1080,333.884552002,158.356002808,22.2542896271,65.4694976807,22.0070332289
1080,455.292236328,176.659912109,19.287481308,59.329372406,5.56164905429
1080,577.558654785,194.843612671,19.8278236389,50.0321807861,5.04413694143
1080,551.542175293,194.198348999,17.3074588776,44.6710319519,4.65919300914
1080,329.902038574,196.430664062,24.613067627,51.7242279053,2.58174110204
1080,538.235107422,191.565063477,20.278263092,50.3947410583,2.10989769548
1080,361.831420898,187.376174927,18.0414848328,58.5531730652,1.51546634734
1080,433.885284424,160.271560669,31.6758270264,69.1049575806,1.16969114169
1080,564.815612793,195.129226685,19.1714000702,44.2992095947,1.13385692239
1080,348.4949646,182.679504395,19.1659603119,58.2398414612,0.370506732725
1080,592.513244629,183.44960022,19.7927532196,56.8571434021,0.234311935492
1080,411.313476562,182.929504395,16.9719562531,52.4255332947,0.20381140057
1080,488.126190186,180.391174316,18.1789932251,49.1693153381,0.203162222169
1080,616.176696777,203.249069214,16.7086734772,42.55286026,0.189401721582
1080,317.096313477,166.351165771,24.6906890869,61.5603599548,0.167324196082
1110,363.4347229,182.952011108,29.248758316,63.1717567444,97.7883338928
1110,470.768157959,181.137390137,18.8738555908,49.9322013855,79.4408857822
1110,305.792755127,179.659622192,18.655462265,45.9145927429,15.0176629424
1110,458.853759766,177.227828979,19.5272006989,53.1697654724,9.02451425791
1110,335.451934814,163.949508667,23.7838497162,69.7495346069,6.1372037977
1110,543.596008301,190.429367065,22.1448688507,52.41588974,3.35545018315
1110,580.157165527,192.988296509,20.0429573059,52.3583221436,2.51055825502
1110,351.365356445,183.086730957,17.0022506714,57.4746398926,1.98396202177
1110,442.638519287,169.595367432,26.8757686615,62.9090309143,1.92674901336
1110,382.832672119,190.419006348,20.7454433441,54.4154701233,1.42304282635
1110,426.870452881,168.097930908,25.2217960358,59.9856910706,0.639881100506
1110,399.553131104,184.099075317,18.3786907196,52.2521247864,0.558590283617
1110,556.842895508,188.004379272,18.9856281281,51.5916175842,0.488325348124
1110,324.711242676,178.567001343,21.7887954712,61.452922821,0.360148493201
1110,615.951843262,201.916030884,17.0571651459,43.1509361267,0.25864909403
1110,592.250671387,183.244018555,21.0597133636,58.0504417419,0.218015164137
1110,287.357696533,185.796157837,31.3052978516,58.4329490662,0.160766870249
1110,488.643066406,182.768737793,17.3607730865,47.5228309631,0.100507086609
1140,362.116546631,184.674804688,23.4817028046,60.8693885803,94.0710842609
1140,472.120513916,180.585891724,22.2882900238,51.2307701111,55.435603857
1140,376.800811768,191.606307983,18.5489234924,53.4218292236,52.9633879662
1140,333.878570557,161.737182617,22.6955394745,76.1251602173,46.941819787
1140,301.920410156,183.22807312,19.4808216095,44.879699707,10.9630398452
1140,360.013580322,279.673370361,21.9996261597,50.1497955322,4.60816398263
1140,462.64541626,179.028503418,18.6285686493,54.7453155518,3.62103059888
1140,435.126190186,168.110717773,30.0359420776,67.6540145874,1.48544711992
1140,340.109710693,272.776031494,19.7653560638,45.0815162659,0.851180870086
1140,402.066925049,352.337249756,21.9711685181,47.77602005,0.732820294797
1140,616.596008301,182.629684448,18.3163604736,46.6717567444,0.661811605096
1140,352.756958008,189.959960938,18.8744087219,56.2502250671,0.615984946489
1140,306.151550293,192.989730835,26.9696063995,56.8285865784,0.559252453968
1140,340.572784424,109.667991638,21.2218837738,56.830291748,0.484212627634
1140,451.773895264,355.633514404,19.4907283783,41.0164527893,0.434442656115
1140,396.283599854,184.71321106,18.7745265961,49.4321174622,0.126293790527
1140,364.905731201,332.036987305,22.3969936371,48.2218513489,0.115416408516
1140,349.056518555,155.335388184,21.1238460541,61.883266449,0.0542093242984
1140,583.901428223,193.141525269,19.4341583252,41.4894294739,0.0168595914147
1170,337.298950195,163.635452271,17.8197422028,54.9884681702,42.8741753101
1170,297.04208374,181.242782593,22.9698085785,51.356174469,34.7825914621
1170,355.420928955,187.235610962,18.4013252258,44.0377197266,2.12378278375
1170,325.808380127,188.040878296,25.1945705414,64.9572753906,1.79559029639
1170,344.201934814,109.432289124,21.0300674438,62.3234367371,0.253693619743
1170,614.330749512,230.790176392,17.0393352509,42.7283668518,0.187850813381
1170,301.08996582,103.827018738,21.1125297546,57.8002319336,0.032175911474
1200,138.613845825,122.863220215,35.9748497009,75.3842391968,57.536137104
1200,133.419586182,231.05708313,27.9417266846,52.560382843,32.7495396137
1200,432.940216064,119.113807678,29.5918216705,82.8953781128,29.1388750076
1200,126.366386414,118.417449951,60.0936470032,158.244003296,25.4785805941
1200,449.520233154,209.968002319,26.4328479767,56.4660758972,11.4819578826
1200,358.498687744,193.240402222,27.5576095581,70.3226776123,10.0584439933
1200,321.205780029,170.165939331,61.6036071777,112.018119812,5.84656819701
1200,215.778137207,130.273880005,26.9574737549,63.0152626038,5.7631149888
1200,546.761047363,199.729675293,31.8740539551,92.536529541,5.62206469476
1200,160.758361816,221.523498535,22.3974227905,55.9969329834,4.08350415528
1200,178.105178833,137.585845947,18.3776111603,53.7597084045,2.54614446312
1200,403.013580322,363.814117432,21.2257194519,47.1025123596,1.71524416655
1200,191.474777222,136.196731567,19.0985336304,52.8732872009,0.814516376704
1200,434.886077881,176.330123901,20.4394397736,55.2401924133,0.703479768708
1200,591.82635498,226.417037964,38.5303153992,88.7415542603,0.492859026417
1200,369.4715271,173.800292969,23.9018650055,63.3185691833,0.318847619928
1200,439.263641357,196.700973511,24.1589412689,59.6562538147,0.240590842441
1200,409.148651123,340.232055664,29.3581447601,60.6869392395,0.210503302515
1200,229.808959961,135.80796814,24.6239337921,67.4421386719,0.0819883658551
1200,20.1870994568,24.7784748077,21.8830337524,58.2564048767,0.000243924159804
1230,340.8565979,97.5522460938,33.5326499939,85.0842971802,28.4285336733
1230,318.537628174,106.563102722,22.3976364136,76.7552947998,5.20243495703
1230,51.2242126465,209.006362915,28.4267482758,55.8495292664,0.406216364354
1230,492.041259766,98.8869018555,22.284614563,59.2228088379,0.335070933215
1260,17.9484882355,209.613449097,21.3103485107,48.242477417,21.2092593312
1260,6.8473534584,214.496932983,16.4543743134,48.7624778748,1.00942905992
1260,605.324523926,193.199951172,18.5025844574,57.0880317688,0.512645533308
1260,615.873962402,222.508255005,15.6111536026,37.6933555603,0.152354722377
1260,279.305603027,107.122093201,21.2489051819,59.3170776367,0.0748209597077
1290,474.880828857,193.352233887,20.4771785736,48.2056388855,84.354108572
1290,609.232849121,97.1029052734,19.6561107635,52.585231781,21.0216134787
1290,466.90713501,51.6760101318,19.4386844635,44.3518180847,3.72310690582
1290,336.122467041,119.407836914,21.1675777435,52.5751457214,3.45008671284
1290,455.778320312,189.522262573,18.5193099976,57.0729370117,2.47052870691
1290,7.23950576782,143.655502319,15.6132631302,47.12266922,1.20449243113
1290,610.745788574,234.105911255,19.6134052277,44.6786994934,0.943917129189
1290,506.258331299,182.922866821,18.1144065857,47.8130378723,0.84571884945
1290,86.6573181152,270.788574219,27.1776046753,59.2253303528,0.763698853552
1290,184.268249512,252.718399048,21.1542720795,47.8777351379,0.607453752309
1290,477.628326416,54.3979301453,18.8822555542,42.825302124,0.523082353175
1290,483.472137451,167.535934448,23.4752559662,69.6955337524,0.161499425303
1320,413.841217041,191.392593384,22.315279007,53.6247291565,87.8400087357
1320,520.534484863,83.1209106445,23.0580062866,69.0210723877,8.36642980576
1320,276.120727539,120.838409424,22.0043125153,55.7763824463,3.05671002716
1320,70.176612854,114.462287903,21.764837265,62.4410552979,1.83790512383
1320,387.127410889,59.050567627,19.3252792358,43.4218406677,1.70005578548
1320,601.891418457,42.6729240417,22.4065704346,51.4616127014,1.69363263994
1320,476.280761719,42.602519989,21.5642318726,49.121963501,1.4613321051
1320,496.193237305,212.452819824,26.3764705658,48.4046363831,1.0703612119
1320,221.637313843,112.967384338,21.5300731659,59.7386779785,1.04373665527
1320,413.638671875,45.9011688232,19.2747840881,46.5334587097,0.94727287069
1320,269.211791992,147.370742798,20.0322608948,59.9915733337,0.774805666879
1320,252.649658203,114.921409607,29.0432338715,74.5813522339,0.436802115291
1320,616.763427734,59.3893547058,16.1642303467,43.7059593201,0.344539992511
1320,398.027252197,54.6796417236,18.4644145966,41.1161689758,0.244304467924
1320,435.059936523,189.156616211,18.6006336212,54.6642723083,0.239331810735
1320,447.467926025,189.498184204,18.0978431702,51.0625572205,0.133608269971
1320,237.769958496,108.638916016,21.062330246,61.083984375,0.0734853791073
1320,294.119049072,382.802734375,24.8188457489,55.7320594788,0.0131927648908
1320,54.9802856445,38.2389907837,30.4971084595,72.3553314209,0.00417346163886
1350,585.956481934,133.018966675,31.5446491241,94.1386642456,27.3680925369
1350,552.311523438,185.847045898,25.6059894562,71.9198379517,3.63436751068
1350,46.2879638672,190.780029297,18.9014415741,49.1061134338,2.65199560672
1350,91.8652038574,34.9320526123,25.26978302,52.8831596375,2.21820361912
1350,395.742462158,45.3768310547,23.3709774017,46.4480628967,1.85132157058
1350,331.193115234,32.0097351074,21.3203163147,49.1336784363,1.43599426374
1350,66.3923721313,164.298049927,27.6821804047,72.0519943237,1.28844883293
1350,432.208251953,40.3022499084,19.4677257538,45.495464325,1.06867840514
1350,413.008911133,39.0062980652,20.0272521973,46.6726722717,1.05673195794
1350,615.66607666,227.765426636,17.3600025177,47.8215675354,0.972608570009
1350,125.002479553,31.3868198395,20.0292053223,48.4376029968,0.921343732625
1350,507.599609375,240.674850464,25.1617717743,63.5191841125,0.825711991638
1350,142.684158325,43.9401435852,18.2116298676,43.1747932434,0.686831492931
1350,55.9398193359,181.278945923,20.3407745361,56.6578025818,0.64378133975
1350,536.564086914,55.5765266418,19.9872817993,45.6667022705,0.636984175071
1350,557.729248047,47.6790161133,20.6473445892,51.4832191467,0.489792507142
1350,78.9055175781,43.4653625488,18.9129829407,45.7103729248,0.475679850206
1350,39.4539756775,47.9693603516,20.8949394226,51.9394989014,0.399476569146
1350,575.462646484,181.249145508,29.9110584259,63.2267875671,0.238479813561
1350,567.870544434,206.549682617,20.8985137939,52.4811553955,0.22825403139
1350,614.392089844,197.0365448,18.0180568695,46.6284370422,0.161873386241
1380,124.700386047,119.799385071,43.5362358093,112.812316895,47.3690599203
1380,503.150024414,118.6198349,20.2854270935,46.4326515198,37.1489793062
1380,258.033508301,132.330154419,86.4513473511,142.911239624,6.03362880647
1380,340.787750244,111.918029785,37.458404541,97.3260879517,4.70232926309
1380,490.453857422,117.617347717,20.04322052,51.5366783142,3.77791300416
1380,513.792236328,116.829429626,23.4036617279,51.4505653381,1.97445712984
1380,614.343139648,225.899169922,17.3305397034,42.2375144958,1.66732314974
1380,139.701019287,165.260803223,20.529050827,61.6452636719,0.849967543036
1380,116.348083496,39.7159423828,19.9741573334,52.3686714172,0.462231552228
1380,16.3091049194,32.1514549255,24.9692287445,50.4937896729,0.208330480382
1380,120.836639404,173.354324341,24.4377803802,55.192401886,0.191780074965
1410,57.9868965149,113.4559021,28.9758319855,63.990322113,19.9212625623
1410,173.402603149,200.716140747,31.1320400238,64.682510376,3.56070324779
1410,566.470092773,194.570663452,27.6313800812,61.8457756042,2.22975518554
1410,44.4796562195,119.440513611,24.4927883148,58.6881370544,1.13509399816
1410,152.590927124,160.660934448,19.2487487793,59.3580780029,0.667115859687
1410,108.089485168,135.528518677,21.6068267822,50.2371177673,0.584981869906
1410,10.8470468521,109.692070007,24.1522140503,61.8448486328,0.248709740117
1410,594.136779785,189.017456055,30.3930721283,70.4289245605,0.0764039461501
1410,615.131713867,195.461791992,16.8572425842,47.8762817383,0.0669311673846
1410,25.9873332977,118.604576111,28.7822628021,62.692111969,0.0369108049199
1440,581.202697754,169.026748657,23.387720108,61.0633850098,61.0263288021
1440,519.624206543,151.886550903,29.1671466827,85.3196182251,38.5234832764
1440,607.367126465,186.465499878,19.0884933472,43.3926849365,30.8179527521
1440,512.091003418,192.803833008,19.2367687225,48.0557823181,9.61444675922
1440,545.350036621,160.182159424,24.2019729614,60.9624290466,8.83087515831
1440,570.547058105,174.775466919,19.0540599823,49.8794593811,8.13263058662
1440,354.984832764,192.724716187,26.0544204712,55.5110588074,7.4246622622
1440,496.724700928,152.230117798,23.3653888702,70.0119018555,4.21293489635
1440,12.3947324753,180.348068237,28.4306583405,78.7813720703,2.36877240241
1440,534.835266113,187.773757935,18.100484848,50.1952362061,0.999959371984
1440,595.862182617,185.450912476,18.9386730194,50.6776123047,0.504031730816
1440,288.418487549,154.091537476,28.314163208,64.8139266968,0.288161635399
1440,521.595336914,103.348480225,20.9691810608,62.5630683899,0.197762157768
1440,382.602203369,190.079345703,19.8060855865,53.3518409729,0.0845928676426
1470,440.959472656,156.640945435,21.9303283691,56.2963447571,54.589676857
1470,531.22857666,160.381210327,24.1176223755,65.1260299683,25.1860767603
1470,570.216369629,177.715576172,18.425737381,50.7008399963,16.1984622478
1470,601.449645996,174.993408203,24.0324935913,54.4810333252,8.54385495186
1470,477.925018311,166.779800415,27.1263866425,77.3251419067,7.98756033182
1470,558.57232666,176.302490234,18.4813251495,50.9737854004,5.57313784957
1470,465.792358398,138.670700073,28.0666599274,85.8074569702,4.44463007152
1470,584.268737793,174.742111206,20.2124938965,48.3544807434,2.95957196504
1470,517.147399902,169.859085083,25.7315750122,56.3293647766,2.72306781262
1470,452.288970947,160.902709961,21.3304271698,62.1064033508,2.29577161372
1470,505.890380859,167.211837769,17.2998409271,51.4104614258,1.62999909371
1470,494.532745361,171.9271698,18.4059505463,54.6710090637,1.08796870336
1470,462.575195312,176.058288574,19.1599178314,56.4710998535,0.5562776234
1470,157.668930054,172.319564819,20.5944194794,54.2816200256,0.512743275613
1470,615.528991699,191.755111694,16.6621494293,45.5823974609,0.220594415441
1470,594.980041504,154.001922607,19.4715118408,52.7010307312,0.18646758981
1470,487.118255615,87.1029052734,21.4021816254,63.8829650879,0.0257399166003
1500,614.78515625,171.749267578,16.1052951813,49.4587364197,40.1117324829
1500,382.440887451,167.465820312,27.8229045868,71.3834915161,35.148999095
1500,547.604431152,150.573623657,24.2400989532,66.1314468384,21.0202902555
1500,505.719482422,103.77230835,30.6556873322,139.343734741,9.59372743964
1500,529.803222656,164.706329346,20.7520713806,55.0302886963,7.79999420047
1500,463.206054688,113.948020935,26.6712360382,94.2293624878,6.62805140018
1500,439.916168213,113.113685608,28.342168808,92.006072998,5.41843697429
1500,604.104003906,169.312301636,17.7250385284,51.035446167,2.07888577133
1500,589.910217285,172.034072876,20.0054607391,49.897151947,2.04728208482
1500,99.1672668457,166.240249634,19.8395214081,54.6647758484,1.56200602651
1500,488.917816162,171.844863892,19.7516727448,55.9363250732,1.55113516375
1500,499.722991943,157.792404175,22.1785335541,69.2086868286,1.46465264261
1500,576.10723877,167.251983643,22.0694675446,52.4450836182,0.804495438933
1500,115.911193848,144.005157471,21.3576889038,65.3688278198,0.370402471162
1500,532.074035645,72.8488540649,19.6537017822,49.0117225647,0.329698831774
1500,525.795410156,89.4752426147,20.4534244537,66.9074707031,0.283087627031
1500,545.99420166,67.4297790527,23.2635250092,58.1169471741,0.277189002372
1500,559.298828125,63.5584716797,28.7492771149,65.9024810791,0.0693436944857
1500,491.380462646,21.554479599,24.3597354889,68.0913772583,0.00234920062212
1500,506.607147217,27.4848937988,27.1378879547,67.0396957397,0.00106382685772
1500,472.425750732,35.3404960632,28.9089031219,81.8441162109,6.27507006357e-06
1530,418.142547607,163.211791992,29.4088573456,81.6938858032,55.248260498
1530,558.827148438,168.49105835,21.2690525055,57.3123168945,15.8073216677
1530,46.7399864197,178.559875488,23.7153110504,55.0641365051,13.8637557626
1530,460.800537109,107.650123596,28.9531650543,84.6518325806,11.9514264166
1530,6.72676515579,183.357070923,15.3011894226,47.6757354736,2.99591757357
1530,615.168029785,213.811019897,16.4618854523,44.6198997498,1.79976727813
1530,571.895202637,139.924819946,25.9925765991,81.7819824219,0.819104723632
1530,61.4312782288,174.82460022,20.1953716278,54.9987945557,0.761135155335
1530,33.9287147522,181.24961853,16.6584606171,41.9057769775,0.651559280232
1530,524.622680664,133.510818481,21.933473587,50.8387451172,0.27042941656
1560,506.215667725,140.846176147,63.7246551514,154.988494873,94.8115229607
1560,585.226379395,149.298171997,26.4956207275,54.7310066223,42.357429862
1560,9.43904209137,181.175888062,21.8681087494,46.5288543701,31.2007933855
1560,541.52142334,156.609054565,30.9676303864,96.471321106,17.4577966332
1560,146.521011353,146.549255371,21.412902832,55.6883850098,14.3352419138
1560,614.72668457,49.1285514832,18.4470157623,53.0198822021,13.1822556257
1560,342.829193115,154.860610962,27.0661315918,74.5358352661,8.72745886445
1560,561.102722168,153.559616089,41.5614280701,96.9442672729,1.70201119035
1560,505.288116455,91.6571121216,33.6317520142,102.658836365,1.56604927033
1560,161.867202759,144.865585327,19.6458854675,57.299118042,1.1460179463
1560,497.897460938,141.749313354,35.8569984436,91.3279418945,0.655259983614
1560,66.3089141846,172.003601074,18.2461051941,53.389251709,0.476716365665
1560,451.998077393,166.445465088,16.2202606201,47.0017242432,0.413646316156
1560,475.128448486,161.870254517,16.6056499481,45.0468597412,0.196685874835
1560,462.14352417,168.704101562,17.1734008789,44.1806755066,0.0852090539411
1590,582.870056152,163.194198608,22.1063327789,48.5721893311,79.9437224865
1590,441.459136963,234.231872559,20.2618999481,41.7020225525,39.9133294821
1590,548.89654541,63.1862602234,52.8010749817,157.865615845,22.6425081491
1590,370.183380127,195.758468628,24.3455524445,55.0573997498,19.1817551851
1590,35.0475349426,185.720046997,19.2576942444,42.9799041748,17.0328244567
1590,553.839050293,149.968582153,20.5755558014,61.3491630554,10.622638464
1590,139.38168335,165.13571167,20.2897014618,48.4879798889,6.67342469096
1590,571.522460938,160.672927856,20.8043231964,54.5649261475,5.1760289818
1590,384.556518555,166.102508545,20.3844814301,85.580909729,3.36821526289
1590,359.636444092,148.05406189,22.6377563477,59.180431366,1.11288512126
1590,21.6467342377,180.362960815,17.794752121,46.7591743469,0.559574225917
1590,227.074401855,168.152908325,19.729598999,51.681438446,0.379088404588
1590,168.957473755,158.003494263,18.3458614349,50.8923950195,0.31463613268
1590,391.948516846,120.71484375,22.2617645264,66.4491424561,0.221582246013
1590,373.151092529,146.411911011,23.5517749786,68.9148864746,0.0833694124594
1590,6.93969202042,30.6582870483,24.8137454987,59.8567237854,0.000152392044583
1620,430.267700195,95.4123001099,25.1554279327,75.3645172119,14.2009690404
1620,451.957519531,99.0391311646,101.958580017,208.044174194,10.8430936933
1620,153.821487427,132.666870117,27.0466918945,62.8892211914,6.77425414324
1620,429.671630859,195.922683716,32.8658370972,85.213394165,5.27113638818
1620,135.87109375,130.001174927,22.9675693512,64.3610992432,3.34699787199
1620,367.165161133,133.999420166,21.8244190216,60.1369438171,1.38231050223
1620,413.295440674,102.322731018,19.024646759,59.9701347351,1.34261390194
1620,7.34509992599,188.794265747,14.5152273178,41.3678092957,0.967894215137
1620,488.017822266,77.7028503418,21.9283065796,51.2482261658,0.218297052197
1620,37.9673347473,80.9766159058,23.4872436523,65.1099014282,0.030066765612
1650,486.388275146,154.017150879,20.3727550507,58.5786857605,20.1088160276
1650,116.82976532,150.129760742,23.5306167603,51.1754493713,8.0835416913
1650,604.117614746,45.9941215515,24.7442073822,76.2570571899,3.29905711114
1650,470.793487549,59.5766868591,29.8704986572,87.6967849731,3.2658547163
1650,442.434783936,160.285339355,22.721206665,50.3471984863,1.71950440854
1650,249.921890259,150.666763306,15.7934675217,49.4137840271,1.07829980552
1650,416.590545654,157.473953247,17.2331638336,49.9477348328,0.813971087337
1650,466.469024658,153.640792847,17.8722476959,47.6107978821,0.726118311286
1650,66.0694961548,164.951034546,21.3751468658,52.8194007874,0.674760481343
1650,428.792510986,156.450256348,21.824005127,47.7643623352,0.530840922147
1650,509.982818604,142.176193237,18.6828308105,51.8222465515,0.199645082466
1650,433.867095947,75.0781326294,26.5610713959,61.8362770081,0.174922775477
1650,77.0795059204,156.536972046,18.4027366638,48.6607933044,0.100392196327
1650,562.123413086,37.280921936,23.9316692352,56.5701332092,0.0901975785382
1650,414.865814209,95.7143554688,18.6135520935,51.2894706726,0.0389375520172
1650,45.3021507263,178.208358765,20.0427875519,47.2142982483,0.0303938024445
1680,451.448455811,162.01210022,17.9957485199,45.5598258972,69.094055891
1680,494.798065186,165.620620728,24.6659679413,56.3488922119,59.8592817783
1680,530.441467285,152.102203369,20.9319591522,52.0416908264,47.8957653046
1680,611.61932373,166.127883911,17.438785553,48.0381507874,26.2189775705
1680,85.3819580078,159.877624512,24.2683792114,54.851436615,8.42924490571
1680,575.847961426,143.330490112,17.2407798767,51.7324676514,7.73356854916
1680,429.236846924,161.416793823,20.1121044159,51.9400024414,2.66369339079
1680,505.401245117,153.282562256,21.7686920166,48.7528648376,1.35616874322
1680,616.34967041,146.076278687,18.3141784668,49.4471473694,1.30086895078
1680,561.39654541,160.013381958,26.3280925751,70.5866470337,1.27799361944
1680,440.573486328,155.763549805,18.7745933533,52.4099082947,0.731085240841
1680,455.131744385,63.8945426941,28.9118251801,76.3374252319,0.632112938911
1680,415.697723389,162.697479248,20.8645801544,50.71043396,0.297664036043
1680,377.243927002,144.83972168,18.5171070099,48.6054077148,0.251854467206
1680,546.429260254,159.822769165,21.5771427155,58.2842102051,0.224902294576
1680,471.114624023,40.8805809021,23.9374065399,62.4019355774,0.179296394344
1680,51.7061882019,135.410079956,25.7794342041,69.2919769287,0.163158890791
1680,616.653381348,285.735015869,16.2288570404,43.0540046692,0.125775311608
1680,405.381256104,157.367294312,18.1736392975,45.2364311218,0.0196323366254
1680,486.021759033,32.9043197632,22.4139633179,49.7173194885,2.09390673689e-06
1710,585.734191895,176.958068848,30.2870883942,75.3898391724,98.6970067024
1710,13.1309585571,182.382827759,20.4442596436,45.1987800598,81.1642825603
1710,502.816558838,171.475143433,25.3806533813,59.7494850159,20.5544531345
1710,552.550354004,149.694824219,18.9075965881,49.1556358337,12.0509572327
1710,612.363525391,181.693374634,16.9440135956,56.9677696228,9.38705801964
1710,543.418151855,153.180221558,16.9800510406,45.8267555237,7.22798109055
1710,17.411611557,150.166091919,28.1887512207,69.966758728,5.58904781938
1710,317.712646484,161.713851929,19.4352626801,42.2620658875,1.93900298327
1710,99.2143630981,157.693145752,18.4505786896,50.3479270935,1.82236749679
1710,326.617156982,153.509872437,23.6596984863,49.396030426,1.09288897365
1710,444.076049805,173.990966797,17.9769153595,47.6020317078,1.02527029812
1710,563.969482422,140.542434692,17.5071678162,52.7902374268,0.539325270802
1710,208.456237793,160.831222534,23.362449646,54.7813682556,0.537608936429
1710,518.375427246,167.355529785,21.093996048,62.4161872864,0.518839247525
1710,75.0073013306,148.401596069,22.7916927338,56.1756286621,0.319172488526
1710,580.190368652,150.360595703,25.5483627319,58.5437011719,0.141487969086
1710,567.450927734,175.792556763,21.1309528351,50.3512077332,0.0509330770001
1740,344.143280029,148.528335571,20.2638607025,56.3794441223,11.5349642932
1740,309.351898193,156.722930908,24.3181934357,51.9730873108,3.74603457749
1740,323.35369873,153.176864624,19.2652645111,47.9543266296,2.33361814171
1740,424.739715576,153.339477539,19.8510818481,43.7249717712,1.90008804202
1740,393.462646484,149.272583008,21.088344574,53.3917541504,1.22862560675
1740,579.207092285,238.483032227,27.337064743,53.6060600281,1.09642585739
1740,408.495452881,136.616714478,21.2556476593,58.9310188293,1.09205115587
1740,559.40020752,176.700942993,26.0054950714,58.5557289124,1.0444957763
1740,291.380340576,159.060699463,17.3530883789,47.3941383362,0.796798244119
1740,208.370544434,154.253112793,23.7381839752,60.9375,0.392737612128
1740,165.876296997,157.706985474,22.3175411224,53.3354492188,0.387246790342
1740,617.008728027,235.746414185,15.9785108566,45.7431526184,0.289964466356
1740,504.547088623,45.4418525696,19.3844127655,56.9223480225,0.164590508211
1740,441.472869873,154.841201782,16.3524150848,43.1894187927,0.15031293733
1740,377.765289307,155.753982544,15.4462900162,45.1687431335,0.0964533537626
1740,576.968078613,167.729736328,22.1627140045,62.6713981628,0.019913604774
1740,9.46562385559,125.621116638,20.3033008575,56.0591125488,0.0068054680014
1770,363.103240967,157.776428223,21.8684444427,47.8340606689,68.1060612202
1770,434.571807861,144.332351685,21.2070522308,55.4758911133,26.4367520809
1770,473.762298584,149.218399048,15.0640649796,42.9550628662,8.87918993831
1770,327.833312988,150.276855469,20.8922977448,57.0504608154,5.09589500725
1770,454.896850586,146.633773804,18.0962734222,47.9950065613,4.81712333858
1770,532.411865234,150.595443726,19.2841587067,47.6010437012,1.94221343845
1770,164.695846558,152.914031982,20.6367359161,50.1992378235,1.82196181267
1770,218.321456909,154.084197998,27.0964603424,55.9414672852,1.39214396477
1770,415.360107422,154.026412964,17.1630401611,46.7255363464,0.382539466955
1770,350.234771729,143.2212677,24.7069606781,56.7126655579,0.189945101738
1800,397.263458252,158.364700317,25.1618061066,58.5919189453,92.4602508545
1800,494.898193359,144.583938599,21.0725498199,64.027015686,61.7903709412
1800,464.339813232,133.691589355,26.1854324341,75.630897522,8.09571072459
1800,523.76776123,157.287124634,20.0112991333,48.9633789062,6.55874162912
1800,482.332305908,158.358398438,23.6084289551,56.3481788635,5.86916320026
1800,421.545898438,162.752563477,18.9028587341,47.8699951172,4.68422323465
1800,343.287567139,151.844924927,27.1935806274,58.3680229187,2.86824647337
1800,328.863525391,149.092666626,20.1927757263,54.3870544434,2.84976512194
1800,513.63067627,150.515975952,18.8804340363,54.756275177,1.68839991093
1800,615.395507812,190.145248413,17.4923400879,47.6632118225,1.46109433845
1800,561.190917969,170.66619873,16.18791008,44.8968544006,1.39658302069
1800,226.896606445,151.544754028,22.3082141876,59.0722045898,0.76374290511
1800,433.895507812,159.513504028,18.374830246,50.9253082275,0.30743398238
1800,470.816680908,98.8000869751,22.0983200073,59.6127510071,0.268050259911
1800,210.479934692,155.580337524,25.2782840729,55.6591377258,0.179693289101
1800,359.943511963,151.51713562,20.040353775,43.6862297058,0.112365861423
1800,446.1144104,156.263076782,20.9729633331,52.890712738,0.0563578330912
1830,595.439025879,170.39251709,21.6324367523,61.4925994873,57.3911547661
1830,550.692199707,159.857192993,20.8138217926,61.3719978333,12.2156843543
1830,521.928222656,154.63899231,24.6976604462,69.079864502,11.1358843744
1830,493.322174072,160.085021973,19.7395877838,50.4609680176,9.18950885534
1830,470.661773682,130.240966797,20.5727176666,55.3324584961,5.21542355418
1830,564.844665527,166.323944092,25.6151714325,62.1864624023,1.0517870076
1830,608.754333496,175.616210938,19.3551692963,57.1506958008,0.963713973761
1830,544.216064453,71.2272567749,37.7048492432,93.9567947388,0.746880611405
1830,214.09197998,151.725906372,25.5115585327,56.9139289856,0.659775640815
1830,580.666870117,183.353622437,28.1209163666,58.7935333252,0.576666370034
1830,408.643157959,146.299835205,19.828918457,46.5517120361,0.452339369804
1830,528.932800293,115.105072021,28.7089633942,84.8163223267,0.379849085584
1830,242.576553345,153.201904297,19.078584671,57.0181922913,0.184299994726
1830,6.4557723999,57.9171943665,28.0606098175,65.9923858643,0.179379456677
