30,154.113204956,173.572158813,17.7208442688,43.9463768005,15.6790047884
30,615.792541504,350.134735107,18.0665416718,42.3440666199,0.0274712598184
60,169.448257446,169.657165527,23.2871723175,48.1568565369,0.384806818329
90,6.13942718506,183.735641479,17.4136066437,47.7134284973,0.823182426393
120,38.1701011658,155.331436157,29.7586841583,66.2721328735,5.90919107199
150,146.408248901,167.25743103,20.6164093018,52.5359230042,3.25942635536
180,202.178115845,170.531539917,18.0069770813,47.9711914062,10.2400265634
180,38.417263031,177.168014526,23.1788005829,45.5179862976,1.900395751
180,216.330551147,169.872436523,16.2217597961,45.9967842102,0.382566195913
180,73.4915237427,157.369766235,22.0741100311,67.9939346313,0.266012875363
180,189.334823608,176.595962524,16.247385025,42.005443573,0.249095959589
210,164.733932495,169.444610596,18.0329837799,50.7678489685,0.0854989106301
240,113.136657715,179.377731323,17.8214206696,45.7196006775,5.63949532807
240,190.979660034,174.840682983,15.3588323593,42.4348983765,0.396362924948
240,176.724899292,173.379989624,16.9881916046,44.183467865,0.15971501125
240,102.202766418,176.597396851,17.5730686188,49.9172935486,0.0705763290171
270,110.200958252,162.496749878,27.3913631439,61.926361084,32.5116127729
270,12.0849533081,158.244125366,25.820898056,74.9298858643,18.7228187919
270,82.7321548462,158.998794556,20.3279132843,54.1989173889,1.09774982557
270,163.625762939,179.223770142,17.9638137817,43.8337516785,0.271850917488
270,71.5596542358,65.4639892578,27.2941608429,68.8991241455,0.0176144778379
300,7.11817026138,111.004905701,37.6317253113,124.12474823,57.0975124836
300,20.7043018341,105.555335999,19.6461257935,61.3759307861,0.768195651472
330,26.198846817,134.265914917,26.1679439545,83.5463027954,12.3112268746
330,428.644165039,176.405563354,27.7318592072,52.737121582,2.44013592601
360,8.36240959167,160.854812622,14.4482965469,38.8095741272,1.21139083058
360,191.887710571,154.893203735,17.0328521729,39.3760490417,0.121499865782
360,143.123733521,151.791915894,16.9064121246,40.6781349182,0.0451985368272
390,151.001434326,149.009735107,17.6861381531,39.8427085876,3.59782800078
390,176.082824707,151.038421631,18.0616703033,44.0947113037,2.18345820904
390,57.2726020813,158.679229736,17.0762329102,52.1937408447,0.727875949815
390,43.2110328674,164.614639282,17.0238933563,41.8367042542,0.0645182968583
420,121.609069824,153.955963135,19.7633075714,45.801651001,2.93897613883
420,134.354629517,152.213729858,23.4150009155,49.555557251,1.30552072078
420,150.370285034,150.787994385,17.2066936493,46.2726898193,0.0159429895575
420,0.686272919178,34.6470146179,24.0334911346,64.7844848633,8.1975321109e-05
450,70.0858154297,154.000183105,23.7330169678,59.8428649902,7.32457265258
450,181.460617065,149.133865356,19.2388343811,45.6813621521,3.04565262049
450,114.934356689,154.201721191,24.6873378754,50.681350708,0.782904587686
450,196.096008301,154.138305664,17.333524704,43.7086219788,0.0333973584929
480,181.397644043,152.018493652,20.1981430054,48.7292060852,0.499792583287
480,6.87204885483,176.088195801,16.9743938446,45.1706962585,0.180011743214
510,136.752944946,135.569320679,19.9904575348,54.9207458496,10.9227277339
510,103.32244873,127.834754944,21.0920085907,65.5988845825,7.79040232301
510,164.401351929,139.544708252,18.5926113129,49.831741333,4.37090843916
510,35.7400016785,128.471252441,19.3746891022,52.1118927002,0.906479451805
510,115.097625732,138.757369995,26.0793476105,52.2048377991,0.132541300263
510,88.5959091187,151.972045898,19.2715473175,47.5810203552,0.0635720381979
540,127.991279602,148.286392212,20.8755245209,48.1947135925,1.51427937672
540,109.65839386,138.948806763,26.0591564178,61.6215019226,1.38522386551
540,6.15568399429,188.820663452,18.1111164093,44.7533912659,0.105507136323
570,22.1893634796,147.647567749,28.7141418457,73.9741897583,8.73320624232
570,107.446311951,140.308364868,20.6366863251,54.1696662903,1.42790284008
570,38.1033782959,168.683364868,19.0129528046,51.6314811707,0.802565459162
570,158.573043823,156.063735962,19.8309001923,48.2859344482,0.6362862885
570,137.249984741,146.167770386,22.9440631866,49.3410224915,0.0974463182501
570,38.8999595642,128.103286743,22.8345336914,56.3995857239,0.03269831941
600,119.220153809,164.265655518,16.9596920013,46.6625366211,6.5915197134
600,62.650970459,158.511428833,18.5817089081,46.9033317566,3.69589664042
600,137.397445679,166.86390686,18.1954231262,44.2451629639,1.06532443315
600,9.13402271271,162.552078247,19.8747348785,48.164226532,1.04316864163
600,99.4452133179,154.92288208,20.5646629333,51.9196586609,0.694084214047
600,72.5632705688,150.543807983,18.6769809723,52.6468544006,0.24758412037
600,82.2380828857,149.356521606,23.6853713989,54.9449882507,0.0807255913969
630,62.2305259705,161.01612854,21.7099914551,56.2752571106,13.4665131569
630,41.2633666992,152.517700195,25.1591567993,72.2765808105,9.3252889812
630,18.1498775482,148.302078247,23.5920543671,65.8767929077,3.65359596908
630,7.07376337051,163.506027222,16.5202198029,47.2256317139,1.17632495239
660,63.9399299622,169.808609009,23.4622249603,48.76379776,24.0349709988
660,615.518859863,231.334091187,18.9769535065,41.5670585632,0.219063134864
660,17.536075592,183.169845581,25.2430953979,48.9564971924,0.181612826418
660,6.77128410339,187.345748901,16.7657794952,51.5702629089,0.165783672128
720,23.5677185059,167.138809204,21.7741165161,47.3795051575,1.01255476475
750,361.053619385,178.499389648,23.5376663208,66.2024078369,4.2672522366
750,4.980032444,173.992294312,17.953710556,48.2852363586,0.609623314813
750,614.198059082,235.930740356,17.2024440765,41.3580818176,0.223526847549
780,615.656188965,219.03364563,17.1677837372,41.9867858887,0.377004779875
810,57.6822853088,164.081314087,20.1817970276,42.0578956604,9.1074205935
810,8.36487293243,176.58972168,15.591342926,44.3508758545,1.57369300723
810,499.763092041,140.775817871,19.049074173,46.926410675,0.267250905745
870,9.14902114868,256.237579346,25.0739154816,93.5760879517,6.00441619754
870,237.706710815,184.145080566,22.663187027,50.4069328308,1.79587416351
870,614.68939209,195.535888672,19.0136871338,45.6901245117,0.860686879605
870,288.410522461,190.780075073,27.58984375,55.5855293274,0.583495898172
870,614.75604248,289.587188721,17.9848804474,52.3588562012,0.51475581713
870,599.864318848,212.667984009,32.8165779114,72.1260910034,0.462398119271
900,431.806365967,184.954910278,18.1159172058,49.9904899597,43.6365813017
900,17.0901126862,241.633285522,36.6207923889,98.2021484375,6.5679371357
900,56.4366264343,170.562240601,31.8347549438,78.8867416382,3.68525050581
900,443.400665283,170.447174072,19.310333252,58.5501899719,3.68399396539
900,421.063079834,189.153991699,18.2714710236,48.2443122864,2.75724995881
900,339.067077637,179.556762695,27.0485286713,52.8191795349,1.71477776021
930,382.27734375,174.399047852,28.283493042,64.2807388306,57.9522192478
930,200.945663452,180.394592285,21.2997169495,51.838809967,3.69467921555
930,476.984863281,165.816604614,22.8995914459,55.5937538147,1.64056904614
930,469.31161499,173.351730347,16.5072860718,46.3413543701,0.735670467839
930,615.668518066,294.096191406,17.2220287323,50.0002288818,0.360294734128
930,103.990913391,196.020141602,28.4762134552,60.96251297,0.0976086244918
960,338.877746582,164.364135742,29.1374740601,70.0085754395,26.572817564
960,212.160202026,171.395278931,26.6270580292,55.1271324158,1.20319202542
960,478.420043945,185.423706055,17.898355484,51.8944816589,1.02731212974
960,376.357635498,182.927444458,27.9885482788,53.4464378357,0.845290347934
960,421.322296143,178.913955688,26.613243103,58.9711341858,0.516007002443
960,360.368438721,177.658126831,20.3452415466,57.3718566895,0.270683364943
960,322.670623779,181.613082886,28.5153980255,55.09608078,0.221590837464
960,408.790893555,294.834503174,27.4962558746,56.6036186218,0.0807526928838
960,589.872558594,230.859313965,32.7948875427,76.65599823,0.0248315132922
990,3.72042274475,186.645431519,17.8160610199,53.2137298584,2.12582759559
990,460.261566162,53.400478363,20.2567806244,60.186920166,0.306739355437
990,301.452545166,188.749954224,19.636920929,48.5629234314,0.232912250794
990,509.14944458,196.827072144,32.0367088318,54.1782836914,0.0648200220894
990,434.975952148,196.287231445,31.1076431274,62.1636390686,0.0248185067903
1020,610.471740723,159.789871216,18.9106864929,65.5379333496,1.474105753
1020,457.066986084,52.5829772949,20.1485118866,57.4513549805,1.38665139675
1020,461.16418457,161.195999146,18.5639514923,48.9953613281,0.801086146384
1020,474.982940674,163.653686523,16.6717586517,50.2115135193,0.474041001871
1020,438.260253906,187.814285278,29.5503921509,56.6948432922,0.0326882640366
1020,417.764770508,309.850250244,23.0770130157,49.9453697205,0.0300552957924
1050,483.452758789,173.361816406,23.6139202118,60.6328086853,24.9402940273
1050,188.447860718,172.022171021,24.8157939911,50.5106773376,4.37630824745
1050,66.1562423706,241.507980347,24.5888366699,68.1384124756,2.94832289219
1050,606.460754395,171.07359314,21.7674617767,53.7986564636,0.699307862669
1050,615.953613281,195.151199341,17.0148849487,48.2148857117,0.0880439649336
1050,448.382049561,326.461975098,27.6308746338,56.9346923828,0.0462087045889
1080,606.360229492,182.92175293,21.8846988678,50.2953071594,37.928968668
1080,497.363433838,186.587097168,17.9875564575,45.7650260925,25.2785295248
1080,68.8450088501,182.928756714,24.6503047943,60.7058258057,1.35618718341
1080,484.594238281,183.799667358,17.6112422943,52.2201652527,1.1794780381
1080,178.000289917,164.089523315,25.837305069,59.0749511719,0.678435945883
1110,11.4738883972,250.908462524,28.5065383911,79.3430175781,30.199560523
1110,49.8140830994,207.342102051,33.0680961609,63.0741882324,0.195351964794
1110,467.856445312,45.76404953,26.4119663239,64.3776092529,0.000186997215224
1140,467.994293213,158.183395386,18.2044506073,47.2524452209,9.51333716512
1140,617.86895752,192.128585815,12.8338861465,38.5719070435,6.55600205064
1140,486.919403076,165.991317749,15.1207170486,42.6341438293,0.77053247951
1140,89.7541122437,179.991073608,19.5057182312,51.56457901,0.0511698017363
1140,268.642944336,148.298751831,27.6744174957,74.102935791,0.0366568070604
1140,477.754638672,44.3505744934,19.1787891388,55.9512481689,0.0183412907063
1170,504.74621582,183.433364868,18.2900619507,52.6306190491,31.5930664539
1170,486.509765625,173.538986206,16.2201290131,53.6647491455,19.6440175176
1170,9.49610996246,223.486282349,26.972618103,98.1208877563,12.310218066
1170,4.83678817749,214.709793091,27.1129932404,45.7976417542,1.53879178688
1170,616.122924805,192.047622681,15.1244325638,42.3627128601,1.31217492744
1170,479.329925537,33.6625328064,19.4509525299,60.9153862,0.58262264356
1170,514.257507324,169.77003479,18.934545517,53.6462059021,0.565429683775
1170,86.7703170776,174.399337769,31.0928173065,57.0504760742,0.234422553331
1200,505.49621582,168.392410278,21.8006572723,63.4718742371,47.2651213408
1200,5.20117712021,230.248947144,33.9103279114,85.4169692993,17.7148044109
1200,495.623382568,174.932250977,19.470375061,57.4348564148,0.925977434963
1200,477.508422852,27.5918750763,21.9083576202,61.9140663147,0.355849345215
1200,486.859741211,164.588623047,18.8356952667,54.256061554,0.167518702801
1200,615.027770996,179.630172729,17.1026592255,45.8951568604,0.156562076882
1230,564.678527832,184.021865845,20.4743537903,53.2126731873,56.0620844364
1230,12.1248931885,231.638473511,32.2008666992,91.7478942871,0.738104339689
1230,479.206085205,33.2629394531,20.1847171783,59.2797050476,0.594740686938
1230,5.54988241196,217.488052368,20.5001659393,64.6228485107,0.46157957986
1230,484.36227417,180.089920044,24.8805103302,58.0885810852,0.0560960266739
1230,352.086151123,194.321960449,25.2596740723,51.0527305603,0.049332465278
1260,331.547088623,182.848953247,24.7620639801,59.9609565735,83.2415044308
1260,506.265777588,192.292037964,18.2707920074,47.917049408,68.9958691597
1260,472.203521729,30.3770847321,21.8392715454,63.437713623,4.9986101687
1260,612.97052002,194.421936035,15.7021064758,42.4645271301,3.53528633714
1260,8.07481861115,222.373001099,23.7215576172,59.8374977112,2.30487287045
1260,12.033823967,234.296920776,31.0338745117,98.584777832,0.662219105288
1260,496.147583008,185.730606079,18.4515895844,52.0931854248,0.440135877579
1260,485.844360352,31.9483203888,21.4679965973,57.9574317932,0.3988890443
1260,616.955322266,211.775390625,16.350851059,41.5934410095,0.177084666211
1290,8.75440502167,226.617752075,26.7235813141,100.278747559,20.6130117178
1290,613.890625,192.807540894,15.8765106201,43.4333686829,5.19452877343
1290,483.532623291,31.4233760834,19.9734973907,63.177947998,2.44533214718
1290,391.953369141,204.519470215,21.6470336914,50.4870300293,0.485699670389
1290,601.004455566,189.846084595,18.582818985,46.6702575684,0.334296328947
1320,509.074188232,186.305801392,21.043548584,49.2632789612,68.0326461792
1320,8.30325317383,228.328018188,33.6660194397,99.2293319702,18.9755558968
1320,612.871765137,195.750991821,15.6098022461,41.3689727783,3.49503159523
1320,472.276947021,34.4464988708,21.1830387115,59.9646148682,1.68865639716
1320,496.115722656,181.265625,19.2004451752,54.7402610779,0.656477175653
1320,601.536315918,194.460327148,17.8651199341,43.628326416,0.214255368337
1320,486.316650391,171.212280273,19.0771770477,54.0148735046,0.187914236449
1320,485.481781006,33.5278587341,21.3812255859,61.3199615479,0.0662205100525
1350,512.905822754,188.157287598,17.901971817,45.5590400696,49.2353737354
1350,7.2047958374,217.49005127,29.4244632721,79.1605606079,10.4157172143
1350,612.2109375,192.603210449,16.5992259979,43.7504234314,3.75231876969
1350,487.824798584,177.235794067,16.6995487213,49.2778968811,0.728046428412
1350,482.075195312,31.7975082397,21.0577735901,63.2675323486,0.298908632249
1380,505.962554932,173.417221069,20.5737171173,60.3224983215,36.6117268801
1380,6.51976776123,227.650039673,34.1252784729,97.8979797363,35.5027407408
1380,612.956176758,193.414978027,16.53657341,42.5725593567,3.66322174668
1380,518.528503418,182.273803711,18.4759674072,49.8761940002,2.98453457654
1380,488.522796631,175.263870239,17.2613391876,52.8949890137,1.18477409706
1380,482.635772705,33.1520881653,20.3441982269,60.4808158875,0.182166136801
1410,523.298828125,185.662124634,17.2322616577,46.7341003418,36.6753727198
1410,507.10244751,179.873413086,17.6881122589,55.9023323059,16.5551617742
1410,8.2399969101,217.78175354,25.6054229736,63.6064300537,5.08156865835
1410,612.454833984,191.722900391,15.8083772659,43.5435295105,3.23931984603
1410,478.488616943,31.6320171356,19.7028999329,61.0185585022,1.48297119886
1410,487.82800293,174.480636597,17.2963294983,51.2101554871,0.333143374883
1440,529.573425293,185.848937988,15.6867113113,43.7114372253,47.0782458782
1440,503.718353271,168.399429321,22.9244022369,64.0265197754,33.5684835911
1440,485.044158936,176.399002075,16.8514785767,49.3831787109,2.48336847872
1440,8.31738567352,219.920654297,25.1518096924,69.2145690918,1.63580849767
1440,615.584716797,192.257400513,15.4515113831,43.6606025696,1.32591128349
1440,478.788543701,34.6092414856,20.4738807678,60.6492500305,0.268268724903
1470,505.555419922,176.0912323,20.2466430664,61.2015419006,40.7069921494
1470,6.10644292831,230.431091309,33.2737388611,88.0271682739,17.3915207386
1470,528.646057129,188.644042969,17.631570816,42.4228477478,9.05561000109
1470,612.633178711,191.191696167,16.6866321564,43.7642478943,3.93105000257
1470,488.853271484,177.919082642,17.1775760651,51.9822502136,0.509969471022
1470,482.674163818,32.8064537048,21.2254581451,61.0887260437,0.34708743915
1500,504.21182251,168.419784546,22.3630084991,66.3500289917,60.676074028
1500,9.06192493439,225.123245239,25.2613124847,99.2768249512,41.5428727865
1500,532.972106934,185.817749023,16.3764781952,44.0111122131,19.3015545607
1500,612.718688965,192.638778687,16.9039001465,41.379119873,2.42352932692
1500,472.576263428,40.3609237671,19.5075359344,53.7558021545,0.883284490556
1500,487.320556641,175.615722656,19.4340610504,52.0225219727,0.55476394482
1500,483.398284912,38.9218177795,20.0310344696,57.8768463135,0.027257372858
1530,505.025238037,169.241348267,22.3984127045,64.5666427612,23.394022882
1530,4.17204904556,215.72467041,24.3889694214,51.497592926,7.04983919859
1530,612.949645996,193.904663086,16.7205410004,41.2476577759,2.56640315056
1530,486.12878418,168.788894653,20.6209621429,50.5432090759,1.04965623468
1530,479.173095703,34.6828575134,20.0421047211,56.7577934265,1.02882338688
1530,12.54408741,229.386856079,30.8358249664,99.0453567505,0.313112093136
1560,505.264770508,173.535949707,20.9442691803,57.985874176,29.9889445305
1560,5.4912071228,230.12852478,31.905210495,86.3439559937,19.8001608253
1560,613.122314453,191.181564331,16.8516845703,43.4477348328,3.25122773647
1560,486.44644165,171.240768433,19.7171840668,54.597076416,2.13044080883
1560,473.752471924,35.1363601685,20.0488681793,57.899356842,0.57839686051
1560,484.58706665,32.3788452148,23.3532543182,62.4109611511,0.000150716641656
1590,504.848632812,176.073440552,21.1802959442,59.7949485779,24.3782639503
1590,487.302520752,172.503601074,18.0331134796,51.0042686462,5.28480969369
1590,613.265014648,190.450393677,17.228471756,41.6718635559,1.96015797555
1590,6.89551782608,219.620239258,24.9954357147,60.9376373291,0.665397522971
1590,73.666305542,135.60295105,30.2156887054,62.3635826111,0.537252239883
1590,11.9245481491,230.316818237,32.8148918152,94.0253219604,0.521806208417
1590,473.397949219,35.6856117249,20.2053432465,55.4332771301,0.344318221323
1590,16.9246559143,167.727264404,30.9569377899,63.6208343506,0.0400297285523
1620,4.98635721207,221.823867798,32.0604743958,91.6317214966,1.95784792304
1620,4.49914693832,215.136154175,19.1982440948,48.6580619812,0.517393369228
1620,482.78112793,34.4174156189,20.4972991943,60.6280937195,0.0885884859599
1650,507.531219482,181.178848267,18.4457263947,53.8886413574,32.287850976
1650,7.04858016968,227.505966187,32.8412437439,99.2743606567,18.3277785778
1650,616.661682129,192.765197754,14.3099746704,38.8674049377,7.09609463811
1650,483.62902832,172.327453613,18.1365947723,49.390827179,4.53469194472
1650,493.730712891,169.285568237,22.5561161041,62.4690818787,2.43942383677
1650,469.272674561,36.3372039795,18.9645347595,56.1074028015,0.609650555998
1650,486.13949585,33.382724762,21.052652359,58.4544487,0.0729741936084
1680,504.068237305,176.594192505,20.5625896454,59.9528617859,20.2328771353
1680,7.45451211929,225.395874023,33.2267112732,98.430015564,17.5144553185
1680,617.32989502,190.706237793,14.0517854691,41.5359382629,7.80918523669
1680,478.390716553,29.4600143433,21.5133361816,61.2914085388,0.223912973888
1710,504.397460938,171.899459839,22.5729579926,59.3070487976,18.6575233936
1710,563.16986084,191.676864624,16.9502429962,43.9824485779,4.44075874984
1710,613.36907959,193.500289917,16.2245941162,42.3316841125,3.30820456147
1710,487.694671631,171.045822144,17.8154010773,52.307849884,2.45881229639
1710,474.551605225,32.5877075195,19.1910457611,60.7049369812,1.13899391145
1710,4.44100952148,222.943435669,29.6460971832,83.9328994751,1.01086143404
1710,484.719085693,32.9907569885,23.0161647797,59.1776275635,0.000114845852295
1740,504.695770264,174.951187134,21.9154491425,58.7086448669,21.8962430954
1740,486.642669678,164.987197876,19.2930927277,56.7221565247,7.84652158618
1740,612.539550781,192.47328186,16.8708839417,41.3309135437,7.27537125349
1740,470.039215088,29.1508350372,19.3592338562,60.4404754639,3.49986813962
1740,565.468200684,193.148071289,15.7521467209,43.9339904785,2.89783980697
1740,5.95935821533,226.653274536,33.0084342957,89.4919204712,2.57889982313
1740,520.801452637,164.479904175,17.9892158508,50.2075614929,0.53412374109
1740,482.328979492,33.4961166382,21.8295230865,63.3265533447,0.00756598165026
1770,504.9190979,165.983139038,23.6055297852,67.9881362915,55.4656803608
1770,486.791503906,166.886978149,17.8223209381,53.0823783875,16.2151187658
1770,613.573669434,191.976486206,15.9739942551,40.6688346863,5.56556805968
1770,479.58505249,32.6503562927,20.7257919312,59.4247894287,0.736037455499
1770,5.67794799805,218.914108276,30.4246196747,91.8803939819,0.569746084511
1800,506.040161133,167.948196411,22.0954418182,62.6695899963,56.9570600986
1800,5.35651397705,228.320602417,33.3566856384,91.2418136597,5.63951395452
1800,613.137023926,191.082107544,16.7732696533,43.1321907043,2.77836211026
1800,494.102783203,173.465255737,19.8450336456,56.929397583,1.36980460957
1800,476.239044189,27.6696472168,21.796792984,64.7270889282,0.688759097829
1830,504.456787109,165.350418091,23.9861125946,67.5147323608,87.9590213299
1830,483.569671631,171.130172729,17.2482891083,50.6517944336,14.2818957567
1830,7.09660959244,225.962936401,34.1780738831,91.9202651978,12.8748103976
1830,613.726379395,190.832046509,16.5718822479,43.8209342957,2.96026319265
1830,492.191314697,162.991638184,21.231924057,59.8767585754,0.218088272959
1830,477.031005859,33.2829704285,22.4566516876,60.4223899841,0.0207876437344
