30,499.413116455,192.513504028,24.8877887726,69.6263198853,20.0461283326
30,403.558258057,196.697189331,24.5757369995,59.3351249695,5.28890453279
30,392.535430908,202.035110474,17.4492473602,46.0447425842,1.16249863058
30,511.068817139,187.723373413,24.0159244537,55.1701660156,0.686301896349
30,539.448913574,186.055664062,24.5395412445,73.3048553467,0.556703470647
30,526.097717285,189.391189575,24.8649749756,63.6006317139,0.350272003561
30,283.583496094,32.6505737305,30.5457706451,55.3845825195,0.042041533743
60,393.534057617,201.327392578,17.9835262299,46.7350006104,3.26786264777
60,503.137451172,204.339859009,27.641746521,66.9795761108,2.59422194213
60,403.388824463,199.330749512,24.3035526276,60.2964134216,1.08734304085
60,540.625610352,194.837112427,23.6030216217,69.9802703857,0.604305090383
60,136.339782715,181.078063965,19.3441905975,47.4135322571,0.294481567107
90,416.416137695,197.416381836,19.7453022003,67.0205307007,42.6268994808
90,526.212402344,202.536331177,31.8754043579,72.9962005615,4.00247350335
90,611.582641602,173.846191406,18.5301055908,55.3943481445,2.59176064283
90,399.658233643,198.673751831,18.1339569092,53.7965736389,1.41090787947
90,515.298706055,213.275268555,22.3333816528,57.1661987305,1.14541584626
90,436.136199951,184.428726196,24.0034942627,76.5972595215,0.82383910194
90,477.796234131,190.910964966,26.9984607697,50.5270805359,0.500065786764
90,616.253112793,257.057952881,15.7035074234,38.4512786865,0.386499287561
90,488.506835938,199.817306519,30.795293808,62.8535003662,0.303108128719
120,452.667724609,198.399581909,30.7866744995,79.8306884766,31.0591131449
120,570.508911133,186.0806427,27.7629528046,63.0259361267,2.17946749181
120,409.088470459,205.832275391,19.2921619415,45.9476966858,0.297982268967
150,613.191040039,178.537368774,17.2445735931,52.3065910339,22.1392646432
150,581.078308105,255.618606567,31.5379009247,66.9678726196,20.442904532
150,510.112518311,186.30255127,28.9989490509,82.9353408813,2.48175803572
150,477.509033203,149.332107544,28.8260421753,65.1036605835,1.01939188316
150,444.688934326,180.472717285,28.6160640717,60.7121276855,0.75567108579
150,456.627166748,154.796646118,26.0895309448,63.7729988098,0.136616895907
180,522.721496582,157.553039551,22.2308483124,59.77891922,3.31606045365
180,598.32244873,185.586593628,25.0572071075,56.4018669128,0.931824557483
180,615.834838867,177.744567871,16.0488586426,48.6604156494,0.865468196571
180,319.698455811,188.998046875,19.3969745636,40.2289924622,0.0120866992802
210,584.223205566,250.282943726,29.8682460785,60.5393562317,10.9356917441
210,615.52166748,175.748962402,17.4863948822,58.6752166748,2.99469362944
210,614.499938965,267.7527771,15.7858190536,44.6058197021,0.9087507613
240,11.4472923279,196.275634766,17.1538295746,43.5754585266,5.67059852183
240,52.3236427307,178.215332031,21.5794754028,44.1208152771,3.16025838256
240,529.628173828,100.725158691,31.7632675171,72.8776245117,1.57647859305
240,145.217788696,151.363433838,20.6201992035,57.0904273987,0.886029750109
270,548.385681152,176.249008179,31.3313541412,95.9348983765,8.95756781101
270,458.54296875,189.755264282,21.3261432648,55.973575592,5.93906976283
270,34.7346496582,182.358810425,20.0306301117,40.6590614319,1.94519236684
270,340.917358398,169.831436157,21.3280639648,52.8790283203,1.10540864989
270,539.393310547,170.849609375,23.2110271454,67.9355773926,0.431568548083
270,562.074279785,221.008041382,26.7249469757,70.6318740845,0.335413962603
270,541.003967285,217.554336548,20.8232460022,57.7618141174,0.0714629422873
270,584.526245117,179.060440063,30.3764095306,66.964881897,0.0531625119038
300,609.636291504,227.67628479,20.1970767975,49.2642822266,0.32765972428
300,339.188995361,134.921005249,27.3923625946,75.6218261719,0.141746643931
330,246.23840332,159.724716187,22.35505867,48.8625526428,58.2369863987
330,373.720855713,149.685302734,21.2249450684,67.1470031738,34.1999173164
330,561.536193848,236.917861938,35.2211494446,67.5038528442,13.5808840394
330,11.1681318283,91.4411392212,28.9371032715,114.449440002,6.25150948763
330,11.0796022415,174.062561035,20.7799987793,53.0484161377,0.843018200248
330,6.3249745369,98.4878616333,19.7483654022,63.2541351318,0.0705631973688
360,6.2253279686,181.153625488,14.9451093674,42.9863128662,3.1315702945
360,406.54196167,137.448822021,17.4295101166,58.1554756165,0.810120068491
360,472.943450928,157.154037476,20.2506752014,53.5365333557,0.408787745982
360,498.831756592,132.647720337,19.1075458527,50.0401268005,0.131006073207
360,386.926605225,182.635604858,22.5405521393,42.0060768127,0.123538332991
390,570.231201172,138.709060669,21.2694644928,52.6443481445,3.35375964642
390,465.314239502,108.923828125,20.4736995697,59.3315124512,3.35250198841
390,426.063262939,176.030685425,18.1332073212,42.7660102844,0.652771815658
420,25.3381748199,175.794555664,18.658039093,49.6431121826,5.61090819538
420,7.41833496094,179.632644653,13.7257919312,42.4825515747,1.82460024953
420,453.833831787,188.571609497,22.49310112,51.0805053711,0.969433132559
420,601.110412598,175.655166626,24.1091899872,58.2632141113,0.71048126556
420,617.536193848,109.365234375,13.4055833817,42.0731315613,0.214165542275
420,615.206115723,166.318786621,17.3206291199,43.5810661316,0.0287237839075
450,11.0065412521,176.04069519,21.1101551056,37.5470619202,3.47119681537
450,329.569244385,157.382171631,18.8276958466,50.8007965088,2.11154650897
480,330.553619385,152.627883911,20.887758255,49.3096923828,2.48526930809
510,498.873138428,161.821746826,21.2770023346,58.2782592773,2.96582728624
510,328.882720947,151.622024536,16.5063457489,45.7854728699,2.30284761637
510,54.4475364685,145.013626099,25.3275470734,57.9480895996,1.32140740752
510,508.224243164,141.791397095,22.5265369415,63.8927879333,0.185630307533
540,43.7435913086,159.322875977,25.0793132782,60.4233818054,47.3306953907
540,328.319763184,150.899230957,18.2570323944,48.1912384033,5.5692832917
540,552.795715332,231.342269897,28.25481987,64.1201553345,2.91955880821
540,10.1248903275,166.181640625,19.0165424347,45.9794006348,1.49116450921
570,376.650421143,149.432922363,20.571641922,64.1728057861,52.9964864254
570,339.940704346,155.311172485,20.3191509247,48.6220207214,9.12545919418
570,388.611724854,170.05619812,21.4638137817,47.9597129822,3.50612401962
570,465.113037109,158.40953064,16.8834056854,51.3217506409,2.4952692911
570,367.741668701,167.168807983,19.1039066315,48.0499725342,0.144590612035
600,7.32058095932,184.601516724,17.4196109772,48.9020881653,6.03955760598
600,400.85559082,170.411056519,24.2567272186,54.5723686218,3.42992059886
600,33.6347007751,172.513931274,19.5491428375,41.2701301575,0.807026214898
600,540.335510254,158.720275879,19.9432811737,54.5553016663,0.52774711512
600,573.312988281,106.931465149,24.8246994019,57.3429603577,0.176749296952
600,408.952178955,188.199783325,29.056886673,51.608165741,0.0865281792358
600,441.140777588,203.149581909,21.6953792572,46.5362854004,0.0702939403709
630,444.389404297,164.664291382,20.7290000916,44.2104797363,64.4882380962
630,506.46383667,173.398803711,21.0389232635,52.4513893127,41.6049331427
630,616.524230957,182.695480347,16.7493839264,50.4840583801,1.98131818324
630,553.71270752,132.234573364,18.3216648102,46.0878448486,0.708428910002
630,584.90814209,130.384475708,20.7796344757,58.9269218445,0.434622867033
630,99.5795516968,155.067901611,19.4802494049,44.9025230408,0.272960867733
630,578.216674805,187.9037323,33.2960929871,60.6753501892,0.204711453989
630,605.511779785,184.49861145,18.280828476,52.8752937317,0.189892936032
630,7.11397218704,183.137985229,16.1575489044,41.2954063416,0.140112033114
660,546.04864502,153.337112427,23.615480423,68.5474319458,69.6870863438
660,276.082427979,144.591812134,18.1320762634,44.6858825684,2.49626096338
660,531.702087402,151.628967285,19.6614398956,58.7931022644,0.421492662281
660,356.736236572,155.470657349,25.6123332977,43.9481201172,0.20479739178
660,466.218048096,46.5102844238,21.7537231445,49.6394767761,0.15534440754
660,416.77722168,39.2144165039,28.8207988739,118.419067383,0.000262151093011
690,272.082611084,145.470596313,17.1317462921,48.9806861877,3.42369899154
690,8.52024364471,174.308914185,15.4413766861,39.4764595032,2.65499092638
690,238.566040039,147.625534058,23.2593631744,56.3022918701,1.91245805472
690,451.237945557,68.0753173828,20.0943164825,56.5101280212,0.0455037690699
690,564.442871094,26.5484714508,28.905456543,62.6994514465,0.00295421323244
690,471.618133545,21.5097961426,20.7973690033,62.4482116699,0.00129049412863
690,586.290649414,31.3107891083,28.546579361,70.0217971802,0.000293735956802
720,586.776367188,162.895233154,23.7126159668,58.186214447,78.4061968327
720,547.778381348,155.130599976,28.4395904541,58.5803527832,3.96200753748
720,579.259155273,68.3204421997,19.8182926178,58.5593566895,0.960933882743
720,266.100830078,145.859405518,20.0320510864,52.7814292908,0.717169512063
720,522.627441406,21.9207363129,24.6187496185,67.7222976685,0.00144220121001
720,566.279296875,31.2367248535,22.1546497345,66.7302627563,4.90521188112e-05
750,290.899871826,148.941833496,20.1957035065,51.1807136536,1.75241045654
780,493.636505127,163.562927246,22.5507640839,51.5747070312,2.10560243577
780,8.25811767578,180.79725647,15.5445985794,42.5813941956,1.617295295
780,572.437194824,144.341430664,23.3491954803,71.5168838501,0.221787928604
780,514.558166504,164.099990845,21.8289337158,49.4639434814,0.125829875469
810,610.303405762,173.717056274,17.8482608795,49.621471405,2.03521605581
810,597.998657227,125.891319275,31.3797473907,80.2871780396,0.942471716553
810,604.960021973,286.094665527,21.8053569794,43.7169075012,0.206555076875
840,516.633666992,162.360671997,19.8407726288,49.0115318298,1.44385937601
840,579.233703613,153.358840942,21.6462421417,58.5623054504,0.114937964827
870,177.748001099,162.33303833,16.0739192963,47.5082817078,17.318418622
870,8.57853221893,166.053482056,16.2803668976,53.9450263977,15.9962326288
870,557.559448242,156.021942139,19.3032112122,53.3848266602,11.7822058499
870,421.541412354,166.00289917,17.0588722229,47.457950592,10.4829199612
870,202.151016235,166.230148315,16.4472999573,48.7092475891,1.46462842822
870,411.260742188,160.743026733,16.5246868134,52.9372825623,1.2004295364
870,188.579772949,166.318237305,17.498588562,43.7447471619,0.767014687881
900,98.2160720825,158.011520386,19.7486934662,57.1262016296,71.5456008911
900,561.179016113,181.377059937,25.4508743286,56.7497444153,10.5957604945
900,452.692474365,162.808547974,22.303861618,49.1338005066,10.1602211595
900,611.922485352,150.593826294,16.0288944244,54.0363731384,7.2883605957
900,71.9792556763,169.918273926,21.8676548004,45.3442382812,5.65916411579
900,588.661682129,149.867034912,16.5582332611,54.8172874451,2.99621708691
900,548.244384766,169.862533569,26.1404590607,73.8100357056,2.38102637231
900,153.295974731,166.490371704,19.3119812012,47.2045135498,2.21068747342
900,181.558670044,158.542739868,17.1021366119,53.3887634277,1.35644404218
900,193.80619812,161.446426392,17.9995956421,48.7359199524,0.160255248193
900,291.793273926,154.162078857,20.1542568207,48.8774986267,0.0555622100364
900,84.238822937,155.281021118,19.7274017334,53.0650367737,0.0546926690731
900,444.104980469,114.072898865,21.0557956696,59.3453826904,0.0134632384288
900,271.887969971,151.625656128,22.3107967377,54.2127075195,0.00920022212085
930,521.87890625,165.353591919,26.5744400024,50.1941337585,21.6101616621
930,381.751342773,166.445495605,20.769317627,54.3041114807,8.53937342763
930,497.518768311,159.224472046,16.4710426331,49.681728363,6.74156248569
930,364.495880127,157.24420166,23.8094501495,56.3725700378,5.24648725986
930,79.0562667847,182.545303345,18.3923015594,50.7562675476,3.99952419102
930,467.782928467,159.271102905,18.0347652435,49.9226570129,2.16921102256
930,303.295318604,156.335342407,18.1562271118,47.935344696,0.803309027106
930,161.177444458,169.278625488,16.9057350159,52.0294151306,0.529032107443
930,178.094558716,161.074523926,17.1077518463,46.7762031555,0.520681962371
930,369.53805542,104.242118835,24.3168621063,83.4079055786,0.233232229948
930,320.388397217,153.780288696,18.6347560883,59.0826377869,0.137750653084
960,6.6812915802,179.610549927,16.2502994537,52.0130577087,40.988150239
960,418.882080078,157.649383545,24.6871433258,67.8349838257,28.6656409502
960,155.835952759,149.541366577,20.5119609833,55.3128089905,18.7182471156
960,103.663879395,161.836868286,18.7790355682,55.9987030029,6.20725229383
960,477.059234619,156.776123047,18.774477005,47.3739356995,4.41036596894
960,374.445953369,143.697280884,24.743932724,66.8939666748,4.23440076411
960,335.022705078,163.094177246,16.788236618,48.6897850037,3.09273339808
960,19.9379444122,179.875961304,16.1911182404,47.992477417,0.953462254256
960,296.734771729,152.654022217,18.5976963043,47.5153198242,0.662257755175
960,130.477676392,70.7694091797,29.4159622192,74.4869384766,0.404844852164
960,546.83013916,157.288009644,19.097826004,45.728012085,0.30179717578
960,561.707519531,147.224411011,23.1668548584,60.6445121765,0.260659167543
960,148.009414673,82.141998291,21.2847633362,59.2550849915,0.0956540578045
960,401.390625,45.5010948181,33.5710868835,105.283210754,0.0904268876184
990,511.126800537,119.479042053,51.7446784973,126.883178711,56.4961194992
990,61.3369026184,165.087631226,21.6356506348,57.7779197693,36.5054637194
990,572.824523926,150.324935913,18.3191661835,47.8890037537,14.8244768381
990,329.690704346,151.582077026,23.0250682831,53.7363700867,7.119037956
990,409.638061523,127.881507874,28.9750499725,83.5278778076,5.91928809881
990,349.1121521,161.586013794,20.5819816589,46.2659416199,3.9994366467
990,406.10144043,56.9221916199,23.3931808472,63.5915870667,2.75257583708
990,579.717590332,142.648010254,29.2707614899,58.8295021057,0.447191670537
990,131.271362305,162.983093262,19.9901657104,52.8247566223,0.345192174427
990,434.867919922,121.177970886,23.4710235596,75.8571243286,0.263606663793
990,107.877441406,55.9508514404,30.9725589752,96.5575637817,0.135671743192
990,504.427581787,79.9147872925,39.7950134277,113.552955627,0.0309188355459
1020,8.75282859802,167.889511108,18.1733608246,62.588848114,91.7336523533
1020,457.987304688,108.16394043,38.5645103455,111.264228821,55.4146528244
1020,600.733276367,133.341140747,24.3672027588,63.305355072,48.8624691963
1020,338.077545166,124.805686951,18.0985774994,79.9323120117,9.93855819106
1020,26.6426448822,166.982727051,20.5305919647,63.7728614807,7.64700397849
1020,88.7968215942,39.15366745,26.1273956299,73.493637085,5.71812093258
1020,439.526153564,119.364807129,21.2201919556,55.9686088562,4.56895194948
1020,201.98197937,179.12902832,18.8477077484,52.7061157227,4.35422472656
1020,303.598144531,145.503890991,16.6542224884,47.3294563293,3.75211164355
1020,190.583602905,187.793075562,18.3161067963,48.1087341309,1.67618598789
1020,608.699890137,112.952453613,21.5640258789,54.7951011658,1.5759723261
1020,292.857971191,140.809265137,18.6902770996,44.5442199707,0.600886624306
1020,614.53125,151.780349731,16.9200763702,45.5242347717,0.183716602623
1020,118.375602722,215.161849976,21.7298736572,41.1555938721,0.0274156598607
1020,105.068367004,40.6710319519,21.7632293701,68.2308959961,0.00115679567898
1050,346.46182251,141.237930298,20.5893878937,62.0010566711,43.7175184488
1050,303.798736572,142.670471191,16.7747478485,50.2696380615,5.30017055571
1050,521.391235352,83.2294158936,18.811504364,49.3896179199,3.26799675822
1050,549.580383301,93.2569198608,59.179977417,138.60774231,3.15648466349
1050,539.596374512,152.178451538,23.9548187256,61.1505622864,1.78234800696
1050,448.097900391,253.815124512,30.053352356,56.2177619934,0.450513279065
1050,576.903137207,142.78074646,28.6424655914,79.4797592163,0.348412874155
1050,6.30569028854,204.412979126,14.2385568619,44.595539093,0.296207051724
1050,495.588745117,84.7777633667,30.0650024414,95.0252990723,0.112959439866
1050,612.049255371,143.511550903,18.3767910004,46.8807640076,0.11170374928
1050,475.506866455,95.0689468384,21.5792446136,61.907699585,0.0496315595228
1080,604.04888916,114.676422119,22.2670440674,58.8204154968,26.621979475
1080,297.178344727,152.668869019,20.007982254,56.0276527405,6.30906224251
1080,5.74554204941,211.967849731,23.7306060791,79.592628479,3.14220190048
1080,149.895736694,166.253936768,21.8200321198,59.3575706482,1.9187932834
1080,25.4631404877,194.716842651,27.7200622559,78.0078811646,1.69736556709
1080,6.23497200012,71.3255615234,18.1121406555,49.4704170227,0.896217580885
1080,509.597137451,112.875183105,22.4650173187,60.8620491028,0.23648138158
1110,458.102539062,157.305908203,29.9550876617,70.4323348999,47.1935153008
1110,83.3670272827,224.207962036,23.7173862457,62.9555511475,21.9854786992
1110,90.5580978394,143.288757324,20.4949741364,63.6268768311,13.0227118731
1110,368.249359131,144.492141724,26.1427383423,70.2817153931,7.49884918332
1110,297.886871338,150.48449707,26.6038837433,74.5204544067,6.88169002533
1110,446.377960205,140.880065918,17.504983902,50.7025642395,2.81575210392
1110,71.9605026245,220.96647644,21.1555194855,59.40051651,0.787182245404
1110,99.0771789551,164.334106445,26.4729290009,105.979766846,0.337084452622
1110,616.031433105,167.419708252,17.1036987305,41.4604682922,0.149875797797
1140,19.297170639,235.710525513,33.3728294373,77.2234725952,25.666052103
1140,494.400634766,155.194137573,26.4165496826,86.1268386841,8.59536603093
1140,374.556304932,147.368743896,27.1118068695,72.3477554321,4.1775405407
1140,43.6094512939,177.223953247,33.4885940552,118.402282715,3.677085042
1140,40.557220459,239.282653809,21.3577804565,58.0579338074,1.72027889639
1140,58.4114685059,226.036270142,23.0055179596,64.9638137817,0.894930493087
1140,28.1443080902,120.674613953,23.3378124237,67.2132492065,0.639124866575
1140,361.890899658,163.045349121,21.6217784882,58.4328575134,0.235822377726
1140,560.036499023,96.9078979492,24.363576889,70.5186080933,0.13299320126
1170,7.26927709579,245.626571655,22.5594387054,76.3376541138,3.21415923536
1170,4.49209737778,187.357559204,36.1761360168,111.15259552,1.46009707823
1170,563.881713867,111.461326599,25.6012420654,67.4304275513,0.0985648017377
1200,528.268371582,165.754333496,27.6498355865,91.0576705933,81.9494903088
1200,611.805908203,155.367080688,18.6936435699,49.6550559998,0.88618574664
1230,523.970153809,166.422210693,29.3206806183,81.8492660522,6.10883533955
1230,434.577728271,269.522613525,24.0977172852,52.6906394958,0.29291366227
1230,366.749267578,181.19090271,19.0343132019,51.909942627,0.151973846368
1260,526.881591797,172.651611328,26.3757629395,77.0994338989,7.28340744972
1260,434.312225342,268.739532471,24.2166290283,52.7416496277,0.311855389737
1290,569.71887207,120.474494934,25.1599960327,83.9861831665,0.935412757099
1290,368.550140381,180.066513062,23.9646625519,50.3570899963,0.166976579931
1320,526.407592773,170.112167358,28.1482086182,77.509475708,5.49695640802
1380,432.997894287,270.183349609,28.1968994141,62.5056037903,0.107990286779
1380,581.369140625,34.9622802734,23.5413303375,55.844959259,0.000316769501296
1410,520.239196777,62.5459594727,23.7616825104,81.6228866577,0.178215350024
1410,431.744384766,272.609008789,27.9701633453,57.6134147644,0.119454937521
1410,10.0064287186,194.744003296,17.8873119354,57.7786102295,0.0151006941451
1440,383.540802002,157.103134155,27.1157054901,80.1183547974,2.05583702773
1440,431.662017822,268.563232422,31.4334201813,56.8510932922,0.181649602018
1470,434.103485107,270.495391846,24.1710796356,53.9806175232,0.145773438271
1500,525.323303223,164.973770142,27.4675998688,93.6588821411,4.17151972651
1500,568.695983887,126.364021301,25.3087787628,76.2202606201,1.32141737267
1530,527.886657715,167.288391113,26.5845737457,82.4117889404,2.93141193688
1530,499.923492432,155.068099976,17.9606342316,56.1372833252,0.150447001215
1560,570.01965332,123.123268127,27.703245163,85.5173721313,0.726375775412
1590,616.731384277,162.227111816,14.4226799011,41.637008667,0.224537122995
1590,503.424316406,151.050704956,19.1136341095,56.9350547791,0.140943890437
1620,432.381439209,272.09085083,29.6953449249,62.5522766113,0.251980521716
1650,523.412475586,171.476303101,28.4309978485,84.3757858276,3.07652968913
1650,498.987030029,151.251876831,19.6863994598,57.8765068054,0.27046171017
1650,11.4897489548,25.3181285858,20.6388511658,81.9511871338,0.0179061258677
1680,503.582641602,151.286148071,18.5220069885,56.4190711975,0.148094340693
1710,500.452301025,150.376937866,19.0617446899,56.9328117371,0.164770428091
1770,571.703186035,121.951301575,24.4825439453,81.4787216187,1.54944686219
1770,382.837493896,161.111785889,27.5858860016,76.7624740601,0.808317679912
1770,370.844238281,182.178634644,23.7655506134,50.1104888916,0.110425171442
1800,525.038085938,170.039779663,29.8319263458,77.4205551147,5.49605898559
1800,569.361572266,106.360740662,29.3956604004,93.7113342285,0.963779818267
1800,503.246856689,151.114852905,19.9447746277,56.3885345459,0.489402515814
1830,503.84487915,149.099624634,18.9580783844,58.5878562927,0.187192950398
