30,115.825340271,194.319168091,25.5912952423,58.6556358337,4.91369739175
30,82.180847168,182.289749146,21.2189083099,52.7596130371,1.53707843274
30,5.47648763657,166.774597168,17.1624126434,44.4522285461,1.04672238231
30,105.068626404,203.059692383,21.0528812408,59.659526825,0.915165059268
30,137.308761597,183.351638794,18.0144462585,47.8990898132,0.782128702849
30,93.3162536621,185.317611694,20.378528595,59.5771636963,0.282904831693
60,8.32351303101,168.778213501,27.1457958221,91.7810974121,34.757104516
60,101.764381409,186.254226685,33.8677978516,70.4513931274,9.78103801608
60,447.471435547,161.439819336,21.538980484,54.463306427,1.40596497804
90,392.16897583,139.699371338,21.2921104431,48.9806175232,4.93575334549
90,450.735198975,170.535263062,20.9451084137,47.1717720032,4.00912724435
90,370.07699585,134.626098633,18.9141654968,51.1244926453,1.26077951863
90,359.680419922,145.569107056,22.7986469269,59.2068061829,0.684267701581
90,401.550415039,127.902526855,20.9693546295,50.0979309082,0.484258122742
90,120.756492615,188.251953125,30.2599487305,69.3412094116,0.21045927424
90,249.741409302,181.528686523,17.9830932617,43.5229492188,0.101496349089
120,0.970848083496,190.725479126,21.4167499542,70.8206710815,28.8133233786
120,10.9510469437,183.454330444,27.764913559,70.036781311,13.3056417108
120,59.1825752258,95.9384155273,18.3259811401,50.2118225098,1.59559119493
120,354.371917725,147.366073608,20.9242858887,55.8581733704,1.48140173405
120,170.540969849,195.760177612,21.5099925995,53.9455375671,0.980795174837
120,387.58102417,95.4584732056,19.3654823303,55.4666786194,0.923606846482
120,384.455108643,124.668029785,23.7955265045,59.5889129639,0.648245029151
120,50.1018257141,185.948303223,19.3607711792,53.1111755371,0.110400875565
150,0.0,180.809936523,29.8341903687,77.1165847778,0.338704977185
150,171.834716797,119.239532471,19.9106197357,54.0652618408,0.308810453862
150,0.0,232.376220703,31.6121311188,98.5723495483,0.184329226613
150,355.935180664,122.1222229,19.2612323761,54.1893463135,0.109242391773
180,7.65522003174,160.765579224,53.508266449,180.135681152,38.9495015144
180,554.859619141,180.940994263,24.8601016998,53.6870918274,12.1360905468
180,452.691070557,73.6849136353,24.8679103851,87.7648544312,6.44539967179
180,20.0765399933,173.41796875,33.1168670654,82.1731033325,3.3979229629
180,360.35647583,114.822319031,20.2877902985,85.9571151733,2.2575840354
180,417.559936523,85.5806503296,18.9590110779,61.7217597961,1.13156381994
180,9.8859167099,174.957336426,19.2051563263,57.7043800354,1.05623546988
180,29.020318985,219.254104614,24.1749248505,73.8812408447,0.47544115223
180,378.128540039,117.606117249,18.6270904541,56.6461791992,0.357395643368
180,428.888580322,118.575752258,22.1692409515,73.3953933716,0.271741114557
180,431.498168945,77.9488220215,25.9596099854,79.8360595703,0.032682766323
210,27.5762462616,159.679992676,66.2882461548,173.252975464,41.7529404163
210,59.8353538513,177.470626831,32.2689933777,93.629447937,7.37486481667
210,19.8276805878,101.756896973,26.580488205,80.2683181763,3.07166371495
210,7.28770828247,61.3062286377,30.5672531128,97.0964889526,2.98735648394
210,582.335876465,95.2182617188,24.6485042572,64.7095108032,1.63078140467
210,359.194213867,144.714019775,21.5242004395,55.9256324768,1.42930550501
210,394.317962646,114.802726746,17.5791225433,58.7546424866,1.2482537888
210,557.942810059,26.9680709839,21.7273006439,66.3421173096,1.22434059158
210,377.032501221,143.239028931,20.5016784668,61.6770133972,0.119644508231
210,35.5886230469,99.7068862915,19.2503986359,55.2480735779,0.039685468073
240,21.7360897064,69.4203109741,38.8971176147,173.021240234,28.4779697657
240,473.872314453,91.0949707031,24.0344028473,70.2166061401,16.0719662905
240,360.886230469,156.66178894,18.0746479034,52.4817848206,13.6252373457
240,433.361846924,169.878982544,20.6655445099,62.6285858154,7.03636407852
240,464.661499023,195.190307617,20.4962406158,54.3308372498,6.69541582465
240,499.1769104,135.128952026,21.9726581573,57.1798706055,3.89850214124
240,24.6525173187,88.5939025879,24.0282363892,67.4426116943,3.36144194007
240,473.121429443,130.062576294,19.8963718414,57.2139282227,2.64052823186
240,460.27645874,141.521469116,19.2624225616,55.5210266113,2.23087463528
240,77.1153182983,190.062683105,32.3237991333,104.674385071,1.94461382926
240,488.803619385,89.9424133301,20.2107124329,54.537021637,1.66791453958
240,394.66809082,101.106178284,21.6705417633,62.9658699036,1.16975978017
240,44.0343589783,150.886398315,22.5951404572,59.664440155,1.03375026956
240,5.84349489212,147.873855591,18.4988994598,59.2600135803,0.958727113903
240,445.150604248,155.434677124,23.9360122681,66.5110549927,0.848473422229
240,476.016998291,149.196014404,28.9189968109,76.9397506714,0.773199601099
240,385.697143555,152.615600586,26.2004852295,70.0509109497,0.686082849279
240,499.119354248,95.8552322388,21.7770557404,56.7808990479,0.637290952727
240,486.230255127,115.896484375,22.0417156219,63.5914268494,0.615954725072
240,453.292816162,189.1537323,18.90741539,51.5673103333,0.373287638649
240,440.47958374,82.2636032104,20.7559528351,62.555103302,0.0574719742872
270,9.67358779907,297.089385986,24.7414073944,73.4998092651,37.466275692
270,511.103790283,205.547683716,18.8843536377,55.0858268738,36.6049826145
270,530.557434082,47.0889472961,55.2812805176,172.622009277,22.8870585561
270,469.552520752,150.930847168,29.3719615936,93.0008163452,9.14802178741
270,447.668548584,44.2091712952,22.0044841766,60.1562385559,6.74237385392
270,55.6431007385,96.3950805664,36.1828651428,129.627792358,6.27338811755
270,87.1505813599,243.275894165,26.2646484375,72.4526901245,3.71184684336
270,577.156555176,84.2941894531,28.0236034393,94.4903793335,3.49978320301
270,98.2876586914,191.472961426,31.4677867889,105.048309326,3.14011834562
270,536.534545898,49.4495582581,26.7666778564,100.498809814,3.08077055961
270,473.064422607,50.5111083984,24.6266345978,84.5838394165,3.0804015696
270,573.204162598,43.8125267029,21.5046863556,51.6909980774,2.76768095791
270,16.1330337524,231.960830688,34.6065711975,99.9734191895,1.46897621453
270,562.176208496,50.3216743469,20.4699630737,56.946811676,1.18887014687
270,48.3828392029,111.85320282,25.3007640839,79.7884902954,1.03329233825
270,47.7384796143,162.050765991,19.9946460724,52.3971595764,0.73776608333
270,581.43548584,30.6961975098,27.343744278,76.8143081665,0.713858194649
270,351.084350586,153.82019043,20.0040569305,59.5601844788,0.595143577084
270,377.818817139,163.858322144,19.3983249664,49.5372276306,0.479740556329
270,552.08416748,112.733703613,32.557762146,77.6717758179,0.381346861832
270,461.28604126,48.3220672607,21.3680114746,57.9181632996,0.188928551506
270,533.415222168,127.638122559,23.4311580658,76.6692504883,0.144975073636
270,596.23815918,31.24335289,29.0339107513,90.3409729004,0.114506366663
270,518.515380859,133.361160278,24.0521335602,68.215675354,0.0133910521981
270,613.834411621,27.7000293732,19.1294555664,56.0622406006,2.42259204697e-05
300,53.0023841858,267.670166016,28.905418396,73.6200942993,4.14570271969
300,50.1695556641,169.87979126,21.7593479156,80.9784469604,1.96766797453
300,120.031150818,189.682052612,26.2354278564,71.184211731,1.32337519899
300,92.3189163208,116.003967285,25.8432331085,114.931678772,1.10920360312
300,582.140686035,61.2648620605,27.5178928375,69.3891372681,0.78697539866
300,57.029712677,224.789352417,26.3093967438,67.2923049927,0.706025445834
300,77.8010253906,171.055679321,17.9773406982,56.6014709473,0.557808112353
300,20.4730968475,114.818687439,25.8778915405,85.8932800293,0.473608030006
300,34.40076828,158.472137451,22.2880153656,65.2618637085,0.449885241687
300,542.830749512,114.647651672,19.2230300903,53.2985420227,0.32161900308
300,542.246765137,283.847015381,21.0443553925,47.4328193665,0.275781005621
300,554.241638184,290.232940674,19.705991745,44.7994422913,0.238130474463
300,614.933166504,300.187072754,17.0647068024,41.7055625916,0.168342550751
300,529.968505859,275.281341553,22.3003253937,51.5969047546,0.112353044096
300,112.476799011,116.883476257,18.4211826324,58.442653656,0.0124306170619
330,517.7734375,181.545654297,24.2072658539,53.15234375,37.7309471369
330,520.171203613,49.4671173096,19.3205242157,57.9467773438,37.2136086226
330,97.3736953735,170.955383301,19.9764728546,58.986415863,27.265638113
330,496.976348877,186.783569336,17.3049907684,46.2830200195,15.1449203491
330,323.175262451,173.678543091,27.3179035187,62.6432914734,9.96394008398
330,116.227050781,170.972732544,18.831407547,57.7157096863,3.05420737714
330,65.830871582,240.71043396,24.4838428497,59.3897285461,2.67062876374
330,439.224517822,67.549949646,22.5498485565,66.0181808472,1.91223230213
330,589.601989746,116.404777527,28.492017746,94.9054946899,1.89955793321
330,367.637695312,164.075302124,17.533870697,50.0495567322,1.56002761796
330,438.387481689,144.144226074,24.8083114624,86.5617980957,1.4721211046
330,415.999969482,139.045288086,27.1850509644,74.5936660767,1.41926035285
330,536.985778809,43.70936203,21.9675292969,60.5871276855,1.07758669183
330,502.835906982,58.5630340576,23.6112670898,73.3478088379,1.0229238309
330,383.110626221,157.093338013,18.4935131073,51.8561401367,0.623410753906
330,142.77557373,239.093276978,21.9399719238,52.7395591736,0.28201979585
330,118.769752502,253.174316406,21.3049755096,54.8821296692,0.265398947522
330,8.07874679565,129.456512451,16.2098789215,53.7583885193,0.118386128452
330,473.940307617,150.473464966,19.2633934021,56.3751525879,0.0894584693015
330,120.612052917,126.335472107,31.8857059479,103.566978455,0.00192783099919
360,385.721557617,158.036026001,20.7936534882,57.1838531494,43.5578376055
360,427.602142334,129.275588989,29.1673679352,72.0871658325,39.9201571941
360,456.321746826,71.6500930786,55.1560058594,154.053009033,35.2034300566
360,606.743225098,189.93019104,18.9308166504,61.8656158447,24.849011004
360,127.402671814,172.187133789,20.6627998352,62.521068573,14.4065693021
360,398.85949707,145.124008179,19.0845050812,59.7680206299,11.8512779474
360,559.703918457,83.4932098389,50.1551818848,162.44859314,7.43834599853
360,416.765258789,135.022964478,22.321762085,71.8124008179,4.42595779896
360,568.039733887,87.1148300171,24.0294246674,79.9862136841,3.65095436573
360,537.655029297,115.704841614,21.2853431702,56.9830055237,3.30630503595
360,109.929573059,167.549942017,30.5179367065,93.6371231079,3.23033221066
360,492.142974854,118.514289856,24.2006893158,94.4287338257,2.76648029685
360,541.254638672,125.669494629,29.8200836182,86.4426345825,2.33531426638
360,466.306518555,66.5600204468,24.3367614746,86.2115249634,1.54545055702
360,160.151977539,210.403213501,18.2615261078,62.6092643738,1.14426538348
360,136.615707397,177.033615112,24.0493946075,75.615737915,0.967980828136
360,344.052215576,174.150680542,19.8177833557,52.8387641907,0.93340286985
360,74.5424575806,114.464393616,19.7719135284,55.6982116699,0.857779849321
360,594.288391113,180.440979004,22.55859375,64.8330154419,0.415445677936
360,141.194900513,240.817001343,19.0594425201,53.9474143982,0.278971903026
360,552.322570801,107.13344574,20.9111099243,61.611743927,0.221679452807
360,149.852554321,126.801094055,24.618560791,74.6509170532,0.171819759998
360,586.70690918,130.539901733,34.5294456482,96.4050979614,0.0856479222421
360,151.286087036,231.657394409,19.919260025,58.7651519775,0.0361175480066
360,460.760009766,41.4392204285,22.7280502319,52.4198493958,0.0130292901304
390,357.990844727,171.408828735,19.9341716766,53.2357177734,59.4991922379
390,23.9124546051,222.624923706,24.5472335815,65.3051528931,30.7618707418
390,152.335861206,175.955001831,24.2778320312,91.8538284302,18.2699307799
390,539.639709473,129.903244019,27.316034317,75.1060714722,8.01270604134
390,412.490631104,127.20728302,27.1514034271,81.8873672485,5.05484230816
390,532.387268066,65.5342330933,23.119354248,60.8884315491,4.31818440557
390,444.566558838,132.566101074,29.0227947235,76.3567581177,4.14479672909
390,74.768119812,192.919876099,30.620595932,72.7704391479,4.02129925787
390,434.79699707,125.257995605,19.6054782867,52.9112892151,3.28036919236
390,136.028564453,171.11315918,25.3016910553,66.0481033325,1.45535068586
390,509.472320557,128.672164917,22.936674118,69.6779403687,1.02005321532
390,562.967041016,159.215042114,18.9454154968,51.5916900635,0.907300598919
390,339.384857178,170.418106079,20.4962825775,52.3396492004,0.824816152453
390,174.643386841,211.583435059,18.8851718903,57.3495521545,0.747147155926
390,6.74225282669,215.95552063,17.2487506866,49.6242408752,0.672359624878
390,523.11920166,115.452903748,27.3803634644,86.6240768433,0.627219956368
390,120.825325012,167.214797974,26.737039566,62.4044494629,0.265631987713
390,188.728713989,227.821426392,21.7491664886,52.3783760071,0.140189263038
390,95.0141830444,124.898101807,21.7773532867,66.4044647217,0.0307292590151
420,529.680053711,191.283325195,25.64087677,66.1894302368,41.3717508316
420,561.300720215,176.109863281,25.176530838,65.1309356689,20.5947414041
420,379.976470947,146.079544067,30.1051254272,73.0954666138,18.5443758965
420,60.273021698,215.764404297,27.9000911713,63.1115112305,16.2964105606
420,109.1664505,181.837356567,26.4048461914,71.8384017944,12.0624855161
420,446.825195312,120.319908142,22.3147106171,66.9599533081,11.4038400352
420,365.901580811,150.711624146,17.9179096222,56.9672813416,8.32568183541
420,427.768768311,129.781356812,21.3977298737,54.7802848816,7.23805949092
420,8.65836048126,202.347976685,14.6181230545,44.5016746521,7.15768486261
420,77.0779342651,219.630966187,22.3818416595,56.3693504333,0.638788798824
420,354.06942749,143.538665771,21.0000114441,62.0426177979,0.373480725102
420,487.336914062,233.516052246,30.8468704224,54.8589324951,0.302369589917
420,195.155929565,214.55708313,19.7806529999,54.0323028564,0.0706537393853
420,547.497009277,185.106643677,19.5804271698,52.8526649475,0.0396934890887
420,577.734191895,174.004440308,20.4026985168,56.086730957,0.0180459290277
450,81.7236328125,215.13482666,24.9610843658,52.9787597656,19.4887042046
450,557.448303223,155.366439819,20.744178772,56.0074920654,18.5363456607
450,184.088180542,146.589370728,30.1672725677,108.761657715,15.0660544634
450,543.059387207,150.81867981,25.396818161,77.5705337524,12.5799074769
450,9.58212757111,197.195907593,15.2322387695,45.7496604919,2.51360815018
450,28.7746372223,103.798973083,22.2538394928,62.3054199219,1.82932429016
450,362.792449951,162.285751343,19.6431827545,56.6136741638,1.64061989635
450,569.265625,161.063247681,20.0495853424,57.2426261902,1.3150813058
450,322.010467529,158.164230347,19.0866718292,50.3308830261,1.31412437186
450,26.9196071625,117.569007874,40.7328453064,92.4411697388,1.20283449069
450,155.67628479,141.636962891,24.3743362427,66.9802703857,0.810246914625
450,526.39642334,172.807235718,17.9576377869,48.0058326721,0.476928520948
450,583.615600586,349.060546875,22.8245410919,50.450668335,0.399291794747
450,34.4792327881,159.288619995,21.6493225098,62.7177124023,0.320827355608
450,563.495910645,331.412750244,30.1861953735,61.3587760925,0.21184834186
450,377.345916748,161.44078064,16.8316802979,48.518863678,0.0619346334133
480,385.0206604,147.130157471,32.4422645569,84.2154769897,30.1532924175
480,190.610549927,158.254714966,23.8826541901,92.6731338501,8.18535238504
480,98.9244155884,207.994674683,20.0576839447,55.9850463867,3.60593385994
480,541.904724121,153.088516235,25.4423618317,61.0894889832,2.82301977277
480,360.529418945,221.7290802,19.1468467712,45.8105506897,1.52995754033
480,370.892852783,224.962875366,20.2008991241,47.7416419983,1.02830715477
480,6.43772888184,189.131240845,15.8115053177,50.9229850769,1.00135374814
480,471.744506836,145.425125122,31.2090816498,61.1416358948,0.948582217097
480,344.775177002,222.611495972,22.9490947723,51.5800209045,0.824139453471
480,509.087249756,155.915756226,20.1071777344,51.0298194885,0.820509996265
480,130.590744019,182.201004028,25.7172527313,60.2841491699,0.693445140496
480,427.367401123,133.110488892,29.0638065338,72.169708252,0.691353483126
480,6.69363927841,105.222511292,19.4618148804,68.7330093384,0.652666436508
480,25.8556690216,175.14225769,26.9413299561,60.2479896545,0.415480043739
480,466.883148193,128.306396484,21.5398788452,58.3093109131,0.38521932438
480,450.843780518,159.512619019,19.4788303375,50.1292877197,0.206224154681
480,52.8443565369,184.069885254,17.2180995941,42.9579811096,0.148693902884
510,382.781280518,146.4790802,22.421875,60.9549255371,79.268181324
510,417.540649414,118.854408264,42.3890190125,93.139251709,40.5202269554
510,513.151428223,160.502197266,19.6648921967,49.0719108582,13.0414262414
510,197.037185669,144.099090576,26.8350124359,95.7053833008,10.605789721
510,396.413665771,146.093902588,19.7933483124,58.6497993469,8.57849568129
510,428.916778564,162.816482544,19.5117950439,54.4310722351,5.36351054907
510,314.793701172,173.377929688,27.250541687,54.7651176453,4.73349839449
510,114.016136169,204.228408813,19.4007720947,52.408706665,3.57794351876
510,545.340087891,163.969955444,24.207567215,48.121295929,2.90498342365
510,445.631622314,145.468795776,19.0242767334,62.2119178772,1.90745089203
510,525.00201416,277.732147217,21.764421463,49.1331214905,1.51485782117
510,612.548278809,106.652252197,14.8362932205,45.524066925,1.25122182071
510,406.219940186,119.255683899,23.1643047333,62.9735298157,0.873938202858
510,506.80456543,283.418945312,28.5962810516,55.9919776917,0.529592577368
510,524.237121582,156.950195312,20.1569862366,48.2338905334,0.407583033666
510,501.390014648,161.663986206,20.1416130066,47.2064323425,0.314360391349
510,8.35582733154,175.906997681,22.6011295319,56.6140022278,0.311037176289
510,413.45022583,154.853775024,25.1173229218,56.6182289124,0.297736679204
510,456.981719971,145.7631073,20.6233768463,58.3791923523,0.275815371424
510,573.803405762,144.369888306,29.6296367645,59.9915275574,0.0897161546163
510,501.440155029,359.454742432,24.4268341064,56.1757850647,0.0868288916536
510,531.583679199,81.5307922363,24.714887619,66.1129684448,0.0805142160971
510,500.046600342,321.364105225,32.2025794983,62.5160827637,0.0421120028477
540,406.617523193,129.747299194,41.7434005737,85.2193756104,26.0897725821
540,473.667022705,108.66872406,52.9633178711,110.179962158,8.81237834692
540,205.937866211,157.292770386,27.1427612305,81.9433822632,8.63776803017
540,320.921417236,172.498291016,26.6154155731,59.7406425476,6.40712529421
540,599.118347168,147.656600952,20.5386447906,47.0169830322,2.55107115954
540,131.006195068,196.772750854,18.1820278168,52.5902862549,1.22348805889
540,471.946166992,146.054367065,22.3581371307,56.9384651184,1.06188477948
540,512.231567383,91.7899093628,17.6990184784,49.1773033142,0.893880613148
540,7.10221290588,182.033691406,15.5476493835,55.5705986023,0.581489177421
540,489.555786133,155.407165527,23.0163478851,61.7478065491,0.406482303515
540,444.613922119,149.02923584,20.9355602264,50.8405418396,0.283654709347
540,430.861846924,138.262954712,25.3094711304,64.5364761353,0.2054448938
540,616.241699219,154.541702271,16.8812503815,43.8278007507,0.0930640788283
540,615.638916016,43.5094490051,16.813243866,44.9043464661,0.0803062168416
540,204.732131958,395.133880615,23.8990917206,52.4289093018,0.00521505644429
570,438.785980225,111.678161621,32.831287384,113.518119812,41.8492168188
570,582.938598633,76.8368301392,17.7258987427,50.8987617493,10.6657877564
570,311.797576904,181.294235229,20.2108592987,53.2615776062,8.87671560049
570,423.559234619,277.667480469,20.1388702393,53.7814025879,6.56812563539
570,481.985321045,166.456008911,22.4105739594,65.8894119263,2.84839887172
570,585.202453613,171.084884644,20.9806461334,51.1498413086,2.40269601345
570,453.143035889,139.367218018,54.6412658691,97.8065414429,0.968940556049
570,7.33249855042,173.293502808,17.1764030457,48.1923980713,0.595763511956
570,334.599182129,169.175704956,17.0955142975,51.8607788086,0.504976185039
570,409.608428955,272.936859131,21.7287540436,46.9024200439,0.441597029567
570,345.856292725,169.523330688,18.3818187714,51.1739959717,0.300896842964
570,497.063446045,163.832824707,20.4715538025,56.191696167,0.0927703687921
570,615.431640625,85.6194763184,16.3936920166,42.6613121033,0.0612375035416
600,594.460205078,136.609741211,30.8516025543,70.455116272,42.7696347237
600,322.94631958,172.800369263,27.3696975708,62.6120910645,16.4424285293
600,516.592834473,129.938552856,28.8201675415,73.9378128052,5.7938631624
600,411.301147461,99.9537124634,51.4472770691,127.21105957,5.32510876656
600,446.62097168,152.194503784,20.1792888641,52.406917572,3.02161052823
600,343.388397217,176.169662476,19.6836719513,50.8522796631,2.27006189525
600,495.346923828,115.67791748,34.4315032959,85.5607833862,1.22293494642
600,421.126586914,166.263916016,26.1425228119,66.3457107544,1.11755337566
600,593.155883789,63.2739677429,33.945854187,106.750770569,0.544424308464
600,437.401855469,162.765579224,17.8077507019,49.5653991699,0.416775327176
600,475.309906006,349.333007812,23.0813007355,47.1522941589,0.293959514238
630,611.183410645,253.016433716,17.2046070099,47.7557563782,3.99453900754
630,601.575012207,172.656143188,24.5366573334,70.1481170654,3.72512415051
630,445.710845947,88.7921142578,32.8143539429,104.221260071,1.7239920795
630,572.57208252,49.4173431396,21.3471775055,61.7487983704,1.28562794998
630,230.096450806,161.738891602,24.8146743774,70.7866592407,0.698845647275
630,583.224304199,111.153320312,22.950050354,61.2490196228,0.485813897103
630,616.730285645,184.282043457,15.6726732254,48.4417381287,0.346456980333
630,595.308654785,138.078918457,20.9083747864,54.4783210754,0.304907909594
660,516.351074219,314.198944092,21.5160980225,48.4722099304,8.3386965096
660,379.699127197,156.911132812,24.6036224365,73.017791748,4.35170941055
660,528.903869629,318.343841553,22.7057209015,50.1702270508,3.55818979442
660,136.015075684,169.752456665,25.9244785309,57.3215904236,2.72051133215
660,512.961120605,163.461257935,25.9701480865,67.9510574341,2.05047614872
660,361.903930664,157.324157715,15.3795394897,47.746471405,1.77427195013
660,396.573455811,150.522521973,19.7801761627,65.169631958,1.70172285289
660,81.3314437866,188.645141602,22.9686508179,50.5176582336,0.688157510012
660,552.120056152,63.3576545715,69.0140762329,161.932556152,0.644634431228
660,568.109069824,250.03352356,21.0325260162,47.2231445312,0.373419234529
660,528.39239502,158.250869751,25.4908981323,66.9449386597,0.314484746195
690,89.489112854,178.178833008,21.7840976715,53.9369621277,37.8487557173
690,418.329101562,156.182250977,27.4984798431,91.8835372925,22.8257268667
690,7.8876414299,194.237503052,17.9146766663,50.6824378967,11.788212508
690,353.795135498,183.724716187,19.2637462616,42.4340438843,9.22796428204
690,569.116699219,319.322906494,22.8005065918,48.3630828857,5.95473833382
690,382.225738525,148.675430298,24.7240619659,59.7979698181,3.04358843714
690,580.311279297,323.976867676,27.7831802368,57.6449699402,2.94281542301
690,388.150909424,221.262039185,18.7402858734,44.077960968,2.8845904395
690,544.321228027,324.163818359,27.9294605255,46.6590881348,2.03478895128
690,17.7622261047,183.460891724,24.0339794159,61.4707221985,0.884620007128
690,450.572998047,281.533172607,22.1022167206,49.4936828613,0.700890738517
690,534.83392334,331.445922852,23.4054260254,51.9515571594,0.427566748112
690,241.742004395,162.408859253,23.8235702515,60.0289154053,0.349810556509
690,152.752334595,169.520828247,17.8390254974,52.8803253174,0.202244264074
690,440.690216064,156.173446655,25.4942932129,97.5014343262,0.177950714715
690,101.924293518,166.759063721,26.2748165131,65.3110198975,0.172595051117
690,396.992034912,178.886962891,21.0589828491,51.3578987122,0.0631773669738
720,45.0759925842,173.912902832,20.0473079681,59.6341285706,12.2842974961
720,590.683532715,147.798446655,23.7019882202,68.8544845581,10.5070754886
720,500.963012695,162.496414185,19.6860408783,49.4803657532,1.96720696986
720,357.795410156,171.877624512,27.2320728302,61.0634880066,1.28765879199
720,525.503662109,267.167205811,20.5732307434,48.9315299988,1.07101276517
720,521.079833984,146.896743774,21.3057956696,59.8683052063,1.04730362073
720,509.620361328,177.488937378,20.0515556335,46.3181762695,1.02422973141
720,494.090484619,177.210510254,18.2508296967,47.406955719,1.01903546602
720,547.179748535,284.074584961,21.7853450775,47.7418212891,1.00699411705
720,54.3092498779,165.481750488,24.5604858398,63.7442588806,0.579684972763
720,24.5543575287,173.253158569,19.2591075897,53.9920959473,0.350116426125
720,351.720611572,172.206619263,17.8330593109,46.5181922913,0.11468899902
750,5.66656351089,226.080947876,26.9890365601,107.786338806,12.9731804132
750,421.206207275,228.643661499,28.7971038818,62.2842445374,9.14792045951
750,437.891723633,227.962844849,21.5498790741,47.5301933289,1.37235689908
750,569.979675293,315.460418701,29.8906459808,52.529006958,1.35452570394
750,409.96786499,237.551086426,21.2487220764,46.3557853699,0.988905876875
750,216.051010132,167.678085327,25.6794071198,61.3233909607,0.909247342497
750,22.9421100616,236.000854492,21.2048397064,79.7590255737,0.493277236819
750,371.798736572,163.956832886,16.770822525,52.1693115234,0.389171228744
750,387.08190918,166.677490234,19.912279129,48.0337028503,0.373812648468
750,204.11857605,171.201660156,22.2535152435,56.4411277771,0.115626503248
780,10.7720336914,205.401123047,42.6807289124,180.049865723,48.3180493116
780,335.463653564,163.468032837,20.8093929291,57.3328552246,40.6882405281
780,479.968780518,275.101715088,31.2452316284,55.7991294861,11.9232982397
780,9.85287570953,302.548248291,29.1241436005,103.924674988,4.49814796448
780,323.891784668,163.819778442,18.0208091736,50.1688537598,4.23850305378
780,73.7405776978,199.384277344,17.5202236176,47.9253044128,3.89064140618
780,306.042358398,173.543838501,19.8334655762,49.2050361633,2.04934868962
780,30.7292480469,227.938217163,29.0880527496,90.855682373,1.83523595333
780,583.71697998,305.269439697,21.1519947052,54.0148429871,1.65615547448
780,469.150482178,275.111450195,21.7364501953,47.9391899109,1.10324220732
780,592.861328125,314.676513672,23.9928359985,56.3601112366,0.811383966357
780,218.473556519,168.823654175,19.8568096161,60.1533699036,0.770886940882
780,564.684875488,328.529510498,30.587677002,65.5888290405,0.761641794816
780,349.923980713,168.255065918,19.3630809784,47.3821296692,0.676696188748
780,456.559356689,270.143554688,22.2311649323,46.2943000793,0.482949614525
780,405.088134766,163.717086792,17.9443340302,52.4439086914,0.360897020437
780,26.7996826172,91.3319778442,17.9283409119,54.0962677002,0.294476351701
780,431.964111328,151.919555664,28.4958667755,57.5766601562,0.123489287216
780,361.860992432,151.22315979,20.6318340302,51.4976844788,0.0660419405904
810,49.6094665527,216.53918457,31.4017791748,101.302391052,18.0009230971
810,479.586761475,154.802993774,20.4222335815,59.040851593,17.1825051308
810,355.393341064,159.098480225,23.8421840668,70.1357192993,12.5631675124
810,490.276123047,165.68107605,19.2564735413,52.4413299561,9.23248827457
810,577.978210449,165.160858154,22.9730587006,55.0974731445,4.82074916363
810,497.734649658,171.550735474,23.1863708496,67.1203613281,2.14480217546
810,94.695098877,196.802902222,17.5682983398,47.9334259033,1.33683430031
810,472.604644775,79.9901504517,23.2660923004,71.0366134644,1.09348855913
810,9.03397083282,102.825782776,20.3881416321,47.2355232239,0.623613130301
810,393.225830078,139.013061523,22.7527542114,58.0368156433,0.592043902725
810,405.482330322,117.648033142,29.3773345947,93.5766677856,0.261376309209
810,421.242218018,148.913925171,23.8186340332,64.2450714111,0.23717333097
810,55.2299308777,114.632720947,19.0372257233,49.3658409119,0.0579741026741
840,75.3229675293,222.865768433,30.6307373047,86.0166397095,43.4005200863
840,339.566131592,168.478775024,19.9460506439,52.5951843262,15.0396928191
840,598.02142334,137.601760864,25.8726119995,79.3586120605,13.2130801678
840,486.912078857,142.296600342,31.1379108429,76.4858169556,12.9865571856
840,576.719909668,167.291885376,23.9579868317,55.1576728821,12.6094460487
840,460.385986328,153.662765503,19.3334560394,49.7552223206,8.20895135403
840,488.050872803,82.3787231445,21.4574966431,64.8914642334,2.03011855483
840,611.08984375,173.683532715,18.2511463165,52.3928565979,1.07795763761
840,415.220550537,158.765350342,25.6626415253,73.2083587646,0.651959748939
840,507.924682617,139.700805664,20.5426769257,61.9745979309,0.32457949128
840,477.380157471,169.881774902,20.0309734344,50.0312004089,0.0932709139306
870,97.1555709839,206.156692505,30.7198944092,90.6968383789,41.2698924541
870,554.359924316,133.931945801,28.744140625,66.0123825073,9.26762446761
870,474.952423096,260.431152344,34.747844696,66.5527267456,3.97814884782
870,494.309356689,283.615997314,20.8403167725,53.9966163635,2.00893841684
870,604.812927246,166.021057129,18.6861972809,46.6516456604,1.12542537972
870,603.833557129,364.825653076,23.7544307709,52.3012962341,0.606264127418
870,596.039123535,178.067871094,19.4682712555,42.7055206299,0.31859066803
900,112.262214661,204.398986816,27.0175991058,86.7010879517,16.5996864438
900,596.240539551,138.683517456,24.0032482147,56.7548942566,9.27817076445
900,357.621368408,150.035507202,22.0251369476,59.648891449,7.91226625443
900,609.880432129,155.69934082,18.3674793243,50.6787109375,3.05014532059
900,583.222839355,140.254211426,20.8047657013,51.8370246887,2.63229664415
900,346.169769287,155.871337891,19.9567127228,55.7550354004,0.797239039093
900,569.658752441,142.654434204,20.6760425568,52.6003837585,0.349321402609
900,328.954315186,177.815246582,20.0914115906,46.3090553284,0.288921059109
900,618.083984375,183.54927063,15.3889808655,43.0659446716,0.179679086432
900,109.36605835,123.633415222,19.6767807007,47.7606811523,0.172541115899
930,123.037864685,215.29888916,22.7328662872,64.7389678955,35.1931452751
930,2.6173145771,195.954086304,48.9850654602,156.866744995,24.5571658015
930,380.600708008,137.93586731,20.1516017914,71.6159057617,18.0040672421
930,590.073913574,143.528167725,20.7682514191,50.7609291077,7.33324289322
930,356.048492432,152.680587769,22.5798549652,59.1671409607,5.86384274065
930,99.8517837524,112.135551453,18.8000297546,51.3720741272,0.932001508772
930,562.460876465,296.611053467,21.5210113525,50.0142669678,0.556808104739
930,598.724914551,182.551925659,26.422662735,52.0278625488,0.319153862074
930,579.961242676,299.546295166,19.9674339294,41.8970832825,0.291534676217
930,606.115112305,136.613739014,19.4753360748,46.2718315125,0.22228944581
930,335.279785156,179.177734375,17.0066127777,45.6566200256,0.1786604058
930,371.104003906,174.621627808,18.3466510773,42.4945602417,0.119444436859
930,617.092590332,313.946380615,16.4732646942,44.2176818848,0.118196569383
960,410.336578369,114.321472168,25.1574726105,103.848060608,39.754357934
960,6.05635309219,189.45324707,48.7864723206,177.852233887,35.2570772171
960,126.781684875,213.257369995,23.0485992432,68.6302185059,27.4183243513
960,499.420196533,232.559753418,27.7733478546,66.529296875,3.99933718145
960,33.5600738525,101.321464539,23.6776809692,49.0130348206,3.28471958637
960,8.11334896088,95.746055603,15.0805654526,49.2583045959,1.77710931748
960,499.021575928,169.487380981,27.1688690186,75.6777267456,1.17802973837
960,20.4924144745,102.128166199,20.5937976837,45.1402320862,1.02590303868
960,46.8447380066,108.676124573,18.6432285309,47.8176727295,0.994113460183
960,521.531555176,191.410766602,19.2983951569,49.6380157471,0.71682180278
960,444.575561523,174.114212036,18.8793640137,48.5832214355,0.680427905172
960,7.38421773911,159.168380737,20.8645401001,49.2153167725,0.675763888285
960,9.35720729828,264.276702881,22.9115123749,63.7446327209,0.529186660424
960,392.875213623,133.257369995,29.3480815887,83.4104995728,0.528341252357
990,113.706718445,208.342788696,23.9551029205,80.4881896973,43.6462849379
990,598.743469238,141.258300781,25.2888393402,75.4484405518,24.8786732554
990,33.6838531494,86.6055297852,21.6322154999,58.4667549133,24.8223289847
990,611.260437012,172.204223633,18.4012126923,46.1622123718,4.12422977388
990,442.416473389,148.082885742,26.4088993073,81.4732284546,2.91370861232
990,611.536437988,133.554382324,16.107749939,49.7428627014,1.92675925791
990,320.020019531,345.240264893,23.9347000122,64.7890472412,1.74435079098
990,417.986419678,125.171669006,29.6224517822,104.562004089,1.67716555297
990,470.555938721,159.043762207,23.3242893219,64.2763366699,1.60230323672
990,10.6844778061,298.881988525,28.9952716827,72.5954589844,1.51593321934
990,583.921813965,144.708572388,21.7142734528,54.925907135,0.598472217098
990,148.203384399,179.224746704,21.2470111847,48.7336730957,0.593292666599
990,569.135681152,146.078445435,25.1539936066,63.0690155029,0.562819652259
990,455.859954834,147.191696167,22.2196063995,57.7961616516,0.465862965211
990,5.91975355148,105.534187317,16.6272792816,44.1931724548,0.404554139823
990,20.046754837,102.27256012,18.2352733612,46.2334098816,0.323897786438
990,451.819061279,186.49659729,20.7001628876,54.1855888367,0.253767659888
1020,115.491142273,214.16835022,22.8523769379,65.4343795776,26.3596445322
1020,7.59243011475,252.093612671,20.2963695526,74.6237564087,6.64141401649
1020,531.70526123,159.413742065,20.6604595184,53.9415283203,5.21424338222
1020,543.718017578,129.538162231,51.3381080627,105.715705872,3.96092012525
1020,27.0293102264,109.114128113,18.398683548,42.4076576233,3.46355736256
1020,595.633361816,155.236434937,27.6802196503,73.345123291,2.27106660604
1020,6.59002828598,100.710380554,16.1510372162,47.715549469,2.16386206448
1020,584.41973877,175.657287598,19.9185371399,57.5764884949,1.30003783852
1020,38.7121315002,101.799987793,18.6353702545,50.5427970886,0.657998630777
1020,514.386169434,162.995101929,21.8333969116,57.9722862244,0.63391351141
1020,15.4366292953,97.5186767578,18.0552043915,50.2286949158,0.480056880042
1020,543.107299805,154.606765747,22.6952056885,65.2232589722,0.401294697076
1020,610.671325684,186.467529297,19.3529758453,51.2721824646,0.382188195363
1020,24.1374111176,288.829071045,23.5566196442,67.2352142334,0.335589260794
1020,529.049926758,182.988723755,36.8763923645,71.4748306274,0.327852345072
1020,573.403564453,32.901260376,36.3159141541,91.3430709839,0.04073571763
1020,600.550231934,33.425617218,20.7959938049,52.2750549316,0.00810186902527
1020,571.195007324,25.6644802094,21.9502334595,57.9251708984,0.005709315883
1050,115.297416687,212.521713257,23.9604320526,68.9780654907,10.5523742735
1050,599.031188965,185.055404663,29.0453853607,57.2166175842,7.61240571737
1050,566.913085938,317.928619385,32.0929260254,63.8061561584,3.99467758834
1050,526.00177002,286.848846436,31.5753040314,64.1185302734,3.28512191772
1050,147.211608887,177.500854492,25.1008205414,53.6985206604,1.41293117777
1050,615.323181152,80.0512008667,17.2575550079,54.2474327087,0.456265034154
1050,614.584594727,209.574478149,17.8180847168,43.2420196533,0.0885981076863
1050,585.456359863,192.872375488,24.4912433624,53.0068664551,0.0535465660505
1080,102.398338318,201.601318359,24.5789012909,93.1027297974,36.4612668753
1080,239.594482422,172.87348938,22.5103549957,58.2951850891,9.75320190191
1080,10.2950048447,109.869499207,18.0361366272,44.2641334534,5.0333570689
1080,26.5063686371,104.093330383,17.6134471893,49.2097930908,4.43573966622
1080,496.136688232,189.731872559,23.8826522827,68.4800338745,2.58553288877
1080,508.001464844,169.345993042,22.2267303467,56.5420722961,1.82251427323
1080,124.313598633,137.57963562,18.5611076355,56.0657997131,0.766683043912
1080,503.092773438,105.924255371,27.0644607544,91.5385665894,0.401589181274
1080,482.538543701,62.1414070129,20.277135849,56.3773384094,0.346555304714
1080,230.327514648,174.633483887,17.8374958038,51.9218292236,0.0608370290138
1110,92.6673049927,211.359725952,26.8022212982,86.5630569458,75.7325232029
1110,151.850524902,171.835983276,23.6921710968,58.8103065491,6.9140702486
1110,287.830810547,172.140319824,20.7608642578,54.2154197693,0.992987863719
1110,6.08275270462,116.174743652,18.0387706757,54.6979103088,0.724497856572
1110,582.081665039,202.266159058,24.9092407227,49.15234375,0.546107674018
1110,136.433303833,191.957885742,18.970621109,48.6110420227,0.391254946589
1140,92.6110305786,203.512451172,30.4782428741,99.2514877319,52.5655627251
1140,133.350646973,202.206832886,18.3928489685,40.1537590027,21.2230294943
1140,158.569625854,199.079452515,20.5246219635,41.9345817566,6.49091675878
1140,612.58581543,177.173141479,18.0099239349,47.813709259,4.54716719687
1140,123.678001404,201.049880981,21.012008667,66.6024246216,1.04758953676
1140,10.0201282501,94.7873535156,16.8864994049,49.9009857178,0.271825585514
1170,98.2013626099,200.37487793,37.4688491821,103.417381287,45.8244860172
1170,575.522155762,163.428909302,25.4437198639,70.5997161865,6.36590346694
1170,501.956298828,167.322921753,18.3755531311,51.870929718,4.28312830627
1170,593.093017578,156.398452759,23.1783733368,73.8495788574,3.95541638136
1170,117.027442932,230.372009277,20.969379425,58.6340026855,0.813933368772
1170,5.82297086716,109.350669861,18.5014324188,52.696598053,0.528412265703
1170,612.702575684,146.825027466,16.9304542542,49.8356590271,0.400747172534
1200,101.77734375,205.996810913,35.457408905,98.2831726074,69.9564099312
1200,601.083679199,146.81690979,27.7383594513,72.3510055542,21.4978262782
1200,583.050476074,135.957626343,26.9303531647,73.3843688965,6.16654120386
1200,406.216278076,155.790725708,19.162984848,56.4323539734,0.945063028485
1200,485.380340576,165.805648804,33.6699447632,68.9018249512,0.782934296876
1200,557.28302002,145.666213989,19.6804389954,56.3950920105,0.69938483648
1200,568.721252441,149.203460693,19.8118457794,53.6415405273,0.515426648781
1200,609.93548584,112.358337402,20.2181777954,52.8282775879,0.113553204574
1200,118.410682678,250.129882812,20.5024967194,50.0073509216,0.0910929462407
1200,108.643623352,118.674438477,21.7751064301,48.5767860413,0.00397597978008
1230,89.1862258911,200.237609863,33.2047729492,104.060752869,43.7682926655
1230,477.982330322,128.868026733,28.0465717316,78.850112915,13.3719787002
1230,426.406158447,167.66027832,27.3010196686,64.766166687,9.1824889183
1230,417.226226807,165.133712769,21.3739833832,54.5414085388,6.94416984916
1230,106.159141541,220.269638062,20.4195728302,63.5597648621,3.16720567644
1230,522.411987305,110.556144714,23.00025177,62.1059837341,2.83151715994
1230,437.45690918,151.64125061,23.8877563477,59.5098609924,1.3262652792
1230,557.364807129,139.996292114,27.0370941162,81.3437728882,1.06801474467
1230,376.725219727,168.46572876,28.8757266998,58.7732963562,0.998834427446
1230,451.912445068,160.589401245,19.4149246216,51.0918235779,0.755537301302
1230,615.645751953,70.9699478149,17.5371799469,50.6577796936,0.248468667269
1230,464.564117432,145.847579956,20.8540859222,61.5199546814,0.170211028308
1230,492.864257812,115.521873474,21.5708179474,56.2921638489,0.15743712429
1230,90.1517562866,169.97366333,19.674156189,52.0851898193,0.0604167231359
1230,93.4445114136,107.893104553,20.5090007782,53.6284065247,0.0335292104864
1260,67.1237869263,216.520584106,29.6585979462,77.8958358765,46.0565775633
1260,457.65713501,157.297088623,25.9642944336,69.6012573242,4.73723970354
1260,30.6031131744,80.5646286011,23.3632354736,61.9053153992,4.44541797042
1260,563.426330566,183.157348633,19.5551204681,47.9632301331,1.74566805363
1260,535.801574707,90.4597854614,27.1283130646,84.4344711304,1.50385973975
1260,376.062866211,165.026016235,20.9145145416,50.0477409363,0.416008429602
1260,50.3932189941,89.3371276855,26.0527362823,67.0250015259,0.137175654527
1260,614.916259766,179.287979126,16.7654247284,41.6216239929,0.0763075018767
1260,73.5137863159,121.965705872,19.1433029175,47.4592933655,0.0261809502263
1260,418.246246338,109.561218262,33.3447151184,87.4238967896,0.00543461355846
1290,78.0301361084,205.906311035,38.4500236511,103.318756104,67.5852179527
1290,564.697509766,109.028053284,49.3857841492,159.546920776,30.9567093849
1290,351.561798096,148.537399292,24.5649852753,60.6105499268,9.05040800571
1290,325.782989502,169.248672485,16.4508800507,49.7951545715,7.64719173312
1290,432.240966797,108.8542099,24.4678859711,62.7087135315,3.45317162573
1290,589.233398438,158.975326538,33.1185493469,96.0792236328,2.49345004559
1290,338.794250488,171.001998901,27.712677002,55.8956108093,1.16485580802
1290,99.3407974243,223.668518066,21.8068332672,64.910118103,0.588301662356
1290,571.194213867,92.1079025269,31.2255573273,94.5827026367,0.444029271603
1290,573.375061035,175.135147095,22.0982494354,56.0684776306,0.342784239911
1290,577.190124512,199.397750854,26.7356281281,72.2303848267,0.271734176204
1290,417.888061523,122.66027832,28.1782073975,89.5791320801,0.191594392527
1290,442.563232422,101.138122559,34.1192398071,100.367271423,0.0843729590997
1290,556.915649414,41.3724479675,27.7362976074,82.303062439,0.0703189813066
1290,534.46697998,83.4845504761,23.9212741852,67.4487075806,0.057324959198
1290,529.656555176,27.0681438446,23.9971218109,61.7773094177,0.00455900189991
1320,82.9155349731,215.822616577,30.0763320923,81.4636154175,52.0275712013
1320,338.474884033,157.22303772,19.5110912323,61.3385429382,50.8648633957
1320,347.5078125,141.417800903,21.4185161591,66.176612854,19.6546718478
1320,319.718383789,160.210403442,18.1830673218,50.2036399841,3.43106873333
1320,594.865905762,86.0814819336,35.3312339783,99.2478256226,2.33326908201
1320,496.592254639,55.4455299377,39.3604545593,90.5689163208,1.66770815849
1320,524.204284668,50.6965637207,23.6612377167,64.1369018555,1.09584061429
1320,616.854064941,325.433135986,16.4428005219,44.412815094,0.186790316366
1320,615.323730469,93.0347976685,18.50091362,53.561794281,0.185912789311
1320,615.735900879,231.479904175,17.170507431,42.1278305054,0.133174774237
1320,486.579101562,83.2614440918,108.008644104,187.703720093,0.0533405109309
1320,583.88494873,39.3308296204,37.565990448,103.63533783,0.0488891790155
1320,563.045043945,31.2435970306,38.2762680054,100.664825439,0.0090892019216
1350,77.7692642212,208.586791992,29.0027313232,86.0508346558,51.8141746521
1350,556.985717773,111.33731842,21.9708309174,63.7725830078,25.7646471262
1350,358.009765625,142.137832642,25.2718982697,83.6718521118,14.5287334919
1350,457.0206604,83.4409179688,31.4496822357,65.0749053955,7.84221291542
1350,610.977478027,89.9441757202,17.0615615845,44.1787605286,3.14232334495
1350,583.4375,164.03352356,23.5865402222,56.0368652344,1.06103625149
1350,387.443878174,133.635162354,19.4360542297,53.3062324524,0.910088047385
1350,542.696105957,110.557159424,19.4413414001,53.387348175,0.540747726336
1350,579.15814209,191.65687561,18.6594238281,42.7604255676,0.424330122769
1350,495.35256958,106.465087891,23.1405735016,53.2882804871,0.175117223989
1350,401.886566162,129.132873535,22.7132949829,57.0597724915,0.114273303188
1380,80.338142395,201.947189331,27.4763050079,89.1109542847,64.426279068
1380,595.95135498,157.536514282,24.9276561737,50.9344139099,30.5569320917
1380,438.591644287,108.561790466,66.7945480347,159.332748413,21.0218444467
1380,329.377471924,170.524215698,17.6143360138,42.9273223877,15.2809947729
1380,476.55557251,169.947387695,29.6407012939,90.9969787598,1.50853805244
1380,426.729034424,268.657501221,29.838142395,64.862953186,1.0921575129
1380,502.6640625,108.336433411,24.1405334473,59.8940086365,0.170616386458
1410,98.2214355469,205.118667603,29.5405788422,90.8020019531,25.3442764282
1410,352.510650635,174.251144409,16.0145187378,46.1284370422,19.4639906287
1410,511.321533203,181.081848145,19.560842514,45.8050537109,6.69552236795
1410,457.021240234,103.915992737,27.6410522461,76.9466018677,4.52562943101
1410,413.144500732,147.598999023,24.2411899567,56.3044395447,4.00569885969
1410,445.843109131,110.497741699,20.1208381653,54.2921714783,2.53382641822
1410,340.768737793,171.629776001,17.9478912354,44.6979522705,2.07466799766
1410,360.189971924,166.337493896,17.7383708954,47.4282875061,1.5498785302
1410,490.197418213,164.061462402,23.5449542999,59.3375701904,0.741827907041
1410,69.0141372681,109.264808655,17.1193828583,52.3816795349,0.651219161227
1410,525.580505371,298.246307373,21.440946579,46.5331230164,0.600160006434
1410,543.050109863,311.242950439,29.731180191,54.0245399475,0.351893855259
1410,78.3012313843,113.299415588,17.8217525482,49.3591117859,0.0511622638442
1410,93.4541397095,186.129745483,19.1947097778,48.3094787598,0.0143547556945
1440,108.914611816,206.84413147,26.5113143921,84.994972229,41.4337158203
1440,371.672271729,160.724334717,25.466753006,64.9475326538,32.8775018454
1440,363.702056885,159.394729614,17.5202465057,46.8814125061,3.82282212377
1440,542.905090332,306.23425293,28.819978714,60.7900886536,2.04427354038
1440,458.548461914,110.344306946,22.7104797363,58.230014801,1.98497902602
1440,413.825683594,152.160812378,19.4732627869,52.3845367432,1.20462728664
1440,449.76171875,132.938659668,32.0514793396,71.9442214966,1.12664420158
1440,483.839691162,102.684288025,18.6130390167,49.0689659119,0.731052597985
1440,472.001220703,103.204124451,20.2371768951,51.4715995789,0.502257002518
1440,385.308929443,177.013198853,20.3309803009,52.4050865173,0.328525318764
1440,530.758544922,312.773712158,24.4100627899,53.7031898499,0.21354444325
1440,392.11050415,151.303268433,20.2398643494,57.2777900696,0.102059345227
1440,615.413452148,167.458251953,17.1177444458,43.888885498,0.0463510572445
1440,270.3359375,150.887588501,19.7074718475,57.8761444092,0.0219173874939
1470,119.454437256,210.179443359,26.2161502838,76.1755828857,51.5076339245
1470,452.775756836,146.818222046,43.6594963074,114.526008606,36.9771033525
1470,495.021148682,157.497802734,18.8902721405,51.2691955566,3.44905294478
1470,546.946105957,169.569168091,20.4007911682,45.9878807068,2.61168237776
1470,449.263519287,159.418716431,20.8944416046,59.6946983337,1.89813766629
1470,436.956054688,158.607772827,17.1719741821,51.3970794678,1.33484741673
1470,468.285003662,191.312866211,22.9542293549,58.3263587952,1.15860719234
1470,480.624603271,169.351974487,26.4515457153,71.6816711426,0.840229541063
1470,503.416992188,146.747406006,21.1135101318,52.0366783142,0.671037845314
1470,403.118164062,145.963531494,23.9166812897,69.1273345947,0.590449944139
1470,340.429473877,177.025390625,17.1107463837,42.8047523499,0.549165159464
1470,361.77230835,173.226119995,18.8673057556,42.8202400208,0.501978117973
1470,524.452514648,107.23462677,21.0888805389,56.754070282,0.418628146872
1470,95.7123718262,113.266151428,17.5460681915,48.7706184387,0.361321331002
1470,536.790649414,93.8366165161,19.6887149811,55.9600257874,0.353725929745
1470,460.144287109,137.524795532,23.0711116791,61.9351997375,0.268273055553
1470,470.98739624,96.6708450317,21.6734008789,78.7016677856,0.26429949794
1470,470.865936279,154.802246094,22.9000072479,59.6916809082,0.155854073819
1470,350.826385498,176.205490112,17.7411899567,41.5550498962,0.0968024600297
1500,136.988235474,204.415847778,23.6792526245,78.9078826904,76.4323174953
1500,2.89570879936,186.1665802,65.1808242798,177.291854858,50.3867745399
1500,509.63772583,131.608139038,28.5352020264,89.3741760254,27.9944688082
1500,444.434204102,135.927536011,26.1181926727,85.0202941895,7.086160779
1500,348.227264404,170.406692505,21.4039440155,52.4321250916,6.86588585377
1500,496.561981201,117.014839172,26.3739547729,90.0863876343,6.85723274946
1500,11.1196928024,295.375,30.8220920563,87.7140579224,4.12901118398
1500,478.021942139,166.19090271,20.8004245758,50.3984565735,3.72787676752
1500,25.9829502106,213.188247681,29.2207164764,86.7130126953,1.51969864964
1500,321.645385742,170.236282349,19.1872062683,50.1094055176,1.13872373477
1500,611.406860352,155.375900269,18.0818405151,47.373336792,1.05655035004
1500,480.003387451,129.137573242,27.9560527802,70.9508972168,0.639826711267
1500,379.481048584,159.160446167,25.2336826324,50.061542511,0.533391023055
1500,477.325805664,275.965545654,21.0702037811,46.367603302,0.510791316628
1500,360.79776001,176.439880371,19.0203800201,48.7507591248,0.370977655984
1500,405.349029541,156.846237183,27.5193119049,55.3615531921,0.27981873136
1500,336.618865967,173.781692505,18.9263114929,45.38829422,0.211824150756
1500,616.087158203,180.622879028,16.7903194427,43.0555267334,0.115716690198
1500,461.496246338,139.023605347,22.151260376,57.5783424377,0.0970062974375
1530,12.401181221,187.276351929,65.0611038208,171.739135742,67.665541172
1530,129.82371521,211.552627563,26.2479419708,73.9140548706,64.8740053177
1530,609.81237793,174.865463257,19.875535965,48.5493431091,2.51434985548
1530,10.8457183838,91.2481307983,15.2553710938,41.9291572571,2.26036980748
1530,16.1332607269,212.952316284,33.2433776855,94.4428482056,1.9632127136
1530,7.45782709122,158.608383179,17.6586990356,52.9865264893,1.74004454166
1530,316.509155273,173.638839722,18.5645656586,47.1379051208,1.15512004122
1530,538.078796387,114.369407654,33.3393058777,104.65058136,1.00717740133
1530,548.135437012,68.0566940308,35.3228034973,94.4499588013,0.345374410972
1530,333.753387451,167.176345825,26.5622253418,53.8312530518,0.323495198973
1530,556.598266602,129.937973022,21.4532413483,59.4020271301,0.117811537348
1560,16.74269104,188.741317749,53.151763916,169.456710815,46.760904789
1560,129.618270874,207.739257812,22.7883586884,66.5732803345,40.3419971466
1560,317.232971191,166.681472778,19.335351944,48.5654716492,20.8502024412
1560,12.2891988754,290.862915039,32.8149490356,82.4809875488,5.56142255664
1560,405.278839111,152.955291748,32.3514442444,85.7378540039,2.328832075
1560,514.475402832,84.4221496582,21.0859928131,66.1864242554,2.13360898197
1560,426.389678955,139.475479126,23.1438045502,82.5408859253,1.83883365244
1560,386.95223999,158.936904907,19.0906352997,49.665561676,0.480394391343
1560,519.416809082,117.054656982,20.5009937286,53.0571327209,0.361882662401
1560,39.4678153992,262.948883057,21.9841785431,58.4545898438,0.343117211014
1560,46.0087280273,293.419952393,21.8999996185,60.4438285828,0.341729773208
1560,530.807373047,109.766967773,18.9394302368,50.8277282715,0.215094094165
1560,396.024932861,158.807128906,22.7755641937,62.8104248047,0.173235149123
1560,57.8451042175,103.312995911,18.9229793549,43.936050415,0.104140408803
1560,352.569854736,156.220840454,28.5948944092,53.7333679199,0.102138379589
1560,370.876708984,153.990951538,20.0761432648,51.3359832764,0.0714810739737
1590,517.299682617,113.737953186,68.7868652344,186.158401489,39.6518498659
1590,143.253005981,198.704177856,22.5130367279,75.7693710327,39.0938490629
1590,50.591293335,178.526245117,46.0932006836,153.698913574,26.1081159115
1590,325.695983887,161.715637207,22.211938858,62.313243866,15.4183760285
1590,482.096893311,128.430770874,26.1582202911,90.9612426758,2.92249564081
1590,573.581237793,168.875488281,21.2742500305,59.6548309326,2.67621912062
1590,162.348434448,192.246826172,20.0330734253,62.2011528015,2.13421005756
1590,512.726013184,175.285644531,28.0413608551,61.6230201721,2.08203475922
1590,413.238616943,148.755523682,21.599981308,63.4795074463,1.62537544966
1590,56.5758781433,97.3767471313,17.9710330963,44.1742858887,1.16115389392
1590,499.137939453,54.0903930664,21.1999225616,56.6730499268,0.566117325798
1590,448.410308838,122.636756897,21.8179149628,56.6196250916,0.555388769135
1590,398.547332764,151.991241455,18.408208847,50.4517211914,0.530642922968
1590,528.140563965,158.867263794,29.0639667511,76.4331512451,0.524206412956
1590,368.197631836,142.895355225,25.1095046997,56.7088432312,0.500634592026
1590,247.413864136,140.789901733,21.2372951508,59.2361450195,0.373842846602
1590,381.617767334,150.253311157,21.2455940247,55.8233757019,0.357634294778
1590,480.377532959,90.6605224609,23.2847881317,63.9290962219,0.332558806986
1590,339.220947266,164.304504395,19.4638004303,49.7217102051,0.26877745986
1590,510.925933838,32.2937202454,31.6799488068,90.2697372437,0.265457527712
1590,497.594848633,118.799476624,22.0101776123,57.816532135,0.191326171625
1590,172.552246094,176.190750122,20.7935276031,58.9150505066,0.1375934924
1590,545.796936035,255.820388794,23.9734783173,58.1913566589,0.122152944095
1590,42.8215293884,92.5204544067,19.2703266144,46.1256752014,0.0745039840695
1590,457.076019287,110.220245361,30.7517871857,67.6214828491,0.0585229834542
1590,549.234069824,166.293716431,24.1161174774,75.8112487793,0.0406884035328
1620,77.0964355469,187.66418457,42.0220489502,134.09803772,59.7732007504
1620,155.278305054,200.289505005,24.3083724976,69.4741439819,16.8209403753
1620,467.306884766,151.187911987,23.3303775787,65.0990447998,14.3102049828
1620,441.203460693,157.819839478,21.4830379486,56.0141639709,3.84583286941
1620,346.746856689,141.091629028,21.9728870392,65.6894454956,3.27366180718
1620,472.171020508,276.608123779,28.8290042877,49.9076728821,3.05548682809
1620,331.527038574,156.828170776,25.7695636749,68.2253570557,2.35990136862
1620,9.44626235962,237.126022339,25.9729690552,74.2240982056,1.84370130301
1620,414.642242432,133.105239868,30.7611999512,80.153465271,1.77774392068
1620,532.789978027,93.2549133301,30.2742385864,108.385093689,0.876121595502
1620,39.9307823181,80.5793380737,26.2926540375,55.1626319885,0.485216639936
1620,603.820251465,188.350585938,22.7367725372,53.7576560974,0.407234672457
1620,607.231201172,29.0846881866,24.4342441559,69.8828964233,0.321767409332
1620,323.211212158,159.774780273,19.0677089691,52.5025596619,0.290586729534
1620,171.008789062,180.865234375,24.9191379547,72.6266403198,0.213575502858
1620,435.417877197,136.303573608,20.0828781128,57.7413024902,0.151545915287
1620,615.409118652,229.386230469,16.2788028717,41.9531135559,0.055861385772
1620,0.0124575300142,156.611343384,23.3061275482,62.5535392761,0.0108829954115
1620,183.758224487,165.940795898,21.8150806427,61.3833465576,0.00476293862448
1650,556.440002441,104.929954529,45.1772613525,126.259101868,56.538516283
1650,184.694702148,204.150680542,22.2850341797,59.3892974854,38.2868260145
1650,353.876190186,161.712142944,28.5547161102,73.4092559814,23.5647395253
1650,197.701065063,201.530563354,20.1383914948,51.3274078369,13.3184954524
1650,465.320831299,125.745903015,23.1928634644,66.8350982666,13.1642237306
1650,600.09387207,40.9507904053,26.9619998932,72.2733230591,3.92212383449
1650,383.395263672,228.899276733,20.165058136,43.9502372742,3.03475800902
1650,524.382629395,145.620346069,31.5217189789,63.6644287109,2.93988734484
1650,121.065223694,205.155532837,29.0686168671,73.2322235107,2.87728216499
1650,495.870361328,146.519546509,25.9739589691,64.1498336792,2.08248160779
1650,84.177116394,90.2825012207,18.2937221527,53.0297851562,1.85839217156
1650,576.47265625,158.42539978,33.2796516418,77.3283996582,1.76513530314
1650,386.728607178,156.488830566,18.8515720367,51.8287811279,1.14201791584
1650,396.965606689,226.908035278,26.6433353424,53.7940216064,0.478435587138
1650,371.921661377,164.928710938,19.3884353638,57.820224762,0.395449018106
1650,327.64743042,149.277526855,21.9172801971,55.207118988,0.20323318895
1650,141.56098938,253.203689575,22.3463993073,56.5256080627,0.106616283301
1650,340.112213135,160.772506714,20.1475639343,55.6430206299,0.08497859817
1650,135.324111938,120.837501526,22.023229599,49.3724784851,0.0223038790864
1680,347.420776367,158.855941772,20.622171402,61.9159355164,31.919875741
1680,565.26940918,52.5917472839,48.3742370605,162.21446228,20.3572258353
1680,193.413803101,198.645874023,29.6356868744,94.5392150879,17.1131253242
1680,234.911117554,199.620101929,22.1742420197,57.006526947,8.57580751181
1680,451.728851318,129.013793945,30.4823226929,73.6320266724,7.47443065047
1680,161.589660645,236.716064453,28.6342010498,69.6273880005,3.07603478432
1680,389.443145752,129.321517944,30.1692485809,99.5484085083,2.44677327573
1680,562.709411621,49.7640419006,24.4309558868,98.0491638184,1.67166441679
1680,416.797119141,149.215133667,21.7767353058,59.8583068848,1.34115274996
1680,534.661437988,77.5527954102,31.2266139984,75.4253768921,0.594427064061
1680,558.448547363,306.811096191,27.4524154663,62.7076263428,0.496528111398
1680,616.10748291,58.4674186707,16.3917140961,48.8089637756,0.243973731995
1680,406.904785156,181.50932312,19.7192001343,53.5296363831,0.202651019208
1680,354.883270264,136.164276123,31.6047725677,70.8779525757,0.142679526471
1680,614.93927002,188.112670898,17.13813591,40.7110671997,0.098849250935
1680,590.991027832,102.022277832,28.4325466156,89.4049682617,0.0878802558873
1680,605.69708252,105.248390198,21.5756282806,56.8314056396,0.0411728775362
1710,370.058746338,155.489379883,30.9373168945,75.1726379395,22.8221267462
1710,512.742431641,166.6743927,21.3670654297,48.3745384216,11.5126021206
1710,13.992389679,225.675964355,22.3233966827,68.1766281128,6.05769082904
1710,474.130279541,105.210487366,20.4746189117,58.7252197266,5.34970797598
1710,590.217529297,91.9859085083,21.8060207367,56.5176582336,5.02748191357
1710,350.997894287,157.087356567,19.5646572113,56.072933197,4.52888682485
1710,487.579803467,105.794372559,22.5005779266,59.09923172,4.22301180661
1710,431.020050049,109.552940369,92.6073226929,150.347244263,2.89045237005
1710,403.65625,152.808059692,24.935546875,65.1632461548,2.85094864666
1710,40.9523239136,238.61289978,21.292924881,55.2333488464,1.31311016157
1710,361.298217773,164.77293396,19.9942455292,62.1529502869,1.18359224871
1710,427.944854736,141.084472656,24.4859867096,78.3866882324,1.04723293334
1710,567.765136719,90.9916152954,19.1209602356,54.8248291016,0.798974372447
1710,26.2285022736,248.899795532,18.8117160797,50.0325279236,0.610171817243
1710,419.017333984,159.487808228,19.2802696228,58.3238334656,0.545897288248
1710,504.797149658,105.55090332,19.5725860596,55.274646759,0.362111930735
1710,226.992202759,232.407653809,28.3116073608,60.5290374756,0.288154836744
1710,617.006286621,182.825439453,15.7059354782,43.2544670105,0.213431473821
1710,7.01509666443,111.855865479,17.6670036316,49.9432563782,0.17589625204
1710,257.881622314,136.247756958,22.4683818817,59.4310798645,0.0973024521954
1710,449.804931641,90.5239257812,31.9454898834,106.630775452,0.076183542842
1740,602.525146484,167.669082642,23.7283153534,53.4786872864,21.0056871176
1740,392.763183594,147.617202759,32.6138458252,86.9745864868,12.4497763813
1740,477.771636963,102.908622742,81.7177352905,125.350463867,11.3104276359
1740,429.267303467,97.0924682617,57.8048973083,132.999481201,11.2877123058
1740,429.591674805,140.628768921,27.8792324066,79.9866714478,7.54265338182
1740,524.059020996,95.0218734741,31.1531276703,104.412773132,4.7430343926
1740,379.87600708,157.453872681,20.2990055084,59.3327674866,2.91778668761
1740,468.655303955,122.192344666,26.1213684082,101.281669617,2.43169609457
1740,499.45980835,92.1303329468,22.6884689331,59.055847168,1.79124735296
1740,481.687957764,173.663284302,19.1805667877,55.561000824,1.76010411233
1740,591.989807129,177.895324707,19.6274776459,46.4412269592,1.47388344631
1740,520.297058105,174.51625061,20.3776798248,53.5938720703,1.15165198222
1740,365.08190918,158.253295898,23.6014175415,59.9970245361,0.779453199357
1740,487.635284424,102.430084229,21.2393684387,61.2023353577,0.26421288494
1740,450.071166992,130.475723267,23.067276001,72.0122451782,0.224597100168
1740,421.168243408,168.263015747,18.6421794891,57.41954422,0.106717541348
1740,512.980529785,95.6784362793,22.1185150146,61.7864570618,0.0455283006886
1770,560.845031738,63.3829345703,59.0458068848,182.332504272,10.7329875231
1770,367.227935791,162.453140259,19.6899814606,60.8652992249,10.5003386736
1770,265.013702393,180.27394104,18.3723926544,47.4136505127,10.2389656007
1770,388.468994141,147.29989624,27.7039546967,68.9078903198,8.68040695786
1770,602.067626953,157.558517456,22.5942211151,86.0849227905,2.95940544456
1770,529.241271973,214.360153198,22.9868183136,54.1245079041,1.74944102764
1770,597.606994629,39.0426330566,30.634973526,91.8120727539,1.18022914976
1770,508.104370117,101.872886658,21.8102340698,57.2173881531,0.653396034613
1770,6.12898302078,194.916854858,14.7211675644,54.0884056091,0.567079568282
1770,586.296081543,141.972854614,28.4958648682,94.778465271,0.478206202388
1770,521.216430664,103.491508484,22.3583831787,55.2336463928,0.419928319752
1770,614.534362793,194.681106567,16.2888717651,46.5286140442,0.180826336145
1770,253.23449707,178.611022949,20.2087802887,45.9049224854,0.166092452127
1770,587.692443848,22.9083938599,22.2097301483,69.4709625244,0.0470362632768
1770,381.801055908,170.964035034,20.2541408539,53.3912467957,0.0378988712328
1800,527.485290527,108.343833923,44.3774452209,101.756217957,46.0482507944
1800,585.899597168,116.782417297,42.4711875916,120.202697754,25.908023119
1800,419.842529297,145.316696167,28.3575344086,73.2002563477,22.7287814021
1800,259.554290771,177.68522644,17.4255771637,43.3314666748,9.57083255053
1800,7.64108705521,192.833374023,16.195898056,51.2257652283,5.36810196936
1800,604.114074707,181.831039429,24.8705768585,59.4433708191,3.85803356767
1800,521.837280273,146.447677612,23.5037784576,63.3988838196,2.67672371119
1800,508.782440186,119.213661194,21.1724510193,65.0126647949,2.41419579834
1800,348.999359131,150.643432617,22.3382568359,55.0340995789,2.3069402203
1800,246.822372437,173.091308594,18.8761863708,48.6539497375,0.762742292136
1800,180.974441528,175.866012573,23.6865940094,62.4197731018,0.734005868435
1800,348.250091553,95.5793685913,25.0008563995,71.2823791504,0.444228528067
1800,360.954742432,170.51914978,17.5405979156,49.7654876709,0.408984906971
1800,614.886962891,212.863708496,18.5414485931,44.5734214783,0.157998199575
1800,386.316070557,102.409645081,22.7534923553,61.5289344788,0.137996592093
1800,555.019104004,94.5786514282,18.4469356537,57.5203132629,0.111104454845
1800,563.440246582,128.492263794,33.2653694153,88.5434951782,0.0757649890147
1800,414.289703369,180.209823608,20.6356945038,49.020904541,0.00769849866629
1830,472.600921631,202.566390991,28.8682632446,63.9301757812,23.6781924963
1830,609.708251953,78.7890853882,18.700220108,53.7550201416,21.6829359531
1830,442.683929443,91.6121749878,18.4672584534,45.1707344055,3.56613211334
1830,448.349212646,101.074607849,28.9230861664,69.2268981934,2.29484643787
1830,277.217315674,169.473220825,19.4381885529,52.2789421082,2.0837476477
1830,528.507873535,123.200950623,32.2325172424,105.036201477,1.81489940733
1830,7.46098136902,191.285949707,15.9078454971,54.5802764893,1.33307510987
1830,552.129333496,173.429702759,20.0846347809,55.1423225403,1.29303447902
1830,568.106933594,177.716842651,21.5840377808,52.4747428894,0.439181644469
1830,466.827392578,113.784721375,22.0125732422,63.1920204163,0.24272298906
1830,506.27255249,190.916061401,28.0791931152,53.7619018555,0.0853852194268
1830,465.445709229,32.0060462952,22.7147846222,66.7321395874,0.0124804413645
1830,601.992492676,27.0942630768,25.3472499847,58.0792236328,7.81807685257e-07
