30,403.119018555,170.807922363,26.4573898315,92.2471542358,12.4156259
30,386.319366455,187.170425415,23.6880626678,73.0947341919,11.6641767323
30,501.084259033,221.007324219,22.3325481415,66.4385681152,10.921972245
30,298.148956299,182.085678101,17.1855640411,41.8899803162,1.16820735857
30,614.945922852,193.910140991,17.6266345978,48.2613258362,1.00294863805
30,373.746734619,195.048095703,18.8099040985,59.5078620911,0.948037579656
30,590.619384766,125.46811676,29.2439174652,70.7820968628,0.269264122471
60,425.557952881,155.087387085,22.3027477264,68.4415588379,21.2360069156
60,25.8013820648,196.419540405,21.0802841187,48.0289573669,11.7528669536
60,395.09777832,191.565231323,23.6703567505,75.5209503174,8.93709287047
60,445.106658936,151.263977051,24.8206043243,75.5657424927,2.45129149407
60,409.062103271,198.398880005,20.9648742676,63.9068908691,1.05007104576
60,279.961578369,158.581924438,20.6637630463,54.1145362854,0.870120804757
60,465.755706787,141.173706055,22.1394863129,59.3001251221,0.557121634483
60,128.204162598,191.421615601,23.9377803802,62.4016113281,0.385248591192
60,512.925720215,146.471694946,22.0790119171,56.6393318176,0.209863577038
60,428.238250732,197.804077148,24.5146694183,77.7414321899,0.208711391315
90,448.785675049,190.334716797,42.2300338745,109.198875427,40.1702016592
90,505.349090576,173.162536621,22.2672672272,62.3139190674,29.6374559402
90,556.750305176,154.408828735,19.5664539337,55.6654205322,16.5605321527
90,532.989746094,158.173828125,20.9411506653,59.8567390442,13.2592409849
90,418.593994141,181.510177612,20.9437160492,62.4715538025,4.90610189736
90,440.819580078,215.38659668,28.436668396,72.0931854248,2.08496451378
90,526.19934082,223.849914551,29.4993915558,76.9396896362,0.705320108682
90,521.386413574,168.125991821,19.3786640167,62.4390983582,0.553727243096
90,265.872680664,158.331756592,19.1613235474,57.9883384705,0.508442893624
90,559.927978516,224.106933594,27.3818645477,65.5637893677,0.507669197395
90,452.689208984,243.006149292,22.6420211792,57.5217399597,0.335952988826
90,430.196258545,197.525039673,20.5716667175,62.6248664856,0.217898399569
90,402.647094727,179.18510437,19.0841236115,57.7009544373,0.106102391146
90,35.2290306091,192.716842651,21.1719760895,50.0532188416,0.00856763363117
120,566.862304688,199.854980469,66.677696228,165.104660034,61.4499270916
120,417.996948242,68.8072509766,21.5867214203,61.6382255554,8.28160792589
120,408.633789062,175.899703979,19.894405365,60.2833137512,7.87719935179
120,582.519104004,274.926116943,34.6630783081,86.0551757812,3.23124937713
120,616.916137695,290.302886963,14.7453269958,58.9007720947,2.54619121552
120,454.742706299,210.613357544,22.5474319458,62.0213356018,1.32535770535
120,239.543655396,175.107589722,23.0711994171,57.755065918,1.10003370792
120,558.960876465,107.310676575,26.1416931152,64.2329711914,0.966011080891
120,381.673736572,105.055305481,17.5323619843,55.5540771484,0.884226150811
120,226.627380371,181.394241333,21.1276702881,54.0357704163,0.58032469824
120,601.526428223,300.025268555,28.3714084625,71.0883712769,0.492589781061
120,460.753936768,180.960388184,25.5434036255,63.6915130615,0.242039305158
120,413.213287354,155.914382935,29.4767074585,63.9550361633,0.19917616155
120,616.44934082,158.318511963,17.6572322845,48.5862388611,0.0439441268099
150,449.881622314,187.577865601,21.7442474365,69.6368637085,10.2577060461
150,272.857086182,304.389862061,31.229970932,65.378112793,6.94314613938
150,570.510070801,263.395263672,25.8543376923,63.2442741394,1.38490246609
150,552.487854004,220.719116211,27.7167873383,91.041809082,1.18538578972
150,384.424560547,100.95135498,19.3814487457,62.1487846375,0.373291713186
150,434.638824463,43.1606330872,17.460062027,48.2516670227,0.203029136173
150,250.234207153,165.839782715,16.8297138214,51.9807548523,0.129301240668
150,236.067550659,176.848266602,22.2005329132,50.7373352051,0.104910146911
150,380.052032471,43.6601066589,20.5103302002,60.3459129333,0.0868886068929
150,190.34413147,176.909866333,34.5719795227,73.9747238159,0.069533335045
180,611.420288086,289.463470459,18.6051063538,59.5947265625,9.02702435851
180,206.671264648,177.066650391,19.4552326202,48.2849464417,8.82089883089
180,195.540512085,174.496536255,20.3915538788,60.1415214539,2.18826513737
180,218.214065552,171.057266235,15.8308296204,47.9438972473,0.748977949843
180,229.182540894,167.402664185,18.1305522919,48.6914100647,0.137786578853
210,588.476257324,159.872192383,34.825340271,98.8096923828,91.588807106
210,596.210327148,268.94039917,35.4918785095,89.5831832886,30.0814986229
210,75.3071289062,170.732498169,26.5728778839,61.3678245544,1.46244764328
210,377.104644775,182.751205444,15.8645334244,52.003238678,0.695111975074
210,219.153366089,171.759689331,16.8954257965,44.9414329529,0.658329902217
210,613.669616699,310.946563721,17.0219211578,52.8339576721,0.24459043052
210,608.794372559,203.268630981,20.6900463104,54.7816772461,0.128210475668
240,403.937347412,179.604064941,17.6724376678,48.5729980469,5.28806895018
240,12.2828826904,189.026916504,24.280670166,52.4602813721,2.9491469264
240,303.97744751,169.609390259,17.9242553711,46.79845047,1.93055700511
240,34.5550231934,185.888366699,29.44947052,70.2114257812,0.509292306378
240,366.104217529,165.304992676,18.7075614929,54.4568634033,0.496808392927
240,616.117370605,167.272644043,17.9819488525,45.2127799988,0.139863695949
240,570.053588867,122.455627441,26.9855117798,65.1179275513,0.0455214525573
240,375.714385986,26.52227211,37.4841499329,89.9075622559,0.00634283060208
240,577.892883301,26.4244327545,19.587846756,55.1568107605,1.91665023408e-05
270,442.152801514,181.426193237,18.3475723267,46.8024597168,89.0034735203
270,395.517486572,175.394348145,19.4161720276,52.1817359924,3.20897549391
270,618.811157227,193.588989258,14.9713249207,43.0815086365,0.941201206297
270,531.92388916,165.359786987,26.8726863861,65.30834198,0.910595618188
270,452.602294922,177.401794434,18.8922195435,54.3342590332,0.729514472187
270,426.118133545,177.860168457,17.0866546631,44.9305534363,0.673234136775
300,498.815826416,180.012695312,21.3696975708,53.6462287903,98.9515006542
300,143.520065308,182.853103638,21.3002223969,54.2795143127,2.72046215832
300,457.562225342,177.916946411,17.0948238373,45.4309997559,1.41802811995
300,482.640380859,179.875198364,17.6118679047,46.0276489258,0.531632779166
300,274.402313232,259.804138184,21.9160900116,50.4705696106,0.489400234073
300,570.502380371,140.721786499,16.924200058,48.8073120117,0.450683385134
300,515.134277344,178.688400269,17.4461250305,51.1962127686,0.394919607788
300,469.117584229,179.056289673,16.6775341034,46.8599815369,0.256559043191
300,591.811645508,166.000808716,17.938457489,54.583694458,0.238135294057
300,575.409729004,168.846557617,16.9647960663,48.5368690491,0.197689142078
330,594.811462402,171.748352051,30.6114959717,76.3153533936,99.9060750008
330,536.047058105,179.627990723,21.6567211151,56.2941894531,98.7867534161
330,617.162902832,178.281188965,13.6820478439,65.8911819458,2.18052659184
330,430.763885498,60.4819335938,18.8684387207,49.1966896057,0.518159894273
330,496.214874268,173.696151733,24.8645477295,69.8527755737,0.424469681457
330,6.62587213516,190.813308716,18.5053462982,50.0224647522,0.198996160179
360,575.575744629,165.442977905,28.2344741821,70.3544540405,99.2746949196
360,558.658630371,172.395019531,17.9894275665,53.9922027588,3.52525785565
360,615.391418457,111.534851074,17.1974563599,44.3702697754,1.36482631788
360,594.138061523,170.221710205,18.1896076202,62.6283226013,0.233003590256
360,8.47764015198,137.469406128,15.531124115,46.8947601318,0.198301183991
360,409.564941406,114.11441803,26.8047714233,74.1406173706,0.0336446450092
390,465.18371582,187.42980957,25.0913906097,57.4028663635,7.0720076561
390,433.874481201,179.787155151,18.8000774384,58.0229148865,4.96334582567
390,412.599090576,195.586181641,18.3079528809,44.736831665,3.44959422946
390,500.812744141,241.798843384,39.016834259,86.7967910767,2.59569324553
390,146.582168579,156.60093689,22.3117294312,56.9988098145,1.7579363659
390,11.0144891739,170.659637451,30.8648605347,85.3609390259,1.39695005491
390,364.493377686,176.850463867,24.8211574554,48.6141395569,1.20174651965
390,460.046417236,140.787017822,26.6638622284,84.9337768555,0.422804849222
390,136.508224487,170.629882812,17.730430603,46.6818122864,0.342373782769
390,438.287139893,112.840820312,23.6012039185,63.6807060242,0.299888057634
390,464.424224854,59.0737724304,30.4848403931,70.0472564697,0.258028227836
420,105.206848145,142.667388916,20.8106079102,65.6777572632,35.1543366909
420,67.3731918335,161.545333862,19.6620121002,51.0025520325,17.2144711018
420,452.90133667,203.655044556,18.0920124054,48.3608436584,11.2923465669
420,90.8303222656,148.043701172,24.9429988861,68.9708175659,9.37275737524
420,616.215820312,190.140319824,16.4167118073,49.1710357666,5.97699731588
420,443.484466553,208.996139526,15.849360466,43.5807952881,2.37549506128
420,577.55480957,162.7237854,28.7310943604,64.0085220337,0.885163806379
420,119.261817932,143.74168396,20.5820941925,60.6132698059,0.576007599011
420,472.28604126,193.34197998,18.9730682373,72.8307800293,0.456520775333
420,394.053192139,84.9840698242,17.872713089,55.8219451904,0.14905044809
420,420.444976807,94.8551025391,29.476442337,110.216377258,0.131725950632
450,308.086395264,166.010452271,17.5384349823,39.5809135437,52.4594545364
450,490.524139404,203.957199097,19.9086437225,67.8352203369,25.6811290979
450,31.7841739655,133.389160156,23.7746963501,62.7600822449,10.7849150896
450,596.24810791,332.887298584,28.0369281769,55.0893669128,6.69292286038
450,525.680847168,207.233688354,24.5861949921,85.2269897461,3.81519012153
450,126.773345947,165.380142212,23.7972183228,59.8655281067,3.80967818201
450,93.0280227661,346.690826416,24.4320144653,55.076385498,0.879528652877
450,438.130767822,70.7917251587,34.0041770935,113.260017395,0.696114636958
450,538.711486816,221.486862183,27.3394680023,71.856300354,0.623814761639
450,572.897888184,187.630187988,22.4680767059,60.737865448,0.595356849954
450,142.06312561,154.037506104,26.8148097992,58.432888031,0.576302828267
450,473.616485596,201.14276123,18.1261863708,56.4419403076,0.363119365647
450,404.89932251,240.909896851,18.9420719147,51.8545265198,0.335937272757
450,614.046203613,346.143920898,17.6004810333,43.3401679993,0.161240738817
450,541.974914551,184.317382812,22.8007297516,67.1660842896,0.149300531484
450,615.937316895,288.455963135,16.3689937592,41.9919395447,0.11758786859
450,458.507202148,183.761917114,24.6114807129,79.8033447266,0.116970494855
450,392.440338135,24.8982009888,22.3908462524,57.6930274963,0.000395019014832
450,477.349487305,38.3240242004,28.8353099823,70.9724502563,1.19308680269e-05
450,413.834106445,47.0171813965,27.6275539398,67.4965286255,5.92281068634e-06
480,170.980911255,157.915725708,22.9564800262,46.5910377502,66.7692303658
480,421.84085083,44.559223175,18.6437587738,57.763168335,11.0969610512
480,71.8601455688,166.481826782,26.6191177368,54.8419914246,8.46054181457
480,401.682861328,209.945114136,17.206571579,47.3109550476,6.1410471797
480,480.97543335,280.739990234,23.7917156219,53.1549415588,1.58218480647
480,526.238769531,311.439849854,29.6051082611,66.3333969116,1.12307406962
480,570.017089844,329.13470459,42.8071479797,93.8268661499,0.90090110898
480,456.11050415,292.938110352,20.7409934998,46.9949226379,0.785752758384
480,439.106201172,281.694366455,21.7751846313,50.7319297791,0.594391813502
480,223.870162964,300.429229736,26.9419631958,53.6737937927,0.493353884667
480,484.723266602,358.989990234,29.6074771881,60.6055145264,0.481473747641
480,376.845306396,289.852233887,20.6542720795,47.9639015198,0.427916971967
480,403.556976318,323.1534729,21.4946575165,49.8671569824,0.416912510991
480,491.412567139,290.792144775,24.9186115265,57.2073097229,0.385999679565
480,364.528076172,76.7305297852,70.5470199585,132.625076294,0.317913480103
480,382.78137207,263.820953369,29.6345462799,55.7392539978,0.302835647017
480,370.9894104,259.435699463,21.8725757599,58.7181663513,0.302095338702
480,546.706359863,278.095001221,21.2362632751,48.7850379944,0.266057811677
480,381.937957764,308.205444336,22.9596252441,51.2386054993,0.247820373625
480,375.54977417,235.389404297,30.4890727997,57.1314125061,0.242927670479
480,512.892028809,323.199005127,29.6406726837,69.1169509888,0.237919297069
480,610.41192627,361.978607178,21.3592853546,55.1912231445,0.233699358068
480,526.949890137,277.52255249,27.8111286163,51.2779350281,0.211421702988
480,394.628631592,287.17565918,27.7071208954,57.5012817383,0.170835049357
480,122.032592773,147.704437256,20.0208187103,51.8290405273,0.154515227769
480,360.137084961,282.357940674,22.1180858612,50.4780540466,0.116593332496
480,419.131103516,283.308563232,31.7201461792,62.1218681335,0.108630931936
480,493.197998047,26.4082584381,21.7421512604,69.9163131714,0.082936452236
510,373.069793701,152.535446167,18.7424373627,52.2225837708,95.4520642757
510,347.251983643,162.853271484,18.2133293152,42.345867157,50.0306963921
510,267.846374512,160.176437378,19.2004261017,63.2388763428,41.3371682167
510,559.669494629,83.2824859619,20.7998714447,54.3356628418,8.6073756218
510,329.811920166,162.268310547,15.5826787949,46.4475860596,6.28964602947
510,513.343566895,222.964294434,29.7735118866,69.2703552246,4.68716956675
510,5.83223104477,284.716278076,24.4997310638,78.4882583618,2.87119932473
510,594.764221191,348.901123047,36.9517707825,66.0088882446,2.74004116654
510,279.62701416,394.440338135,22.4698123932,49.8573493958,1.32243828848
510,295.835723877,390.124511719,21.2640457153,53.6953468323,0.944924447685
510,386.072998047,153.640060425,18.2247371674,53.0926017761,0.749410688877
510,416.110565186,73.645690918,69.854095459,132.072937012,0.668302318081
510,6.07321882248,184.022994995,18.5991096497,49.2465209961,0.376089382917
510,302.253448486,157.722183228,16.8331127167,44.5756225586,0.134489720222
510,498.30947876,262.051544189,19.2824745178,46.7752571106,0.026466534473
540,551.730285645,158.268676758,21.5413265228,54.0351448059,35.3554219007
540,466.706207275,120.559387207,29.7196025848,84.1471633911,21.2683975697
540,69.2521896362,182.169555664,18.7396678925,43.219329834,3.60577367246
540,6.40733575821,237.991104126,19.2783203125,54.9372520447,1.51337375864
540,135.064605713,165.198364258,24.7850322723,53.6928291321,1.27258561552
540,607.471862793,102.802612305,17.9893493652,47.4221496582,0.560557190329
540,568.374389648,159.515029907,22.5700778961,54.4544792175,0.328545249067
540,188.986495972,137.254119873,15.89980793,49.4900856018,0.152589275967
540,313.174346924,152.78729248,16.0111446381,51.5426368713,0.149427016731
540,335.790863037,164.35496521,30.9171276093,53.9389953613,0.102440477349
540,588.181640625,17.0861568451,22.8128967285,69.4321670532,7.56604663366e-05
570,517.823059082,170.684494019,21.6446990967,64.1837768555,1.22703220695
570,587.660217285,15.0076093674,20.9916667938,62.7024116516,0.122406019364
600,356.94934082,158.894363403,27.8022155762,70.9370422363,94.9290633202
600,477.719238281,163.839828491,27.485906601,56.6305389404,94.1171884537
600,398.870819092,160.686248779,26.1187267303,64.0925521851,46.1060345173
600,470.210784912,166.505569458,17.2364692688,55.4825134277,22.1137434244
600,443.555175781,130.212814331,28.089630127,77.9000167847,20.4663529992
600,397.969116211,88.2644424438,41.480922699,138.052261353,11.589205265
600,459.100067139,161.241607666,17.1649456024,56.43309021,3.77674140036
600,14.2491607666,116.09362793,31.3515834808,88.8474197388,0.0351446302375
630,325.975494385,167.129837036,28.4506225586,67.7512741089,99.1969943047
630,263.017852783,185.38092041,20.5689563751,53.8291015625,98.9324331284
630,285.272491455,184.191452026,21.0794506073,55.220703125,95.4514145851
630,436.683502197,171.017990112,22.4318294525,58.5702095032,91.8824851513
630,416.138214111,169.603927612,27.6150875092,59.9202308655,76.5995621681
630,396.254241943,73.657913208,64.9465866089,153.540542603,9.90013480186
630,190.83757019,200.456253052,18.8590431213,45.9940643311,9.79210585356
630,200.247848511,285.598358154,21.9611816406,45.3990631104,1.38961831108
630,107.760704041,154.430221558,25.6812038422,58.2488365173,1.28091052175
630,35.8246803284,182.632141113,20.2838630676,47.7999610901,1.25425197184
630,190.946456909,281.73916626,19.170999527,43.6283607483,0.831952504814
630,13.1133613586,129.582290649,27.1390514374,74.7515945435,0.327802891843
630,512.424560547,184.252990723,25.2562351227,52.9494895935,0.262149400078
630,297.12399292,171.542160034,31.3965167999,62.4749565125,0.0860233383719
630,355.912261963,106.515693665,54.4966125488,122.484313965,0.0586528098211
660,162.996765137,194.30456543,23.2093048096,58.7235565186,99.5752632618
660,382.560913086,175.292907715,24.5157794952,60.5165748596,98.8079547882
660,229.867004395,174.450271606,24.812379837,69.9831085205,98.3644604683
660,189.972900391,192.170578003,19.105052948,56.3537025452,97.4374651909
660,301.203918457,177.797058105,35.8799514771,65.0503997803,97.0659017563
660,324.211456299,177.380859375,21.8273906708,60.7078056335,52.9423594475
660,115.858940125,162.088104248,19.7646007538,62.8556480408,4.70981486142
660,503.630828857,113.047889709,23.1282062531,69.5455856323,2.33614183962
660,71.9487075806,308.488983154,22.4832706451,45.752872467,1.5374132432
660,287.775604248,68.1873092651,78.3810348511,192.278823853,0.767716253176
660,6.43490982056,177.583236694,18.5686893463,51.6310920715,0.699089979753
660,159.236221313,58.9511413574,23.2647247314,53.9925346375,0.620792247355
660,441.363525391,130.147384644,20.7828578949,46.3853874207,0.189517263789
660,206.130142212,182.761169434,34.8102455139,63.4995613098,0.044044785318
660,490.349121094,32.727394104,24.3500747681,68.6082000732,4.58185098751e-06
690,81.4658889771,187.65246582,23.3932723999,71.8530273438,99.5991826057
690,50.7218017578,193.226150513,29.6415119171,66.9006576538,99.5681881905
690,215.44543457,190.172683716,22.8204479218,56.1307678223,96.1773991585
690,289.320709229,124.717254639,30.5100784302,70.7602539062,4.76875118911
690,6.56530618668,223.674484253,17.1613464355,47.6168479919,1.17627251893
690,56.0287895203,163.349777222,68.4003829956,99.642578125,1.11493729055
690,204.865463257,191.43132019,20.0278244019,53.8963012695,0.434845034033
690,97.2018814087,183.470535278,19.2811126709,67.9092788696,0.180033396464
720,8.10656738281,216.068496704,35.3215522766,83.7328262329,66.2919938564
720,615.38659668,176.225753784,16.3649139404,38.9184265137,0.408195750788
750,131.883468628,208.722335815,19.9500770569,45.2199897766,26.1142224073
750,7.85417604446,214.425796509,16.0432529449,44.7149200439,21.5347483754
750,515.886108398,209.987228394,95.7594680786,246.735412598,11.3484933972
750,581.038574219,178.978805542,21.8884830475,61.0105705261,10.6714911759
750,116.974723816,205.534988403,16.5979099274,50.7270317078,0.326278549619
780,505.388824463,187.259017944,18.3897895813,48.9324531555,3.6837797612
780,588.535339355,191.493896484,21.5908660889,65.6160964966,0.86656184867
780,606.579711914,188.632385254,17.8460044861,49.7480926514,0.679656071588
780,419.825469971,178.233230591,17.4793758392,53.0456199646,0.459545757622
780,262.951812744,110.141670227,25.7100391388,69.3716049194,0.0661599682644
810,521.394836426,189.722854614,19.645401001,49.9014282227,91.9611334801
810,454.091674805,189.144271851,20.8668575287,50.4928855896,24.1868585348
810,489.450836182,195.894332886,19.6654701233,45.5610389709,22.2520425916
810,512.037719727,187.711288452,17.4698257446,52.5189170837,1.94032844156
810,440.965087891,186.546813965,21.4777679443,52.4644126892,1.62969753146
810,471.532318115,189.28288269,18.1218585968,47.9062995911,0.812429003417
810,213.618286133,83.3929519653,35.7379798889,93.6408996582,0.662705628201
810,420.151580811,191.229690552,18.4602851868,49.968044281,0.632464606315
810,140.434234619,384.415039062,22.2670974731,45.347442627,0.293629034422
810,332.128143311,106.339782715,24.1115398407,50.6013374329,0.215004663914
840,605.584838867,179.317687988,21.7469882965,66.0690078735,96.5515971184
840,550.816833496,191.686050415,20.0436840057,51.0775260925,87.4027132988
840,433.653961182,175.297134399,17.8004398346,54.8494987488,53.1409919262
840,476.153656006,181.314331055,21.0696029663,47.1041717529,39.3996328115
840,511.244537354,37.1762199402,19.6277675629,52.3834266663,5.30177764595
840,464.844573975,176.471740723,19.0816478729,51.6837921143,4.5373249799
840,493.725372314,182.120925903,18.0798625946,49.8815612793,2.06061434001
840,280.419464111,361.815338135,20.4683208466,46.4308166504,1.6859151423
840,522.872192383,36.7583198547,22.530298233,53.3461303711,1.46183203906
840,419.311981201,172.721633911,17.510881424,55.9875602722,1.25994626433
840,498.784515381,46.1108894348,20.99477005,52.7650260925,1.17471553385
840,540.661621094,186.760360718,17.5543346405,56.1779937744,0.944026652724
840,289.634460449,373.305023193,22.0079479218,45.6993141174,0.683952495456
840,453.133789062,174.236755371,18.8109741211,56.0200996399,0.227444269694
840,613.574279785,115.141052246,22.2517681122,72.0816268921,0.0669074826874
840,429.92980957,92.9586257935,27.4658184052,77.3217926025,0.0326955603668
870,352.235809326,165.340454102,22.7528438568,59.3053092957,73.6926853657
870,498.538604736,171.578903198,26.7775630951,65.2052001953,65.5367016792
870,553.065612793,170.204910278,18.9092388153,60.1378593445,23.3640938997
870,483.547332764,151.746688843,29.5158519745,86.3500137329,16.8594881892
870,562.778198242,180.291091919,20.0618305206,52.5153541565,3.37054394186
870,460.828216553,175.47605896,15.9342260361,46.6018371582,2.6455104351
870,471.953765869,182.586120605,21.3651638031,54.3144874573,2.48534288257
870,543.230529785,159.864700317,18.776889801,58.188785553,0.930872838944
870,536.511291504,97.2462997437,28.639421463,84.8974914551,0.684064859524
870,445.312713623,184.428161621,20.3107757568,45.3477058411,0.662466650829
870,502.472625732,112.057983398,30.5222110748,97.0905075073,0.561732845381
870,518.230651855,161.819213867,24.5510196686,74.8073654175,0.490793772042
870,515.80078125,47.6352500916,36.1501045227,122.471466064,0.35243476741
870,491.263153076,79.3015365601,71.4864120483,190.624069214,0.240192841738
870,421.121337891,91.3682250977,34.6381530762,94.5316543579,0.198924634606
870,477.040161133,32.9509849548,26.8747329712,71.0954666138,0.0434004090494
870,502.542572021,37.9708747864,31.5118026733,90.1044082642,8.23077961343e-07
900,612.440002441,156.587844849,25.0667285919,94.6625976562,79.3359816074
900,405.738189697,159.397140503,19.9694843292,64.284866333,5.33234365284
900,560.957946777,205.161819458,23.0583934784,53.7091789246,0.11824752437
900,222.452026367,171.971969604,19.8760814667,42.8018074036,0.0732385204174
930,5.60664129257,173.880432129,16.0497665405,46.1664581299,3.28856259584
930,554.749206543,203.316604614,28.6245822906,81.6772766113,0.233877869323
930,6.81456422806,45.7705726624,18.3572750092,49.2645378113,0.185334472917
960,6.22072458267,51.5259132385,21.873506546,60.7328987122,1.26414010301
960,568.768371582,132.760513306,32.4022102356,105.948402405,1.13101378083
960,511.357879639,203.071090698,18.8519592285,45.4328422546,0.994277279824
960,538.740539551,99.3676071167,27.1427764893,72.859413147,0.197529164143
960,614.319763184,142.624923706,19.0118503571,50.9532165527,0.129212415777
960,105.180641174,39.4424171448,21.3729343414,60.1849555969,0.0537471089046
990,492.579101562,144.777908325,21.1053333282,61.2562141418,59.4690680504
990,505.08190918,167.549942017,35.7504386902,117.534301758,3.73776443303
990,477.756317139,148.488601685,19.8584079742,63.3398895264,3.53605486453
990,517.370483398,125.449623108,22.4188632965,54.9246063232,2.31609679759
990,503.328399658,139.21862793,21.0579166412,55.3329963684,1.59631110728
990,461.641113281,146.928634644,21.1972141266,53.1226921082,1.51247875765
990,41.1222000122,141.562759399,19.6053829193,45.9291992188,1.10409157351
990,520.643310547,216.597473145,23.1211700439,61.6013946533,0.955667812377
990,6.7655749321,143.814804077,14.4555015564,39.5478096008,0.835282541811
990,418.967254639,237.706985474,19.9768695831,45.0339813232,0.403649685904
990,572.454345703,38.8499717712,24.8024520874,57.9195594788,0.399928120896
990,58.5159759521,139.215789795,16.8076229095,47.6327095032,0.29365606606
990,82.2884674072,138.042251587,15.5952682495,48.6574668884,0.203213235363
990,591.036254883,36.4290161133,22.2599334717,55.6162605286,0.144208536949
990,604.789123535,41.4871063232,20.687620163,50.8989448547,0.0615671509877
990,488.615234375,192.923034668,18.9402217865,52.59973526,0.0512790109497
1020,85.3386459351,125.770477295,18.723493576,51.1029472351,24.1452991962
1020,475.681304932,207.808639526,23.6895885468,54.8129615784,2.40294523537
1020,2.12545275688,135.042175293,17.7455062866,55.7246551514,2.36836001277
1020,17.2374267578,137.794937134,14.4714927673,53.107334137,1.03210275993
1020,552.222473145,346.170379639,31.1738910675,60.7535514832,0.128742156085
1020,615.644714355,267.068145752,16.5297927856,43.4140510559,0.0905655324459
1020,616.161621094,126.450439453,16.8937835693,47.7752494812,0.0286257069092
1050,259.537017822,143.354934692,18.4478626251,44.9876213074,52.3991763592
1050,7.44122648239,143.101501465,16.9523677826,45.6006774902,50.7128059864
1050,596.892883301,296.651092529,43.1071166992,121.657814026,21.7680171132
1050,374.783081055,136.615371704,20.5280666351,52.3468666077,18.752501905
1050,309.103240967,137.124343872,18.8165187836,50.661907196,5.98873645067
1050,289.94329834,139.019790649,19.0553817749,49.0060768127,3.62350307405
1050,15.2772102356,137.329467773,21.7710494995,46.7106170654,0.995419267565
1050,322.390533447,137.654769897,23.6642456055,53.4002799988,0.927478261292
1050,355.169647217,138.934356689,18.9978122711,46.2579803467,0.914131291211
1050,527.037414551,139.539367676,20.1338577271,52.6601066589,0.844550132751
1050,616.89666748,141.130157471,16.2779788971,47.4875907898,0.401609251276
1050,25.9201660156,120.405479431,20.8942737579,59.8254814148,0.385890062898
1050,572.456726074,163.112442017,21.8277206421,71.9230957031,0.247136154212
1050,337.967681885,147.369812012,19.383649826,43.1380653381,0.235304748639
1080,288.494720459,149.21496582,19.8619976044,53.1649932861,78.1467795372
1080,196.655151367,145.832809448,17.8157901764,51.9384880066,58.3501756191
1080,227.087417603,153.391860962,21.4284744263,52.0154876709,35.0570082664
1080,7.3319773674,154.954299927,15.2396965027,41.7778434753,7.61700719595
1080,470.621734619,147.040847778,20.9698677063,57.4676055908,6.47994056344
1080,277.437347412,153.727432251,19.0229682922,47.0660247803,6.20557703078
1080,298.158416748,140.601638794,22.6415576935,63.0097961426,4.1534781456
1080,206.33770752,147.296798706,20.1941738129,53.3671875,2.98880040646
1080,265.551727295,150.621231079,20.2093009949,44.6195068359,1.25764347613
1080,311.283874512,132.257904053,21.374168396,53.8714752197,0.789834186435
1080,238.878112793,149.564926147,22.2359027863,50.3693237305,0.67599164322
1080,586.415344238,139.727706909,23.3829193115,59.2326850891,0.3375898581
1080,380.832672119,104.780174255,24.0878067017,56.635761261,0.280457921326
1080,254.330429077,157.025680542,19.401506424,42.4237442017,0.119518104475
1110,209.658248901,159.528549194,24.3592834473,56.2285919189,97.2476303577
1110,310.556610107,138.143081665,20.6277637482,65.789352417,18.0535420775
1110,454.594818115,151.026412964,21.8189792633,62.7960166931,13.0392551422
1110,280.163909912,144.392089844,23.7205257416,63.236164093,5.41729442775
1110,236.655212402,150.349075317,23.0973186493,56.2584953308,5.27175143361
1110,228.170059204,159.572799683,18.4742298126,53.2273712158,3.4641277045
1110,367.850585938,93.0213851929,27.8902492523,79.2489852905,2.33008693904
1110,190.500289917,152.851028442,17.7774200439,49.8050117493,1.35805606842
1110,6.89199018478,162.477798462,17.5128898621,46.2798461914,0.99428165704
1110,330.363616943,134.675338745,28.5844955444,78.6606674194,0.913708750159
1110,298.625335693,148.066299438,18.1616840363,54.4771156311,0.840830709785
1110,616.120544434,167.90486145,16.3726577759,45.3922920227,0.631706556305
1110,252.295837402,150.624984741,23.649980545,52.8336677551,0.307098124176
1110,436.694488525,159.370544434,24.8738079071,56.3575019836,0.204118876718
1110,263.692962646,166.04284668,19.9067630768,43.0760612488,0.143428344745
1140,194.603515625,179.302200317,20.3325252533,48.3935890198,92.5229251385
1140,276.000366211,168.36366272,21.3104572296,50.2907295227,75.4221975803
1140,235.213378906,160.522750854,16.9848194122,48.7592773438,72.3554253578
1140,341.983276367,80.5354385376,34.1372756958,123.987236023,18.4224516153
1140,347.381378174,162.678909302,21.3695964813,56.9714202881,7.7299490571
1140,337.835540771,153.118804932,18.7091274261,59.9152259827,7.58467018604
1140,262.716583252,165.180007935,18.7668075562,51.8813819885,5.21044060588
1140,288.891021729,170.346878052,18.6296043396,46.7444572449,2.96991690993
1140,250.298339844,161.291641235,18.5530529022,52.8463172913,2.06269901246
1140,6.38298225403,174.36315918,14.5439109802,44.022857666,1.8960699439
1140,358.825592041,167.11907959,21.6648330688,56.9866905212,1.46353868768
1140,314.348114014,146.264373779,22.4482364655,58.7266197205,1.41413379461
1140,216.826416016,160.312637329,16.8878440857,49.8216667175,0.789303984493
1140,615.45098877,161.862503052,15.7038583755,44.0108070374,0.573762878776
1140,207.974563599,173.216537476,19.8144321442,50.8044586182,0.4355202429
1140,303.487701416,163.537811279,19.2778301239,45.6009254456,0.274249026552
1140,378.113311768,147.337753296,27.1520175934,70.1915283203,0.0710936030373
1170,152.329452515,175.888961792,21.8519687653,57.0438804626,35.7223719358
1170,602.817321777,182.9868927,19.3458690643,46.0294303894,1.65483616292
1170,614.492736816,179.79927063,16.6290607452,46.9762840271,0.39541949518
1170,349.4296875,147.084671021,22.6891078949,50.7394218445,0.0159865725436
1200,111.880851746,192.955184937,18.8561878204,45.0294036865,90.7982409
1200,563.64630127,186.557067871,19.4447002411,47.1610069275,16.7852029204
1200,605.836486816,186.392623901,23.4706954956,49.5853729248,2.87888515741
1200,92.9200439453,179.993362427,27.5768756866,57.7011375427,2.02600602061
1200,163.134414673,186.289016724,39.0010948181,58.8480072021,0.28973063454
1200,345.256103516,147.836151123,18.7190055847,48.6755943298,0.112209399231
1200,125.690032959,186.166992188,15.2581443787,48.2575340271,0.0173465130501
1230,559.698547363,190.961837769,20.2895202637,46.2666473389,35.4645073414
1230,452.671417236,189.063720703,17.0338058472,40.9812850952,4.1952919215
1230,7.27735471725,205.245925903,15.3613443375,48.20835495,3.0677145347
1230,482.494354248,192.08543396,18.3580150604,41.1080322266,2.16686408967
1230,615.72454834,187.726074219,14.7128400803,43.3579978943,0.613598478958
1230,462.800689697,185.269851685,17.0790958405,44.2188873291,0.169110682327
1260,232.542495728,178.285140991,26.4182605743,60.6026954651,3.6288600415
1260,267.098052979,163.889785767,22.1614437103,47.2687492371,2.21247244626
1260,605.957275391,186.961547852,21.7424259186,45.533996582,0.439071143046
1260,338.201904297,154.717514038,27.2653961182,49.2743186951,0.263439887203
1290,110.201316833,195.059860229,22.9391841888,40.473285675,82.8388869762
1290,6.76640939713,200.265670776,12.5146818161,42.8249816895,62.3598814011
1290,237.645370483,167.897277832,21.6362533569,47.7687644958,17.7953734994
1290,442.250457764,188.130874634,18.9170818329,43.6607780457,14.9437993765
1290,451.666229248,192.502578735,19.5778141022,45.1881561279,7.3495067656
1290,364.58682251,154.343887329,26.76222229,70.0438690186,6.7115880549
1290,335.047332764,168.871841431,20.6881790161,50.1512870789,3.11559177935
1290,474.377197266,192.228683472,26.6635055542,54.563079834,2.01154258102
1290,379.052734375,146.988952637,25.1042098999,73.5474090576,0.461811386049
1290,19.1762466431,193.697341919,16.7675132751,46.7857322693,0.142406742088
1320,334.891937256,170.375808716,22.8378829956,50.0188560486,3.4643445164
1320,516.396179199,194.377670288,28.3654556274,53.7410888672,2.55308132619
1320,347.617462158,150.712097168,23.8049793243,60.328578949,0.480338744819
1350,97.41771698,182.253860474,28.5293140411,82.0086135864,30.7137817144
1350,161.499298096,177.804260254,30.2238178253,71.2730789185,18.5863941908
1350,7.21395349503,215.960403442,31.4648647308,76.417350769,9.20743644238
1350,429.111663818,118.211845398,22.2016391754,50.7811546326,8.09482783079
1350,324.42199707,163.283691406,24.8424377441,50.4656867981,5.68266697228
1350,134.886581421,176.129165649,43.9501342773,87.7127990723,1.02564282715
1350,154.084991455,179.184402466,20.2282428741,50.4932518005,0.923146214336
1350,114.638343811,181.371414185,34.2649269104,90.5791244507,0.640815682709
1350,569.205200195,160.340881348,19.3879299164,48.6529426575,0.382740609348
1350,268.227355957,167.109268188,16.0723762512,50.4027748108,0.208235136233
1350,296.837097168,181.294555664,20.3929424286,47.1314582825,0.107285240665
1350,574.857666016,175.421401978,24.9726772308,52.5838356018,0.0859742518514
1380,221.336532593,206.587905884,21.1621265411,52.2658843994,23.2526034117
1380,303.729156494,197.760192871,23.0260829926,53.1126213074,13.506129384
1380,247.676345825,195.083572388,25.5916500092,64.9334335327,8.68870094419
1380,32.2245407104,139.980453491,22.9960784912,44.2673492432,7.52172991633
1380,283.460601807,195.769607544,23.6815395355,61.8724365234,4.52750101686
1380,92.1618728638,192.794006348,27.2121257782,64.0780105591,2.42655873299
1380,42.4996070862,157.30329895,67.0212173462,111.322166443,1.5243165195
1380,583.803161621,106.871246338,24.2950992584,80.2688827515,0.638801325113
1380,497.985870361,165.936279297,21.7951965332,47.5308074951,0.048492627684
1410,7.86499738693,199.178527832,17.8034858704,39.4694099426,38.8898223639
1410,107.241973877,189.405593872,23.2140045166,47.7162055969,3.42563800514
1410,259.253662109,198.720443726,27.6499633789,59.7659034729,0.611759861931
1410,363.536590576,123.280601501,26.684797287,64.4691467285,0.361547200009
1440,611.135437012,195.520736694,18.4856700897,40.7779960632,8.80432575941
1440,475.154541016,154.09085083,26.3976078033,79.7215805054,4.57680374384
1440,500.418731689,195.220870972,18.4742679596,50.2314910889,1.5382652171
1440,488.608795166,195.777999878,17.8713474274,45.9520530701,1.19744772092
1500,562.129943848,193.176895142,20.7894477844,46.1194763184,36.0394179821
1500,5.53659057617,196.963317871,16.0451412201,40.8316612244,10.4143001139
1500,611.455505371,191.986953735,18.6447620392,42.3750534058,4.69904318452
1500,138.77293396,184.053909302,30.1150588989,58.7968711853,1.54711557552
1530,1.40350723267,194.067550659,41.8249893188,187.026504517,56.1503827572
1530,479.110443115,194.853500366,20.1261119843,43.7101554871,41.4484113455
1530,560.376281738,194.620544434,19.9942207336,43.2850227356,22.0064148307
1530,438.286590576,188.324569702,19.331615448,43.7787971497,16.8508216739
1530,7.84097290039,297.422821045,22.435968399,86.1328048706,10.4005537927
1530,368.487091064,160.891967773,28.866645813,67.6868057251,8.97401496768
1530,409.929321289,106.527275085,25.5079421997,68.7753677368,1.34898563847
1530,6.59470796585,189.700119019,19.551908493,57.3081054688,0.668234750628
1530,262.818023682,174.475906372,24.342590332,47.3801879883,0.662204995751
1530,572.854309082,194.770553589,18.6106739044,42.1620368958,0.311512453482
1530,607.280090332,182.981323242,19.6327877045,48.6567077637,0.257216137834
1530,14.0753087997,265.609893799,22.2593822479,68.9902877808,0.191206205636
1530,425.074981689,112.334449768,29.5010547638,68.1956100464,0.136250478681
1530,21.2497558594,190.576034546,22.1572780609,67.145149231,0.108363188338
1530,16.064748764,200.36315918,97.4731750488,167.540390015,0.00576829406782
1560,111.758056641,110.970497131,144.517745972,354.147247314,94.8603510857
1560,387.947418213,182.852416992,21.9251098633,51.3415107727,94.3788945675
1560,36.9992866516,131.159164429,107.473182678,321.377929688,84.5907211304
1560,475.4921875,197.063735962,21.8733158112,42.341594696,39.3159359694
1560,154.352005005,124.983146667,85.3031921387,162.833602905,35.9084248543
1560,279.55178833,161.392288208,24.820016861,62.8532600403,16.7897418141
1560,333.092773438,171.127075195,26.8997573853,67.1716384888,15.7973751426
1560,121.988090515,203.049316406,25.9798355103,83.6795196533,10.5381049216
1560,114.773040771,138.954086304,64.5608673096,177.325912476,8.21330025792
1560,197.679916382,156.851135254,37.2905006409,93.8193740845,6.09088949859
1560,370.083007812,179.125320435,21.0002689362,52.7095222473,5.75544945896
1560,437.827728271,187.679275513,18.3438091278,44.4867134094,3.96765768528
1560,149.107925415,244.600509644,78.1518936157,187.573364258,2.81813833863
1560,18.0861492157,169.384124756,63.1476173401,187.843566895,2.46301423758
1560,134.927658081,185.838562012,23.5665035248,69.2971115112,2.19587739557
1560,111.857025146,179.100021362,22.1843032837,76.2386474609,1.23308999464
1560,411.291778564,104.954811096,26.1324157715,65.7727050781,1.13925291225
1560,458.06338501,189.0390625,16.4553165436,42.4326934814,0.899475999177
1560,148.312286377,330.335418701,32.6867637634,101.941307068,0.441629393026
1560,38.5340042114,377.755523682,23.3123531342,51.5969238281,0.431955279782
1560,168.363525391,359.498748779,32.0215644836,76.6512374878,0.347968284041
1560,79.8388366699,169.507827759,53.4377593994,144.642822266,0.214207009412
1560,405.058441162,180.72718811,17.5180797577,46.1157226562,0.210205488838
1560,93.2282791138,264.807281494,57.2647743225,172.093078613,0.202504359186
1560,219.997085571,185.789901733,24.2659816742,76.7048721313,0.19009327516
1560,10.2036314011,210.63659668,31.1266422272,99.8216323853,0.163120648358
1560,193.057388306,291.574493408,34.3083152771,96.2476882935,0.110163772479
1560,206.110473633,343.902313232,38.0057563782,104.119544983,0.0947143358644
1560,254.328063965,196.385604858,26.8908863068,55.4136199951,0.0843955494929
1560,63.1783256531,286.945526123,44.6460380554,106.659095764,0.0554120691959
1560,236.372665405,186.0806427,25.8100185394,67.4949417114,0.0290160154691
1560,140.420227051,213.220596313,25.9862155914,80.6265182495,0.0270896736765
1560,183.370071411,133.648620605,30.949508667,119.36190033,0.0190165024833
1560,151.318496704,173.72328186,24.9023895264,77.2399139404,0.0153159518959
1560,49.1852416992,368.523712158,42.7068939209,86.1690979004,0.00999115000013
1590,395.441894531,118.492980957,121.397911072,345.343017578,95.9483385086
1590,284.930938721,101.412567139,131.58543396,334.687194824,84.5917761326
1590,357.345916748,169.916519165,60.0035095215,192.915847778,45.6644386053
1590,241.053543091,185.139526367,42.5388374329,123.472106934,40.4264688492
1590,258.712249756,153.123001099,64.1161193848,184.817306519,11.5174397826
1590,380.554443359,170.992782593,24.9295215607,83.6876754761,7.80389457941
1590,266.241638184,180.529800415,31.0035037994,95.5386047363,7.50714018941
1590,416.37991333,115.333374023,65.1685943604,191.093673706,7.30672627687
1590,403.816558838,137.347244263,33.2842636108,117.383323669,6.31347447634
1590,299.875213623,238.339675903,50.9912109375,143.306427002,5.92772327363
1590,221.420547485,203.705078125,40.1750526428,118.318511963,5.26158176363
1590,4.65505599976,203.573623657,22.1950092316,60.5711784363,3.79575863481
1590,290.611236572,146.228530884,70.8969955444,178.364395142,3.07895317674
1590,366.027374268,168.743179321,20.4794368744,70.3455505371,2.26647499949
1590,320.177490234,187.140914917,65.2040328979,190.460144043,2.12661139667
1590,463.629760742,149.990600586,26.6405410767,100.712928772,1.02029470727
1590,612.763977051,192.296707153,16.726354599,44.161113739,0.806074589491
1590,429.203765869,109.785522461,22.5927333832,67.9927902222,0.675839697942
1590,341.364227295,276.146514893,31.307592392,95.0080871582,0.525422673672
1590,477.195800781,346.035003662,32.9141349792,112.334907532,0.48565082252
1590,363.374053955,189.658157349,30.9448757172,104.495689392,0.369142647833
1590,405.740325928,263.552642822,25.7404232025,83.6450881958,0.361752184108
1590,340.548187256,245.836181641,23.2057628632,63.4416236877,0.360262976028
1590,235.455703735,175.470169067,28.3574085236,69.837677002,0.295157614164
1590,290.140533447,174.04234314,28.8500995636,103.574310303,0.274491682649
1590,280.47076416,172.04649353,20.8126583099,57.6699371338,0.220014690422
1590,325.789093018,242.028076172,24.1454257965,70.045539856,0.1056742738
1590,349.725463867,224.133621216,30.1760482788,97.3586502075,0.0691758177709
1590,361.285858154,265.401763916,33.8003082275,81.4934921265,0.0606575747952
1590,423.998931885,171.868789673,24.7935943604,83.882270813,0.0533022161108
1590,383.988433838,256.757293701,32.8360710144,88.3241882324,0.0513060251251
1590,232.105880737,215.239273071,22.353225708,62.0478553772,0.0240606270381
1590,258.2940979,174.701583862,21.4961490631,59.3179283142,0.0230400706641
1590,392.189788818,187.68901062,31.5078811646,106.347015381,0.0181218158104
1620,506.307952881,116.378944397,118.227638245,363.621063232,95.836520195
1620,390.840606689,183.00958252,21.0221366882,52.3297271729,90.4828906059
1620,594.827697754,168.904693604,33.3963508606,82.5314407349,32.2064846754
1620,479.717651367,197.219726562,49.4570503235,125.650474548,26.8840938807
1620,248.435073853,187.807556152,19.7544994354,52.8437767029,22.8393658996
1620,581.057434082,145.085830688,54.4759712219,193.293823242,18.6399012804
1620,497.069366455,161.016098022,73.3893051147,195.231750488,10.7555806637
1620,556.922485352,277.327789307,71.5615310669,170.913757324,5.45977465808
1620,233.894821167,164.741134644,24.8796234131,68.8934326172,4.78687472641
1620,363.37109375,176.537460327,20.6322574615,53.0418052673,4.39920350909
1620,506.443389893,215.166275024,25.6427021027,77.9647598267,3.51214371622
1620,518.670593262,196.248779297,22.6990737915,83.429145813,2.15789750218
1620,538.214050293,153.398452759,62.2553443909,178.163742065,1.98910161853
1620,323.439056396,203.027420044,20.9907836914,44.8681297302,1.90409999341
1620,592.142944336,343.472290039,39.4889831543,83.6732330322,1.79470591247
1620,335.022247314,172.614883423,22.7281208038,53.9434776306,1.54865207151
1620,270.212493896,169.239013672,21.3423709869,55.8485870361,1.39642646536
1620,608.637695312,309.321990967,22.2210254669,62.5891456604,1.27853993326
1620,348.996734619,168.416488647,25.1278057098,57.7554130554,0.986862275749
1620,490.179962158,232.062515259,23.9038219452,73.5354003906,0.828767567873
1620,597.226745605,239.176071167,30.3615932465,85.873840332,0.572154996917
1620,259.470428467,171.577514648,18.409942627,49.2430000305,0.441052159294
1620,376.761138916,172.140380859,17.6238994598,50.909778595,0.403465889394
1620,534.583984375,191.179489136,22.7061214447,75.7243728638,0.306976260617
1620,409.254272461,178.108352661,18.2724990845,47.6605033875,0.13395214919
1620,462.050262451,198.372940063,24.3293704987,59.184173584,0.122661422938
1620,616.608825684,175.855422974,17.3044528961,55.0424613953,0.115750916302
1620,614.472106934,274.018463135,18.5655326843,54.6168479919,0.0800233276095
1620,528.30291748,344.094482422,35.4572372437,101.888389587,0.07430894766
1620,588.837097168,282.875732422,32.773399353,94.1780395508,0.0714720925316
1650,392.894744873,182.175369263,21.4333667755,52.1868591309,88.1449759007
1650,564.498657227,187.23236084,18.9878177643,44.9693908691,9.91687178612
1650,233.872970581,168.460586548,25.557050705,66.1166763306,8.1351108849
1650,246.890090942,185.213943481,24.2007961273,55.6889076233,7.00155571103
1650,208.176269531,182.369979858,27.0588703156,68.8377838135,3.97210046649
1650,331.19442749,167.921066284,19.809425354,49.5964622498,3.91826629639
1650,608.706604004,193.756454468,21.1419963837,42.3135032654,2.15893946588
1650,359.262298584,183.393310547,20.0038280487,49.8205299377,1.81804876775
1650,340.684844971,170.899719238,26.4522857666,61.0312767029,0.453815283254
1650,383.12487793,173.679321289,20.6407394409,53.2734069824,0.423446577042
1680,393.155853271,180.836303711,20.8466739655,52.4771118164,85.5842590332
1680,613.052001953,197.311264038,18.9182796478,42.3251152039,25.6626933813
1680,564.538757324,189.073562622,18.8414402008,44.5154685974,13.0668893456
1680,409.012084961,185.827514648,17.7859916687,50.5058441162,3.62940430641
1680,359.733306885,178.647201538,20.8900165558,51.9372444153,3.10199595988
1680,553.523864746,188.785079956,18.1160469055,42.5024108887,2.92370729148
1680,204.204879761,199.359664917,21.3972759247,54.9383354187,0.99173495546
1680,376.322509766,176.863723755,20.1691074371,52.7865600586,0.903696473688
1680,329.593414307,166.305099487,20.201593399,50.3069152832,0.712700234726
1680,224.193984985,161.434173584,27.1157894135,73.8730316162,0.264616496861
1680,343.597808838,153.356124878,23.2457866669,58.0266571045,0.17158217961
1680,91.3096008301,158.384506226,22.0702114105,63.5416221619,0.0422595679993
1710,393.7137146,181.970458984,20.1902999878,52.2289772034,81.1953604221
1710,219.95664978,159.813339233,22.8677997589,68.5631256104,44.4103568792
1710,328.139007568,165.895462036,24.2609024048,55.1163635254,18.2308450341
1710,569.301086426,190.394271851,19.823802948,46.651424408,9.97306406498
1710,242.039077759,183.984863281,23.7846679688,59.6332817078,5.51425106823
1710,408.325164795,188.811096191,17.2618217468,50.0830078125,3.01614962518
1710,359.004425049,185.510269165,21.5377826691,49.1354064941,2.14844457805
1710,263.975524902,161.591018677,20.1516227722,59.7581825256,1.97392720729
1710,376.432617188,168.666030884,19.3953971863,55.7842407227,1.08612915501
1710,615.214111328,193.646286011,17.6226806641,45.83253479,1.00428685546
1710,188.714111328,178.867736816,30.0033721924,73.9230270386,0.980095379055
1710,423.924285889,190.224441528,18.5680179596,43.2341499329,0.879104249179
1710,341.963592529,152.389633179,23.5674114227,59.7092552185,0.299587822519
1710,428.532836914,115.427124023,21.4134273529,55.5122566223,0.0937061908189
1710,130.683120728,184.31237793,20.2363853455,48.8478355408,0.0453478569398
1740,392.617340088,180.370162964,21.9431991577,54.6716880798,88.5100483894
1740,328.845336914,163.690765381,20.5096683502,53.8049926758,11.7690458894
1740,572.492858887,191.963699341,20.2692375183,46.9508972168,9.30515825748
1740,258.373382568,168.246246338,19.2805538177,56.1031227112,6.87923505902
1740,353.301025391,148.577316284,31.9524784088,82.3967132568,4.35040518641
1740,228.599685669,188.272338867,27.4501266479,55.1515846252,3.49449031055
1740,208.702957153,156.123168945,27.0904331207,82.7420272827,2.07532756031
1740,177.359298706,182.518844604,31.1828174591,73.8136978149,1.17155611515
1740,360.75302124,108.355140686,62.422290802,133.544021606,1.03487847373
1740,379.3565979,168.616439819,19.8820972443,62.6455802917,0.996245257556
1740,352.652496338,194.919555664,23.7587051392,51.166973114,0.941144302487
1740,616.24206543,203.837265015,17.1370563507,41.941444397,0.871688500047
1740,405.677825928,175.306228638,19.5007686615,53.4618225098,0.863077864051
1740,336.146820068,148.644210815,25.5882930756,58.746799469,0.666254200041
1740,35.0939292908,173.161193848,19.8553352356,51.8526611328,0.252334610559
1740,434.294219971,195.585220337,21.0712223053,46.4768333435,0.243668397889
1770,392.965820312,181.847717285,22.8716201782,60.7843284607,91.7642056942
1770,223.615600586,190.395004272,25.4548339844,56.477230072,32.8369468451
1770,325.562469482,169.979156494,19.8269367218,54.8763160706,7.35156685114
1770,174.035522461,181.664489746,32.2648658752,78.9225997925,3.37558910251
1770,377.703704834,162.579910278,19.8413906097,66.4857254028,2.41211708635
1770,249.679794312,181.217346191,18.9359016418,52.2829742432,0.711055565625
1770,202.275039673,160.665023804,27.8993778229,79.3603515625,0.669660698622
1770,338.053710938,154.900802612,22.5387172699,59.3555183411,0.637690676376
1770,408.972564697,187.331802368,21.7896175385,51.9924163818,0.56160655804
1770,429.497955322,196.429138184,20.9138240814,41.6515541077,0.382619281299
1770,353.024627686,141.108444214,31.8382797241,78.8858718872,0.318663497455
1770,181.610794067,172.676651001,20.8560791016,46.6455078125,0.0390218687244
1800,319.518463135,174.574264526,21.761926651,54.7808380127,56.4836919308
1800,393.845184326,181.041305542,20.5543479919,56.8908958435,55.2219629288
1800,192.762084961,176.985305786,29.2051830292,71.8353881836,41.2089020014
1800,157.789627075,182.663986206,36.6025619507,80.8797225952,6.85410574079
1800,575.227355957,196.432022095,20.2106399536,44.1296272278,3.79725843668
1800,301.074615479,172.387939453,18.6240959167,50.1949310303,2.73701399565
1800,8.85570430756,172.009994507,19.3362026215,47.5825042725,2.53027230501
1800,615.579162598,201.876220703,16.2817230225,46.841342926,1.70143097639
1800,333.776763916,165.500198364,21.687582016,58.5750083923,0.80784605816
1800,380.530303955,167.661132812,24.5268611908,65.3162002563,0.479973107576
1800,287.231689453,185.419326782,29.837064743,62.0284996033,0.451613403857
1800,178.801574707,166.385879517,20.8241615295,53.1686515808,0.319689977914
1800,233.799880981,186.754898071,18.1640644073,44.415561676,0.239243125543
1830,291.768951416,187.925048828,22.9105625153,55.0744819641,93.4958100319
1830,579.253601074,199.492935181,21.7502803802,48.7062034607,29.9835979939
1830,482.976196289,206.788314819,25.4554195404,43.1122703552,21.7651993036
1830,187.163101196,166.863723755,25.4054737091,68.0068130493,9.65529084206
1830,317.838043213,186.723434448,20.2455329895,58.860118866,6.25493377447
1830,243.409729004,187.504928589,21.3887405396,51.8339538574,3.96375432611
1830,156.296524048,182.146240234,34.4258346558,81.5505371094,3.44719924033
1830,306.593933105,182.005050659,18.6205883026,56.3315582275,2.69650481641
1830,169.937240601,174.05909729,20.8525218964,46.6881103516,2.68723648041
1830,205.680831909,180.364547729,31.1708621979,65.4732055664,2.41865366697
1830,250.210830688,163.889755249,21.1025829315,59.823184967,0.757830496877
1830,256.878204346,194.919509888,20.7846603394,47.0728340149,0.710547855124
1830,332.27722168,148.399520874,24.3985137939,59.8007011414,0.36254748702
1830,224.154098511,184.368972778,25.7320804596,50.1564674377,0.26729432866
1830,268.655731201,184.197631836,20.2044143677,46.9761352539,0.142441864591
1830,88.9492721558,188.547607422,19.3083782196,45.8311157227,0.06855991669
1830,340.862670898,140.929260254,30.4064254761,91.2053527832,0.0507755961735
1830,87.7865982056,204.608688354,28.627374649,60.3507843018,0.0292718876153
