30,483.87387085,184.047134399,27.2240905762,61.917514801,99.5648145676
30,559.49786377,166.61517334,27.622171402,75.1306610107,77.559274435
30,437.837310791,197.206604004,21.1934509277,48.5063476562,19.985242188
30,424.952850342,193.532974243,18.3399791718,49.1287727356,9.84376892447
30,405.431304932,190.314498901,16.9380989075,47.8824882507,8.39816480875
30,415.670288086,191.679260254,16.8805561066,46.3055305481,3.71381044388
30,336.269622803,191.128738403,18.5338039398,49.6717681885,2.69035957754
30,476.299713135,182.733398438,16.4253063202,60.1885414124,1.37371225283
30,530.178527832,68.2145690918,20.0785770416,58.4246406555,0.948279816657
30,451.058319092,185.183700562,17.0677852631,46.4730987549,0.427034823224
30,506.914672852,186.11265564,16.4374923706,46.9192810059,0.344753963873
30,325.918060303,194.769348145,18.0961112976,47.4541473389,0.289065018296
30,578.890991211,190.825363159,19.5062351227,53.9524726868,0.152439810336
30,466.03237915,150.303451538,19.9660053253,59.5654182434,0.0777615350671
30,488.64151001,35.495639801,28.4474506378,88.9789352417,0.0419485499151
60,505.247680664,181.338638306,29.0551834106,65.8813171387,99.9358355999
60,483.201568604,183.222183228,18.4171085358,49.4604034424,96.5078115463
60,579.066101074,160.714767456,24.3941421509,85.5353775024,94.1657841206
60,443.637542725,189.434768677,19.9363422394,55.7039489746,40.6041294336
60,425.519927979,193.409225464,19.3784008026,49.2222900391,18.1799277663
60,567.082946777,161.690597534,22.5377941132,80.0742111206,3.73707488179
60,586.952453613,205.671218872,21.7930583954,45.4484062195,3.736474365
60,493.363067627,40.1138191223,28.6758480072,69.1286849976,2.18381863087
60,495.412506104,182.337585449,15.7865610123,57.192325592,1.66710242629
60,616.964172363,209.270263672,15.5357170105,45.4644165039,1.48712545633
60,404.619903564,189.75239563,18.0402812958,51.1999855042,1.20635787025
60,524.047302246,188.526184082,18.1991767883,55.6984558105,1.01906936616
60,453.778198242,183.638473511,18.080575943,46.6114311218,0.748105719686
60,335.265777588,190.414413452,17.9276256561,50.1617698669,0.350760761648
60,536.056091309,188.332260132,17.4051189423,53.1365013123,0.311009422876
60,319.636627197,195.209228516,19.5403614044,45.7914009094,0.0760465161875
60,600.332397461,170.028671265,22.0712203979,80.1020736694,0.0692586705554
90,561.773864746,179.939407349,29.2488956451,75.6190109253,99.7874796391
90,494.763183594,180.962173462,20.6090908051,52.8165283203,93.7802016735
90,466.036651611,194.70904541,22.936044693,55.444934845,23.7606048584
90,579.667053223,189.98600769,18.3599376678,64.4136886597,16.5082916617
90,504.478057861,174.043289185,24.5256595612,55.5687866211,5.83802089095
90,531.487854004,168.375991821,17.9861412048,46.1875305176,5.0509866327
90,519.775085449,173.119613647,18.8931503296,54.5218505859,4.64352741838
90,338.255950928,197.612014771,19.0816688538,46.9906806946,3.37751768529
90,447.44833374,189.895507812,20.3446044922,53.5153999329,3.14881578088
90,607.743530273,112.6379776,23.4979324341,89.2022628784,1.29102598876
90,457.19140625,203.805984497,18.7784442902,51.8440132141,0.98497197032
90,547.22442627,177.359115601,18.324930191,61.4001426697,0.527261896059
90,350.623748779,188.833084106,18.6720981598,51.0497932434,0.482104672119
90,578.608215332,45.6026916504,23.127828598,61.9054603577,0.305098504759
90,324.692840576,192.670059204,19.3239421844,45.8569030762,0.119453680236
90,440.818084717,209.46685791,20.2106246948,48.9765167236,0.0866549962666
120,515.538452148,195.600662231,25.6095523834,65.3086471558,65.0996029377
120,552.674987793,171.400512695,25.8135986328,59.8233146667,17.9566070437
120,489.915557861,187.648742676,22.9269962311,64.9116134644,5.43404445052
120,528.893859863,188.380371094,21.4380207062,55.2076835632,2.23684534431
120,580.535217285,172.723205566,25.2365474701,56.3324317932,2.19335258007
120,505.259887695,205.038070679,19.4808559418,51.8877220154,1.1861843057
120,543.943054199,173.981887817,18.6305027008,52.794631958,0.975139252841
120,355.077606201,197.182327271,19.3932533264,50.7057342529,0.901058409363
120,617.025817871,201.813842773,16.2840709686,43.8303260803,0.623003253713
120,370.138946533,191.054199219,21.0716686249,58.2599029541,0.169860920869
120,478.786895752,215.335739136,26.974609375,53.9609413147,0.151861552149
150,574.640808105,179.380905151,28.5992946625,84.385093689,64.2296850681
150,602.535217285,194.618652344,25.5000915527,82.3173904419,14.407043159
150,532.952575684,184.066543579,16.5565013885,48.1226921082,10.1435467601
150,7.87844324112,145.279174805,21.763343811,54.7255973816,3.37274521589
150,550.606567383,172.426208496,38.9819984436,94.5640945435,2.41133291274
150,5.79936265945,228.134460449,16.8093776703,44.4781951904,2.07517854869
150,540.753601074,173.608474731,24.3507442474,66.3574447632,1.61634385586
150,10.571393013,173.68800354,22.7241268158,64.1868057251,1.03914635256
150,615.403320312,225.948684692,17.4801883698,53.1798439026,0.842321012169
150,12.6597061157,207.652267456,23.8654575348,61.6301078796,0.401008827612
150,402.892303467,198.125015259,22.1603851318,65.6639556885,0.333714112639
150,610.473632812,139.136047363,20.6079692841,56.4980964661,0.303338817321
150,391.817962646,201.127365112,19.4671840668,58.1821632385,0.184554141015
150,585.32434082,220.079299927,28.8580188751,59.1945991516,0.163643446285
150,23.2281932831,194.044387817,23.140411377,56.3003540039,0.134812365286
150,577.815490723,157.477752686,20.8053417206,54.1530189514,0.0933417642955
150,563.527954102,235.828384399,28.6469211578,54.206817627,0.037693043123
180,419.019561768,200.792800903,19.4813041687,62.2427482605,12.3555928469
180,433.817962646,198.793273926,25.9263381958,67.149848938,11.3465204835
180,6.66356229782,209.188186646,16.1843242645,45.3481292725,2.36774068326
180,449.899505615,200.089675903,20.8137397766,59.7533073425,1.38753978536
180,613.757507324,272.437957764,18.6413211823,44.795009613,1.30811994895
180,404.338653564,195.657913208,24.2367153168,55.5690727234,0.984626915306
180,460.066925049,192.363052368,23.0052967072,60.8394813538,0.21499178838
210,600.085571289,142.849380493,26.2374591827,74.5555038452,32.6808154583
210,453.792327881,203.850234985,25.7760639191,75.8603897095,5.37060275674
210,7.07599449158,206.992080688,16.3921852112,48.2352790833,4.42961603403
210,613.96887207,174.762023926,19.063583374,52.1829032898,2.45753694326
210,480.005981445,209.046829224,25.2416210175,71.8946838379,1.86276249588
210,567.594055176,247.630737305,24.1937351227,82.9016342163,1.07779288664
210,44.979511261,179.114425659,21.4901885986,61.5270690918,0.728755258024
210,501.512542725,226.472824097,23.2997913361,70.5466842651,0.366612733342
210,12.8239936829,189.004455566,24.8976764679,61.5117149353,0.135399762075
210,542.476257324,229.55140686,35.2809715271,84.9772186279,0.11246955255
210,589.094787598,165.200820923,25.9191684723,61.3062438965,0.0750888546463
210,615.058898926,314.481079102,19.1264076233,53.3947143555,0.0465924444143
240,355.389434814,189.569534302,19.0008659363,53.9694213867,2.28075701743
240,369.617279053,193.860916138,16.1174030304,47.4847869873,0.376123399474
240,597.678039551,230.330032349,30.5120162964,93.4395980835,0.350319454446
240,335.976348877,172.663955688,21.3774814606,66.0968017578,0.275126099586
240,484.391815186,135.612442017,23.308303833,62.1414680481,0.140587519854
240,497.894775391,329.501190186,22.3965244293,47.0811805725,0.0349617592292
270,341.673309326,162.699401855,22.5288295746,67.7699356079,5.79414628446
270,498.459991455,172.558364868,20.9178676605,50.8047370911,1.0243345052
270,470.51663208,210.965011597,32.8759002686,74.1286010742,0.886873714626
270,479.339019775,193.286132812,23.2323513031,52.2383995056,0.446023140103
270,8.48915576935,181.335983276,20.9164218903,53.9733123779,0.135714991484
300,396.657958984,161.089279175,19.4367675781,51.9979286194,21.8354135752
300,481.0418396,181.829849243,26.8036022186,76.3803863525,17.8891867399
300,92.8215942383,164.97819519,23.359708786,58.8858604431,4.3364841491
300,601.36529541,135.299835205,23.504781723,59.5053367615,3.04987244308
300,7.09835100174,183.243972778,14.336681366,45.9317970276,2.47002635151
300,380.219268799,155.441604614,25.7293224335,61.7849617004,1.59411132336
300,360.740814209,166.267379761,20.1283397675,59.9035758972,0.89425034821
330,456.820068359,196.536209106,25.4206924438,56.1766166687,86.9791805744
330,489.655792236,179.961608887,76.59349823,186.081588745,67.7910387516
330,394.318695068,172.583724976,22.5050983429,68.7723922729,22.7588579059
330,366.509521484,128.355758667,20.5650119781,54.7207374573,9.66732352972
330,202.45262146,181.211959839,16.7522754669,48.2903175354,2.58093588054
330,520.925109863,147.975265503,22.8677215576,59.7597312927,1.58372912556
330,444.467651367,196.160903931,17.9888763428,52.4185218811,1.36454151943
330,553.112609863,157.241928101,32.5400428772,85.6404647827,1.36402416974
330,149.773544312,179.48274231,16.8624992371,49.033996582,1.06273125857
330,79.0779953003,159.085037231,20.1401309967,48.2693634033,0.625971471891
330,56.0130882263,122.271270752,21.1010112762,56.7840309143,0.615365430713
330,519.377075195,286.564666748,25.1641674042,63.3958778381,0.534733291715
330,409.971801758,201.046615601,18.5424041748,44.2205696106,0.305427028798
330,382.909942627,185.806640625,17.4571056366,48.9157752991,0.296947360039
330,571.429443359,207.814254761,23.0821857452,51.8482513428,0.153715151828
330,162.648117065,180.413131714,18.1568222046,48.5279350281,0.120368343778
330,46.5949287415,138.358276367,19.8076286316,59.4048919678,0.0600599625614
360,133.882675171,168.727233887,28.8513641357,67.747718811,37.6388341188
360,378.5105896,124.274505615,23.897851944,60.2345428467,32.9396367073
360,185.785461426,189.63835144,18.0889720917,46.7170562744,19.5326372981
360,204.186096191,189.694534302,16.2644348145,45.1637458801,14.8516461253
360,176.108352661,187.431640625,16.9188804626,46.9932746887,4.08223755658
360,218.012252808,185.811355591,16.4757709503,47.80727005,1.39846699312
360,154.473129272,178.669754028,16.1301174164,53.978225708,0.855388306081
360,448.501861572,122.520149231,21.9363098145,64.954536438,0.739811174572
360,397.561889648,129.230895996,19.2252960205,51.3616371155,0.623936671764
360,164.220687866,181.699829102,17.4791545868,50.445098877,0.478483224288
360,584.136474609,367.953155518,21.007768631,44.1833457947,0.422399444506
360,122.519737244,192.166305542,21.0342960358,43.4050712585,0.412695901468
360,109.966529846,190.09828186,17.8819637299,47.4186973572,0.405325880274
360,569.37109375,371.536895752,20.6153659821,47.5082435608,0.386190600693
360,614.529174805,175.616455078,17.487405777,45.2651481628,0.168781285174
360,279.034637451,141.990097046,19.1878757477,50.9249267578,0.123024673667
360,66.9942321777,154.170349121,20.3056774139,50.4744110107,0.120950071141
360,54.3876190186,146.353729248,22.1893615723,55.1071624756,0.0444289704319
360,542.241821289,361.504302979,21.0286617279,47.6381530762,0.0255416060099
360,41.1536369324,141.218078613,20.8818759918,54.8242912292,0.00841713990667
360,613.64855957,403.651641846,19.9062728882,47.5933074951,0.00333323623636
390,218.142028809,187.515914917,20.1645774841,47.1992759705,95.9318637848
390,202.12336731,187.338195801,17.0220928192,49.4028053284,56.4455151558
390,133.074066162,182.70135498,23.1522579193,54.4814147949,19.4560855627
390,60.5753898621,144.679321289,22.7992038727,55.6273193359,17.988589406
390,191.469482422,187.409866333,18.0713825226,48.4264793396,15.7448410988
390,8.21562957764,191.360275269,16.8533859253,45.214263916,8.01342725754
390,161.740386963,174.963607788,21.6860599518,53.8610343933,5.08286617696
390,144.54624939,161.598922729,26.3731060028,72.9333190918,4.68406677246
390,120.92893219,186.008789062,20.6789131165,52.6477966309,3.59561145306
390,506.789337158,162.777053833,22.9711551666,52.2090911865,1.919618994
390,365.54800415,180.460464478,22.0712795258,46.0796318054,1.45866805688
390,612.276672363,161.490859985,17.1901836395,48.0591011047,1.40975825489
390,19.4468994141,194.791259766,19.9159793854,48.4217720032,1.08059095219
390,407.244293213,109.513000488,25.3536128998,63.4962768555,0.820620171726
390,355.237091064,172.073196411,19.5926609039,51.332660675,0.68515567109
390,40.318523407,151.493850708,21.4151515961,55.6921653748,0.597584899515
390,232.723388672,179.560379028,18.2145442963,51.3624992371,0.514626922086
390,587.79083252,144.016418457,31.2428569794,115.560722351,0.368179287761
390,176.811706543,183.1068573,16.6617259979,48.9688911438,0.196727272123
390,71.3097991943,139.019897461,26.4266281128,55.8323669434,0.147063843906
390,439.544952393,119.547546387,19.6542282104,53.8859405518,0.11963758152
420,213.019363403,187.565750122,20.2385501862,54.0441932678,98.2776582241
420,234.778579712,187.400344849,21.7376232147,54.711391449,97.0601677895
420,133.596115112,195.09777832,19.4908161163,50.4471549988,65.9684538841
420,171.428787231,187.932815552,16.9087848663,50.8243713379,46.2854981422
420,10.3806009293,194.342269897,18.9034671783,55.4803581238,35.8600825071
420,195.842910767,185.713745117,19.3675937653,51.7865867615,34.4515830278
420,153.679153442,185.257095337,18.6243743896,57.394153595,29.63565588
420,101.598472595,187.544113159,25.9527282715,55.1893806458,5.70245347917
420,63.9384040833,195.116867065,23.3607158661,51.2262153625,5.51591366529
420,439.27722168,98.1607971191,23.1134700775,62.7460289001,3.74766662717
420,9.5348405838,141.616775513,22.3860530853,59.2175598145,3.4746106714
420,89.1680984497,191.935256958,21.2802734375,51.6531791687,1.94300971925
420,248.790054321,183.65397644,17.1215991974,54.3974761963,1.63967199624
420,120.89025116,187.652603149,22.6049747467,57.5959968567,1.13937351853
420,586.899291992,272.993927002,26.8903427124,59.8099327087,0.954714789987
420,444.118743896,159.935180664,28.4436435699,54.5134620667,0.838723126799
420,397.821289062,173.377258301,19.9440040588,52.5899353027,0.774173205718
420,599.558654785,295.153961182,20.6674728394,48.3372459412,0.360664678738
420,19.0526657104,193.550048828,27.852273941,54.9866828918,0.358245242387
420,450.627563477,111.388801575,29.1891651154,66.298500061,0.131718174089
420,51.1149711609,93.2210159302,21.4054203033,63.2884979248,0.0732857151888
420,330.925415039,129.233078003,17.7459754944,51.9313163757,0.0442917516921
420,471.246704102,117.884490967,21.1227798462,55.4109306335,0.0329805363435
450,127.143257141,185.741836548,21.8906078339,62.0145759583,97.6453661919
450,147.12046814,183.644180298,25.3883228302,65.2023849487,95.9881126881
450,80.8627853394,186.868087769,20.5122089386,53.2809944153,92.2066688538
450,37.3383369446,186.528137207,24.8619232178,65.4499359131,74.6569931507
450,108.036987305,184.02583313,18.9580020905,57.244720459,51.065415144
450,8.46887874603,191.428726196,20.5082073212,53.9734954834,36.4935427904
450,545.177185059,169.033782959,19.8343143463,53.2279701233,32.226523757
450,263.508087158,182.836746216,21.0536613464,52.5537872314,19.3000748754
450,46.0656852722,179.038314819,44.7521476746,69.871383667,16.9477313757
450,344.912689209,173.242355347,24.7641506195,56.2828979492,5.20792901516
450,181.037643433,179.132385254,20.6910667419,57.2902946472,1.29036661237
450,374.273193359,103.159584045,21.0995159149,59.1656761169,1.20589854196
450,519.233032227,171.846923828,23.6666641235,48.8827552795,1.09839644283
450,26.0278625488,192.086471558,18.6417369843,55.6839256287,0.74387639761
450,169.659622192,186.172119141,16.9128704071,49.6212425232,0.647802744061
450,8.57203292847,118.512176514,14.4510850906,41.8864364624,0.146431149915
450,408.806549072,115.877037048,20.4629268646,54.3595581055,0.0766858982388
450,262.086975098,130.954925537,26.6690502167,64.8930892944,0.0269249663688
480,569.31060791,126.330406189,47.0853729248,131.326461792,98.8391697407
480,377.183074951,165.01612854,19.6318778992,58.1054420471,24.5857208967
480,344.997955322,158.000915527,25.5969486237,57.3197135925,10.4150652885
480,52.0995178223,185.508483887,24.4530181885,60.2978668213,9.89712923765
480,603.607421875,122.629669189,24.7017154694,87.3324356079,2.8619274497
480,146.773361206,169.300674438,27.8371868134,63.0954589844,1.710479334
480,186.286331177,102.707130432,24.6390514374,60.8021888733,1.58729720861
480,7.28056192398,208.565368652,16.6875076294,45.7801361084,1.35675603524
480,17.4712352753,193.468643188,23.9268474579,51.7870445251,0.93039656058
480,386.253814697,169.631637573,24.6546478271,62.3640937805,0.824053399265
480,546.170715332,124.969055176,43.0293731689,111.45401001,0.593317067251
480,71.3452148438,185.437744141,18.8176937103,50.2805671692,0.213330076076
480,217.030700684,106.86151123,19.560213089,52.9298667908,0.124586024322
480,615.038452148,155.865280151,17.6893177032,47.3044776917,0.113063643221
480,514.824707031,106.290000916,20.6061649323,45.5243034363,0.100329041015
480,570.66619873,125.155967712,23.9395122528,73.694732666,0.054324103985
480,530.195495605,100.737861633,22.2400226593,51.5857543945,0.0284925394226
480,228.110916138,109.960632324,19.8976154327,56.6793251038,0.00957942247624
510,256.215942383,135.266983032,59.8970069885,158.605270386,99.3662774563
510,142.068222046,171.784378052,26.1906871796,82.3768844604,31.2866270542
510,398.140838623,147.420654297,23.3451404572,66.291343689,8.95195603371
510,474.575683594,147.33454895,26.8488788605,59.628238678,6.11338801682
510,539.539550781,145.885620117,27.008392334,62.0633049011,3.20204123855
510,463.205535889,149.317703247,19.0656528473,55.5194892883,1.75886396319
510,302.32723999,125.465454102,20.3997020721,47.1131248474,0.577917648479
510,291.301330566,125.378425598,19.4309329987,51.1826515198,0.365730863996
510,272.724182129,130.016540527,25.7881774902,60.6631965637,0.263334601186
540,271.155944824,184.246017456,19.4709758759,52.0356750488,17.7335083485
540,78.6514968872,140.070205688,20.1527042389,46.2466239929,9.30675193667
540,278.631011963,161.364974976,23.465593338,69.6465072632,3.43411229551
540,261.245697021,149.853256226,24.4905033112,73.5597076416,2.99216676503
540,249.996459961,173.450881958,19.7185058594,57.0158500671,2.98616401851
540,66.8485031128,139.8618927,19.2602596283,46.7065734863,2.27967016399
540,337.884613037,166.743637085,23.0450839996,60.0093994141,1.86944678426
540,293.42074585,131.806091309,26.804977417,71.67212677,0.388251198456
540,71.6264648438,154.39390564,22.2194442749,57.0276184082,0.336845521815
540,147.663925171,152.74369812,24.4441680908,59.4642944336,0.154465541709
540,337.736785889,140.104721069,21.8622360229,52.2848968506,0.0765063101426
540,99.7357254028,202.864562988,30.1479244232,85.2612686157,0.063402421074
570,169.012191772,163.41343689,26.1497592926,71.4082794189,24.3690490723
570,82.5493240356,150.868240356,28.1157436371,80.0829849243,15.6200557947
570,99.5646362305,164.314407349,27.5489521027,71.811378479,5.8808773756
570,92.4884643555,138.363357544,20.6528892517,54.3238563538,5.72983138263
570,120.059577942,148.45652771,26.3489170074,66.7877349854,2.72329580039
570,73.9383163452,170.221633911,20.3414325714,59.7344169617,2.33223475516
570,612.673095703,186.532699585,17.0607128143,62.8186531067,2.09257304668
570,84.2788391113,191.971847534,17.5269184113,47.4800300598,1.00329248235
570,5.97631406784,211.888626099,17.7386341095,48.3398933411,0.722929509357
570,94.9082870483,197.906921387,18.7012081146,43.7588539124,0.371374585666
570,508.315063477,183.379882812,20.620136261,55.960308075,0.0489107449539
600,29.2909240723,175.114547729,25.4964580536,67.0050582886,12.958355248
600,597.339904785,212.996704102,27.8642654419,80.9902038574,2.09802482277
600,462.404510498,158.370880127,27.7178554535,73.5083999634,1.51091823354
600,539.684936523,186.536575317,24.2442474365,67.9380111694,0.829912070185
600,135.416213989,169.211776733,22.924489975,57.9563789368,0.738983228803
600,505.311798096,185.761108398,19.1393451691,55.2630729675,0.679255789146
600,510.67565918,62.4062805176,19.5397186279,55.4902381897,0.378958834335
600,615.173706055,238.502639771,16.3553218842,53.7030792236,0.288683664985
600,522.331604004,191.698532104,18.015007019,56.1804504395,0.272868294269
630,401.630004883,188.560379028,20.9862499237,47.4665336609,90.8508419991
630,425.863555908,184.921890259,19.6904449463,52.3471336365,32.4048876762
630,7.70798301697,216.223587036,15.0411367416,43.2119750977,16.1420688033
630,594.060241699,230.243469238,34.6344680786,92.2543029785,10.2430827916
630,471.394775391,190.028808594,23.486082077,69.6042098999,4.31257560849
630,388.561401367,180.669723511,22.299407959,47.6553001404,3.19019630551
630,37.4202690125,190.442337036,17.6216926575,47.0639228821,2.53631807864
630,377.499664307,174.241653442,20.8254146576,51.3155555725,1.62961781025
630,346.510253906,189.818466187,22.6071166992,55.6467247009,1.43579486758
630,62.9771080017,180.741378784,17.7735862732,53.8276176453,1.26107269898
630,412.793487549,179.973068237,20.3774051666,52.3958396912,1.20220752433
630,484.803710938,192.554931641,26.3256855011,69.2083969116,0.575462495908
630,458.910125732,191.922058105,19.8471813202,69.4737167358,0.558117823675
630,8.06260967255,178.491775513,18.0522155762,53.1681098938,0.306239374913
630,79.0657730103,136.917739868,24.6559734344,63.1402778625,0.290296250023
630,50.2812690735,184.060897827,20.8298950195,51.5684814453,0.280611752532
630,362.099945068,185.761764526,19.1139354706,45.4237098694,0.214628479443
660,305.466522217,185.611404419,22.0390300751,53.1166687012,93.7471687794
660,603.035888672,170.306884766,26.966791153,63.6145057678,40.6818002462
660,8.6687707901,187.351013184,15.7890138626,53.5677528381,4.53609861434
660,589.218933105,170.738327026,21.4588546753,55.8094177246,1.1137329042
660,397.746124268,183.718673706,16.9685306549,49.70885849,1.04941530153
660,16.4628887177,179.48425293,22.7771606445,54.5978851318,0.796962343156
660,322.694061279,185.64024353,16.9451084137,49.5560264587,0.676637422293
660,530.114562988,136.404327393,26.5912799835,58.9965553284,0.119790865574
660,453.349090576,186.201950073,29.3869190216,83.7479324341,0.0570989097469
660,413.451568604,191.525405884,22.2983570099,52.9113311768,0.0334245123668
660,25.4172611237,149.24079895,29.9584789276,69.0160827637,0.0232392165344
690,227.277664185,185.074386597,27.8301239014,64.7231216431,99.1689741611
690,561.305969238,162.488510132,61.6156349182,135.821731567,41.7954444885
690,411.182281494,177.63079834,19.0572109222,52.8837852478,31.8581908941
690,246.820480347,185.240890503,23.6565570831,60.9564819336,5.29219359159
690,400.824798584,185.054916382,18.7433071136,42.8173942566,5.15713654459
690,431.484100342,192.753128052,16.2321643829,40.8732719421,4.24356721342
690,370.89956665,179.606521606,18.9641513824,51.6090049744,2.92602088302
690,614.528503418,142.193710327,17.0886001587,49.9087715149,0.500191468745
690,386.435272217,176.601333618,22.6626663208,50.7784843445,0.130731763784
690,601.359008789,242.112625122,24.3687877655,55.3440971375,0.104876619298
720,136.503646851,185.883804321,36.5146980286,73.9194488525,97.9822576046
720,439.666992188,193.078872681,20.4304122925,45.6792907715,74.0470767021
720,411.28817749,196.709472656,16.5690402985,37.8333625793,6.33240863681
720,106.227905273,186.390518188,18.6590671539,50.5131187439,3.2639246434
720,161.180130005,192.129455566,21.9043502808,59.6148834229,2.7083305642
720,458.917999268,185.523010254,14.9657926559,49.5412559509,2.47326437384
720,125.460716248,194.285751343,25.1632995605,63.9139518738,1.94343961775
720,426.563720703,181.960617065,16.7279205322,52.4735832214,0.613150326535
750,9.74384403229,182.463699341,39.2326927185,94.0828323364,99.4171142578
750,448.338775635,189.652542114,15.3652563095,44.6257286072,30.2886784077
750,474.014648438,191.55909729,19.2508010864,48.1581230164,11.0149025917
750,51.6039886475,184.985351562,22.5251159668,53.7844696045,6.93582221866
750,368.695709229,181.360641479,28.739616394,50.837387085,5.20268157125
750,40.941078186,182.966964722,17.2093353271,51.5332336426,0.950653012842
750,533.380310059,180.92048645,18.0340633392,46.6780090332,0.429537566379
750,416.804443359,38.4606819153,24.9656124115,71.0984802246,0.0736380810849
780,459.854125977,193.625564575,18.0686588287,43.0382270813,19.9121624231
780,382.555084229,177.405166626,26.6972179413,62.5223503113,16.588948667
780,565.352355957,187.913513184,18.2402267456,48.4266204834,9.72569286823
780,407.917724609,191.243240356,18.9159049988,45.3870887756,2.7606414631
780,439.791046143,190.39276123,17.119146347,45.5756378174,1.78488567472
780,130.443862915,173.153686523,19.2368946075,50.5362281799,0.883166119456
780,597.622802734,192.011764526,15.6521806717,49.1433258057,0.414207531139
780,472.63369751,175.585510254,18.7109203339,54.8246650696,0.361282611266
780,494.05960083,207.879837036,17.4826660156,43.1347045898,0.352393230423
780,525.530273438,43.3430595398,19.0328369141,44.6785430908,0.310690095648
780,427.843353271,192.664962769,17.5767745972,45.2926139832,0.266868318431
780,435.943389893,29.0229187012,19.7467517853,51.7050285339,0.220658350736
810,445.490570068,192.436355591,20.0636806488,51.0807609558,65.5792415142
810,466.240814209,189.11378479,20.3136577606,49.3509521484,46.4239776134
810,393.284790039,187.463119507,24.5832538605,56.0395393372,38.1112217903
810,40.5661582947,180.18309021,21.9957027435,53.4415130615,31.6233485937
810,104.292869568,172.497253418,22.74152565,52.8926429749,30.8466017246
810,66.0865097046,190.172134399,19.1697025299,41.12474823,12.2178718448
810,5.43265390396,176.004806519,17.4132232666,49.2193870544,9.74729806185
810,579.062561035,218.916793823,18.7468013763,50.6388435364,8.36900547147
810,611.706665039,191.307876587,19.4858932495,45.8678741455,6.30609691143
810,510.800140381,178.93586731,21.4399261475,54.0346031189,5.1659733057
810,415.696685791,187.187866211,18.9818267822,48.5063438416,3.00149265677
810,117.208427429,181.389328003,16.7166881561,46.6665496826,2.43878755718
810,17.8710422516,177.554748535,22.0792160034,50.7676696777,1.88086219132
810,477.422729492,172.698898315,19.3037891388,61.0041618347,1.32127813995
810,428.210113525,191.936767578,18.465959549,47.0072059631,0.700731622055
810,521.778381348,43.8152046204,17.4820480347,47.1490135193,0.646372698247
840,496.564544678,194.939147949,18.7078113556,51.4444007874,71.7016220093
840,474.834991455,193.155380249,19.6451244354,47.208316803,52.5015175343
840,423.138336182,189.409545898,28.2685146332,59.4080238342,25.0372052193
840,44.2158622742,187.361618042,18.5080547333,45.072769165,11.7744363844
840,557.885986328,170.020736694,22.4600524902,65.2585601807,9.58229228854
840,15.498790741,185.373794556,21.5382003784,50.446559906,5.53705729544
840,444.012969971,194.633102417,16.4317054749,50.5482749939,4.25986163318
840,8.14489555359,181.951828003,16.2026576996,49.6679649353,2.74318624288
840,460.93637085,191.159255981,17.88996315,47.9991607666,0.591129949316
840,31.0219898224,186.630813599,17.9219417572,47.8670043945,0.092969823163
870,520.371643066,191.700500488,20.9521045685,58.8537025452,99.1453170776
870,504.506958008,194.457870483,18.3401870728,59.0800132751,84.3993127346
870,338.298614502,190.292160034,18.6443977356,47.36195755,53.6811470985
870,485.185302734,194.36517334,14.7520904541,43.9108161926,24.6418118477
870,463.772827148,181.14074707,20.9911136627,73.7753601074,5.10980822146
870,26.0643978119,191.275024414,17.1873607635,39.0159873962,0.716354651377
870,251.642745972,184.403747559,23.9030399323,41.2176933289,0.686289556324
870,6.3738656044,199.785873413,16.6298961639,41.5939712524,0.627794256434
870,590.887634277,215.447250366,18.0839347839,38.385723114,0.613944651559
870,37.0180931091,188.533813477,17.39960289,43.4506645203,0.425162957981
870,58.0957145691,185.855300903,14.6888008118,43.8896827698,0.354589172639
870,13.8272371292,189.609848022,19.0022926331,41.7800445557,0.121923664119
900,574.962890625,187.295883179,24.8460407257,65.5520706177,96.8162834644
900,347.162841797,184.186752319,20.5893306732,57.1343078613,88.2852017879
900,560.592956543,185.823898315,19.1950569153,69.3464202881,54.4942319393
900,141.381515503,162.920791626,20.8518619537,47.118434906,19.9981093407
900,460.602508545,222.547439575,20.9443149567,48.5815734863,10.749373585
900,360.458770752,188.323226929,16.1262073517,52.6608772278,2.99533251673
900,54.4294624329,181.316543579,16.4931297302,45.9779968262,2.42102760822
900,66.3841552734,167.150650024,23.2511310577,56.2176475525,1.11552085727
900,592.163024902,198.112365723,18.0316104889,50.2294960022,0.440495228395
900,451.054931641,95.7758255005,21.9791564941,45.0954437256,0.400211941451
900,376.710113525,190.692749023,18.2152347565,55.8051300049,0.374691025354
930,368.903045654,180.215988159,23.1864032745,64.989364624,99.1910338402
930,413.496551514,193.580154419,20.2589912415,56.3618583679,21.3092491031
930,10.5846405029,188.079818726,17.9748363495,46.6651115417,15.264941752
930,385.201080322,182.070877075,17.3170681,62.3428916931,8.41425582767
930,536.308959961,228.363693237,29.4226055145,74.8918991089,5.21455034614
930,419.934570312,51.0535583496,18.681810379,59.1018218994,4.62186969817
930,43.8037986755,181.567092896,17.3698921204,44.3986778259,1.22432978824
930,139.462615967,183.970748901,23.8672008514,47.56199646,0.528577808291
930,397.265869141,184.690750122,18.8604450226,60.2478485107,0.257053831592
960,411.672241211,172.961654663,46.5787010193,82.3457565308,94.049680233
960,49.1646842957,186.120254517,27.0225505829,60.0387420654,13.7117370963
960,443.222137451,180.489181519,24.4278354645,76.2345428467,12.1626257896
960,95.9354171753,178.784133911,23.9986896515,61.9331665039,11.0162988305
960,417.027923584,166.729568481,20.4165649414,61.4466667175,6.58719092607
960,596.306640625,104.889396667,20.6909618378,63.2404785156,1.28523213789
960,7.65681409836,190.158081055,15.8087759018,47.5960350037,1.09317861497
960,127.565483093,161.319519043,25.9437942505,50.0945625305,1.03322137147
960,154.980606079,159.382736206,18.0932369232,50.72498703,0.905064865947
960,404.772460938,169.827957153,20.5668201447,58.2464561462,0.465565687045
960,507.228759766,141.854522705,19.5190353394,55.7791099548,0.399462319911
960,456.606048584,27.1505374908,21.7611980438,52.883769989,9.38374089543e-07
990,476.07019043,142.795578003,34.8820648193,151.705352783,81.8601131439
990,498.096282959,213.32649231,22.8392791748,75.4825210571,44.5516109467
990,395.564422607,177.999649048,19.4347362518,40.5559883118,39.980840683
990,29.4005527496,177.788009644,18.8114547729,51.1443748474,24.3658408523
990,482.455413818,155.14855957,22.0051746368,69.1718673706,3.02129369229
990,146.912033081,167.49559021,22.9165058136,51.4606971741,2.72379666567
990,512.764038086,217.77104187,19.581533432,60.7555427551,2.42507643998
990,606.516113281,110.674369812,18.5936717987,48.2588768005,1.10967503861
990,469.758178711,154.029922485,22.4419841766,59.9913482666,1.04689141735
990,7.20444726944,185.041320801,15.9929456711,45.1541900635,0.860523432493
990,124.923950195,170.348831177,17.6622257233,45.6990089417,0.705238804221
1020,615.516784668,181.091598511,16.9377689362,50.9739990234,63.1482064724
1020,114.240264893,157.805160522,21.9540233612,57.2779273987,41.9029742479
1020,551.683166504,133.142501831,23.2325611115,78.3279876709,10.9733812511
1020,90.0910415649,160.354705811,18.0801639557,51.1168823242,7.81714171171
1020,99.1640548706,160.998062134,22.4091186523,53.3300743103,3.18675152957
1020,344.946044922,174.410339355,25.0165920258,51.2340965271,1.99268851429
1020,583.871398926,148.832901001,21.2449798584,54.7243995667,1.67484022677
1020,7.50459098816,151.532623291,17.4448299408,54.3774261475,0.592168513685
1020,564.272644043,168.886123657,17.3170566559,48.0390739441,0.541186658666
1020,554.317443848,41.9019927979,21.4123630524,51.9101142883,0.22801021114
1020,128.71875,165.948898315,18.1292076111,46.8118286133,0.156555499416
1050,281.968505859,181.66242981,25.8833065033,44.092590332,81.8005859852
1050,614.298217773,184.320205688,20.0647754669,50.5657997131,56.8598687649
1050,559.130187988,144.595703125,18.0354938507,45.4256477356,21.4337572455
1050,523.370239258,170.805892944,19.8464889526,53.5278968811,6.0161434114
1050,428.222381592,151.890869141,16.51445961,49.0537071228,0.895073078573
1050,529.391052246,35.0743370056,28.1483478546,65.0787124634,0.766831962392
1050,268.286865234,307.839233398,29.0708179474,75.6221694946,0.615151133388
1050,520.357727051,134.234313965,18.8329677582,56.200958252,0.421431614086
1050,8.13686847687,192.996704102,14.7203321457,48.7513160706,0.416589900851
1050,504.116241455,32.8397865295,25.9633998871,94.8134078979,0.00147610244312
1080,173.159484863,177.264465332,24.5570144653,45.9650764465,96.2446212769
1080,483.925018311,167.728668213,16.6764717102,56.0355377197,65.5077934265
1080,366.369842529,143.393386841,19.0358867645,51.2073364258,11.7925055325
1080,523.220397949,73.6321334839,19.2021312714,62.0535011292,11.0705845058
1080,461.941558838,144.859695435,19.7323226929,65.0559005737,8.19415077567
1080,520.707885742,134.895080566,18.6872024536,56.0382652283,2.45492327958
1080,98.4401550293,345.816040039,22.8852939606,50.481842041,2.07468885928
1080,92.3224258423,368.404327393,23.5198669434,54.4022483826,1.357879024
1080,82.2873764038,382.578460693,22.5807437897,50.2675666809,1.11518353224
1080,103.543525696,311.064971924,23.2632446289,51.2282867432,0.940427277237
1080,105.607200623,274.664215088,30.952003479,62.6294288635,0.780992116779
1080,109.363716125,333.690490723,23.2950363159,54.3852119446,0.507330987602
1080,477.076385498,114.678291321,23.0186824799,69.9546508789,0.272753019817
1080,537.174072266,61.7624816895,20.4572105408,56.8543663025,0.252237007953
1080,616.99810791,196.03565979,16.5963611603,40.5856208801,0.247825682163
1080,407.058258057,279.192016602,24.2166461945,48.7762489319,0.0525772105902
1110,138.310623169,172.242721558,21.0819644928,45.9282569885,99.0921378136
1110,569.231140137,115.547859192,19.0373401642,51.5467338562,24.1283744574
1110,389.888916016,128.599838257,18.9257678986,49.602722168,12.3068548739
1110,521.476257324,163.286056519,17.7425422668,46.5989265442,11.9931198657
1110,510.727661133,111.040550232,21.4137554169,64.9726028442,5.66975660622
1110,498.419647217,116.249305725,20.9682941437,71.1787185669,3.33728790283
1110,504.867767334,155.840835571,18.9232330322,50.411190033,1.01752374321
1110,468.679931641,165.329177856,16.5857334137,42.2797203064,0.718784565106
1110,524.915283203,104.415557861,19.7559738159,52.4728736877,0.582059938461
1110,529.211730957,151.801025391,21.2935009003,55.0507049561,0.212275446393
1140,145.679336548,169.987548828,20.7688007355,48.5374259949,98.1689274311
1140,586.168518066,99.5380859375,24.7233200073,89.9107666016,17.2541126609
1140,614.812011719,144.552474976,15.7056055069,58.1677970886,17.202937603
1140,465.159454346,121.856895447,19.3734474182,52.9172821045,13.2892936468
1140,529.20135498,152.534439087,18.0520153046,47.1269989014,8.0115430057
1140,157.176040649,170.737411499,22.484746933,49.4926643372,7.35635533929
1140,599.430541992,106.727867126,25.8134784698,77.2664260864,3.81251499057
1140,575.892150879,146.561630249,20.8568305969,56.4144630432,1.82970073074
1140,539.818847656,145.352905273,22.806974411,58.5106620789,1.20030650869
1140,557.723449707,152.716247559,17.3782672882,48.6281738281,0.939452461898
1140,6.20142364502,171.242080688,17.0787734985,48.137752533,0.936680845916
1140,527.758117676,106.444465637,29.8260669708,84.0580673218,0.0859474297613
1170,107.455566406,174.220962524,27.3201732635,51.6909980774,98.3705699444
1170,510.764678955,118.347846985,21.5827636719,63.7322998047,23.4902501106
1170,128.542984009,173.691116333,20.2822666168,50.781703949,3.04478481412
1170,614.815551758,103.685081482,16.6705150604,54.7328910828,2.14785952121
1170,211.939346313,148.333908081,21.055141449,46.6770935059,0.234105158597
1200,17.8255138397,185.517501831,27.7268543243,56.2880096436,99.380338192
1200,518.835876465,126.931671143,19.5551357269,48.8671913147,44.8162943125
1200,592.548706055,162.017730713,22.5213317871,60.7820854187,9.71604511142
1200,612.35345459,176.878417969,15.3156929016,44.9247550964,1.1706000194
1230,585.683898926,166.687789917,19.8413295746,63.7766838074,66.5780961514
1230,508.606689453,133.392883301,19.2752323151,52.9411621094,40.26684165
1230,610.945495605,180.34135437,16.1592388153,49.8044624329,5.71813210845
1230,442.613922119,123.550689697,19.6675815582,53.6637382507,1.79898366332
1230,579.169433594,115.836242676,19.7408676147,60.415813446,1.44132422283
1230,594.250793457,110.420555115,35.6221733093,106.291511536,0.994373206049
1230,464.464874268,156.036819458,16.886390686,52.9560127258,0.763243436813
1230,578.065490723,162.443786621,17.1984462738,51.6416473389,0.0358538760338
1260,460.598266602,127.722450256,20.0172615051,51.8559074402,67.0896053314
1260,549.098266602,164.97416687,22.2891712189,66.3868637085,17.7477151155
1260,585.186218262,172.362319946,18.4954357147,54.6127052307,12.7288162708
1260,536.248962402,167.753067017,20.56133461,63.2985801697,12.1166147292
1260,386.006591797,119.687889099,21.2340602875,57.6760864258,6.59519806504
1260,563.637390137,179.839111328,17.7388839722,51.0367469788,2.41304617375
1260,448.980133057,132.309127808,16.8148269653,50.9848518372,0.61241928488
1260,568.464355469,104.15259552,20.6867752075,62.6080169678,0.27723563835
1260,535.416992188,111.035850525,27.7170257568,94.4896011353,0.244629126973
1260,528.471984863,157.549240112,18.0003376007,55.2499542236,0.0754618667997
1290,550.993835449,160.20022583,21.2188873291,71.0306625366,92.0259416103
1290,339.245666504,123.105735779,20.4023952484,50.8730773926,65.988856554
1290,496.154541016,164.607162476,23.6508579254,64.6744384766,18.6815336347
1290,437.564971924,162.37852478,23.0403194427,65.4753952026,8.22660326958
1290,518.048034668,171.06060791,26.7646312714,60.9898338318,7.07422271371
1290,421.707122803,119.21849823,48.8623771667,109.942932129,5.4919693619
1290,549.218017578,98.5170516968,19.7338466644,61.458480835,2.87877507508
1290,265.722564697,110.76953125,23.739151001,75.7888717651,2.21209730953
1290,510.733520508,163.128372192,18.9524078369,60.720035553,1.99078116566
1290,451.759521484,174.038513184,19.5415458679,56.2264671326,1.91433038563
1290,8.47776126862,155.605575562,17.6982555389,50.4532737732,1.15863587707
1290,287.100952148,150.010360718,17.6833896637,48.676738739,0.995546579361
1290,466.865631104,172.760559082,20.1513538361,55.621295929,0.792971532792
1290,108.295906067,50.2269706726,19.1505069733,60.6480140686,0.466788560152
1290,530.754577637,111.377723694,20.5923728943,55.1797790527,0.459510134533
1290,530.813415527,141.257614136,21.2970962524,61.4924163818,0.419573392719
1290,573.123474121,184.596847534,16.710313797,49.3447914124,0.396836129948
1290,516.213989258,133.532516479,20.0996341705,55.8120918274,0.36633873824
1290,536.87322998,175.901184082,19.6754570007,55.5555267334,0.324061373249
1290,455.777557373,97.9026565552,21.4686908722,67.8275756836,0.21879891865
1290,573.813354492,131.687973022,25.7390136719,65.1769180298,0.171254109591
1290,499.867218018,103.460670471,27.7234020233,87.3999862671,0.149065896403
1290,595.106445312,37.2618751526,26.1800918579,76.6165542603,0.0564277579542
1320,427.962036133,151.017303467,26.7101802826,78.6758499146,73.5050618649
1320,212.082824707,113.139953613,20.9993572235,53.9216918945,67.0255362988
1320,296.063690186,149.925003052,40.6327323914,82.3709640503,55.6863486767
1320,460.779785156,136.57673645,21.7287921906,55.3885383606,37.0361089706
1320,399.516967773,160.216842651,24.4479122162,70.103843689,13.5803773999
1320,296.36920166,97.2214584351,23.2193202972,64.5137481689,7.16978982091
1320,429.146270752,93.1262130737,18.4108810425,65.4234466553,4.68576066196
1320,319.691711426,121.273010254,28.8986816406,104.722198486,4.53936196864
1320,158.07975769,141.101959229,17.6271438599,45.9296455383,4.21159081161
1320,378.781494141,161.797515869,20.2175388336,65.5213775635,4.17377091944
1320,529.537658691,93.6417236328,28.538444519,78.8142776489,3.73731330037
1320,437.181610107,97.7379989624,24.0842227936,70.7984771729,3.19676697254
1320,130.830245972,105.93536377,18.8639774323,56.4816169739,2.77759265155
1320,413.435668945,155.631546021,20.4811058044,64.4313583374,2.59269587696
1320,345.2628479,165.880859375,20.3844547272,58.5736999512,2.25720275193
1320,197.772705078,113.314048767,18.422542572,61.0477485657,0.994381401688
1320,418.142333984,120.100288391,23.2974758148,56.6187744141,0.591240124777
1320,478.095703125,140.5103302,16.4390945435,47.4112358093,0.532761588693
1320,294.079315186,149.080383301,20.0620708466,52.3524665833,0.486537953839
1320,7.47749710083,183.358474731,14.4759216309,45.2686729431,0.395198212937
1320,402.235992432,111.340431213,29.7293071747,80.678565979,0.277634663507
1320,539.358215332,144.765701294,22.7154178619,53.2284584045,0.191919400822
1320,394.350738525,144.539352417,19.4310531616,52.0356292725,0.167969183531
1350,115.512229919,120.63318634,20.5055351257,49.913105011,87.3174965382
1350,339.169952393,90.5476303101,19.0732269287,47.6559333801,3.71255800128
1350,59.1510505676,149.651168823,17.5345630646,48.6057624817,1.78156159818
1350,616.683044434,202.081054688,16.6256923676,45.4947814941,0.957526545972
1350,516.907775879,88.2713317871,18.3310413361,53.0174102783,0.940448138863
1350,100.495574951,123.268699646,20.0468940735,65.6385803223,0.703224819154
1350,518.731140137,40.9718589783,26.5218963623,77.5894775391,0.317719159648
1380,148.573928833,163.627365112,22.1227817535,70.0754013062,74.5579004288
1380,270.987823486,160.493484497,25.6147708893,77.8207321167,69.6700572968
1380,44.2752990723,119.922058105,18.925535202,50.8909034729,57.6304078102
1380,132.83921814,163.899261475,20.9564151764,72.3158111572,53.1678259373
1380,608.205932617,176.390518188,21.7070159912,51.8010673523,40.8419162035
1380,174.863723755,152.15965271,24.4888515472,79.8664016724,34.2600822449
1380,295.661407471,166.231033325,26.9698181152,70.797203064,14.9007797241
1380,261.371276855,186.817321777,19.5575046539,52.3763694763,8.82260277867
1380,165.694992065,165.250930786,16.9181079865,62.2419281006,6.76599442959
1380,249.998901367,178.129699707,19.729227066,59.2878417969,5.98174296319
1380,186.893447876,165.033081055,20.7372188568,55.3337440491,5.23767732084
1380,572.573791504,106.814697266,18.8242340088,44.8706703186,4.59810271859
1380,560.198059082,101.105308533,19.7552032471,55.0958862305,2.11769808084
1380,238.850418091,176.134231567,20.8334522247,53.0780220032,2.0200368017
1380,40.3263511658,146.309707642,22.2834377289,48.3924407959,1.92373301834
1380,376.904388428,91.2303237915,20.9151268005,57.4732093811,1.1489813216
1380,284.47756958,176.237228394,22.430480957,60.5510864258,1.04430187494
1380,220.137710571,171.208496094,20.1584587097,54.7617759705,0.808024406433
1380,32.6645317078,118.41027832,17.6896648407,55.656829834,0.703387334943
1380,234.880813599,158.573913574,18.9510059357,46.8467597961,0.447078375146
1380,269.656707764,99.2651672363,22.021692276,54.9940834045,0.216212682426
1380,321.405670166,173.731399536,19.9490680695,59.0101470947,0.215346063487
1380,615.448913574,202.136413574,16.8684711456,44.8120994568,0.165070989169
1380,122.773765564,155.393814087,17.9826488495,52.2850151062,0.107946258504
1380,385.137817383,150.714019775,23.0418338776,53.3013725281,0.10726719629
1380,151.764175415,119.870353699,32.9142112732,96.4821548462,0.106429611333
1380,282.388427734,98.0936203003,24.7534313202,71.4211273193,0.0913593394216
1380,615.680847168,66.4029922485,17.5511760712,42.9730262756,0.076238514157
1380,126.130104065,113.1873703,29.0715713501,89.8958511353,0.0695452152286
1410,232.62336731,155.922866821,27.6417598724,81.1980667114,85.9379470348
1410,9.18646717072,118.544281006,17.6520557404,50.0884857178,78.5746216774
1410,97.374458313,147.950149536,33.8975334167,91.7251052856,73.5139608383
1410,598.603820801,178.198608398,23.8865528107,57.993686676,34.8380029202
1410,573.321289062,171.955856323,20.6390647888,59.1009063721,34.3643605709
1410,138.326858521,158.360809326,26.6318721771,79.4778060913,26.0371536016
1410,117.474151611,166.318588257,18.8124828339,64.1411819458,22.3489284515
1410,267.338165283,138.725769043,23.678276062,59.2518806458,21.6629564762
1410,86.4915084839,158.708938599,23.3372039795,73.1675949097,7.78584554791
1410,129.12336731,166.044692993,18.1360569,63.5059967041,6.61769881845
1410,92.7351913452,98.7715530396,21.7424697876,66.2928543091,5.61788603663
1410,201.118118286,173.020278931,23.1605129242,68.3162078857,5.54230883718
1410,334.549835205,99.9435806274,19.6090869904,54.2686882019,4.75262850523
1410,535.741271973,105.590614319,18.6745433807,44.6897888184,4.72526289523
1410,216.326187134,170.484054565,20.4404983521,67.4338531494,1.85093767941
1410,615.366271973,181.99609375,16.2393722534,53.171787262,1.64425503463
1410,226.921432495,128.464401245,22.0067234039,52.7238044739,0.528983864933
1410,520.801696777,105.445655823,21.3359298706,58.0474281311,0.474657258019
1410,254.747421265,159.149795532,23.8151493073,74.8338088989,0.457055540755
1410,156.917449951,171.483596802,17.9976406097,49.8802909851,0.376498023979
1410,254.327377319,132.914596558,21.1329078674,58.3704528809,0.362494331785
1410,197.522888184,152.787399292,18.8147602081,48.439743042,0.31593022868
1410,128.963638306,133.930679321,23.2692317963,61.7050437927,0.282846251503
1410,285.490661621,153.435119629,17.137752533,48.6158485413,0.244557927363
1410,222.229690552,147.142776489,20.8647155762,65.6728820801,0.146986264735
1410,85.0045852661,135.465072632,18.8428821564,56.7751464844,0.145995302591
1410,98.5518188477,133.435302734,22.2241687775,55.660446167,0.116692157462
1410,108.536407471,113.145362854,35.0337104797,94.1274719238,0.0574730162043
1410,246.881149292,152.090698242,20.0567855835,56.9052772522,0.0474772270536
1410,354.022918701,150.272888184,23.2466869354,50.2863006592,0.020161550492
1440,198.238265991,153.054519653,28.9458751678,87.5547866821,90.3069734573
1440,65.6096115112,154.328857422,37.1728973389,85.6446456909,78.5966098309
1440,60.1978034973,164.484329224,18.6231403351,70.6051940918,55.0186514854
1440,227.324172974,144.240493774,26.7881832123,98.8586196899,43.9895123243
1440,103.230415344,160.386245728,26.4934005737,72.0808486938,29.4536322355
1440,540.880126953,180.109909058,24.1122722626,57.0820884705,21.7304870486
1440,570.26385498,175.906723022,27.8561096191,62.2542381287,16.7936384678
1440,60.8015785217,102.642982483,22.6342792511,64.6469039917,5.25233894587
1440,173.324279785,165.979705811,24.4003505707,73.3092651367,5.07424324751
1440,191.092163086,178.581726074,21.1511173248,60.5237922668,1.84202454984
1440,348.577392578,85.3515396118,26.671377182,60.0602455139,1.32708512247
1440,93.843536377,176.920547485,19.4920101166,56.3217048645,1.32205765694
1440,119.359519958,160.576461792,18.4705505371,56.4846305847,1.28330821171
1440,515.459777832,104.295341492,19.2106838226,50.7030220032,0.9909956716
1440,248.448654175,141.16947937,18.4169540405,49.9318580627,0.779230240732
1440,166.381668091,142.698226929,17.4999599457,53.0575294495,0.777244754136
1440,92.3245849609,136.228347778,22.1427974701,59.8790245056,0.692530116066
1440,215.610427856,156.524505615,20.7041950226,64.157081604,0.55963890627
1440,557.106750488,182.125183105,21.1502456665,52.8265266418,0.504186796024
1440,187.92048645,122.181373596,21.3878726959,57.0854148865,0.369470613077
1440,222.504074097,133.268035889,20.5935211182,63.7419891357,0.3543039551
1440,248.209777832,178.838302612,19.819360733,53.9919319153,0.261888629757
1440,53.5618782043,149.872024536,19.2607479095,53.7504730225,0.203796732239
1440,48.8030128479,105.07559967,17.904335022,52.531036377,0.203080684878
1440,179.123275757,132.409164429,20.06067276,65.3912124634,0.16676755622
1470,566.120056152,219.915100098,54.4054870605,141.198028564,92.963552475
1470,98.2286376953,155.004226685,26.7226047516,80.3233642578,84.3565285206
1470,471.796966553,116.541557312,33.7673988342,123.970436096,36.1146628857
1470,579.806762695,152.280593872,52.6161994934,132.556808472,18.2382628322
1470,447.726959229,168.477722168,21.8268585205,66.1220779419,16.5489152074
1470,9.97530651093,164.080947876,19.5531215668,63.1723442078,14.8841276765
1470,67.5667495728,181.086196899,21.0336742401,61.8556480408,12.6605793834
1470,411.81640625,106.728401184,20.3872585297,48.1358299255,7.36138522625
1470,128.165634155,135.208511353,24.6954956055,63.8968963623,4.59952764213
1470,400.410430908,102.452537537,20.4450511932,52.4191551208,3.33582125604
1470,205.589828491,85.7469711304,26.1454410553,77.1948547363,2.7590289712
1470,85.0269393921,179.597579956,19.4192771912,57.3456726074,2.69005838782
1470,486.560272217,176.367492676,20.2562427521,56.452922821,2.01058909297
1470,151.311645508,30.9911575317,19.525888443,53.6501922607,1.79616007954
1470,465.267333984,173.697433472,25.8820934296,62.7731933594,1.7658514902
1470,521.021911621,192.125167847,19.3219890594,50.0083961487,1.69995874166
1470,287.565338135,88.9895248413,17.9230670929,49.7559013367,1.61399766803
1470,424.991912842,101.22252655,17.3929233551,51.0656890869,0.734772626311
1470,577.683410645,232.129470825,27.0179824829,72.0554885864,0.68810461089
1470,61.5434684753,92.9836807251,29.1212406158,88.9337692261,0.662735337391
1470,147.068649292,154.890563965,17.8969841003,47.5005989075,0.386053486727
1470,134.335372925,19.5289325714,24.4553852081,57.0135040283,0.340433558449
1470,20.8406295776,177.29447937,25.1352138519,59.9527320862,0.322298519313
1470,564.54864502,177.943725586,22.8030834198,67.9953231812,0.295406277291
1470,101.823219299,88.1288070679,34.637096405,97.6192321777,0.0794220773969
1470,89.920753479,100.481544495,25.9061107635,80.574432373,0.0469337421237
1470,590.252075195,142.168716431,21.1629734039,56.9984474182,0.029842267395
1470,218.796936035,148.226303101,23.9771175385,52.9416542053,0.0166052966961
1500,248.566360474,131.1978302,97.3695144653,242.970077515,99.9123692513
1500,351.763458252,196.709884644,73.9293289185,152.46421814,97.0015406609
1500,243.247909546,222.191650391,53.3909759521,145.019485474,70.108538866
1500,319.046508789,69.359161377,22.3375911713,62.8190917969,4.32323440909
1500,73.846862793,71.4279327393,18.997209549,49.292552948,4.10841219127
1500,377.024688721,217.688903809,34.416595459,93.2593154907,2.99454797059
1500,74.0248031616,102.252708435,18.591375351,50.4065551758,2.78459023684
1500,5.69735383987,77.2806854248,18.8586177826,58.2996711731,2.30665355921
1500,250.757385254,146.530975342,52.366104126,111.475402832,2.01944895089
1500,290.178955078,145.395492554,49.8364257812,138.342727661,2.00037527829
1500,530.833740234,158.638137817,20.5001716614,49.4162635803,1.88598316163
1500,552.034484863,159.248291016,19.3975830078,43.2656593323,1.73497349024
1500,200.763427734,99.0051879883,23.0136394501,57.2531166077,1.16315241903
1500,377.179779053,136.869415283,67.7102508545,144.927871704,0.800835806876
1500,520.169494629,160.25819397,19.376001358,55.5301399231,0.710962759331
1500,296.508361816,247.672470093,42.5564613342,126.953742981,0.706564402208
1500,546.851013184,75.0060501099,21.5458393097,45.5674629211,0.500934291631
1500,412.342559814,191.930603027,27.9513835907,67.4956207275,0.454318337142
1500,342.083587646,177.718673706,41.1452102661,109.912719727,0.405904836953
1500,214.841384888,109.293388367,20.9699268341,49.5881080627,0.391197856516
1500,326.634002686,193.337265015,21.9611606598,62.9367218018,0.318647734821
1500,593.389831543,142.069473267,19.9515666962,49.3856239319,0.139025435783
1500,396.072265625,247.947280884,22.4290981293,54.9006233215,0.117442768533
1500,242.962219238,176.727462769,23.6495456696,76.271522522,0.101557106245
1500,77.5685043335,23.7767868042,20.1447734833,52.6389198303,0.0678406911902
1500,233.30619812,99.2586669922,31.3541564941,94.0117492676,0.033466698369
1500,257.43447876,86.2008056641,22.1307468414,59.2820739746,0.0186350109288
1500,611.780944824,29.359205246,18.724779129,42.3741912842,0.00011558058759
1530,472.250854492,177.304885864,26.1130828857,68.5024795532,15.5494138598
1530,509.508056641,171.141525269,24.0372371674,70.8102111816,3.78730781376
1530,488.947021484,177.168777466,20.2738552094,60.4951896667,3.4704644233
1530,399.0574646,44.4584159851,18.6249027252,49.7420845032,3.45408953726
1530,33.1761360168,182.175720215,29.005027771,73.7489395142,2.91160885245
1530,398.672851562,76.2050247192,18.9363040924,49.9992713928,2.41891201586
1530,398.703857422,110.173339844,18.8065071106,48.9849586487,2.38370932639
1530,206.245605469,166.619338989,19.7637405396,47.4539680481,2.10066735744
1530,369.910400391,80.5652084351,24.8061447144,65.8858184814,2.02975627035
1530,269.208465576,114.516212463,30.1587677002,80.3719406128,1.97550226003
1530,532.486572266,169.969345093,19.312707901,55.5009765625,1.91167667508
1530,163.966567993,171.69883728,19.7034358978,53.6482086182,1.85243431479
1530,8.6747713089,198.878097534,15.5548601151,52.4224967957,1.28655834123
1530,296.719543457,133.662033081,19.9075832367,49.7009925842,0.917350035161
1530,519.863586426,201.132614136,19.1244049072,48.9918022156,0.911665800959
1530,218.272628784,74.7621612549,20.0674114227,43.7883796692,0.771567830816
1530,386.870117188,80.3439407349,20.5549640656,50.3311424255,0.769506255165
1530,195.765640259,181.476119995,18.7818546295,47.6063842773,0.721476087347
1530,50.870880127,181.42137146,28.3601436615,77.3274002075,0.668453471735
1530,286.283477783,138.071395874,18.1212272644,51.8916969299,0.362903089263
1530,462.937103271,170.716125488,21.7530593872,60.3863105774,0.361974770203
1530,236.386703491,67.6563186646,22.5683612823,50.2652626038,0.331049389206
1530,221.194595337,171.706344604,21.1389808655,49.7719993591,0.179950334132
1530,179.542556763,180.015335083,19.491268158,48.9336509705,0.110382866114
1530,372.715789795,23.8653411865,26.5136032104,61.2160224915,0.039210516843
1560,162.003585815,192.126998901,22.3230819702,58.3326072693,7.37829506397
1560,195.141647339,195.785583496,20.5943241119,56.3544120789,6.92274421453
1560,52.1849250793,124.616188049,19.0890960693,49.5177955627,5.07299080491
1560,52.3793144226,88.1670532227,18.4695835114,48.6917915344,4.56720776856
1560,217.212524414,163.986618042,18.8006801605,46.1571006775,3.83571907878
1560,52.1250152588,54.6414909363,18.993391037,49.5411109924,3.26142758131
1560,136.797409058,184.509643555,18.1219463348,53.129863739,2.0623056218
1560,183.102249146,171.742843628,21.3156509399,63.2390136719,1.41941541806
1560,529.564880371,237.489425659,24.1711788177,42.3273849487,0.916462019086
1560,206.868667603,187.468444824,18.4584522247,59.1501197815,0.876757875085
1560,147.9400177,189.30921936,19.3104286194,60.2860679626,0.451647257432
1560,212.797164917,104.680168152,24.3231201172,69.1390380859,0.293740094639
1560,264.437896729,163.269088745,22.4672031403,76.138458252,0.118447514251
1560,422.904541016,131.160202026,25.2451858521,66.8281478882,0.0812152866274
1560,54.5468025208,138.878494263,25.446844101,68.9912948608,0.0668828375638
1560,51.9450721741,25.9855709076,20.1922225952,51.768951416,0.0304859684547
1560,527.424316406,70.3203735352,25.5125637054,78.295715332,0.00648683417239
1560,180.756149292,34.1516304016,18.4605102539,39.8360786438,0.00565159025427
1560,577.074768066,36.1349487305,24.3506031036,81.3144302368,9.52270013954e-06
1590,122.917823792,191.731399536,24.0004024506,52.779964447,2.59046498686
1590,111.941261292,268.542022705,21.1268024445,45.4778289795,1.05033917353
1590,375.777740479,133.01008606,20.5731906891,54.461063385,0.50165662542
1590,494.242584229,179.271316528,28.9861068726,56.8320655823,0.411616591737
1590,6.3502612114,35.4335823059,17.9581241608,50.7275085449,0.388218462467
1590,123.487388611,257.102844238,19.9365997314,53.1665992737,0.208908133209
1590,354.406524658,136.731491089,27.37849617,71.4982147217,0.0999207491986
1590,280.984161377,30.569688797,22.4897441864,58.5845794678,9.11178119622e-06
1620,525.314086914,201.006469727,26.0785808563,65.3860092163,4.91273701191
1620,292.694793701,182.479324341,25.0629558563,53.1429100037,3.53877358139
1620,13.9363298416,193.018173218,18.7068996429,46.1040153503,1.60543825477
1620,548.415466309,211.099609375,25.1265735626,57.1459465027,0.404577702284
1620,135.317611694,127.925758362,24.4404277802,72.2581100464,0.337183382362
1620,615.641601562,281.616973877,17.7269649506,46.6235618591,0.123339460697
1620,579.595153809,220.062667847,25.085641861,71.6242904663,0.0670516281389
1620,153.344955444,127.365264893,19.9088115692,60.2599830627,0.0462898431579
1650,453.884246826,190.398178101,29.9052600861,90.7761764526,39.0779316425
1650,189.50769043,180.125930786,22.006652832,56.5413627625,1.53557797894
1650,474.347442627,221.285644531,22.9963150024,61.8398170471,0.346462917514
1650,508.459259033,216.091186523,20.9259262085,49.8667602539,0.0644782558084
1680,341.152862549,116.276390076,24.4603710175,78.1176681519,27.2054105997
1680,126.126029968,199.236068726,18.0814342499,49.7856941223,3.97743619978
1680,51.5866508484,195.090621948,28.3840789795,69.3799819946,2.49231103808
1680,189.261352539,180.589599609,17.4916610718,47.6753120422,2.34535187483
1680,567.002624512,220.044631958,26.7226963043,49.4998626709,2.0134864375
1680,7.6125869751,199.015136719,19.0213527679,59.100933075,1.59940160811
1680,100.328544617,198.734420776,18.4039287567,49.2471656799,0.652191136032
1680,116.250389099,197.91633606,17.8161888123,48.2535209656,0.524366600439
1680,521.717041016,223.032913208,31.1652088165,85.2020950317,0.486687384546
1680,613.833862305,346.949493408,19.7961387634,51.6911506653,0.141418678686
1680,529.868225098,174.561157227,36.1427078247,72.834815979,0.0882671913132
1680,448.428070068,40.1041069031,26.6899051666,81.7919235229,0.0108479434857
1710,338.788665771,100.62878418,28.4254131317,103.220367432,42.4815505743
1710,532.023742676,189.973388672,20.6285076141,50.548084259,32.7842354774
1710,611.784729004,166.534179688,19.8576908112,41.1651268005,12.8243044019
1710,29.1437587738,210.210998535,20.6997051239,48.9329032898,3.51443365216
1710,12.3475923538,214.418075562,24.362783432,60.8789787292,2.96948458999
1710,49.9220275879,206.017333984,20.3802318573,49.6769676208,2.9167458415
1710,479.642059326,188.24671936,22.0740947723,53.183795929,2.11012046784
1710,89.2660140991,203.477371216,15.5989456177,47.2971916199,1.61790400743
1710,517.319213867,179.639144897,15.2332754135,48.9044761658,0.821023434401
1710,12.777130127,26.7887897491,27.3413486481,65.2510223389,0.343377189711
1710,496.609283447,183.803665161,17.3768215179,48.369342804,0.341828214005
1710,75.2973937988,201.867553711,19.1472549438,52.0697975159,0.0978645519353
1710,610.971130371,248.253952026,18.8173694611,47.6861991882,0.0683739315718
1740,21.6310558319,212.872009277,19.0880947113,53.4764709473,61.1392557621
1740,342.192352295,95.9131088257,25.2184906006,89.141166687,2.4526996538
1740,274.755462646,141.80039978,23.8372898102,66.4497146606,1.4619845897
1740,8.34822654724,216.9349823,16.2623386383,56.0403404236,0.542041752487
1740,31.3447170258,207.359680176,22.4245586395,54.5524597168,0.0609187991358
1740,615.102783203,24.3407917023,19.9516468048,44.3134803772,8.95920663879e-05
1770,358.403808594,80.7813644409,20.8533153534,58.0719795227,3.65979485214
1770,607.139038086,178.046340942,19.0827503204,39.3502120972,3.48343960941
1770,192.123977661,182.437637329,19.7360916138,57.0014533997,2.59612500668
1770,107.245300293,200.102493286,29.0223140717,54.5789375305,1.41427461058
1770,282.839141846,143.572158813,20.9582557678,64.1649703979,0.424231309444
1770,33.8078041077,172.873458862,19.7778491974,67.1033477783,0.0858668179717
1800,552.320495605,274.258148193,39.9520683289,82.0602798462,8.44425857067
1800,572.843200684,302.487854004,25.2314147949,60.4781036377,2.10791602731
1800,13.3334589005,232.010620117,29.8792743683,94.9499206543,1.46790063009
1800,54.9514961243,203.658584595,38.6492881775,102.843315125,1.11268572509
1800,415.127441406,176.136764526,26.8622760773,63.9947967529,1.04604316875
1800,417.032226562,203.747238159,32.3971328735,86.329284668,0.557514233515
1800,616.611633301,171.59223938,15.8640775681,41.6506843567,0.466054491699
1800,286.534088135,138.331604004,19.8256072998,50.3980560303,0.273015722632
1800,76.5553359985,202.647415161,20.1564464569,53.5964546204,0.186961016152
1800,616.443786621,223.401382446,15.3207778931,43.9877815247,0.176932185423
1800,405.694793701,158.751235962,21.9275436401,55.1382255554,0.0911177077796
1800,385.494995117,200.000778198,22.9383335114,58.051574707,0.00638808996882
1830,541.528381348,221.230148315,67.6083221436,152.933303833,76.1925041676
1830,290.026031494,135.154968262,18.1424694061,61.6037788391,29.967969656
1830,610.631713867,164.152099609,18.8870944977,54.5915412903,9.46978032589
1830,6.62995910645,196.776123047,22.590631485,69.7813186646,2.07213237882
1830,572.01751709,301.044708252,32.4750556946,79.3944015503,1.73746850342
1830,576.15637207,178.264282227,19.3159198761,47.8351593018,0.584470853209
1830,63.3333625793,175.906845093,15.0097122192,41.2109642029,0.538542401046
1830,226.674453735,178.345748901,20.844751358,53.9651947021,0.371497240849
1830,19.2875919342,201.972213745,19.5063934326,51.2876167297,0.061833410291
