30,431.361785889,86.5496749878,42.9506263733,136.975967407,32.5510650873
30,148.541427612,111.131492615,18.8312625885,51.435131073,1.93336084485
30,604.027526855,95.1650619507,21.8565216064,53.1338920593,0.776434084401
60,605.006103516,101.039634705,18.8785133362,44.2286262512,0.346631556749
60,429.497528076,88.796043396,43.4885597229,124.876434326,0.151269743219
90,425.880157471,96.1141052246,41.6681022644,103.628967285,2.29540914297
90,605.332397461,101.367576599,18.7507514954,45.4221305847,2.09873020649
90,553.653991699,194.079788208,18.8285331726,40.8509407043,0.0752594787627
90,447.507446289,90.1431274414,39.2563323975,93.2961120605,0.0140313233715
120,429.428009033,85.3470840454,57.5861053467,143.831741333,22.0405623317
120,577.486633301,88.5000686646,20.9531764984,52.7122383118,0.172019412275
120,605.032531738,88.5566177368,18.8961353302,47.818572998,0.117472268175
150,427.958587646,78.3030929565,50.1397705078,144.309371948,70.122551918
150,577.605102539,87.8704223633,20.6423797607,50.4314689636,1.66970230639
150,609.749694824,100.874031067,17.6074047089,44.437412262,0.711510144174
150,608.065734863,32.1870651245,24.0596694946,57.5717201233,0.293565588072
150,466.239379883,69.6763076782,33.4106636047,101.847648621,0.160925870296
150,533.751281738,84.3073501587,19.3633365631,54.717590332,0.0848611234687
150,591.575866699,82.3796463013,26.4942874908,55.6616630554,0.0588768161833
180,426.323516846,92.8032608032,55.7689323425,125.294593811,6.59471601248
180,603.301330566,96.0414199829,22.7603130341,54.0355262756,0.515360292047
210,426.254486084,82.8650894165,60.3442382812,144.833694458,9.42779928446
210,532.93347168,82.4566345215,20.0326213837,55.86926651,0.165915756952
210,605.328369141,88.407043457,19.1739673615,48.5482025146,0.149151717778
240,437.399047852,87.3135147095,39.8313293457,129.681777954,1.12829795107
240,533.125305176,86.4784317017,19.7660274506,52.8128166199,0.204520998523
240,605.611755371,87.7596969604,19.2607479095,48.8906593323,0.0958860793617
270,425.475128174,82.4446182251,48.3137969971,142.026138306,20.0044363737
270,289.959747314,103.251747131,19.0403423309,44.4265098572,2.63667199761
300,610.979248047,85.2735977173,16.863740921,51.7836761475,0.476162135601
300,534.292175293,85.3122940063,18.8715190887,54.2295188904,0.195508473553
300,447.82321167,87.8249435425,31.9411182404,95.0876235962,0.0364501873264
330,428.240234375,84.3925247192,42.8321838379,144.181869507,16.4458468556
330,606.039489746,89.4181900024,18.8238811493,48.6392707825,0.258736265823
360,430.899291992,94.2383422852,37.7804641724,114.072502136,4.51603196561
360,605.282897949,86.7188949585,19.3212413788,50.6768341064,0.245765829459
360,526.846801758,85.496131897,19.9132232666,56.8215446472,0.142686860636
360,470.458740234,73.9364700317,29.7010173798,101.55014801,0.0273148267297
390,433.055145264,91.0923461914,42.7301177979,119.925895691,2.58058197796
390,602.116638184,104.027320862,24.1069507599,54.6514778137,1.84518638998
420,426.819488525,94.5533447266,50.2564239502,116.652893066,15.3522565961
420,604.585876465,94.9621887207,20.918466568,49.6545372009,0.606010481715
450,425.358062744,96.6630630493,41.3989372253,114.702934265,1.47865433246
450,604.528137207,96.0693283081,20.9075450897,54.1992530823,0.304718245752
480,602.228637695,99.4350204468,23.7048778534,54.4718322754,1.17673808709
480,428.179718018,96.7153930664,45.6742515564,107.472938538,1.13422228023
480,533.347106934,83.8580245972,20.290845871,51.7060699463,0.36717876792
510,425.101318359,99.0817337036,39.6428108215,105.429039001,6.77856504917
510,610.886779785,100.008369446,17.6044559479,45.8456459045,0.682521658018
510,533.473083496,83.9807434082,20.4248905182,55.5825004578,0.229382142425
540,428.742675781,89.1885375977,47.2230987549,128.004592896,33.5408598185
540,610.249511719,103.070129395,17.3103275299,46.6390419006,0.89052375406
540,532.696533203,81.5087356567,20.0730171204,54.6548652649,0.0776647764724
540,601.47857666,85.1509094238,19.5223426819,47.3877716064,0.0671636546031
540,573.22277832,80.5677032471,22.1161136627,53.5891838074,0.0590929295868
570,427.468780518,78.1070785522,64.7824935913,149.205032349,42.0004695654
570,605.567077637,98.7919006348,19.0339508057,47.4455108643,1.24741829932
570,578.236999512,89.379524231,21.172328949,55.4593658447,0.8295587264
570,553.19909668,192.978897095,18.8573246002,42.3315925598,0.0983335776255
570,595.066101074,91.142791748,19.9720478058,48.1588554382,0.0869714131113
600,427.731201172,95.1361083984,47.8725738525,130.208297729,15.9168630838
600,152.065414429,109.39855957,17.7311878204,52.7573852539,2.93356887996
600,603.214233398,94.9222793579,23.1034259796,55.0346221924,1.00572574884
600,533.115783691,83.7153244019,20.6156845093,55.6158866882,0.116242759395
630,429.360931396,81.7759475708,59.6801338196,144.170166016,22.2979918122
630,605.683349609,99.5639648438,19.044500351,48.0954475403,0.556406052783
630,579.557922363,75.9349899292,25.7824459076,60.2978057861,0.0257092469838
660,426.811126709,72.9619827271,65.6749801636,154.369522095,15.0378927588
660,419.297607422,108.843910217,37.9671325684,86.1400527954,1.76266077906
660,408.58480835,140.812011719,21.3250598907,47.3068389893,1.63762960583
660,605.180725098,106.869895935,19.4910068512,49.5128479004,0.703923543915
660,602.681091309,73.9496231079,22.802438736,58.9378013611,0.0659705779981
660,608.513366699,29.2884502411,24.9098148346,57.1652679443,0.0207149118069
690,421.369171143,94.9385604858,53.3210334778,123.599754333,27.3566514254
690,415.31741333,106.735908508,20.1416530609,59.8335609436,2.33354475349
690,606.286804199,82.5326919556,18.4015464783,49.4366912842,0.250782165676
720,432.707183838,84.3154830933,40.70362854,137.77494812,44.1834151745
720,611.077941895,81.3202056885,16.1166629791,52.313243866,0.213197479025
750,430.94229126,100.822532654,38.2545394897,109.926544189,1.19892926887
750,159.531555176,182.106369019,22.538734436,81.1079483032,0.343789253384
750,578.353088379,66.1957321167,22.3495121002,53.1442298889,0.12917353306
750,533.501220703,103.220336914,19.3534030914,56.1088829041,0.119259662461
780,433.29574585,79.305519104,61.4393119812,150.902160645,6.60723000765
780,431.557495117,113.449737549,26.1459102631,74.539894104,0.84070879966
780,543.361877441,86.8043136597,19.9688167572,52.3284721375,0.331426574849
810,554.070373535,90.9547958374,18.8521595001,54.4040718079,0.229948246852
810,480.398468018,69.1749038696,34.7429695129,100.189338684,0.00694739210303
840,452.775421143,76.7964859009,61.24426651,156.772018433,12.3271465302
840,441.207885742,130.687789917,20.1558380127,52.9455108643,3.5985250026
840,580.460205078,73.0816268921,19.4715270996,54.3211364746,0.999489054084
840,575.522094727,178.38130188,25.5057983398,64.6593856812,0.165931903757
840,388.693725586,116.586967468,26.8922138214,72.318687439,0.0721384305507
870,477.059661865,60.6764526367,49.9494438171,159.830184937,13.1334617734
870,372.194091797,112.190986633,16.958814621,46.2090110779,1.18660079315
870,505.058197021,146.329528809,23.2865543365,74.81665802,0.466212444007
870,463.730072021,107.166687012,20.2832965851,65.6156997681,0.412516994402
870,449.180755615,102.529304504,23.7606754303,75.9652481079,0.0690268410835
900,508.693450928,61.8345336914,105.328346252,209.301193237,4.89820353687
900,504.548126221,95.552520752,30.3968963623,74.9396743774,1.49736879393
900,502.275878906,71.0675888062,20.6150131226,57.037776947,0.0669302185997
930,401.868499756,101.483680725,16.5815315247,47.9070777893,0.362106505781
930,484.018798828,92.9481124878,18.1174716949,56.9319419861,0.284717138857
930,160.989547729,180.971801758,21.9462528229,79.2854614258,0.240869517438
960,281.022888184,107.224121094,28.9860363007,52.6887512207,0.913741160184
960,415.299072266,98.2803726196,16.156244278,52.5412902832,0.194412865676
990,419.911468506,102.903465271,18.571680069,50.8342475891,0.930972956121
990,429.103027344,85.797454834,18.7233257294,53.1837310791,0.102362839971
990,535.820495605,93.0312728882,17.3764362335,53.1356010437,0.0341008591931
1020,536.197265625,126.158058167,19.9056510925,56.8645591736,5.43256476521
1020,440.689575195,83.6131668091,19.4204711914,50.2752189636,0.0662645325065
1050,539.013305664,61.1906318665,29.84375,102.720214844,3.5933740437
1050,572.908874512,91.1631240845,26.5373134613,93.9566116333,2.28518173099
1050,106.574279785,182.856399536,18.6872196198,39.2642669678,0.453936774284
1050,586.064575195,141.932189941,18.7917308807,48.7213478088,0.396951241419
1050,452.100341797,91.972076416,18.6329498291,54.752243042,0.162803102285
1080,611.362121582,145.512496948,17.196352005,56.6447601318,4.1171874851
1080,418.910858154,110.023994446,16.304265976,48.8046913147,1.83491576463
1080,314.543457031,93.4811401367,20.61860466,49.2692375183,1.50903714821
1080,482.327667236,135.470016479,19.3104934692,40.1095619202,1.42308212817
1080,49.0905342102,77.1612930298,19.6986026764,50.4058876038,0.537255592644
1080,335.347320557,87.8909072876,28.5959529877,59.2421875,0.159217929468
1110,594.569763184,66.9613418579,24.8701553345,70.3277816772,25.5995690823
1110,497.650970459,140.895126343,17.6544895172,45.1105079651,23.629912734
1110,455.410614014,119.396400452,18.5063476562,49.275806427,0.0932622642722
1140,519.801818848,143.275283813,20.7619304657,44.3438453674,90.7610237598
1140,435.200408936,113.698394775,20.4355812073,56.6077537537,80.3464531898
1140,554.308837891,123.889808655,19.3159389496,70.1862564087,0.949232373387
1140,469.960418701,132.319992065,16.1144275665,46.3916816711,0.67835142836
1170,545.620056152,142.860992432,24.4817295074,56.8872261047,96.6551721096
1170,487.370117188,144.142715454,19.3938484192,47.861831665,37.3259365559
1170,616.098144531,123.680503845,18.0591678619,52.9166221619,2.69828159362
1170,380.978912354,181.597549438,26.7473831177,91.4435348511,2.6795014739
1170,14.3148603439,78.3861541748,29.6500854492,69.1921310425,1.17120295763
1170,604.473937988,312.274139404,27.1668224335,63.529384613,1.11157819629
1170,360.284179688,101.653594971,20.1509609222,52.3091697693,0.471157999709
1200,582.10949707,162.896347046,25.6393203735,57.5979423523,94.7290182114
1200,381.794830322,93.5213241577,34.5611991882,78.5093917847,4.54324819148
1200,348.631958008,116.008728027,26.9050064087,52.4530601501,3.84232662618
1200,443.875457764,130.374328613,25.6477203369,60.6137733459,3.18925231695
1200,612.021057129,169.048339844,17.3189182281,47.955280304,1.04208504781
1200,503.030181885,149.40586853,23.9018707275,57.2073059082,0.923535320908
1200,606.840515137,119.345054626,27.6818523407,86.0971374512,0.508896401152
1200,357.25869751,102.817344666,35.4738960266,93.4981765747,0.198887404986
1230,427.576568604,61.1074523926,34.443107605,89.2386474609,4.66396361589
1230,333.07901001,115.4635849,26.1375141144,45.1479797363,0.96373539418
1230,3.27267837524,54.4341278076,27.8775482178,69.143119812,0.278697093017
1230,455.111785889,136.777755737,23.5855579376,60.5504264832,0.233135325834
1260,598.796630859,135.344833374,27.0863246918,90.9007797241,7.44000971317
1260,234.785324097,100.872642517,23.5906829834,64.1413192749,0.0928553170525
1260,404.729217529,282.238250732,21.9243392944,53.1626739502,0.0490953971166
1260,60.606716156,123.687408447,18.7426509857,54.2064170837,0.0397349300329
1290,503.279083252,146.439926147,21.699590683,63.591091156,2.43178755045
1290,11.2606496811,168.312301636,22.2795276642,44.831741333,1.48529279977
1290,32.4572715759,144.47328186,18.5939540863,57.6817893982,0.968263112009
1290,307.826660156,112.492179871,17.6105804443,39.1533622742,0.0782429357059
1290,211.279785156,111.445137024,21.3831710815,54.7339515686,0.0460030889371
1290,11.5436639786,106.580780029,27.3834152222,68.7517929077,0.00311587500619
1320,180.839889526,147.914718628,18.2284069061,48.4838905334,15.678755939
1320,523.57800293,113.654655457,21.4127407074,72.3850326538,13.4365275502
1320,200.110412598,120.532615662,26.9877414703,69.7618789673,1.50497453287
1320,536.741149902,99.7925796509,21.5026855469,70.2588577271,0.828746519983
1320,552.217102051,142.337234497,18.5117950439,50.2266120911,0.529604125768
1320,605.066223145,108.580360413,23.1142807007,71.7625045776,0.0446925871074
1320,386.518707275,167.851074219,31.9691829681,106.78515625,0.0344504747773
1350,543.957092285,111.051269531,21.4002056122,74.0372695923,87.684994936
1350,568.529968262,100.269447327,27.3568935394,96.7300415039,38.3894681931
1350,556.966247559,109.553749084,18.9283485413,71.9094772339,4.26429584622
1350,581.916564941,82.4091262817,21.5833797455,67.1173248291,3.03910654038
1350,518.992004395,99.0884094238,19.9020328522,72.5025634766,2.61001810431
1350,569.686828613,78.3201370239,20.0133037567,54.6184959412,1.81420873851
1350,564.061645508,142.70539856,19.1025295258,53.7430534363,1.29972621799
1350,49.0021247864,154.793380737,22.2234363556,54.1668395996,0.375916017219
1350,558.142272949,88.3798904419,19.9498462677,51.1053886414,0.0803352624644
1350,9.51212787628,145.716720581,27.3458461761,56.5947265625,0.0757943780627
1350,586.40838623,44.8031578064,22.4803142548,63.5176277161,0.0256233412074
1350,195.392562866,164.204055786,21.4210720062,52.6947631836,0.0249078730121
1350,584.375976562,151.692520142,19.1337013245,50.0251312256,0.0171058054548
1380,569.283081055,102.602775574,25.626159668,98.8450088501,59.1337442398
1380,581.968139648,153.107315063,19.3108081818,48.2952690125,46.8596220016
1380,609.80480957,110.437553406,20.9725399017,84.2314605713,27.41497159
1380,615.479797363,54.0654258728,17.3006343842,53.7934570312,0.778574636206
1380,590.614074707,125.008964539,22.3792133331,71.558921814,0.713898800313
1380,608.227294922,74.5226593018,24.2061252594,73.0313415527,0.463021034375
1380,6.72139596939,145.607574463,13.7976331711,58.0584869385,0.374488951638
1380,513.825500488,332.978027344,35.6390266418,94.7565689087,0.165201292839
1380,107.859405518,97.3407669067,18.5230388641,55.1156578064,0.0545976567082
1410,596.188842773,94.3461074829,27.248041153,103.463569641,90.9507036209
1410,615.759643555,147.923965454,16.1745872498,53.4707832336,10.7773147523
1410,37.3309059143,169.200515747,16.5389995575,48.5924987793,5.4845828563
1410,540.02154541,159.918655396,18.3647613525,45.3410606384,2.93835662305
1410,540.283752441,99.1246032715,20.2262248993,53.5220336914,2.83733718097
1410,609.324768066,107.087562561,25.0998020172,69.4904251099,1.83296706527
1410,50.5115318298,176.100265503,16.8027095795,52.1865196228,1.59170515835
1410,222.797424316,167.096725464,31.8124408722,99.5114440918,1.37542756274
1410,240.68963623,162.95765686,24.5372638702,87.2253723145,0.253775878809
1410,25.5087280273,80.4063644409,30.0151844025,78.9791564941,0.118986016605
1440,549.902099609,158.350112915,17.7590465546,48.8332519531,8.24928805232
1440,611.922424316,145.005828857,17.4611110687,56.0237426758,2.79184281826
1440,609.07232666,88.5433120728,20.5165729523,61.359172821,2.13202480227
1470,610.178833008,138.766281128,20.2963199615,68.5571899414,8.80914926529
1470,609.249816895,91.7047424316,19.3917751312,62.1120262146,6.06366246939
1470,245.626525879,172.712478638,31.175283432,70.9697494507,2.98372767866
1470,290.818115234,116.846000671,22.655374527,49.4947509766,0.545904692262
1470,588.286621094,172.243713379,20.2938766479,42.8994903564,0.121966027655
1500,553.61114502,169.839950562,19.4916000366,48.6351051331,52.6877105236
1500,603.454162598,100.20426178,26.4494304657,69.3953704834,6.16700612009
1500,607.370544434,155.717544556,21.8419036865,59.022769928,5.38377575576
1500,276.190887451,136.915267944,20.3859729767,47.5615081787,2.65416689217
1500,577.033447266,171.337203979,23.8413028717,52.2281684875,2.53766607493
1500,617.17791748,177.346191406,15.1004629135,49.1251792908,0.714102061465
1530,557.184082031,170.01348877,19.5072917938,50.246257782,70.418959856
1530,605.432067871,141.868270874,23.0278015137,73.9192428589,10.6256790459
1530,608.785522461,93.304901123,20.9896526337,58.9813270569,9.42960232496
1530,616.430603027,173.304153442,15.8505783081,49.0579223633,2.75933407247
1530,127.844940186,193.272537231,27.1995677948,57.8937950134,1.05518950149
1530,570.642211914,167.004150391,23.1932983398,58.4711952209,0.657932274044
1530,583.52532959,178.324081421,20.1887531281,47.9495391846,0.170544488356
1530,595.302001953,90.3794784546,19.8089065552,54.1018333435,0.0852785189636
1560,553.80670166,174.998580933,18.05377388,47.4332733154,73.6619889736
1560,596.453369141,98.2850723267,33.556350708,125.108283997,38.6441856623
1560,142.817245483,170.885253906,22.609369278,67.776550293,28.487816453
1560,566.590820312,174.189559937,18.9075222015,49.4959869385,0.824883021414
1560,495.265625,72.6510696411,32.1341514587,83.3526077271,0.146583653986
1560,579.36340332,178.623855591,17.6561946869,45.6459197998,0.0476568326121
1560,478.265838623,107.467506409,18.4659309387,45.2430076599,0.0105322360469
1590,546.273071289,175.194335938,16.8857860565,48.4717445374,77.3871123791
1590,108.050956726,175.547729492,20.3408756256,51.9763145447,24.6964991093
1590,588.722290039,79.9290847778,30.8919582367,111.256530762,2.18777637929
1590,558.20880127,181.607299805,20.9846744537,50.184513092,0.833496637642
1590,585.714172363,169.154541016,22.7800884247,51.6435127258,0.601495755836
1590,605.70526123,148.855178833,20.2006855011,62.6726226807,0.207169656642
1590,587.52331543,79.9776992798,18.348733902,57.8589019775,0.146152044181
1590,219.804885864,225.932128906,30.2554569244,92.0092773438,0.016741087893
1620,613.987731934,155.817382812,17.3567256927,57.2418708801,10.094229877
1620,546.439147949,188.649215698,20.835609436,45.7269477844,2.2231079638
1620,88.7269058228,191.651473999,20.564535141,53.5583763123,0.606357725337
1620,589.04876709,144.472396851,29.404800415,82.3550033569,0.194630282931
1620,580.160705566,77.8568649292,20.5706768036,65.5511550903,0.161686318461
1620,357.774536133,36.1673240662,21.3285293579,66.92993927,0.0984502141364
1620,371.552490234,39.5653800964,21.4815216064,64.2772750854,0.0636684068013
1620,228.715652466,174.319213867,25.6627407074,66.0355758667,0.06295342464
1620,563.238586426,85.2502975464,19.6376895905,54.4235267639,0.0489143654704
1650,543.621398926,175.985244751,19.3314228058,54.6313171387,76.5923559666
1650,572.777160645,69.8794021606,39.4830970764,157.270767212,46.3201880455
1650,191.034805298,185.771011353,25.4206695557,68.1761550903,15.1235327125
1650,24.8940563202,179.453979492,24.9018917084,52.9401245117,3.78766879439
1650,526.382873535,175.39630127,19.5398960114,52.1186637878,2.22961362451
1650,578.926513672,64.3880233765,22.5493793488,73.8212814331,1.50129711255
1650,564.64654541,59.9080467224,21.5039844513,63.7946281433,0.441559031606
1650,311.355987549,33.4466896057,37.4577331543,77.1035995483,0.000229532156482
1680,551.16418457,174.773330688,21.9421253204,55.7577667236,98.2988715172
1680,579.065856934,157.630996704,24.2177677155,65.0191421509,24.5444118977
1680,574.115539551,64.7164993286,40.7382316589,161.301330566,11.5984722972
1680,612.256469727,148.307388306,16.7166118622,50.944732666,5.48645555973
1680,537.711730957,178.234664917,21.712392807,56.6636695862,3.33046093583
1680,526.803039551,176.034973145,19.9004135132,55.8391685486,2.73029059172
1680,5.65217733383,188.802597046,18.2473888397,49.5445518494,1.65850371122
1680,179.431716919,188.238891602,18.8948307037,53.8967094421,1.29925031215
1680,569.832397461,165.441726685,20.2413349152,64.4062652588,0.788211170584
1680,363.149414062,325.770721436,24.6270217896,53.4713172913,0.566652044654
1680,600.63067627,152.14112854,19.150094986,54.3898620605,0.498706661165
1680,388.270141602,304.795471191,27.3226470947,59.5316467285,0.35833180882
1680,603.573120117,94.7479476929,27.5328197479,70.5081939697,0.0401900324505
1710,577.989685059,176.138977051,21.0426235199,58.8413505554,96.2775468826
1710,601.557128906,179.772094727,18.4491062164,57.0231170654,19.5859804749
1710,143.457687378,191.426132202,24.6005764008,69.4753875732,2.69684586674
1710,616.962768555,183.931991577,14.8994894028,50.1158790588,1.99842061847
1710,564.824157715,183.926956177,18.6175746918,55.5016899109,1.59943178296
1710,592.134521484,105.988067627,27.0765666962,84.5634536743,0.901022180915
1710,169.23840332,188.696350098,19.91755867,51.4115333557,0.430528819561
1710,162.407806396,354.740142822,22.8071537018,50.0523681641,0.331383268349
1710,328.962890625,348.146270752,20.7958679199,51.1188163757,0.100804341491
1710,394.655548096,338.26675415,27.3407649994,57.4725799561,0.0515749969054
1710,407.327911377,334.990753174,34.0859603882,66.8079910278,0.0156740497914
1710,205.24005127,243.028030396,23.6369037628,60.1179656982,0.00829846976558
1740,605.090026855,176.021377563,25.0479068756,63.8686218262,98.7921714783
1740,613.099182129,85.8502426147,20.6449985504,58.3206748962,5.51449023187
1740,619.756530762,169.711074829,18.8559703827,63.8005714417,3.29330042005
1740,600.651306152,91.9225387573,29.5927963257,104.250770569,0.354742771015
1740,566.512756348,174.787124634,25.9548568726,68.5431060791,0.199232297018
1770,573.585754395,194.574645996,25.2062683105,58.1581573486,0.322201708332
1770,424.012329102,98.572593689,20.5675945282,60.3267059326,0.131600897294
1770,435.232940674,102.550224304,21.8022079468,63.6274833679,0.0263571448158
1800,374.970123291,181.558883667,22.8888034821,45.2235374451,3.52254845202
1800,519.894470215,189.758071899,19.125415802,46.97473526,1.75092164427
1800,158.257736206,186.215011597,20.3274536133,50.3002586365,0.923971552402
1800,305.141876221,139.570755005,26.5252151489,65.3456344604,0.623701093718
1800,583.977539062,196.60786438,18.9143753052,50.1467628479,0.599653879181
1800,562.058044434,185.567993164,34.083530426,64.5192642212,0.341559201479
1800,310.852813721,179.135620117,21.0709667206,50.8414459229,0.265491288155
1830,104.79914093,189.914245605,27.1749744415,70.1815872192,1.37770660222
1830,410.260620117,106.832862854,18.0598907471,50.7382011414,0.697862356901
1830,572.637512207,193.546157837,28.9736557007,63.6742858887,0.376893207431
1830,588.542907715,214.136917114,20.8183269501,46.5255737305,0.178790732753
1830,419.806365967,104.346138,18.5692462921,49.2326660156,0.013530907745
1860,572.047241211,186.315628052,43.3811035156,76.2911071777,3.26787419617
1860,520.478820801,187.247024536,20.6082267761,55.3519897461,1.31062371656
1860,595.450195312,216.543624878,18.6951465607,49.8995475769,1.15777738392
1860,389.615325928,100.800476074,24.6167011261,61.053653717,0.256846589036
