30,403.172607422,161.785079956,19.4383811951,49.5735664368,7.92763233185
30,488.25479126,163.200485229,36.2319564819,93.5786743164,4.33461368084
30,433.832183838,152.407058716,21.1300849915,52.4396781921,2.24409718066
30,421.552337646,157.077331543,17.7119922638,48.7683105469,1.27773405984
30,519.199523926,142.124984741,27.2972393036,58.158493042,1.20471119881
30,320.835327148,36.3795967102,19.1625766754,51.184879303,1.09549676999
30,446.175872803,154.328384399,18.8863639832,57.2683143616,0.835730787367
60,403.081054688,165.994796753,19.1162014008,48.7173042297,1.23869758099
60,463.649200439,134.516159058,24.7677631378,82.9667892456,0.45910179615
60,434.756713867,154.21546936,19.6630687714,52.169921875,0.309001142159
60,421.399536133,157.914505005,17.8936004639,49.247303009,0.0205348274903
60,322.206085205,29.0659046173,22.1809253693,52.4793434143,0.0109532396891
60,548.543029785,35.9961090088,31.1062755585,67.6073226929,0.00730324463802
90,604.148071289,85.5635604858,27.3934173584,70.0225906372,1.2636016123
90,352.762054443,37.4303970337,31.5219726562,74.3187332153,0.787885859609
90,282.180450439,117.010704041,18.3344287872,51.7394866943,0.121150258929
90,476.358032227,153.477645874,27.1432094574,61.4616584778,0.0204475029022
90,335.008605957,34.1489067078,30.1418056488,68.1216201782,0.000325258633893
120,535.209533691,143.8256073,27.2954330444,68.1042404175,1.80201865733
120,453.206054688,146.735610962,18.359369278,50.2915458679,0.608345260844
120,462.876312256,149.622421265,20.9483776093,55.132232666,0.0668459746521
120,573.16619873,154.331634521,25.1760578156,62.8316497803,0.0556457904167
120,481.889129639,143.112075806,21.4557170868,50.9723510742,0.00902755709831
150,524.133728027,134.788742065,22.2852020264,67.885635376,12.5087708235
150,329.537780762,159.68296814,20.7722949982,46.4826850891,0.608721142635
150,498.568939209,139.554321289,21.8258190155,62.5543212891,0.0339713442372
150,536.670227051,133.888656616,23.5262889862,77.8265075684,0.0253946025623
180,528.38848877,141.184143066,25.2250080109,60.1464881897,2.23635118455
180,595.141174316,111.739006042,32.0256309509,97.96875,1.16478875279
180,47.4700508118,165.370010376,18.3546504974,52.4005393982,0.813890434802
180,610.710388184,156.006225586,16.4888095856,55.3127441406,0.762617960572
180,302.127166748,114.39730072,18.4252071381,51.8184928894,0.628239149228
210,606.695861816,186.718063354,21.2054271698,48.3808746338,11.4503607154
210,331.650238037,156.099487305,20.5017910004,51.3258018494,0.593259325251
210,280.740081787,113.067504883,20.6200332642,48.337474823,0.478234514594
210,165.335647583,160.351333618,25.8749828339,54.1165008545,0.153219827916
240,327.015930176,159.779541016,20.734375,46.7302742004,0.812014285475
240,274.826385498,113.953208923,18.5981712341,46.3428955078,0.496469205245
270,490.344482422,176.637069702,20.7074108124,48.3271369934,70.4159379005
270,322.747283936,157.69392395,20.3983287811,50.395526886,0.818831007928
270,269.547241211,101.953697205,18.6198654175,51.7172966003,0.671802833676
270,616.284240723,78.264831543,16.8350219727,51.1002960205,0.390145508572
270,308.364044189,160.138778687,24.0060710907,49.3147621155,0.14272199478
270,292.932647705,105.656005859,18.3288288116,51.6769676208,0.0848483527079
300,577.872009277,175.327331543,29.7931194305,65.0179367065,97.6449012756
300,547.015441895,177.395431519,23.3238697052,59.9603881836,2.32189614326
300,153.812210083,183.056137085,19.396894455,41.6136894226,2.04639676958
300,264.671051025,103.168663025,20.2518405914,47.9631690979,1.30028622225
300,561.631835938,177.138656616,26.7064266205,57.5586090088,0.832983013242
300,430.324737549,183.302566528,20.9760780334,57.1887931824,0.613543717191
300,312.473724365,146.565231323,28.6601104736,59.874710083,0.537329213694
300,600.755065918,181.327636719,20.3186244965,52.5270385742,0.369389727712
300,245.275222778,112.028938293,21.4701290131,48.0607147217,0.280858157203
300,274.122467041,88.280921936,19.4541568756,50.3655128479,0.213339063339
300,235.222000122,121.109283447,23.2651004791,62.2710838318,0.171705067623
300,445.411254883,174.895431519,28.5449542999,77.5790252686,0.0195521031856
330,309.378997803,141.289474487,28.145116806,62.1966514587,1.87711976469
330,108.324859619,191.358352661,21.3705062866,42.4910316467,1.55044486746
330,549.455932617,212.489303589,37.6348762512,111.110565186,0.631453888491
330,292.736785889,67.7037277222,18.45520401,47.2499542236,0.495021184906
330,258.008850098,95.1473693848,19.2810096741,50.0267181396,0.29538127128
330,327.906524658,159.241531372,18.5511131287,47.9205970764,0.23148143664
330,230.608093262,113.2215271,26.6933307648,55.5630493164,0.0630661845207
330,297.318450928,85.0366668701,19.3219146729,54.4408874512,0.0547363306396
360,504.875854492,151.414413452,22.2080669403,69.2390289307,1.78064890206
360,249.212814331,88.854095459,20.2548522949,46.4250679016,0.819978676736
360,441.533325195,160.899795532,20.0336170197,52.1064872742,0.655376305804
360,328.706268311,154.801361084,17.1248493195,48.8283081055,0.464852200821
360,287.115997314,80.5383911133,18.7580318451,51.3691673279,0.0693920708727
360,234.624191284,105.641540527,22.0913009644,48.7261047363,0.0427302409662
390,566.641296387,152.56892395,22.4052200317,65.7480392456,5.39916045964
390,591.253540039,145.038711548,27.7289886475,63.786151886,0.857441220433
390,326.505889893,146.588378906,18.595249176,52.7896270752,0.651615159586
390,280.755523682,57.9403266907,21.0861949921,51.8489952087,0.281180464663
390,286.646148682,89.7871017456,19.774936676,50.5827636719,0.186856440268
390,94.6108016968,167.420913696,21.2919712067,49.2073020935,0.159393553622
390,240.094345093,62.4909362793,25.9680557251,51.2030906677,0.0863594585098
390,442.125610352,137.371536255,19.7103729248,55.9413452148,0.0758786743972
390,382.087249756,179.513305664,17.7414150238,42.7852745056,0.0754538457841
390,305.398712158,137.328125,26.3241043091,60.0188026428,0.0650821952149
390,339.890411377,148.074478149,17.3090419769,46.8851127625,0.0414615002228
390,284.768218994,28.9667282104,21.5146160126,49.1797943115,0.0104496328277
420,326.365570068,136.567306519,19.1310520172,53.4636039734,66.4185345173
420,484.293243408,208.221969604,21.3937282562,67.6142578125,2.6656890288
420,307.749420166,126.70425415,28.904668808,64.5387039185,1.53870675713
420,410.806243896,179.009841919,21.3416900635,52.24168396,1.11470809206
420,276.854156494,30.3105144501,19.3021450043,49.4509620667,0.270093628205
420,279.697998047,90.6487731934,20.9678573608,52.2430763245,0.265152263455
420,286.109191895,70.7305908203,19.2180290222,50.3421020508,0.193704396952
420,338.405426025,134.782913208,18.8709335327,51.5454139709,0.0909439753741
420,518.282775879,136.886322021,19.8267116547,54.7479057312,0.0192522187717
450,324.949035645,129.113647461,20.7309436798,58.9225273132,70.0194001198
450,471.702758789,172.197738647,30.5713443756,69.9937896729,3.42389978468
450,301.583374023,121.594352722,29.0691127777,65.1243362427,2.89808567613
450,337.554382324,131.327072144,19.1735610962,53.7012748718,0.204589334317
450,537.837219238,89.5278320312,31.920633316,88.6344909668,0.0144491408719
480,324.317962646,122.807617188,23.2853622437,67.9553756714,74.3134438992
480,525.807922363,161.135894775,20.6928577423,43.2179222107,8.30921903253
480,296.505859375,125.964294434,27.8355789185,64.7367858887,1.38660166413
480,224.359863281,53.5815582275,25.5915317535,55.249835968,1.1966181919
480,504.193969727,156.74432373,18.254360199,51.844039917,0.461596529931
480,339.034423828,127.912071228,17.7348804474,56.1398773193,0.447785994038
480,262.208404541,61.1201591492,17.9809455872,55.8426475525,0.186976266559
510,317.793579102,117.295288086,23.7134246826,72.9898147583,46.2541818619
510,382.446685791,79.6154556274,28.7011489868,70.3622741699,0.881872884929
510,583.1953125,164.834350586,19.3129844666,52.7854042053,0.649075955153
510,333.244110107,132.939086914,17.5723361969,53.6769714355,0.147817516699
540,319.723175049,118.089263916,23.6102733612,69.983543396,26.4187216759
540,332.860198975,133.239730835,18.1533298492,52.5043792725,4.147002846
540,198.412002563,29.5961303711,22.1264266968,55.4141235352,0.625572865829
540,536.081237793,57.6780204773,21.0254707336,67.4451217651,0.249760551378
540,248.55116272,56.20885849,19.4867935181,50.2252807617,0.0573508499656
570,342.308441162,100.083465576,27.4774169922,89.1245117188,71.347796917
570,604.267944336,148.037857056,18.5551929474,54.6953239441,6.43285512924
570,18.8048877716,128.912445068,24.2679691315,53.2406158447,6.3279889524
570,412.472930908,124.816741943,25.5245304108,66.8753433228,3.4565474838
570,115.006340027,100.163520813,27.2576351166,72.3377609253,2.54797767848
570,356.395111084,135.921798706,19.179058075,54.1402549744,2.22595054656
570,9.64556789398,132.923095703,18.9583263397,49.2128486633,0.855632778257
570,423.255767822,107.447349548,21.4496936798,52.4094543457,0.232510757633
570,503.285644531,62.6551246643,18.3525333405,58.252166748,0.086195115
570,404.244476318,120.153633118,20.7593479156,48.9580039978,0.0785202486441
570,369.084747314,136.657501221,17.0491161346,52.5495262146,0.0707619939931
570,206.338302612,36.7853050232,20.7233886719,56.7421722412,0.047944803373
570,392.488067627,122.878120422,20.7410106659,45.8619804382,0.00293077791866
600,403.403686523,93.1418075562,28.5113220215,103.660270691,75.9774982929
600,431.31237793,123.380615234,19.9360218048,69.9482192993,13.6921703815
600,418.389648438,132.254516602,18.9776000977,60.8228149414,5.49262836576
600,577.000915527,109.447013855,30.6383838654,79.9908828735,4.9112342298
600,519.764709473,124.245849609,23.7563018799,71.2609176636,2.50129029155
600,415.120147705,85.8181991577,21.9266586304,64.2014694214,0.918392650783
600,43.8440437317,133.07951355,22.362154007,49.1681556702,0.893078185618
600,610.764648438,97.8911743164,17.8066730499,50.3865814209,0.423864182085
600,596.935546875,106.783439636,27.9014434814,71.4318008423,0.403990037739
600,264.48651123,26.3512439728,20.5519714355,51.0206947327,0.201805587858
600,541.973205566,113.748039246,20.103471756,60.6173362732,0.186475052033
600,429.410858154,80.0363311768,23.5101032257,77.6325378418,0.0951942696702
600,181.387588501,82.6442489624,20.4135150909,56.6046714783,0.0804085226264
600,501.343353271,132.058502197,27.9680328369,71.4230728149,0.0567105016671
600,246.936782837,24.9595108032,22.8639144897,51.6802940369,0.0454719789559
600,557.869445801,105.656974792,21.2473125458,62.8321342468,0.0440668431111
600,238.115982056,31.8966064453,19.6318149567,58.1216430664,0.0352774950443
600,316.971862793,68.1092529297,29.8853607178,69.7281951904,0.017050569295
630,542.278564453,120.66544342,28.5362415314,80.643371582,73.1430470943
630,527.790771484,95.9375610352,29.4205169678,104.364654541,4.0391407907
630,328.84072876,29.3408794403,21.0426235199,47.6023826599,1.36992493644
630,522.277709961,152.350204468,18.8296051025,52.8190765381,1.11636770889
630,533.340026855,157.489517212,17.276348114,50.7707557678,0.658811582252
630,306.056945801,32.6933021545,20.7145137787,52.0293579102,0.536321708933
630,527.993103027,29.7356262207,33.0062026978,114.654174805,0.0225955620408
630,316.245574951,25.6145477295,21.2146110535,51.8290596008,0.00162506894412
660,397.940155029,27.9021015167,20.4431304932,50.8122291565,0.381299015135
660,407.198455811,21.0623397827,23.2716846466,49.8066673279,0.0708893465344
660,227.421508789,90.7940139771,22.0318508148,50.8184013367,0.00273726200248
660,429.033081055,16.5242290497,22.5610675812,50.014831543,3.8903098698e-05
690,234.955001831,126.969261169,24.3508396149,57.7033348083,1.03193996474
690,219.69468689,132.955795288,19.3239746094,52.69581604,0.54104141891
690,252.53477478,140.809936523,16.4354572296,44.7599143982,0.22573559545
720,447.03237915,100.623962402,28.6142024994,87.2790756226,10.4489378631
720,473.568237305,71.4055786133,21.5265331268,56.2184791565,1.07921399176
720,559.465881348,174.622451782,18.2179508209,38.1161003113,0.321901543066
720,522.324829102,153.318832397,16.4742851257,48.1964569092,0.0292925804388
750,317.385986328,146.494827271,18.7434482574,52.7626686096,0.625937711447
750,478.997772217,86.873664856,25.7283763885,68.4114761353,0.552112143487
750,261.199676514,157.818771362,19.4945964813,54.1689796448,0.13270736672
750,537.102111816,52.6347045898,22.241060257,66.2055282593,0.0917312630918
780,12.4439172745,151.901733398,21.0628948212,56.6458740234,20.751196146
780,83.9719161987,177.00378418,19.1677036285,39.6965637207,4.92078587413
780,610.833068848,172.862365723,16.7950763702,52.850692749,3.70171107352
780,162.16053772,158.193893433,19.5815067291,54.6824798584,1.7585940659
780,607.982421875,64.0819473267,20.2982120514,59.8875427246,1.04067251086
780,526.657897949,94.891960144,24.9396343231,76.9336013794,0.63582980074
780,261.976196289,177.221740723,19.4059658051,49.4936180115,0.122109649237
780,29.7350139618,159.996170044,16.8722057343,51.3086547852,0.0779594818596
780,549.130187988,34.2620925903,37.6246261597,71.4586257935,0.0472692539915
780,183.988388062,117.77986908,20.5146903992,50.1572265625,0.0242243593675
780,170.364440918,118.426879883,23.77318573,61.906463623,0.0181860945304
810,11.2087965012,185.329666138,18.9157123566,47.3891868591,23.5785290599
810,3.39114379883,187.711654663,14.5461759567,49.6470031738,1.60444136709
810,137.181503296,133.799636841,20.9247589111,53.7718467712,0.728555256501
810,23.953546524,187.079910278,19.0922737122,46.9244499207,0.63403067179
810,65.4443130493,108.588317871,32.605304718,102.749443054,0.597715331241
810,306.332183838,140.679077148,17.1776065826,56.8686103821,0.414702156559
810,157.886520386,110.881690979,23.978395462,51.4231147766,0.0678240088746
810,316.692474365,144.539367676,24.9661159515,59.0583000183,0.0268771982519
810,242.805541992,176.013977051,18.0052700043,48.4662666321,0.00286537651846
840,8.46783065796,151.629852295,24.8461170197,73.3290023804,8.22193995118
840,239.349685669,136.098999023,29.1559238434,75.5974655151,3.273954615
840,450.077056885,66.0237426758,20.9985599518,58.2090873718,2.60005723685
840,162.322143555,161.92980957,18.341217041,54.7060203552,1.50101119652
840,12.7876062393,110.487770081,19.6655597687,53.2878112793,1.01258419454
840,154.536056519,176.16418457,16.1497592926,45.2654304504,0.382407777943
840,170.490936279,141.288467407,22.7590942383,70.3416976929,0.365856173448
840,24.1784210205,109.166992188,19.5989894867,51.5107917786,0.153437850531
840,269.850036621,168.0103302,19.2611732483,45.1773643494,0.0859826745
840,45.6691322327,120.230995178,22.1705608368,54.3728141785,0.00046943223424
870,35.7447967529,166.401260376,26.6851119995,59.7086906433,72.2936451435
870,137.811035156,150.256942749,20.8849163055,65.6572494507,48.7418919802
870,147.510482788,127.158508301,30.7082424164,90.3761901855,17.1993210912
870,44.5118904114,114.029670715,40.595249176,115.094139099,8.97315517068
870,396.180206299,58.8035697937,18.7687110901,53.2504234314,4.15259413421
870,501.844116211,168.290145874,18.2352313995,41.5088729858,3.65033559501
870,176.858139038,155.616287231,21.9493484497,59.1913871765,1.56653039157
870,491.004241943,166.930770874,16.9999713898,40.8685302734,1.47470189258
870,364.785614014,47.4896697998,30.2910385132,80.2565383911,0.176807132084
900,314.128204346,50.8893547058,20.280424118,73.6922607422,1.6633760184
900,613.272399902,139.233078003,14.3812646866,40.6818351746,1.39760663733
900,324.235015869,58.4352912903,27.5876750946,71.1315307617,0.865640770644
900,601.539855957,140.803817749,19.2976055145,49.9533653259,0.778514984995
900,220.771682739,66.1897201538,21.5084018707,51.1270332336,0.62133288011
900,205.413162231,161.293319702,18.8975296021,47.5295906067,0.486013107002
900,360.768890381,57.1616706848,23.1012935638,64.0423965454,0.468031549826
900,526.6640625,103.002098083,28.2485599518,86.1044845581,0.203103735112
900,217.119400024,163.898071289,17.1600074768,43.5109405518,0.0848122348543
900,559.020812988,126.174888611,20.441865921,58.7759132385,0.0728435174096
900,492.114959717,170.336914062,21.4480419159,42.2527618408,0.018404138973
930,576.710144043,157.466323853,21.1249046326,42.4672431946,55.425286293
930,502.876342773,163.998153687,18.8252868652,52.0855293274,1.03299403563
930,349.100952148,44.3820610046,37.1099967957,68.9992980957,0.610671425238
930,274.325164795,37.3001937866,22.8423137665,69.3462905884,0.330490036868
930,57.3687934875,171.391799927,18.3014907837,45.4243621826,0.282026897185
930,14.9510889053,164.232269287,21.7388591766,49.669418335,0.181607855484
930,461.673248291,168.16758728,26.4633617401,52.5633354187,0.0351640512235
960,555.201965332,178.957931519,42.8284111023,96.2690963745,46.3564574718
960,192.721328735,29.2062740326,22.4895153046,72.0184707642,12.8679007292
960,218.080123901,31.499792099,20.8024311066,60.9793281555,11.0551424325
960,260.144500732,33.2546730042,21.2126731873,57.0596656799,5.20957410336
960,98.2845458984,146.555679321,25.7005519867,61.6571006775,1.66714321822
960,229.304260254,30.6880702972,30.974647522,82.7250900269,1.34980697185
960,526.592712402,96.1357421875,23.8642101288,73.9096450806,1.23913940042
960,76.7267990112,167.214096069,21.8090667725,45.0868263245,0.997984129936
960,29.8873062134,170.820068359,17.8236236572,40.4091758728,0.304459827021
960,21.1239833832,176.013015747,17.2450275421,41.6332130432,0.253492407501
960,207.354675293,55.3569908142,23.555803299,62.8824157715,0.145459920168
960,554.825073242,119.505249023,21.6289768219,69.5535125732,0.142143003177
960,312.537261963,49.4942169189,26.7417850494,60.8794059753,0.0714885478374
960,174.759384155,32.8689079285,27.9950847626,57.5479278564,1.07508768554e-07
990,453.709991455,160.942001343,19.6635856628,49.6229896545,7.52208307385
990,599.444030762,108.070960999,30.2154140472,88.5950622559,0.955863017589
990,440.362060547,158.324508667,18.8888397217,49.2328834534,0.498863169923
990,156.399032593,39.7318077087,21.6627979279,58.1547660828,0.496717775241
990,132.391479492,28.0548877716,24.6249294281,70.6585922241,0.109236408025
990,274.801452637,39.3256950378,26.3530044556,62.0509986877,0.0556431768928
990,168.579940796,35.8275184631,33.2631111145,72.7553329468,7.75513981921e-06
1020,557.176086426,137.520843506,19.7597179413,51.6536598206,30.7312756777
1020,574.317687988,131.616912842,19.3108196259,49.379360199,10.90368554
1020,506.851104736,158.477600098,20.4862823486,69.359703064,0.315157952718
1020,176.288742065,20.5965633392,23.1758728027,61.3629646301,0.0320780178299
1020,473.53515625,95.8645019531,23.6670246124,59.9070396423,0.00508135999553
1020,100.70867157,27.406129837,25.5452213287,67.8034820557,0.0026646299375
1050,466.255401611,161.562286377,16.5286045074,46.3139801025,5.28130978346
1050,118.444000244,27.6229248047,22.1044902802,65.3858413696,2.33798250556
1050,150.281234741,33.2218513489,19.4602985382,62.7642974854,1.46440183744
1050,594.159606934,122.694641113,27.6134243011,84.2123031616,1.05787580833
1050,371.732330322,121.828330994,21.537027359,54.2576141357,0.745302066207
1050,132.306060791,148.922912598,20.7864513397,60.3251914978,0.485384836793
1050,236.052001953,30.0798587799,26.1169376373,62.2557258606,0.286604231223
1050,446.548431396,169.877197266,18.5345458984,48.8329353333,0.243959622458
1050,90.3920974731,150.538787842,16.9595279694,50.2289009094,0.208440446295
1050,144.288009644,160.963912964,19.7226409912,47.8537940979,0.135386059992
1050,584.409667969,129.510848999,18.8924160004,64.7669906616,0.0264147063717
1050,159.166473389,26.4836444855,23.0493297577,54.2188148499,2.25150273536e-05
1080,72.3757553101,158.160644531,21.066072464,57.6824188232,44.7382867336
1080,501.765960693,169.163864136,21.9360370636,62.0499076843,40.7999813557
1080,23.58344841,154.619827271,19.8746089935,59.3112297058,4.1827686131
1080,84.8262405396,163.557449341,19.8424873352,53.2220344543,3.78826223314
1080,473.87020874,168.681747437,18.0643196106,52.4690589905,1.98129359633
1080,357.552947998,122.09601593,21.4727859497,55.9338989258,1.27323195338
1080,47.4613952637,37.5022850037,26.8400287628,70.406867981,1.01369507611
1080,463.882232666,176.567764282,16.4722576141,46.4704017639,0.728274369612
1080,23.3063907623,30.8164043427,22.9995040894,57.2516136169,0.592906819656
1080,483.965118408,170.496505737,18.1067409515,54.3961639404,0.461676064879
1080,37.999332428,169.538742065,24.1557559967,47.970867157,0.371622759849
1080,513.860534668,183.61340332,19.3513584137,49.9502105713,0.132880231831
1080,16.4299373627,49.3033447266,37.7079925537,71.7888946533,1.32187483182e-07
1110,604.776794434,161.372695923,30.923833847,93.825920105,77.1891236305
1110,536.290344238,181.743408203,26.2970294952,64.8106613159,29.7773241997
1110,610.37677002,145.937683105,19.8319034576,55.005657196,1.47886453196
1110,478.05078125,175.273880005,20.9121742249,57.8291130066,1.23586161062
1110,614.960205078,211.059082031,18.9601154327,55.555644989,0.213155359961
1110,334.483459473,102.375190735,31.3948192596,75.7164916992,0.150514673442
1110,155.515823364,22.840013504,26.2794113159,59.7169151306,2.2266489097e-06
1110,166.978378296,25.6816482544,31.4706287384,73.9286422729,3.97560387388e-09
1140,609.364807129,128.122406006,25.6599140167,79.939491272,8.7100930512
1140,509.793548584,189.321762085,30.5445308685,63.8005371094,8.02624151111
1140,444.586395264,148.074386597,23.145822525,54.858581543,2.82797086984
1140,610.890686035,175.510543823,27.3756008148,67.3894271851,1.6419460997
1140,19.1943130493,156.726806641,21.3356628418,45.3444404602,0.139679037966
1140,458.301757812,142.508041382,22.139509201,57.6495628357,0.0518755230587
1170,609.219848633,82.5736083984,18.3631000519,56.8423309326,2.22316589206
1170,475.662750244,151.047286987,27.4528942108,47.6665840149,0.887258537114
1200,385.963653564,124.174766541,18.7433414459,53.5251960754,4.93623577058
1200,492.807647705,139.127731323,23.7547931671,56.6814689636,0.316407973878
1200,397.723510742,126.597229004,16.5286808014,49.7513237,0.288801942952
1200,506.000488281,127.473625183,25.0893554688,58.9348945618,0.0708420411684
1200,462.07119751,41.6948890686,24.6058349609,59.3781890869,0.000614695863987
1230,504.136016846,130.980422974,28.2150173187,96.0115737915,4.89747337997
1230,10.0458498001,130.18788147,17.9595165253,48.7599830627,2.00653783977
1230,519.578063965,158.508575439,18.2534580231,52.6328315735,1.33818332106
1230,422.581298828,132.609054565,21.3598175049,65.5934143066,1.23604331166
1230,537.347106934,144.150375366,21.3781986237,59.9955635071,0.402532098815
1230,403.782073975,113.475837708,24.1302108765,65.5782318115,0.0610645860434
1230,434.574584961,132.053085327,18.9514636993,50.8898200989,0.0225518029765
1260,604.030944824,108.105895996,23.1794834137,64.8677215576,29.5739144087
1260,457.084075928,93.9295959473,17.3901805878,61.1096458435,2.41928249598
1260,614.801696777,130.796768188,19.2703990936,45.9701957703,1.27987433225
1260,85.7082443237,130.941360474,17.9226894379,47.6689491272,0.272455136292
1260,32.0026702881,128.35786438,19.0314922333,56.8817443848,0.0778374320362
1290,6.63058423996,140.12940979,16.3050193787,51.9327735901,0.862607639283
1290,80.441192627,66.2289505005,25.171453476,90.6242294312,0.0100720433693
1320,56.1245765686,81.1250076294,29.1024456024,80.2917404175,6.57700821757
1320,485.361419678,148.433944702,21.2553882599,60.2471351624,4.20162305236
1320,510.059783936,122.332115173,20.1335697174,61.981338501,0.0742463336792
1320,17.1708889008,78.1365661621,21.5149097443,57.4107704163,0.0334509648383
1320,414.784667969,37.8801994324,40.319152832,80.363319397,5.62240289048e-09
1350,578.99005127,163.304046631,27.204460144,78.069190979,54.5243322849
1350,485.302093506,167.755371094,17.0092430115,46.0232048035,8.02580118179
1350,10.6993789673,140.657363892,22.148935318,57.9156608582,0.61446945183
1350,594.574768066,153.084182739,35.620475769,79.6226959229,0.360129005276
1350,476.180053711,166.318069458,16.6860179901,44.6086883545,0.165098824073
1350,27.0865459442,149.151779175,23.3767185211,62.9055519104,0.032834886224
1350,424.787200928,89.9913024902,30.6820602417,80.4871444702,0.027033672086
1380,515.701599121,173.69480896,18.3416996002,48.6343345642,0.967190880328
1380,538.525756836,24.7578887939,22.9947280884,51.5887565613,1.08189535108e-07
1410,590.629577637,167.90838623,24.9346752167,75.3967971802,4.92297336459
1410,484.714508057,164.691192627,15.9455099106,44.5167884827,1.13618671894
1440,413.566070557,127.339599609,26.941236496,64.2615661621,0.604134425521
1440,196.395202637,163.018661499,25.5913238525,49.8411903381,0.115864153486
1440,478.638275146,38.3811302185,39.1710624695,64.6112289429,1.54157362431e-05
1470,576.691223145,172.380981445,20.2438926697,60.5261383057,7.87433758378
1470,388.324188232,121.892150879,20.13530159,44.6577606201,3.44880223274
1500,349.586395264,116.563079834,21.3220272064,52.2862968445,1.59472562373
1500,492.243438721,174.997009277,29.5752029419,78.7890548706,0.00194380900211
1530,449.25668335,180.078430176,18.4931850433,40.7427024841,6.43727779388
1530,435.492218018,161.733627319,18.2940196991,47.1142921448,0.0155604502652
1560,483.915405273,176.364578247,24.0977096558,51.8720092773,20.221196115
1560,566.911071777,162.646392822,19.7994823456,45.6851997375,2.77860760689
1560,583.205993652,157.669189453,19.7194061279,53.7241706848,1.16286296397
1560,473.638641357,173.027145386,20.2017936707,46.2253684998,0.768532371148
1560,444.699462891,155.26713562,20.7009677887,52.8238182068,0.569762149826
1560,303.096862793,115.814331055,22.0534038544,53.499622345,0.0691155029926
1590,558.585083008,178.71862793,51.0196342468,75.5102767944,25.6832391024
1590,297.479370117,101.073020935,21.942899704,54.8576965332,16.9920071959
1590,453.087524414,128.113418579,24.8973865509,76.4592971802,1.18170483038
1590,12.3750734329,178.260574341,18.863702774,45.6037712097,0.495380908251
1590,441.318389893,129.242553711,18.4205265045,68.8874969482,0.379936513491
1590,72.2952346802,164.386734009,17.4688301086,43.6717262268,0.312194880098
1590,285.038848877,116.038719177,20.9597530365,53.1446342468,0.0523324531969
1620,287.252410889,104.839202881,30.3613910675,85.03150177,9.68298688531
1620,505.45022583,108.812721252,17.9129295349,60.3348121643,6.52909055352
1620,608.028808594,151.041702271,19.1831417084,67.0437316895,2.84719225019
1620,572.467590332,103.729270935,38.3238143921,108.521392822,2.81424317509
1620,503.58682251,167.924484253,24.4521656036,62.2952766418,1.56697556376
1620,425.112335205,151.834457397,22.6100139618,58.9559593201,1.14440731704
1620,21.2148838043,166.884765625,19.006231308,43.7413673401,0.916702579707
1620,271.576202393,116.148292542,22.3885288239,58.6967658997,0.597853725776
1620,34.7707176208,164.348129272,17.9606208801,44.0396575928,0.54496685043
1620,400.37008667,159.691894531,18.0247516632,44.1929512024,0.320402206853
1620,494.898956299,107.101417542,19.185918808,53.4445610046,0.121162191499
1620,8.35009288788,84.9327316284,29.5897006989,85.0639801025,0.115869764704
1620,388.100616455,162.458190918,19.8173408508,41.6475868225,0.0965584767982
1620,416.727020264,157.768035889,16.7205562592,46.8588600159,0.0737818249036
1650,51.3724708557,161.5078125,17.8257884979,47.9698181152,41.0028129816
1650,404.892913818,150.470413208,19.2710609436,52.0408744812,14.4491136074
1650,271.651275635,102.066246033,34.9782409668,97.091178894,3.00866309553
1650,600.915161133,130.064498901,26.6041278839,69.0317459106,2.67111733556
1650,561.306396484,183.56199646,18.6146640778,40.6007652283,1.33771533147
1650,610.82989502,172.574661255,17.2516231537,49.8303565979,0.33391173929
1650,173.573913574,147.676208496,20.201669693,48.6268730164,0.282634887844
1650,61.0340461731,141.139984131,19.3840198517,64.6031265259,0.099306658376
1650,281.873260498,164.498291016,19.6706409454,44.3811073303,0.0241318717599
1680,393.898223877,152.628494263,19.1241035461,58.7630653381,33.3702027798
1680,408.273834229,153.030822754,19.0326118469,57.9912605286,16.0722970963
1680,235.111404419,126.556785583,24.1049213409,78.4608078003,5.3833052516
1680,609.71307373,146.303161621,20.8484916687,57.0085754395,1.72086693347
1680,354.663208008,164.288192749,24.3651256561,43.980670929,0.483742076904
1680,246.207138062,150.758407593,23.9271831512,57.8402099609,0.311034242623
1680,585.412536621,137.306045532,21.8122653961,55.4920539856,0.02337180631
1710,224.654174805,152.952987671,19.0133495331,51.0431938171,10.3208422661
1710,259.643249512,87.930267334,18.7176494598,47.8836402893,9.50398370624
1710,423.976409912,140.401489258,24.8010845184,70.9462814331,3.99116389453
1710,369.056915283,166.924285889,21.9952068329,47.9297904968,1.91437490284
1710,214.520019531,146.814956665,19.0057506561,58.9320411682,0.538129964843
1710,403.243133545,168.954483032,25.6037063599,55.9753417969,0.322097656317
1710,434.048126221,162.175567627,23.1431598663,65.0827865601,0.213862839155
1710,418.759796143,174.627075195,20.1898517609,52.6078491211,0.0221784008318
1710,233.891555786,91.2371444702,35.2971229553,79.4081954956,0.0109248612716
1740,413.672454834,149.458908081,39.2524299622,60.6427001953,67.8572714329
1740,522.710876465,166.872528076,17.9366474152,38.1477203369,6.88644498587
1740,224.252029419,148.697525024,18.029504776,55.7196083069,4.61456403136
1740,605.179870605,227.051391602,20.7485408783,55.6954994202,1.59087423235
1740,589.196472168,198.749526978,28.6191329956,76.9875869751,0.693140411749
1740,513.817199707,162.130233765,17.1914596558,53.0628700256,0.352859287523
1740,482.955230713,148.670715332,20.3461399078,58.3721809387,0.322709605098
1740,23.0283565521,120.220726013,22.2105693817,61.9874992371,0.0737602356821
1770,527.562438965,126.721679688,51.502658844,126.921875,16.1719575524
1770,490.280151367,140.297195435,24.7295246124,60.2250785828,2.65761427581
1770,88.8447494507,169.752212524,22.9179763794,49.8697395325,0.77745327726
1770,610.178344727,162.116134644,16.9469127655,57.9638557434,0.571289844811
1770,20.2914886475,103.738197327,30.8501434326,83.6918640137,0.544124888256
1770,600.715148926,87.8493118286,24.4868450165,65.2376174927,0.445497548208
1800,447.047607422,28.5360126495,26.4108791351,71.6403884888,42.6918268204
1800,475.86730957,29.7487258911,20.1290149689,54.8343849182,10.3342309594
1800,332.836578369,81.5562820435,22.6125926971,59.5156517029,0.145305553451
1800,89.8560562134,135.061691284,19.7508430481,55.8843688965,0.0860818021465
1830,477.367675781,14.2808179855,25.3530731201,70.1619873047,13.4026706219
1830,437.509521484,35.0464935303,30.1376972198,81.0202407837,4.64433096349
1830,508.786712646,18.1629638672,22.6665668488,74.790977478,2.63717677444
1830,439.782073975,176.443481445,20.1251487732,53.6062927246,2.24262326956
1830,152.551864624,192.654037476,21.2587757111,41.631690979,1.97025295347
1830,407.658325195,191.224655151,18.8311367035,42.788192749,1.5296081081
1830,49.1584625244,194.006164551,22.9610996246,49.330368042,1.07093220577
1830,88.7308578491,135.175598145,19.8492679596,58.6273994446,0.632599927485
1830,504.128295898,61.9908790588,18.8758869171,56.2842712402,0.205916445702
1830,142.544830322,194.51512146,19.0780162811,42.9166679382,0.157193979248
1830,356.723358154,174.111984253,24.356880188,57.0236778259,0.147188885603
1830,25.3210220337,98.9703598022,28.2967281342,73.8685379028,0.0215621868847
1830,368.039642334,141.693206787,29.7704257965,64.8873443604,0.00808372205938
1860,519.699279785,199.896896362,27.0364551544,70.1769943237,23.8052204251
1860,392.42678833,57.5462532043,21.0577220917,54.5047454834,19.7946563363
1860,364.937866211,192.780715942,22.5371265411,53.2005462646,5.1689799875
1860,376.895874023,95.7426834106,29.092956543,74.5321578979,4.07558381557
1860,536.26159668,193.29699707,19.0822143555,53.9626655579,3.27149555087
1860,494.553619385,210.530883789,17.5823783875,50.0380859375,2.43716575205
1860,604.042175293,195.711181641,22.3628768921,50.2163658142,1.78091041744
1860,95.8335647583,125.885070801,35.9415664673,77.629989624,1.52807999402
1860,502.437652588,93.7742919922,25.8540058136,92.7137527466,0.904880370945
1860,404.71862793,202.081680298,22.9047775269,49.2885627747,0.779527425766
1860,27.3829135895,58.757358551,25.846818924,85.5102462769,0.67444848828
1860,83.8590164185,120.147865295,20.345741272,55.035572052,0.557259051129
1860,428.035797119,154.869155884,20.1257095337,52.1499328613,0.526691693813
1860,471.017578125,230.354980469,24.2080783844,45.2575492859,0.372034381144
1860,71.6901016235,107.675102234,20.0703334808,58.2220916748,0.325489928946
1860,531.200500488,234.206375122,21.8294143677,54.7966156006,0.0247457617661
1860,51.2284889221,83.4846572876,29.2002048492,81.4535903931,0.00408454507124
1860,595.588378906,21.1161270142,23.398443222,71.0133209229,0.000312399924951
1860,555.236999512,35.4651031494,29.1221828461,75.1083145142,8.62521929434e-06
1890,399.661224365,29.8620662689,20.4146652222,57.0657844543,21.3091954589
1890,377.715545654,52.1817741394,32.8187294006,85.8571548462,4.9432720989
1890,188.964279175,203.832473755,19.3901252747,40.7081947327,3.56847681105
1890,478.74319458,211.808303833,19.464220047,45.3809928894,0.257712020539
1890,383.405792236,30.491569519,21.2696247101,56.0753326416,0.17231781967
1890,122.09627533,103.725982666,18.0291309357,54.9111289978,0.0969037355389
1920,381.887908936,38.5827484131,21.8049602509,68.5308303833,2.05034054816
1920,564.269348145,68.0519485474,20.2473316193,47.0739593506,1.27093298361
1920,66.8562927246,95.4808349609,19.200510025,48.2730865479,0.413197511807
1920,56.4954414368,99.9151229858,20.3624477386,55.5433006287,0.227066851221
1920,44.934589386,112.238899231,22.2240447998,56.599811554,0.136594078504
1920,549.67388916,68.4868469238,25.4455623627,54.020565033,0.0314950797474
1950,574.833190918,203.890640259,29.7211513519,75.0762252808,29.9767524004
1950,134.892913818,195.253890991,19.2124710083,55.1763153076,3.57953868806
1950,5.79426336288,206.28767395,19.1944065094,56.4633178711,2.84241568297
1950,535.50604248,112.75164032,22.5717849731,61.1596679688,2.56105363369
1950,102.274658203,225.478775024,22.5236663818,42.3437232971,1.21295964345
1950,123.47101593,200.369247437,18.9592990875,52.0275230408,0.999982841313
1950,517.870849609,114.656097412,28.6826610565,70.4602432251,0.194441259373
1950,114.4945755,68.9237670898,20.2216396332,56.0704193115,0.00673502290738
1980,374.661376953,206.76373291,19.89585495,43.0077400208,31.4700812101
1980,17.0219783783,205.726730347,20.541852951,53.1212768555,17.737801373
1980,474.496307373,214.842880249,20.5560531616,46.5741882324,14.2681121826
1980,466.628448486,229.48475647,22.1054363251,49.1711273193,5.06985150278
1980,83.1651153564,218.640731812,22.2781887054,54.6543006897,2.51853894442
1980,66.0935516357,215.200973511,19.7809200287,41.3722038269,1.87568180263
1980,45.0722389221,56.8981018066,18.4896965027,49.2507019043,0.59597492218
1980,108.078430176,187.863464355,25.8154602051,58.0418968201,0.473534641787
1980,20.9828090668,88.8052902222,25.9991588593,65.169593811,0.322413654067
1980,34.2723121643,204.485183716,24.7429275513,55.1423454285,0.195294932928
1980,66.3028335571,90.1662826538,21.1783657074,60.5830535889,0.194390746765
1980,226.032608032,46.613697052,19.4223632812,49.1881408691,0.121768086683
1980,20.463262558,58.8177490234,20.048658371,50.1783561707,0.0858417828567
1980,609.953735352,24.4721450806,19.9525508881,48.8960609436,0.0507008109707
1980,237.482315063,46.2760314941,20.7266025543,48.2566223145,0.047723215539
1980,109.301086426,60.0469665527,20.609998703,56.2682914734,0.0269458338153
