30,565.56427002,199.800292969,18.7641620636,45.1117973328,6.83406144381
60,24.4441776276,76.1123886108,45.1012153625,122.884864807,8.52047652006
60,514.100158691,169.99407959,25.5068035126,52.1775627136,1.55870709568
60,7.24112939835,180.201950073,15.3632860184,46.473815918,0.861097779125
60,14.2893915176,174.613815308,25.5146656036,49.4438209534,0.493012415245
60,85.380859375,89.392616272,69.4381408691,134.756271362,0.044157973025
90,5.48841619492,48.2815856934,61.5796470642,190.827209473,20.9588125348
90,20.8167953491,123.423179626,32.7957115173,104.099861145,13.2556602359
90,32.6782112122,76.2867660522,77.1173553467,155.336868286,4.39934954047
90,220.066955566,149.629653931,21.2925205231,51.5020751953,1.87859479338
120,481.267242432,164.57522583,33.979637146,86.8508071899,0.132759672124
120,169.488357544,121.768066406,22.0187397003,60.9577331543,0.000505872412759
150,59.3673400879,164.704650879,18.793970108,53.3964385986,0.0984884449281
150,77.8325576782,87.8241653442,39.5051727295,98.4981918335,0.000162479500432
180,579.527160645,179.369873047,45.6768188477,120.166404724,8.23732465506
180,404.094848633,138.999755859,20.7460746765,52.7418060303,1.89690031111
180,615.707397461,42.4695320129,18.1767139435,62.0560913086,0.475896336138
210,517.744445801,94.3116760254,19.695482254,46.3194770813,15.9506991506
210,11.0935754776,130.041137695,27.9710922241,68.6572875977,0.371463946067
240,271.560943604,137.333755493,21.2324123383,55.3625030518,39.0726357698
240,416.346099854,173.423294067,25.3953018188,58.6303215027,18.0539622903
240,480.028778076,63.9577903748,21.9996433258,54.7236442566,4.28877845407
240,428.024536133,159.486526489,32.5793266296,69.6454772949,2.38011348993
270,472.728393555,167.804992676,29.5808238983,76.9816589355,65.010035038
270,501.143920898,165.772750854,35.8472633362,80.4576797485,38.9274299145
270,439.439697266,176.137207031,25.5193557739,63.3484344482,30.2441239357
270,271.49017334,123.934936523,20.3642406464,60.9252624512,13.1317615509
270,463.035125732,131.107727051,84.4743270874,116.139320374,5.84542118013
270,611.651550293,134.268203735,17.9066123962,48.3793296814,1.41350245103
270,579.067077637,140.003967285,20.2569980621,46.600982666,0.912937521935
270,564.680786133,146.209732056,27.5221862793,55.400894165,0.663633598015
270,578.887329102,170.899703979,20.8391036987,47.6439476013,0.530866859481
270,595.463439941,135.429412842,19.7255458832,46.7869529724,0.393832055852
270,591.160583496,160.497665405,26.8743686676,55.3785972595,0.360488286242
270,547.813415527,20.858045578,29.9772930145,53.2775421143,7.05898173692e-05
300,350.591156006,123.436286926,29.1512203217,62.6228027344,3.98842319846
300,15.8736200333,35.861995697,18.4272994995,57.5009460449,2.84112785012
300,338.345794678,138.862701416,20.5446929932,52.8725738525,0.542432162911
300,476.177246094,28.9535083771,24.321516037,68.1169052124,0.000503973478772
330,13.5193300247,177.717529297,20.4833621979,49.9943084717,3.06413490325
330,99.0581436157,40.653049469,21.4993534088,58.2732276917,0.921195652336
330,110.777305603,49.7991638184,20.0450592041,57.4373474121,0.503398990259
330,401.613861084,152.660552979,18.8875312805,49.8683128357,0.446794554591
360,9.7965965271,168.327529907,22.0060062408,56.1387519836,5.42036890984
360,89.1491928101,32.7121925354,18.5996074677,58.9442138672,3.43909114599
360,122.183105469,40.4694404602,19.4790611267,59.0123443604,2.21106205136
360,452.501556396,118.713928223,22.206993103,62.3596191406,2.04898044467
360,97.3992538452,62.1467475891,23.3572692871,77.8602371216,1.32634015754
360,110.83971405,33.0005226135,20.3752765656,59.4293479919,0.26993684005
360,451.550537109,154.189193726,20.4469470978,47.4001808167,0.0880974926986
360,55.8135681152,23.04022789,25.732635498,81.3522338867,0.0734086497687
390,80.2473754883,28.7988433838,20.3156719208,58.6748847961,13.5043829679
390,120.893249512,42.1116523743,20.126996994,58.0218658447,0.414088880643
390,458.105072021,147.606460571,27.3845882416,57.5696258545,0.353367440403
390,89.9123306274,55.1649971008,20.2236633301,64.8059539795,0.275234458968
390,228.902404785,149.619552612,20.1429595947,55.8282470703,0.172772770748
390,451.393096924,165.817062378,20.991563797,50.7165107727,0.134934100788
420,48.2660369873,30.3221759796,20.1954479218,58.2062950134,24.3787243962
420,89.0006027222,47.0921440125,21.04114151,57.1758995056,2.40359548479
420,57.2759742737,47.9407539368,20.3540019989,63.4762916565,0.727759022266
420,71.2582550049,48.5132789612,25.8284072876,74.4619445801,0.141853652894
420,440.214324951,171.651855469,20.7914066315,50.7544898987,0.108346855268
420,99.1716690063,49.5065727234,25.995513916,83.4118652344,0.0158588562044
450,15.5278205872,129.93838501,27.8819408417,74.3439102173,1.36466445401
540,271.06137085,166.06288147,19.3857059479,46.8564567566,17.7967309952
540,605.952392578,150.830947876,21.4886417389,60.4029388428,7.76900425553
540,596.668273926,85.4272232056,32.2090415955,103.092658997,3.68452332914
540,527.976623535,151.897506714,31.4519443512,78.3511657715,1.77733972669
540,508.742828369,171.616943359,31.5423526764,65.4164810181,1.27999596298
540,275.349029541,45.1288337708,21.9655838013,60.7848548889,0.161873782054
570,267.23928833,146.080429077,21.3164844513,63.6768989563,9.39665436745
570,51.3962211609,169.176925659,17.9523029327,55.2274932861,1.86741333455
570,551.849487305,155.828872681,20.1011543274,57.3127861023,0.380958686583
570,304.161224365,136.64515686,18.3602905273,63.5793418884,0.0918852805626
570,518.854919434,178.69770813,27.2047939301,50.7916107178,0.0881247106008
570,236.369644165,105.238739014,26.8137435913,93.3212051392,0.0753205327783
570,142.063247681,167.690673828,26.5545043945,66.6411590576,0.0682952813804
570,320.125030518,158.488357544,16.8128032684,42.1924743652,0.0473291380331
570,523.575927734,84.4506454468,39.1868171692,117.18044281,0.0435922702309
570,546.276428223,44.9084815979,32.53332901,103.814422607,0.0107694111648
570,540.34979248,139.075515747,25.3319644928,59.8043479919,0.00604471133556
570,530.481750488,133.337814331,20.2186450958,57.71434021,0.002390951704
600,147.360183716,143.327804565,23.618516922,72.0974121094,72.0579206944
600,441.679962158,171.379196167,25.5927047729,64.0976867676,4.41395230591
600,456.356567383,160.758865356,23.8914928436,63.0574226379,2.60972008109
600,532.698913574,59.5409049988,34.4389381409,76.1832122803,0.905002839863
600,173.774520874,124.233734131,27.6828708649,78.4121932983,0.667727692053
600,550.592041016,85.1337890625,21.4087085724,59.992275238,0.432219402865
600,445.151977539,52.0385131836,37.3185386658,138.552627563,0.00654253162793
600,443.894622803,31.1153125763,25.5802249908,69.0623855591,0.0018860302589
630,495.548492432,183.383407593,29.7597808838,77.8972549438,28.5397917032
630,607.369018555,214.487716675,25.2130260468,68.7969436646,5.92539608479
630,102.822998047,148.921142578,28.8311233521,72.7144393921,4.98859472573
630,582.799133301,69.9780807495,21.4137420654,71.6149520874,0.957115367055
630,610.656555176,49.4395141602,18.9033107758,51.3183441162,0.913741160184
630,452.417358398,73.1086807251,26.389749527,83.5151290894,0.594677077606
630,534.051879883,162.459625244,32.2180290222,68.2318344116,0.518608419225
630,167.149368286,117.486213684,27.0198974609,79.8200836182,0.30074196402
630,435.12197876,84.1518783569,21.7976474762,66.8364181519,0.181732291821
630,146.954544067,113.012062073,27.6995792389,81.8653564453,0.175410509109
630,469.828460693,60.1229057312,34.9016685486,72.9514694214,0.0703541852999
630,574.354187012,102.774230957,21.7494487762,52.2019348145,0.0515815336257
630,129.358474731,142.239456177,21.9679775238,68.1724014282,0.000688113050273
660,27.6100063324,114.669151306,40.1697006226,109.385765076,28.5282820463
660,74.4119338989,123.55670166,29.375169754,82.9700698853,16.6124865413
660,91.6890945435,90.19165802,34.6922187805,106.844459534,1.66081991047
660,438.449554443,76.501373291,32.3594970703,93.8515014648,0.988796632737
660,457.804901123,83.8872451782,27.4872951508,74.7049636841,0.346628320403
660,25.7190799713,130.352600098,19.43060112,58.9050788879,0.289994222112
660,52.821231842,122.609283447,27.2076129913,84.7365646362,0.243457709439
660,25.9435443878,78.4477310181,27.6099452972,86.7211990356,0.207704398781
660,537.672363281,67.8762512207,42.6089630127,100.861633301,0.0432494562119
660,444.342559814,50.6207580566,22.1839351654,72.8185195923,0.0202874929528
660,77.4975509644,38.8010940552,20.2909870148,51.8751373291,0.00402335135732
690,524.999023438,69.1990432739,18.8339157104,68.9014968872,7.84295499325
690,616.190551758,137.836166382,17.3831157684,47.4507904053,4.14087921381
690,596.850036621,108.346336365,27.480255127,73.9332504272,0.996041763574
690,572.683044434,136.070526123,21.2901306152,54.9768257141,0.406878301874
690,606.220153809,35.8323249817,25.7093830109,58.2447242737,0.165657431353
690,78.9040985107,44.7270698547,29.0700149536,82.7126312256,6.3109587245e-05
690,534.682434082,33.4836349487,31.8336639404,81.1828765869,3.06598444411e-06
720,499.382904053,59.6848106384,41.419719696,139.169113159,9.70180332661
720,569.497070312,169.119491577,22.9473896027,58.1238555908,1.77617054433
720,507.457611084,79.9987792969,76.5283584595,197.532226562,1.51827502996
720,212.985610962,126.08290863,22.430311203,60.3041496277,1.2347237207
720,511.526763916,66.2476882935,23.6066074371,62.0583305359,0.142161117401
720,527.79473877,117.588768005,32.3725624084,97.7531433105,0.0553208461497
720,594.360534668,31.2334270477,26.0083236694,79.3026885986,0.0189727463294
720,20.3635063171,34.809879303,39.4381332397,104.71118927,0.0043331328925
750,204.533065796,136.090011597,23.6498317719,54.2831268311,4.62636910379
750,484.40512085,33.0135612488,21.2531032562,62.5661201477,4.23291958869
750,470.095489502,172.679260254,27.4344425201,64.9097824097,0.0496553082485
750,462.395111084,48.6285858154,36.2984809875,84.5989456177,8.19817408404e-09
780,176.563064575,122.516319275,27.5525608063,62.2223091125,15.3931647539
780,549.609802246,88.1525802612,29.7813014984,101.245948792,5.09458780289
780,553.209838867,49.362121582,23.9416294098,70.7834701538,0.84809595719
780,200.817443848,124.78427124,17.9808425903,50.6113853455,0.134774018079
780,137.005249023,96.7858581543,24.5637874603,80.5808258057,0.0342409563018
810,583.314025879,154.399795532,29.4588012695,63.9926719666,97.9670286179
810,175.076644897,121.946472168,17.8635005951,51.1712379456,6.40529096127
810,450.737945557,163.056686401,22.3402786255,45.7575950623,1.77339240909
810,607.425720215,151.575149536,19.8995571136,60.3236427307,0.147062086035
840,156.632568359,112.207801819,26.9843959808,65.7957305908,0.788925401866
840,480.298095703,122.566101074,20.149848938,49.4167518616,0.19704895094
840,124.883506775,63.0580329895,30.2577610016,81.2511978149,0.0259860797087
870,84.5852737427,26.6641693115,24.6124324799,61.0327262878,0.0721297517885
930,183.29624939,146.995681763,18.0582637787,41.2893943787,3.18650230765
960,105.490440369,165.834655762,23.7151584625,42.6754608154,5.24762459099
960,139.200698853,150.751358032,16.1724758148,45.0945739746,0.831911619753
960,460.678619385,152.075927734,18.730463028,51.6058692932,0.0742971140426
990,36.6962394714,170.7709198,22.9603061676,42.4788398743,2.82102562487
990,610.758422852,152.870193481,16.5005912781,48.5865287781,2.40842457861
990,88.1876525879,157.620193481,23.2231903076,47.5584449768,1.10546573997
990,124.246582031,143.427978516,17.1829509735,49.3147277832,0.619335053489
990,111.693580627,156.467651367,17.7189388275,42.3958320618,0.559669127688
1020,19.2817287445,147.448730469,22.5113525391,52.284740448,68.7437772751
1020,65.4729995728,150.283935547,19.1086158752,45.5993690491,20.1741069555
1020,50.0679626465,148.971160889,20.5205898285,46.7775268555,1.28397420049
1020,97.4450073242,144.588302612,21.4357223511,50.4508094788,1.13740079105
1020,525.409362793,120.132141113,20.5373706818,63.4033050537,0.612026173621
1110,451.721191406,169.843765259,23.2762393951,69.742805481,0.0286470778519
1140,227.600112915,140.30506897,19.3989887238,49.0049095154,0.757687771693
1140,413.816558838,145.264099121,17.1458263397,46.2553863525,0.0445095560281
1170,505.156951904,156.440536499,24.0943889618,66.9443359375,5.05120456219
1170,603.870788574,88.7127075195,19.4303035736,55.2268180847,2.36975364387
1170,468.665893555,130.324310303,56.6288146973,91.489074707,0.448810774833
1170,615.58026123,87.1960449219,17.8749980927,54.5213050842,0.436900835484
1200,567.350280762,165.061676025,26.7613277435,73.6048812866,7.0721372962
1200,455.606109619,69.6513824463,40.7277565002,125.994720459,4.2433090508
1200,496.256011963,150.348709106,26.7466068268,57.4617500305,2.51485276967
1200,596.222595215,99.7976379395,26.272146225,83.3947525024,0.286863534711
1200,581.385253906,101.65057373,20.8879985809,60.5010108948,0.122009136248
1200,579.551818848,202.637985229,20.1613082886,48.3233070374,0.11180578731
1230,88.4177932739,121.868354797,26.0733566284,77.1545410156,43.3789074421
1230,569.299133301,166.004898071,25.4139938354,48.8262367249,41.9586777687
1230,464.850250244,89.7539901733,37.2592735291,97.3346862793,33.4625571966
1230,504.572753906,85.238822937,23.0275821686,63.1097373962,26.9859761
1230,482.212493896,67.4867172241,41.2349128723,123.072868347,12.0707198977
1230,492.901245117,156.323471069,21.206735611,48.598400116,0.507092429325
1230,375.869537354,143.496017456,22.468919754,54.2413787842,0.232659350149
1260,540.694274902,39.4095458984,41.6275596619,105.66330719,11.9971878827
1260,531.694030762,30.4131851196,21.8711471558,66.8692855835,0.230645365082
1290,574.180603027,373.708496094,19.964887619,48.8215904236,5.47134205699
1290,557.703063965,373.656829834,20.3676815033,46.6696357727,2.59405896068
1290,562.666320801,353.583251953,20.839673996,48.5788459778,1.41671542078
1290,583.567687988,365.76473999,21.1495342255,49.999332428,0.426112487912
1290,158.306930542,136.63444519,16.8307037354,53.5092926025,0.228765443899
1320,10.7359695435,177.764892578,18.7735691071,45.0078620911,3.29284779727
1320,411.591949463,150.572006226,23.0790615082,54.9885559082,0.110722263344
1350,492.464935303,124.879493713,17.9409790039,57.4809989929,4.02628853917
1380,423.958862305,123.598731995,20.9052143097,75.7542495728,0.119108147919
1380,236.009689331,136.950393677,21.0927791595,47.8071327209,0.0165069228387
1410,250.243209839,146.309799194,22.0195980072,55.0726013184,3.207911551
1410,334.400634766,135.867141724,23.4792613983,68.8472518921,2.50232238322
1410,286.556060791,153.210922241,25.1098766327,57.0429840088,0.338221108541
1410,6.16947412491,140.849304199,21.6676845551,58.1211051941,0.307629117742
1440,489.398284912,95.6834487915,38.5165367126,116.353736877,48.7457692623
1440,323.713775635,44.5725212097,35.6688041687,92.6916503906,5.11759184301
1440,530.492004395,172.836410522,20.64204216,43.7878379822,0.0544970389456
1470,454.78894043,67.0277252197,23.3471508026,62.0957527161,0.862462539226
1470,216.939407349,37.8937950134,21.0875682831,65.1110229492,0.693431636319
1470,85.2927474976,171.845748901,16.4791431427,45.6981391907,0.248408666812
1470,243.935623169,183.794174194,19.365940094,46.1148643494,0.0505305302795
1500,21.8614196777,36.8489761353,23.7428760529,77.9645767212,10.4561544955
1500,73.5833129883,34.8992118835,40.2264022827,61.0283546448,1.25096756965
1500,18.0659179688,44.8604011536,45.1410522461,165.061203003,0.939951185137
1500,12.8418226242,80.2074508667,23.4780025482,97.5834579468,0.257184146903
1500,215.948257446,161.995422363,19.3261394501,53.8943328857,0.0295707926853
1530,163.421798706,153.941696167,27.6150608063,65.5149917603,5.84210529923
1530,118.402168274,105.737731934,31.3302001953,90.8975448608,0.729631166905
1530,153.997009277,148.248443604,18.7237148285,61.8540229797,0.119654193986
1530,215.602783203,183.770492554,15.7755804062,46.7758903503,0.0558085390367
1560,107.206199646,152.072998047,29.2463531494,72.056892395,23.0022922158
1560,530.752502441,176.189575195,18.7577342987,57.9439506531,1.14401848987
1560,10.4437980652,103.666465759,30.587928772,119.041252136,0.386670115404
1560,520.070861816,174.316848755,17.0759162903,58.1688079834,0.34168837592
1560,143.801696777,160.562576294,17.3702030182,47.0819091797,0.176841847133
1590,590.204528809,140.323059082,35.9013633728,96.155921936,33.1416785717
1590,581.335510254,150.83531189,19.4239635468,51.2841644287,7.44197070599
1590,40.9868202209,121.417518616,33.9142417908,93.6281814575,5.71289993823
1590,111.102813721,169.15852356,19.6858444214,44.8817100525,5.39191327989
1590,427.008331299,127.756195068,24.2681865692,68.7350692749,1.97098515928
1590,617.026306152,137.466949463,16.9720973969,57.0415687561,0.853919424117
1590,578.372802734,32.1029853821,20.907705307,74.329864502,0.111199438106
1590,60.0067939758,151.953369141,18.4477901459,57.2889404297,0.0949428766035
1590,527.602966309,133.852340698,31.6696548462,85.7616500854,0.0675982038956
1590,11.482424736,150.433181763,25.9035701752,78.4743347168,0.0310519244522
1620,36.7998924255,169.913696289,22.6093597412,49.5475769043,96.5120494366
1650,587.176086426,137.350341797,28.9778766632,87.283241272,1.67111493647
1650,470.238525391,152.51499939,21.2178516388,53.5857124329,0.11200561421
1680,192.335067749,63.1002998352,22.785577774,69.6518554688,0.0664523686282
1710,6.58322954178,169.953689575,20.7146091461,44.0112113953,4.24659736454
1710,420.800567627,132.649032593,17.5561351776,38.9440040588,0.120761687867
1710,52.4960327148,169.652175903,19.7987880707,37.1380004883,0.0790404563304
1710,429.632171631,120.689094543,19.3690567017,48.087600708,0.0744142220356
1710,196.504882812,121.0235672,19.1382064819,52.7789459229,0.0596175086685
1710,183.700210571,123.811302185,21.4974994659,59.6498985291,0.00854916943354
1740,473.058807373,101.97328949,18.3098316193,49.3248939514,0.0560579297598
1770,492.196899414,99.1529006958,20.6910457611,57.4390068054,3.04589252919
1770,611.295959473,99.5547714233,20.9326705933,55.1202201843,2.29756347835
1770,499.417755127,140.150650024,19.8189029694,42.7684020996,0.418620975688
1770,506.37890625,101.915740967,18.7871379852,55.7300376892,0.201554875821
1770,447.468414307,122.628082275,21.5492858887,52.8329658508,0.0959433440585
1770,463.372802734,121.010444641,18.2929840088,53.6558570862,0.0958346296102
1800,526.387634277,124.146568298,22.7524433136,59.4286994934,3.14194485545
1800,515.666442871,124.206825256,18.9979057312,57.6625862122,0.850194785744
