30,383.169433594,165.821228027,26.7465000153,76.1208572388,99.7586607933
30,337.005737305,169.743560791,27.8157577515,72.7040481567,99.2941319942
30,300.857116699,173.703353882,23.3265361786,53.4931945801,93.5780465603
30,282.105072021,176.733581543,18.1571178436,44.5769615173,23.819540441
30,546.683837891,156.966094971,22.6403713226,42.7614936829,21.1013525724
30,223.803649902,183.130508423,21.2485713959,41.9576339722,11.4183731377
30,40.14585495,165.729888916,26.6657314301,54.8615989685,7.56114050746
30,188.46131897,181.643753052,19.1362056732,43.799621582,3.13461348414
30,63.9166259766,170.053237915,18.3498916626,53.5331535339,2.40376070142
30,270.809783936,177.425048828,17.7112998962,46.3986206055,1.66651774198
30,325.172454834,166.525405884,20.2313861847,62.6588172913,0.676655955613
30,32.6425285339,176.264404297,18.864358902,56.2421875,0.433297362179
30,401.716583252,175.054855347,28.0986194611,66.4063644409,0.00684915430611
60,514.119506836,151.132583618,33.4415016174,86.1994400024,93.4719085693
60,484.00100708,149.413833618,31.3986568451,87.5409545898,92.5678133965
60,49.2206916809,155.559677124,23.7900714874,63.9114074707,3.97152677178
60,32.0415115356,154.620742798,24.1026554108,60.9277038574,2.59392522275
60,503.473388672,152.756912231,17.2708091736,54.7504119873,1.18526993319
60,390.176879883,157.790145874,20.0650100708,54.7644004822,0.849374011159
60,75.8372268677,142.080291748,32.8960456848,85.0961380005,0.401215534657
90,482.429046631,156.944534302,31.2265853882,86.9109573364,99.7630536556
90,442.460235596,154.670516968,33.7639541626,90.2368240356,99.314814806
90,390.57144165,157.530776978,31.2262420654,86.075920105,99.1270780563
90,342.632965088,162.726470947,31.8349895477,81.5982437134,98.9565610886
90,291.919464111,169.355957031,24.056060791,56.0454978943,94.8151290417
90,208.692306519,176.509933472,18.9996852875,43.7426567078,17.4671471119
90,279.034332275,173.145095825,19.5373668671,48.6045837402,13.7990921736
90,173.136459351,176.720031738,18.5257282257,44.8370704651,10.2637298405
90,50.6721916199,165.627502441,19.6480197906,53.8004646301,5.82731030881
90,26.150100708,162.942550659,24.3401412964,57.6159172058,1.54380416498
90,222.28968811,172.454025269,21.4275302887,45.1174163818,1.09775410965
90,467.552001953,158.251846313,16.6715927124,50.1908378601,0.717248208821
90,370.247772217,168.12322998,21.2393627167,57.6608009338,0.527215981856
90,330.53717041,174.284805298,22.5768718719,58.4067955017,0.333824474365
90,412.018890381,157.966186523,39.4610366821,84.20287323,0.159631611314
120,315.350494385,162.861999512,32.2251472473,88.738067627,98.674249649
120,251.584182739,170.057647705,24.4756679535,57.5778656006,98.5584676266
120,364.63571167,150.816818237,43.4230384827,97.5197753906,97.1554517746
120,419.177337646,155.896026611,26.969039917,79.5116958618,88.7828826904
120,168.13609314,175.360824585,18.8691425323,45.5418586731,71.4694678783
120,565.429931641,71.9036560059,37.1594581604,108.868225098,34.3127429485
120,180.804611206,176.48210144,19.5228443146,45.4768409729,24.3899658322
120,390.329376221,157.905166626,24.8838653564,69.7676925659,19.7834923863
120,18.3561763763,160.834259033,29.0115756989,74.1467971802,12.6717329025
120,242.458694458,174.29637146,18.6581611633,49.9411621094,9.20364558697
120,306.550445557,170.65411377,20.8836154938,66.7989578247,2.289503254
120,352.823699951,162.481292725,16.3746795654,54.8297271729,1.02985370904
120,269.504180908,165.59513855,17.9208068848,51.6015968323,0.66776862368
120,595.997741699,75.2061080933,27.7507648468,91.0169448853,0.588922714815
120,411.915405273,158.8072052,16.2193984985,58.8352050781,0.344219547696
120,337.846618652,162.370925903,23.7510814667,59.6288642883,0.332154217176
120,200.818313599,172.065505981,20.3017883301,48.2357673645,0.0405363331083
150,110.324035645,162.463760376,45.4038200378,108.206634521,99.7402071953
150,57.1233329773,175.182144165,26.1713619232,67.1800231934,99.0018963814
150,180.953063965,151.464477539,43.8521690369,109.616508484,89.7023260593
150,151.984664917,160.192428589,34.0818634033,96.6929550171,84.2987477779
150,210.272033691,170.799331665,28.385848999,82.1741104126,56.1351954937
150,455.753417969,79.6721572876,35.7975387573,100.752586365,3.85769531131
150,147.691818237,164.141403198,20.7431030273,60.8331642151,3.77175100148
150,176.525894165,153.90953064,24.6155185699,65.3876571655,1.33124599233
150,193.116882324,202.824752808,21.7719402313,65.1228256226,1.12420478836
150,536.366027832,112.007537842,20.2698307037,50.092464447,0.910422299057
150,205.369277954,156.28604126,21.3852062225,59.9602661133,0.564212398604
150,407.275848389,135.463592529,20.6037521362,53.7681884766,0.524646230042
150,72.5562667847,174.435379028,20.6172161102,52.8233642578,0.267412420362
150,87.9611587524,172.339889526,30.2064666748,64.9719390869,0.00463496726297
150,4.75677108765,31.3985080719,21.1925296783,51.6496582031,0.000837430252432
180,85.2893829346,49.6700325012,29.3612976074,66.880317688,9.31849256158
180,19.3164100647,154.86050415,19.8839187622,50.2137260437,1.17526501417
300,130.866714478,170.01083374,18.3576183319,52.3097190857,1.73946842551
300,516.209899902,180.451950073,16.1532993317,52.1853904724,0.0996868824586
360,16.0420970917,138.630889893,21.0028686523,61.202999115,0.0101127872767
390,537.348083496,276.865997314,21.4614696503,49.9972991943,0.754668330774
390,445.92074585,166.400588989,19.8085536957,48.957660675,0.364364939742
420,450.754852295,153.559967041,22.0663890839,48.1126899719,5.28616569936
420,597.266540527,22.9942874908,26.0408496857,46.8229179382,8.90523280117e-09
450,504.16003418,140.710159302,23.6064434052,60.9816627502,98.7877845764
450,593.001708984,158.598342896,32.1916160583,84.2714614868,6.19436502457
450,419.650421143,148.761169434,19.7716712952,48.6881103516,1.05303181335
480,606.059143066,121.981513977,23.4516162872,80.7816390991,86.539119482
600,414.998260498,138.531188965,18.7244625092,46.7600860596,0.174823997077
750,187.204940796,176.94190979,18.3147068024,54.9762535095,0.290001952089
750,439.026855469,163.618453979,20.1372375488,46.4547424316,0.179077195935
780,6.57545089722,148.518295288,23.2553787231,49.2796936035,0.445800367743
870,472.995635986,114.644569397,21.0308437347,58.8228340149,0.229144585319
870,486.325042725,166.462509155,16.8170795441,60.4894714355,0.0407583691413
990,601.196228027,147.199264526,20.0426387787,42.0030708313,0.208494439721
990,553.47052002,112.630363464,19.5872612,56.0798492432,0.143329019193
1020,508.643035889,145.078811646,30.6305027008,70.7090835571,5.14735467732
1020,185.991409302,172.593307495,27.553396225,51.8362312317,0.423091417179
1020,49.4289245605,174.577392578,26.3953857422,72.3993530273,0.233825901523
1020,599.9921875,97.117980957,25.291261673,77.459312439,0.139516138006
1050,119.320320129,168.876922607,29.0488834381,70.3007965088,1.6213722527
1080,12.3301048279,175.206436157,35.1712608337,90.472869873,10.7370220125
1080,8.47989559174,205.574905396,17.390253067,63.7023162842,0.321249128319
1140,581.675964355,258.472198486,23.2548160553,50.6298828125,20.1334759593
1140,594.95703125,268.26651001,30.4817428589,47.3964347839,1.70721337199
1350,593.157958984,129.751449585,20.1672267914,58.9636955261,0.155596190598
1350,577.511108398,141.957733154,23.7836894989,56.3941459656,0.0369252666133
1410,6.19388151169,178.765426636,15.455493927,53.9633178711,2.1288132295
1470,7.79120874405,183.209350586,23.5210266113,58.9514884949,14.0308603644
1470,495.046112061,162.081207275,19.0628986359,62.3629417419,0.453180773184
1530,290.838012695,132.359207153,31.8161487579,80.555809021,1.57588869333
1560,609.945068359,174.378158569,19.1533889771,49.9532814026,0.398305198178
1620,602.255737305,239.826461792,31.750875473,92.7909164429,19.398316741
1650,491.921173096,63.2147026062,21.3113880157,60.7863578796,4.88668978214
1680,255.94871521,143.677566528,25.5495357513,54.4872169495,0.237981998362
1680,578.4609375,18.6119308472,28.1362915039,68.1427993774,5.38961614893e-05
1710,216.272628784,144.637634277,17.3206176758,47.475769043,1.0073796846
1710,36.5999259949,114.117675781,27.8644123077,65.5132141113,0.47969026491
1740,8.32930660248,174.497680664,21.4721012115,47.6984977722,40.6110525131
1740,216.446365356,128.650512695,17.9048118591,56.2058105469,2.12693549693
1770,204.573059082,134.906326294,17.0946788788,53.250415802,11.8851318955
1770,22.2137775421,130.817733765,22.7679843903,48.258102417,1.34971393272
1770,254.119003296,128.244003296,20.0549221039,56.24741745,0.0669351662509
1800,192.89239502,128.430358887,21.6292438507,56.7446327209,10.1564310491
1800,47.9291992188,35.8683624268,21.0952606201,59.2437324524,0.0554556376301
1800,35.6899375916,47.0042419434,19.202917099,51.0864830017,0.0392603629734
1800,110.136940002,28.2872447968,31.4182357788,69.3773727417,5.97968202731e-09
1830,170.240081787,126.150238037,21.8398971558,60.3649253845,10.339768976
1830,57.2836112976,130.547805786,18.8019771576,48.2741394043,1.13833323121
1830,66.7705841064,124.11907196,20.8554210663,53.0806922913,0.0132023342303
