30,560.943786621,161.974121094,26.9938659668,79.9674911499,0.301828747615
60,169.657516479,172.92124939,20.4516563416,43.9754981995,0.0962340913247
90,119.923927307,169.513702393,24.3282566071,48.6725921631,0.576953357086
90,608.285339355,29.3657093048,18.4987010956,50.5285606384,0.0174824497662
120,539.398864746,141.562057495,25.0773239136,59.2941932678,0.303857820109
120,478.810943604,147.780639648,18.0519218445,41.67420578,0.241330242716
120,583.149597168,88.1628646851,16.1302471161,51.7193107605,0.101434742101
150,517.472229004,126.269569397,17.985370636,53.183139801,1.37098506093
150,216.499160767,127.900634766,20.5572223663,56.8752326965,0.322484434582
180,551.476501465,150.811447144,29.2322368622,64.1336288452,2.02480442822
210,68.4977722168,136.43447876,28.7919063568,64.5726470947,18.6900809407
210,53.8063850403,126.870506287,21.2596797943,56.697719574,2.27130856365
210,567.264343262,128.857666016,24.927362442,71.0051345825,0.835940428078
240,105.813194275,128.786514282,22.8712539673,71.6155700684,0.461067259312
300,130.273086548,118.454284668,20.339838028,52.0414009094,0.605215970427
330,89.8623428345,111.758300781,25.512512207,70.3644638062,13.137614727
360,557.317382812,158.426193237,36.775642395,90.1551589966,10.4596376419
360,463.923492432,155.222091675,24.9907970428,62.801776886,3.47569398582
360,610.731384277,158.354187012,18.905380249,54.5552177429,2.58798208088
360,607.50201416,70.9636230469,15.8299360275,63.8859062195,1.72480102628
390,100.308937073,44.383480072,25.1863307953,83.8580856323,7.41525739431
390,162.200286865,110.097511292,21.21600914,61.3737487793,2.42048315704
390,413.23916626,149.436965942,17.0196399689,42.4603462219,0.700145075098
390,449.385375977,143.371139526,19.2173671722,51.7216453552,0.260316673666
390,99.0252075195,115.006980896,22.6757507324,60.7910766602,0.0692677509505
390,14.0832557678,131.240188599,26.7793197632,63.7348480225,0.0117038922326
390,156.476608276,34.4746437073,26.8373661041,52.8584289551,1.49566474761e-05
420,17.5813865662,105.410194397,22.032081604,57.1982116699,2.26131901145
420,189.3802948,139.211853027,19.5880451202,55.7115592957,0.457292981446
420,66.4510116577,120.27520752,20.5709896088,55.9942207336,0.434979656711
420,424.676727295,154.62336731,16.3482265472,43.530960083,0.337447714992
420,145.421875,100.994255066,27.0169086456,70.990196228,0.212331512012
420,29.9812755585,114.827766418,20.1277122498,51.7074737549,0.18853014335
420,50.5798492432,89.3587112427,24.1972942352,80.9067459106,0.149849371519
420,7.55952262878,110.3985672,17.8132514954,58.7825775146,0.112012703903
420,151.800216675,162.945632935,24.1976490021,49.8041038513,0.08464193088
420,112.000923157,30.9391937256,25.9697589874,53.5786743164,1.54263164742e-09
450,172.926254272,135.810287476,15.9324960709,56.6447410583,1.78100150079
450,6.91644144058,119.137245178,18.7492809296,58.3586730957,0.58616050519
450,416.89465332,154.40864563,27.0798435211,53.2294120789,0.15148849925
450,186.027816772,126.452430725,20.9354724884,58.8490715027,0.139913987368
450,120.24282074,92.8113708496,28.4492931366,78.4594802856,0.011560771236
480,163.006866455,136.628433228,18.4529914856,54.7757987976,3.337354213
480,181.567459106,108.265708923,21.6569309235,66.5595169067,2.37278975546
480,610.237731934,138.43208313,16.9140472412,48.1679267883,1.49268405512
480,10.0843954086,187.367904663,20.1530208588,54.1783866882,1.20382476598
480,278.440490723,149.069503784,29.8180217743,88.6579971313,1.06340479106
480,110.729057312,88.7007827759,22.2485275269,64.5218811035,0.625058310106
480,150.417190552,136.856124878,18.5202713013,54.5809364319,0.244643073529
510,100.629302979,96.2929077148,25.1792163849,67.677116394,12.471356988
510,183.224487305,108.746910095,23.6035785675,65.534576416,10.3032164276
510,151.790039062,138.381851196,18.7685451508,52.5196495056,2.09573060274
510,137.677658081,122.754882812,18.3247318268,57.7513237,1.82359348983
510,567.98651123,98.5099258423,52.7431335449,118.210990906,1.04824490845
510,160.246566772,125.375328064,22.5065746307,61.7366523743,0.400199601427
510,127.511131287,132.104370117,20.1512393951,62.58152771,0.216312357225
510,115.647155762,96.2143783569,27.3804798126,75.180015564,0.0881046929862
510,115.369842529,145.208389282,19.7591533661,54.8642578125,0.0392607762478
540,100.503700256,83.6194534302,21.2765903473,80.1997146606,5.22427298129
540,133.513168335,142.362854004,17.4720821381,52.6985931396,2.01543327421
540,146.248580933,140.651229858,22.7665100098,53.4430503845,1.99189260602
540,174.464523315,116.601341248,21.1170406342,58.3458442688,1.14996600896
540,121.499458313,134.267715454,20.9642009735,60.7246742249,0.654292013496
540,107.768768311,131.278182983,23.472322464,59.3536834717,0.190831674263
540,161.746994019,142.250045776,19.6554088593,50.9934043884,0.151973613538
540,24.2169036865,174.537658691,21.9527263641,62.577709198,0.148344784975
570,100.188316345,88.0854492188,20.2947635651,71.1002883911,5.67567571998
570,151.919067383,145.06942749,21.3499069214,54.8930931091,4.09246310592
570,8.09009933472,167.379776001,24.2169094086,70.1915512085,3.90117317438
570,174.979751587,128.183761597,20.8659381866,53.0124168396,0.666156550869
570,130.856735229,139.674453735,19.6779499054,58.3892860413,0.283763068728
570,57.8846702576,178.012130737,29.2735671997,58.5696411133,0.201781326905
600,95.1399841309,95.6807022095,23.875541687,79.0338363647,9.80587974191
600,10.7566375732,196.203414917,19.3542938232,55.6481285095,4.89714294672
600,54.9435272217,179.524398804,30.6881713867,63.819229126,3.91395427287
600,156.51725769,141.477905273,19.9677848816,57.0080604553,2.6853075251
600,142.889450073,145.504257202,21.5888900757,60.4273796082,0.577703444287
600,126.089134216,137.083251953,20.1729602814,59.1570320129,0.286020943895
600,167.929519653,140.322616577,20.6822605133,49.9993133545,0.105371023528
600,103.429191589,155.380813599,19.9002399445,49.3792114258,0.0630097812973
630,93.3411636353,106.097938538,22.8113079071,72.3742446899,23.6263632774
630,606.921203613,111.922584534,18.140745163,54.5836791992,2.08090431988
630,109.733612061,150.330001831,20.4492359161,59.2479858398,0.695376377553
630,58.9430847168,185.231933594,25.021905899,63.4125938416,0.673491787165
630,154.052993774,149.679656982,21.1748371124,58.9603004456,0.430447561666
630,184.503616333,129.684555054,17.9914093018,58.8142127991,0.425141630694
630,8.32756519318,198.104568481,19.7610492706,59.4745063782,0.304777850397
630,169.149154663,140.266296387,23.3634395599,52.8138084412,0.29202781152
630,122.679405212,147.221694946,22.2511882782,62.1851997375,0.163610558957
660,94.9526062012,101.007270813,21.6065311432,72.048828125,4.48502190411
660,88.5498428345,132.631576538,21.7244472504,64.018661499,2.13396176696
660,50.1129455566,192.800354004,26.7304935455,59.6492462158,1.77714079618
660,97.1024246216,154.217346191,20.095495224,56.8129005432,1.11910123378
660,147.344100952,152.078872681,21.5614776611,60.1265907288,0.737125612795
660,117.72467041,146.668502808,23.631942749,67.1313476562,0.431340979412
660,158.193893433,159.970123291,23.0314102173,47.309299469,0.192830222659
690,92.0300674438,106.766853333,20.8299942017,71.5260467529,2.00450289994
690,176.289840698,142.984970093,20.8848972321,56.8455963135,1.86411123723
690,150.030715942,163.643661499,20.9544696808,56.4720497131,1.67944226414
690,40.4385643005,197.395309448,26.0720348358,64.5557022095,1.33679313585
690,125.223655701,161.610397339,21.3923816681,54.686870575,0.837235897779
690,136.95980835,163.335708618,22.4291591644,55.9063529968,0.643020030111
690,162.32800293,164.008590698,17.750169754,47.564868927,0.551366992295
690,112.682640076,104.587272644,29.6591053009,87.7322998047,0.300112157129
690,491.83215332,172.857131958,23.0344238281,68.6317596436,0.243895105086
720,105.641578674,173.448898315,19.8362445831,56.7104225159,4.74895574152
720,86.1884765625,171.970474243,24.2665424347,57.5094871521,4.40322645009
720,110.655677795,111.034889221,26.1104984283,82.3629760742,2.70525496453
720,157.441040039,168.624954224,18.301738739,47.453125,0.62435073778
720,113.601135254,158.391708374,23.2119541168,62.0621948242,0.390300690196
720,167.787017822,158.69859314,21.1482906342,51.4728660583,0.0961961341091
750,132.764968872,187.147354126,18.322807312,45.2246665955,21.5023696423
750,8.12482070923,187.805541992,16.3500823975,44.9550361633,10.3179693222
750,83.4590072632,167.031646729,21.5634918213,62.4395141602,9.67814326286
750,103.745552063,111.117286682,25.1670055389,76.2650680542,7.53838941455
750,100.946289062,160.190032959,18.3658351898,50.5743141174,2.86163464189
750,160.286636353,164.434387207,18.5057659149,46.1443367004,2.65006031841
750,167.828140259,143.788513184,28.1016941071,64.2643966675,1.37481382117
750,95.3807296753,96.194152832,22.1074581146,69.3502731323,0.693536596373
750,119.894630432,167.676315308,22.7893161774,60.8305397034,0.512678036466
750,146.904052734,179.954452515,18.6619377136,46.2172050476,0.3833679948
750,118.560676575,113.231788635,20.534116745,58.7968635559,0.110422912985
780,112.837402344,185.688796997,19.0310153961,45.0082435608,38.427567482
780,60.1705436707,106.235771179,27.4089946747,72.1025161743,7.85442367196
780,153.59715271,157.15864563,20.2618465424,51.3260536194,1.8315738067
780,102.152061462,185.819229126,17.7426338196,47.8148956299,0.856021232903
780,168.144500732,155.194747925,20.3177661896,52.7895088196,0.347962230444
780,67.5713272095,155.618942261,17.9976596832,55.4570503235,0.308166327886
780,142.720352173,161.862380981,20.0962543488,51.1867218018,0.29352272395
780,133.665466309,163.615310669,16.9311580658,47.3701820374,0.255319802091
780,566.818969727,228.624816895,30.8893909454,70.0453720093,0.144272437319
810,65.2426452637,96.8333129883,39.6958007812,130.762374878,26.1991292238
810,171.607009888,143.943710327,20.5482578278,64.6137771606,2.70521901548
810,30.4144229889,96.7683105469,32.0270767212,94.9395446777,1.47630628198
810,492.28805542,171.666763306,17.9650306702,47.9582977295,1.05729233474
810,274.738342285,153.729690552,18.1312503815,43.9215393066,0.999105721712
810,517.660827637,172.467880249,20.8391418457,56.4002113342,0.808811187744
810,153.819320679,143.336013794,20.6358203888,57.8198280334,0.544598884881
810,129.321121216,156.062515259,22.8322467804,53.0743751526,0.455289706588
810,72.063293457,182.981033325,21.5662097931,53.6886863708,0.335310096852
810,142.743484497,151.422286987,20.0369625092,50.3946495056,0.32567481976
810,507.017547607,168.367446899,17.5717105865,58.0236549377,0.277612404898
840,506.924957275,173.833633423,19.0502204895,43.8464660645,75.6785750389
840,539.196105957,170.000350952,24.0535907745,66.0803222656,68.5416579247
840,44.705493927,64.9469680786,38.3744468689,140.202987671,68.0980801582
840,12.5890922546,172.700912476,22.4204330444,56.891040802,23.0153292418
840,550.842468262,159.085159302,29.1866168976,78.0530776978,8.94678011537
840,53.1439361572,74.1976699829,24.4970092773,63.1408500671,1.72664932907
840,109.069854736,154.548339844,18.7000465393,49.1297492981,1.56726874411
840,24.3371658325,161.090164185,19.9308376312,52.9693565369,1.00200818852
840,429.75680542,154.582199097,21.7094287872,53.355670929,0.500781880692
840,7.95260953903,122.441596985,20.644575119,55.4635887146,0.459976540878
840,122.169677734,150.382949829,18.8944969177,49.8301124573,0.18306755228
840,41.12159729,165.492492676,16.9453353882,53.6786689758,0.148438313045
840,134.396820068,144.230499268,18.7406730652,53.5892601013,0.114098843187
870,513.242736816,160.588150024,24.0670261383,51.180316925,98.7363874912
870,590.147460938,155.966415405,27.4139156342,85.0124969482,84.5851480961
870,15.8541898727,60.8551750183,44.1481628418,146.440139771,79.2167007923
870,575.133117676,162.938583374,16.8297996521,45.9017906189,13.6751905084
870,610.459472656,151.467086792,18.426656723,51.3298034668,1.89790129662
870,210.055725098,145.437667847,19.1080169678,46.3744506836,1.40509279445
870,26.4498386383,55.0729255676,25.7779541016,66.0946121216,0.459039025009
900,526.114318848,159.050094604,24.8654174805,52.9199066162,99.4473874569
900,439.585296631,94.147315979,18.016544342,68.9297790527,0.303616351448
900,108.059936523,26.397851944,20.6156749725,68.229850769,0.000248825972449
930,533.853210449,153.938308716,23.1714191437,53.1580314636,99.3803083897
930,62.2489891052,130.940216064,17.1868190765,54.7723236084,1.3448770158
930,78.7038040161,126.947288513,21.3504238129,60.7944755554,1.2591377832
930,442.947113037,85.4617614746,19.3827152252,64.7026519775,1.0735405609
930,92.927406311,127.936729431,20.6833934784,63.9949989319,1.03447576985
930,138.496810913,136.939163208,20.0564861298,57.6003608704,0.816620700061
930,191.013717651,134.787414551,20.0828456879,49.57289505,0.145209440961
930,165.643554688,142.365066528,16.6964530945,42.9879264832,0.0205029777135
930,126.345329285,132.760894775,18.4785709381,54.6362876892,0.0177353489562
930,175.817382812,139.459777832,17.1222019196,42.4287834167,0.00485748096253
960,522.225280762,147.202438354,26.9449768066,56.6529846191,98.5268890858
960,63.1125602722,126.013923645,21.4445438385,57.5534629822,1.0286883451
960,51.738571167,124.848571777,18.3809871674,54.5644683838,0.821966957301
960,181.285690308,124.789024353,18.6661739349,49.6258659363,0.734113622457
960,80.8402786255,111.930763245,29.1503734589,70.1057510376,0.594121264294
960,168.221420288,124.581199646,19.7403964996,45.486492157,0.217354111373
960,159.950042725,131.167037964,16.5649166107,44.6075248718,0.124244682956
960,147.255783081,127.493469238,22.1409015656,54.161945343,0.0366057065548
990,495.1690979,146.641418457,26.7200222015,59.0344352722,99.0047872066
990,58.0903892517,138.320480347,19.2121906281,50.2346076965,11.7719985545
990,46.6203727722,141.548019409,18.6553401947,50.3235816956,1.8648583442
990,119.47958374,132.876327515,22.8475093842,61.8217582703,1.82349402457
990,227.81578064,126.60546875,20.0928649902,55.9286766052,1.10061848536
990,603.885375977,140.304489136,21.1434688568,52.9289703369,0.59954575263
990,75.6300506592,130.03604126,26.0047130585,64.1008758545,0.514827854931
990,102.423667908,133.311691284,22.6933670044,54.7079963684,0.0295613630442
990,448.394073486,104.777549744,19.6530284882,66.2940139771,0.00363462713722
1020,544.174621582,141.475296021,52.789855957,146.994155884,98.6009955406
1020,457.293365479,156.07321167,22.4626064301,56.5658531189,74.712651968
1020,57.7452735901,145.67565918,18.9516830444,53.6884269714,2.83112972975
1020,560.542480469,151.076156616,27.7548980713,76.1748657227,2.18395330012
1020,48.6169776917,139.041549683,17.9145202637,55.7682380676,1.06440465897
1020,66.5918960571,134.316665649,20.5595645905,56.8807640076,0.962328631431
1020,551.931884766,210.295898438,29.2130813599,78.8698272705,0.0470223400043
1050,443.0027771,148.954727173,42.4924049377,81.6280670166,45.255485177
1050,57.9515113831,181.1927948,26.255815506,63.3626861572,3.10742929578
1050,67.8074111938,38.5507087708,29.0288906097,78.9734191895,9.40708702046e-06
1080,58.7148628235,151.450637817,18.9219989777,49.1662597656,11.9386255741
1080,46.6141929626,151.979415894,20.8684062958,54.1226196289,2.16300021857
1080,67.3288803101,134.731277466,20.6740036011,60.9015655518,0.334768043831
1110,221.819107056,154.135757446,35.2747650146,83.2913665771,80.7164907455
1110,64.4073181152,151.607254028,17.1092891693,55.4088935852,3.21566648781
1140,108.260353088,149.653488159,59.6232452393,144.558944702,99.4341313839
1140,111.182136536,160.050613403,20.2498970032,61.9420433044,0.775226810947
1140,135.204666138,162.346313477,26.068025589,77.2587127686,0.753790140152
1140,66.4701156616,144.777420044,19.9089183807,52.8321037292,0.228876573965
1140,154.348770142,160.231109619,18.0470409393,46.6961936951,0.0139147596201
1170,9.64151287079,158.570007324,50.1862487793,138.081588745,99.6398866177
1170,55.8397941589,158.412445068,17.6984786987,46.7210960388,3.12138199806
1170,11.0701637268,217.4609375,26.5177688599,75.4079360962,0.949603784829
1170,37.7346305847,154.798324585,51.4949188232,125.127738953,0.417554983869
1170,68.4063186646,153.078384399,17.8883075714,56.0615997314,0.368831632659
1170,34.0859107971,165.798095703,24.5206680298,68.8851776123,0.162563996855
1200,58.5110664368,156.478469849,17.4181690216,51.2704048157,4.58806455135
1200,46.4835624695,153.010894775,17.2379817963,56.5321617126,0.658297305927
1200,234.974624634,149.161743164,18.9086971283,48.6982002258,0.314526958391
1200,220.921142578,159.460464478,18.9158325195,49.1855354309,0.0440986303147
1230,53.7765045166,155.310714722,19.58943367,49.3014411926,5.47182001173
1230,66.7976379395,155.331039429,18.6108379364,51.3363494873,0.55987117812
1260,149.868057251,174.843704224,23.4719543457,50.7825164795,97.7041125298
1260,59.212600708,154.06060791,20.2234783173,54.5147705078,1.80321168154
1260,45.5066566467,150.397247314,20.1031169891,59.7719459534,0.534727051854
1260,76.4675674438,157.484024048,23.3219661713,60.7087097168,0.532031944022
1260,231.23260498,150.2681427,18.0696582794,49.138885498,0.468468340114
1290,127.551826477,175.418029785,21.6056671143,40.1008377075,0.922527629882
1290,230.798095703,149.474197388,18.3617553711,50.1969642639,0.229983008467
1290,68.1388015747,40.459690094,28.4072418213,78.3227462769,3.67767881926e-05
1320,100.564361572,174.600280762,20.7366962433,48.3494529724,94.6818828583
1320,67.2690887451,155.717773438,16.4931583405,54.9185066223,2.99186334014
1320,83.3589096069,169.289794922,18.0586109161,49.6279602051,1.25211374834
1320,114.552886963,171.120925903,17.7790126801,50.4596977234,1.22471982613
1320,53.102355957,149.356735229,20.7553043365,56.7747764587,0.574482930824
1320,124.844306946,160.46812439,19.053276062,53.909362793,0.317077408545
1320,236.261047363,146.224441528,17.5759944916,52.1078605652,0.154306925833
1320,170.359375,155.864151001,17.2602939606,44.8601837158,0.13853822602
1320,152.842147827,159.542266846,18.2592983246,42.9010162354,0.0876326754224
1320,72.777633667,27.0876998901,20.5800037384,61.3848228455,9.49816808316e-05
1350,88.7867507935,174.971939087,23.3354892731,48.0079612732,93.7558412552
1350,58.3264884949,156.82270813,19.0803203583,48.630947113,25.2844572067
1350,74.5908050537,163.990219116,16.9482192993,56.972869873,4.11782301962
1350,46.4777526855,151.761489868,19.2779541016,58.3486785889,1.38290189207
1350,117.871177673,156.454055786,21.8680210114,61.4666442871,0.443861121312
1350,228.219223022,149.056869507,18.4316082001,52.2299346924,0.426423922181
1350,164.233825684,146.475509644,20.9976482391,47.7808952332,0.253840046935
1350,106.552604675,169.501602173,20.3123703003,49.0790061951,0.119708920829
1350,147.217025757,156.067321777,19.3692340851,44.7611122131,0.0443467666628
1350,70.2497329712,38.3895263672,25.7955932617,73.9710083008,6.33729428046e-05
1380,83.2117996216,174.265853882,22.1194095612,48.1982116699,89.015763998
1380,58.4629211426,157.88041687,18.4802875519,53.8358421326,14.906488359
1380,72.4752426147,167.898452759,19.7046985626,53.2080497742,2.16391049325
1380,40.9875679016,143.360168457,18.1185932159,53.2393531799,1.65660604835
1380,104.625526428,161.301712036,21.3235759735,52.7474021912,0.307627953589
1380,142.542617798,154.492752075,18.6695175171,48.2255249023,0.251324824058
1380,127.475471497,155.033737183,21.6443023682,56.691028595,0.194228684995
1380,170.049057007,156.094512939,18.1545467377,46.624080658,0.0770367332734
1380,153.48236084,159.356613159,18.4748916626,44.0261726379,0.0618780264631
1380,448.611785889,124.808403015,19.0567741394,59.211139679,0.00402400000894
1410,82.8438644409,175.399307251,20.5673179626,49.4111328125,94.3705439568
1410,61.6054840088,158.998092651,17.177822113,50.2480316162,15.0135561824
1410,47.2227478027,150.902770996,20.19190979,57.9152870178,3.10118310153
1410,227.093704224,149.990921021,20.6320152283,54.7560081482,2.41845101118
1410,70.3118438721,168.031188965,17.0812473297,52.6889533997,1.48032447323
1410,128.322906494,159.101760864,20.3003177643,54.7792930603,0.364773324691
1410,154.355651855,168.632003784,17.6343002319,42.0498542786,0.0647785316687
1440,81.7422790527,174.660766602,21.698425293,47.8795280457,84.8160743713
1440,57.9105262756,156.003097534,18.6504001617,52.6092948914,13.327498734
1440,70.2071838379,163.159988403,16.1815547943,53.2882347107,4.64522913098
1440,122.389030457,159.318222046,20.7241764069,59.2447929382,1.53848268092
1440,110.055046082,159.661254883,21.6797542572,50.6936454773,0.179523683619
1440,153.69569397,164.383834839,18.0226821899,45.043598175,0.0524304574355
1440,68.5260848999,39.0843696594,28.8398284912,80.5722885132,2.69810044529e-05
1470,91.5076599121,175.332931519,20.7167835236,44.9724617004,82.3390364647
1470,59.0707817078,157.439193726,17.9106426239,48.6264610291,8.53944867849
1470,121.418518066,158.882400513,22.8672580719,58.5626983643,3.71848493814
1470,73.3327102661,166.153961182,16.4404296875,53.1269721985,2.87631358951
1470,45.7108306885,150.535598755,19.1461391449,60.5034332275,2.02074106783
1470,109.343391418,166.348739624,18.651468277,46.4875793457,0.186598533764
1470,164.062591553,153.298156738,21.7160491943,49.1549568176,0.0502794864587
1470,147.414901733,154.765365601,18.9683246613,44.4365692139,0.0319492421113
1470,68.9201583862,38.0237121582,27.5481433868,79.2999343872,0.00012478071767
1500,100.168479919,173.055831909,18.5337333679,43.9098815918,79.732644558
1500,62.7348937988,156.225830078,18.624666214,52.5704803467,17.9035842419
1500,46.3732910156,161.90322876,17.8596439362,51.7796440125,3.89037281275
1500,73.2412109375,158.014816284,20.2651386261,60.692565918,3.03509309888
1500,89.2448196411,173.586685181,15.6501808167,45.479801178,1.83035116643
1500,128.034500122,155.36328125,20.4956588745,56.5141487122,0.10234528454
1500,117.505226135,158.641586304,17.2075862885,58.6833457947,0.0928412715439
1500,142.498672485,155.266891479,18.8793926239,46.528301239,0.0286775728455
1530,105.418426514,174.522415161,18.5065841675,42.5247192383,76.8053710461
1530,58.4020195007,151.26524353,18.4008979797,54.3795471191,6.15036673844
1530,46.4065093994,158.602798462,18.8094768524,52.8530082703,3.14775966108
1530,90.9578018188,170.33656311,17.6592292786,47.29895401,1.10182929784
1530,122.21497345,168.260253906,15.4220352173,48.2872619629,0.265338900499
1560,109.696998596,175.47454834,18.968580246,43.3743629456,71.3405609131
1560,62.2119865417,153.202896118,19.5079593658,49.5534515381,9.05281975865
1560,48.2966575623,151.620681763,19.1997337341,58.5759925842,0.966627709568
1560,126.836639404,169.094039917,15.2197380066,49.3928260803,0.0561640132219
1560,69.2329483032,39.1327896118,27.5185451508,76.383644104,3.30011317828e-05
1590,116.534111023,174.31098938,17.6710262299,42.7066993713,18.7279745936
1590,609.512756348,163.593719482,15.490439415,46.4995765686,2.2152794525
1590,58.4433403015,154.87437439,20.0615463257,53.1938781738,1.40222646296
1590,44.4047393799,150.788925171,19.368013382,58.3357887268,1.10540352762
1620,62.1420402527,156.679931641,18.2826004028,52.5602684021,7.13232830167
1620,45.9171142578,147.427566528,20.6549396515,62.0241546631,0.552989263088
1620,116.46988678,154.174850464,23.9781799316,56.4608612061,0.226171105169
1620,68.6948623657,41.0000190735,27.3472003937,78.0406494141,1.69831480434e-05
1650,58.9836769104,155.070404053,18.4229335785,51.0774879456,22.2670614719
1650,48.8419761658,149.578384399,17.1457118988,59.674785614,1.05277625844
1650,73.3212509155,32.5125732422,20.1754112244,61.5136222839,6.86657415372e-05
1680,58.5323143005,152.757064819,18.2036361694,49.9986877441,6.6718108952
1680,45.5316810608,143.877609253,19.1727180481,60.0207557678,0.806381832808
1680,67.8857040405,134.118759155,19.5953655243,62.7696113586,0.211513275281
1680,69.342010498,41.2332839966,26.4287090302,76.4860076904,3.1371263276e-05
1710,57.8179130554,155.562179565,19.1663417816,50.9407196045,16.5966376662
1710,48.1692047119,150.213378906,18.4038829803,59.920665741,2.30395272374
1710,594.644592285,169.861953735,31.6637821198,75.6419448853,1.59666724503
1710,70.1671676636,144.930496216,23.7047042847,64.8701324463,1.22360950336
1740,62.4217338562,157.289382935,18.0281600952,50.7510986328,1.75548586994
1770,36.6479301453,189.994125366,83.0768051147,168.891036987,79.0042161942
1770,113.843994141,148.980331421,21.0237293243,63.0097351074,0.179613532964
1770,444.764312744,116.739402771,19.6140460968,62.8327941895,0.0527751457412
1800,62.1631011963,152.961105347,19.007226944,51.9381904602,5.58276362717
1800,48.1918334961,152.221542358,18.198923111,56.7650756836,1.05074290186
1830,62.8969535828,153.89805603,17.1577720642,54.1564292908,2.27171126753
1830,46.0522460938,145.202011108,18.7664089203,60.2533569336,0.45058359392
1830,67.8733825684,132.626449585,19.9520759583,59.2392692566,0.0609448470641
1830,67.7737579346,26.1941986084,22.4395523071,61.483795166,0.000110551093258
