30,20.312292099,59.4059257507,25.2702846527,61.3493003845,9.31526124477
30,597.961120605,152.663909912,28.3810501099,63.8795433044,8.60475152731
30,213.082992554,128.756271362,20.2821044922,43.0307350159,2.74031925946
30,554.350952148,162.164077759,29.3259754181,63.9632835388,0.773625448346
30,358.850982666,65.5283126831,19.665189743,55.9084358215,0.0514557934366
30,227.984390259,131.819274902,15.6446294785,41.9486961365,0.0191245402675
60,165.08190918,132.680450439,18.7315196991,46.4588890076,68.234026432
60,604.635070801,152.316665649,20.3010158539,50.6462745667,4.51268404722
60,175.586914062,135.178482056,17.9212322235,47.2022132874,4.03309427202
60,320.638305664,74.7089920044,21.8832626343,66.2218017578,0.0130993954372
60,336.367614746,67.8165664673,20.6858177185,68.293762207,0.00941295584198
90,103.839790344,131.255477905,27.6290435791,59.0019989014,88.6612653732
90,593.283874512,141.944107056,26.257194519,61.2091369629,2.80637238175
90,608.773986816,133.617614746,20.2866687775,67.9186630249,1.43071552739
90,165.335983276,123.287956238,20.4141101837,55.1145439148,0.999531522393
90,403.402587891,31.944360733,22.8398036957,50.1014213562,0.959941931069
90,329.306274414,58.7840118408,21.6451625824,48.7227783203,0.918026361614
90,267.927093506,129.441482544,22.0354824066,47.4160270691,0.429646996781
90,117.815643311,127.037910461,24.2742557526,47.5112571716,0.0460988259874
120,25.1802005768,126.534141541,29.3621807098,65.5085372925,99.1708695889
120,290.929718018,69.4870681763,19.0024738312,57.8679466248,0.195944216102
120,306.792877197,61.8726196289,24.8678150177,64.5134048462,0.0479756388813
150,16.0219097137,148.323242188,21.3781356812,55.0915985107,1.40050416812
150,604.564819336,183.078491211,20.1535930634,43.7457771301,0.149653072003
150,594.439453125,70.9084854126,24.1688518524,72.7580184937,0.114236515947
210,310.622039795,48.3615150452,26.219078064,57.4920158386,2.4194676429
240,298.394866943,58.6982536316,21.7410049438,50.8858451843,1.16670476273
240,577.69354248,157.611068726,25.7474575043,60.2535858154,0.488114031032
240,410.250762939,141.21736145,20.6020526886,49.8787269592,0.138316047378
270,283.502685547,51.6954078674,20.9840908051,52.2399291992,3.62142026424
270,450.971160889,141.008132935,30.1084842682,85.7002487183,2.63900533319
270,530.465148926,52.266040802,19.3152427673,53.9351081848,0.0945660751313
300,548.359802246,181.509765625,50.5378265381,107.057197571,22.2898066044
300,293.587249756,57.4355583191,21.8017444611,58.2342338562,3.01038455218
300,494.708343506,152.952392578,44.7936592102,111.620979309,2.17301920056
300,396.944244385,158.4112854,25.580247879,61.8954467773,0.732631795108
300,515.679382324,140.351348877,21.2985572815,54.7676048279,0.323051214218
330,417.958587646,167.567947388,28.583902359,72.1329498291,2.12640482932
330,600.766784668,217.749160767,27.9933338165,92.1525039673,2.03423257917
330,293.120758057,65.7057189941,21.9801864624,53.7317504883,1.27006685361
330,593.940124512,276.173858643,26.339056015,85.4132461548,0.75399284251
330,395.655639648,184.904785156,29.8968830109,85.3181915283,0.574001763016
330,581.085998535,158.964767456,29.2357883453,92.6313858032,0.0572438002564
360,427.561248779,180.239456177,25.888841629,79.2388763428,6.6308028996
360,405.743774414,163.67829895,39.6923942566,118.466674805,3.79311218858
360,288.380615234,74.951385498,27.141248703,63.4364891052,0.187952455599
360,388.401855469,171.581985474,32.6954917908,94.7760314941,0.0334532611305
390,594.618408203,151.430709839,30.0569591522,57.4682655334,0.734036695212
390,290.425628662,70.1374588013,28.7104091644,64.2781295776,0.369994761422
390,424.573577881,212.993148804,22.1289463043,67.4153671265,0.264384807087
420,419.880981445,209.325378418,31.3662700653,91.1580505371,1.0622962378
420,289.450042725,90.4984054565,27.0751056671,58.239944458,0.184036279097
450,452.38671875,179.719589233,29.6162776947,89.0068359375,0.00776873494033
480,279.323394775,80.0894851685,29.9007110596,62.7094573975,2.51763872802
480,143.347900391,36.3101234436,22.0313644409,54.4851570129,0.07269019261
480,507.46774292,183.108886719,22.699678421,64.9574966431,0.0265729846433
510,458.141601562,171.091491699,29.2901554108,49.4196891785,87.043517828
510,138.976867676,38.0296516418,20.2618980408,55.0153770447,0.824478175491
510,448.6300354,167.106521606,19.276884079,54.3548278809,0.0374336173991
540,238.696411133,171.10357666,34.0871505737,62.0338287354,39.6642386913
540,112.745605469,29.3438167572,21.3815307617,55.9501533508,0.0197674657102
570,101.139190674,38.7011566162,19.3305892944,57.1126594543,0.41433358565
570,234.841781616,82.5544815063,27.3446140289,66.928817749,0.111035688315
600,215.016601562,71.8414077759,29.0406551361,60.2999153137,1.94233171642
630,49.0746040344,161.315826416,17.778875351,58.0454711914,2.20239777118
660,34.2814292908,158.134140015,18.0138473511,60.47864151,0.154135539196
660,123.684570312,35.6120643616,21.9362659454,56.448551178,0.0215439373278
690,320.792480469,171.22467041,15.6154098511,45.7893409729,0.415054475889
750,603.991882324,86.5700683594,20.3779964447,82.6281814575,5.53442873061
750,216.995132446,175.845657349,15.4896383286,43.641544342,0.505799800158
870,565.725280762,175.855712891,16.734834671,43.6126556396,0.168433634099
870,348.370483398,172.811843872,20.8167362213,45.512878418,0.154349592049
900,477.85546875,164.653289795,20.1762161255,50.0071868896,0.1831977861
900,242.374160767,171.759597778,21.2248020172,45.7477531433,0.125300523359
900,490.757843018,164.387634277,21.9097137451,51.6206054688,0.114162848331
900,562.776062012,168.438430786,21.8212451935,54.930355072,0.0215313702938
930,205.540893555,162.564529419,22.6707000732,50.8831672668,11.6018071771
930,604.360534668,97.5272445679,23.7638149261,68.3073196411,6.20155446231
930,603.02923584,169.183853149,24.1018371582,59.6482429504,1.09662571922
930,616.389099121,190.219497681,17.028968811,44.7507820129,0.92891799286
930,136.533187866,162.446731567,23.4492397308,54.2810401917,0.747398473322
930,479.626434326,167.28666687,18.8375453949,51.1715431213,0.304545229301
930,220.701339722,161.408248901,17.9067211151,51.3429107666,0.202118139714
930,191.798568726,164.539993286,17.5353946686,47.8488197327,0.123025546782
960,158.682403564,145.3306427,25.2076702118,61.5109519958,3.61909195781
960,75.1282653809,155.736450195,22.1938228607,56.1935272217,2.37657390535
960,148.914047241,145.982116699,17.3837547302,55.2810974121,1.1141541414
960,463.610473633,161.265686035,19.5530643463,52.0718650818,0.42278682813
960,137.001968384,158.273864746,18.1404380798,47.0162010193,0.220586918294
990,103.901771545,108.703346252,22.2525463104,68.6973342896,9.18608531356
1020,9.29223251343,132.374313354,22.8034973145,62.9703330994,15.8842772245
1020,496.551269531,130.758575439,23.0077648163,72.4981460571,6.51349574327
1020,23.2919540405,141.629714966,18.5398426056,57.2121925354,0.882924906909
1020,479.773712158,145.282180786,26.0463180542,60.562122345,0.445670913905
1020,32.6458129883,117.89025116,25.4923782349,78.681968689,0.357056083158
1020,605.946594238,52.8259391785,19.6446704865,62.5115623474,0.310194026679
1020,470.857086182,148.761398315,19.7352962494,49.4551200867,0.129495502915
1020,189.945632935,128.319717407,21.5631027222,54.0019187927,0.0132723769639
1050,14.4379720688,130.361083984,31.0964984894,64.0251235962,0.630720937625
1050,550.575256348,174.172866821,20.4777679443,43.9066123962,0.394608778879
1050,178.358474731,117.604164124,25.6106853485,55.9233436584,0.392335653305
1050,164.064727783,111.988037109,20.6222877502,52.2686042786,0.142965756822
1050,81.217590332,141.992660522,17.8245201111,50.9924659729,0.0942804152146
1050,526.036682129,122.859802246,23.5977725983,65.9021377563,0.0538140244316
1050,219.38218689,98.4819717407,29.0330429077,80.9543228149,0.00915886994335
1080,329.801147461,141.525619507,26.4313354492,63.1983757019,1.48128448054
1080,166.202453613,92.177696228,29.1963806152,63.4440498352,0.96868313849
1080,196.232421875,98.4954299927,21.0754566193,52.9685516357,0.0833162863273
1080,210.277084351,84.7076416016,30.1102199554,82.1320877075,0.0721416552551
1080,535.248291016,141.065444946,22.4881839752,46.2174034119,0.06896489067
1080,13.6957893372,117.401664734,24.5696277618,61.6486816406,0.0354120653355
1080,274.038360596,132.20640564,20.5729465485,50.8199424744,0.011868483125
1080,162.482406616,33.2068939209,24.030172348,42.1114234924,1.55816637371e-08
1110,66.7271499634,133.588821411,17.3296165466,51.4316520691,15.8711537719
1110,52.3398551941,126.912620544,18.259180069,55.1169586182,8.97867456079
1110,39.7383270264,126.023887634,19.835855484,60.5767707825,0.364322704263
1140,54.086025238,89.1598815918,20.8150043488,59.8536186218,5.10552190244
1170,42.8203277588,105.932678223,31.8138656616,79.1972961426,21.484990418
1170,36.0242118835,116.369018555,21.0150356293,54.3327598572,21.0336685181
1170,9.33180522919,123.524208069,18.2912101746,56.5108909607,10.9592735767
1170,72.7851257324,115.253746033,22.5691146851,57.2983436584,7.62489661574
1170,23.9278202057,117.635978699,20.457359314,49.6571922302,0.640661315992
1170,268.390533447,49.4582214355,25.1880054474,68.4834823608,0.437307264656
1170,328.696624756,142.966110229,23.9297103882,61.1137886047,0.070271169534
1170,79.34765625,92.688659668,28.9303607941,68.0550003052,0.0241635163547
1200,202.66343689,123.118492126,23.6077404022,53.3570861816,19.1837325692
1200,362.964019775,129.486282349,22.3855819702,55.8313026428,19.0217480063
1200,28.9170742035,63.364490509,19.9480819702,57.7308311462,1.3540783897
1200,172.423080444,135.739120483,19.8042259216,45.3723869324,1.12186763436
1200,215.988586426,139.041671753,18.8708362579,47.025554657,0.523312203586
1200,200.241104126,45.5527076721,22.9259262085,65.1493148804,0.235502026044
1200,493.654266357,130.16229248,27.1931934357,60.8956031799,0.0790170219261
1230,11.3995637894,180.694702148,56.5900154114,204.062393188,0.420246925205
1230,475.947235107,141.18560791,24.5687408447,54.091999054,0.284339231439
1230,121.376525879,39.6032295227,22.8905124664,69.7581558228,0.0616426987108
1230,217.726272583,50.3296928406,38.1302146912,75.9766769409,9.59889390195e-08
1260,60.7542304993,141.263442993,22.8475704193,62.8618736267,11.405685544
1260,22.8648223877,145.591781616,20.6852855682,52.2783050537,3.99247743189
1260,10.3390779495,135.665512085,18.9184322357,52.7503318787,1.60433463752
1260,76.1370773315,144.624801636,18.2049980164,47.6931724548,0.176146766171
1260,184.190795898,141.082626343,21.7830448151,50.5276603699,0.0364434032235
1320,19.208070755,152.580886841,21.1034221649,59.631855011,6.43000528216
1320,9.58192062378,81.7080612183,22.6658000946,59.4375724792,0.306876166724
1320,25.3750247955,41.5854377747,26.9006881714,64.139465332,0.130120455287
1320,146.590866089,164.766769409,25.0740032196,50.4474334717,0.0349603855284
1350,23.4128894806,158.991165161,18.7367248535,52.8891601562,2.23233569413
1350,122.524253845,167.402511597,18.2776241302,44.3080253601,0.268684606999
1380,120.36403656,162.138427734,22.8225917816,46.589263916,0.311632291414
1380,31.0762729645,45.9601631165,31.6916637421,62.0883598328,0.124488293659
1380,10.1082715988,92.016204834,29.3934879303,69.4083938599,0.0579212151933
1410,121.18447113,159.021530151,21.3011188507,45.7713356018,0.612013414502
1410,430.639068604,149.374160767,20.0368556976,44.8823699951,0.402413588017
1410,22.9043273926,46.1683807373,27.7400035858,62.2698249817,0.0619984639343
1410,10.3906021118,84.7779846191,21.3111057281,68.1003189087,0.0311890267767
1440,9.66132640839,90.9164352417,19.5476646423,60.4251289368,0.146980327554
1440,128.774078369,39.2606239319,20.8627986908,52.4712524414,0.0450348306913
1470,19.5541248322,163.423599243,18.6596546173,53.3125915527,3.06982398033
1470,29.6029109955,171.079101562,18.4243927002,47.1241111755,0.0702870020177
1500,598.019958496,157.733123779,22.802526474,49.6927757263,0.290327612311
1500,24.7434463501,165.439163208,16.2066497803,52.3569908142,0.267305620946
1530,14.9694871902,154.245254517,22.3147068024,54.847366333,1.57171841711
1560,121.601127625,170.151596069,18.7043781281,43.7549591064,0.406129006296
1560,262.978790283,106.774414062,23.2083759308,65.0027542114,0.181840581354
1590,16.1580028534,158.868881226,24.7080020905,59.8499107361,28.4614056349
1590,117.495887756,173.949813843,19.10297966,45.6408119202,0.0955585739575
1620,13.8061513901,154.442611694,23.8599224091,59.7501716614,8.83238092065
1620,596.31817627,159.812973022,23.8048419952,48.3066520691,0.333617767319
1620,9.12045764923,81.8781433105,28.0837249756,77.5203475952,0.330543937162
1620,610.638671875,152.061141968,17.8128585815,51.2674980164,0.0700807140674
1650,120.493041992,171.637756348,22.3675670624,47.3981285095,0.20993007347
1650,8.64420986176,86.4296340942,31.0953903198,79.3988418579,0.0279170199065
1680,22.0081100464,167.535186768,19.2673854828,47.713684082,1.61759890616
1680,119.453956604,166.650985718,22.9880924225,45.2261657715,0.320227979682
1710,14.9123239517,157.258850098,22.5596446991,55.9036407471,8.91563892365
1710,28.4071521759,171.204772949,18.0039367676,43.7712745667,0.161721382756
1710,19.4016056061,42.3144989014,22.1963596344,57.8065071106,0.0521829526406
1710,118.169929504,173.927536011,18.117275238,44.8814430237,0.0339068588801
1740,118.620758057,166.546966553,21.7841739655,46.5476226807,1.08532616869
1770,22.1730957031,168.131256104,20.1529960632,48.9983100891,1.65251623839
1770,124.809059143,169.674606323,22.4489822388,45.3730049133,0.253772549331
1770,17.2212810516,51.18567276,29.9694061279,67.5809402466,0.119136227295
1770,602.503967285,154.490005493,21.1814498901,50.3740692139,0.0534728809725
1800,19.6622009277,160.319519043,19.5536651611,56.8236083984,10.0587166846
1800,462.366729736,145.758178711,21.5931758881,49.9619140625,1.2716778554
1800,182.496627808,155.032058716,29.3186626434,68.2687759399,0.37313781213
1800,21.265291214,52.6065406799,29.1187458038,64.3330001831,0.247413245961
1800,123.42641449,172.18888855,21.4223079681,45.6713294983,0.0417618313804
1830,13.2501411438,156.772796631,23.0401992798,57.3821754456,51.6638219357
1830,110.149375916,170.968032837,19.8606529236,48.7742805481,5.17429411411
1830,14.9390001297,63.3571434021,22.7830810547,54.0069694519,1.5491662547
1830,27.4208164215,50.3154716492,22.9296970367,63.3551902771,0.0524911098182
1860,9.18451118469,162.543869019,20.7626609802,57.1476249695,57.756882906
1860,26.2294921875,51.9945487976,28.0180206299,71.4420089722,0.177845160943
