30,387.864624023,174.58770752,22.9917907715,64.88256073,12.1537998319
30,400.105712891,192.172225952,24.2055892944,62.5786247253,5.80233223736
30,21.832906723,169.680984497,34.6952552795,79.3265914917,1.15725584328
30,477.684326172,136.176773071,21.0826721191,56.4168815613,0.139053934254
30,172.79119873,132.930374146,22.739364624,59.7315101624,0.0353785988409
60,4.38710451126,160.930603027,19.5002231598,70.361656189,0.384212681092
60,157.943435669,132.105804443,22.6556396484,53.7382965088,0.0363317289157
60,32.4510192871,120.791282654,21.2641429901,52.7120780945,0.0027733423849
90,576.68951416,225.870162964,38.9976997375,133.468673706,51.8128573895
90,535.145324707,175.339599609,74.5520553589,174.620178223,12.242718786
90,403.401245117,152.051055908,22.8287220001,71.1521148682,9.61306020617
90,16.6711406708,186.736022949,21.6764240265,61.6103630066,7.77750387788
90,442.079223633,158.402664185,28.9819774628,65.1756973267,4.28549870849
90,491.908843994,219.887130737,19.6627845764,80.9281539917,1.81184280664
90,434.100067139,175.034255981,18.3979244232,46.0369567871,1.27806877717
90,513.775817871,201.014419556,30.3476428986,89.5812606812,1.16449622437
90,415.027679443,163.825485229,22.6943950653,55.3446846008,0.612711161375
90,566.174621582,229.712081909,27.5857925415,92.2481460571,0.0212285740417
120,479.022247314,182.855789185,18.7060394287,46.4690971375,41.0947829485
120,446.282867432,137.396743774,29.3434677124,77.1005172729,3.29233892262
120,464.950592041,175.75012207,23.5012283325,51.2461090088,1.18574965745
120,401.449249268,162.455368042,28.1900405884,63.7617797852,0.308040017262
120,566.932556152,235.30140686,35.6061820984,106.129814148,0.209448626265
120,430.793457031,147.155807495,18.4085044861,56.5927772522,0.0871430791449
150,490.069702148,179.379455566,20.2193717957,54.2947540283,83.7139725685
150,501.860107422,180.710525513,21.1458644867,49.772480011,14.3085688353
150,452.162597656,136.838150024,28.3652744293,85.3619155884,7.29683861136
150,477.035552979,178.305297852,14.7705030441,54.1535301208,4.50585633516
150,384.101470947,170.446273804,24.3249130249,52.8571357727,3.94852012396
150,409.336090088,177.454589844,20.1138839722,45.7945823669,1.68577283621
150,280.516571045,170.555023193,21.1537685394,59.2714271545,0.31048937235
150,457.097167969,187.457870483,20.2537765503,54.9731941223,0.261804461479
150,398.832366943,173.387557983,18.0785446167,48.6176452637,0.169874401763
150,198.076660156,136.824752808,21.8649291992,50.2421302795,0.0621043087449
150,418.478027344,133.459899902,19.8145713806,55.2718696594,0.0333741423674
150,434.537506104,128.853973389,20.5673770905,53.4929389954,0.0165949837537
180,502.611694336,173.703170776,27.080373764,63.2988929749,91.7386710644
180,458.503082275,177.883987427,18.7333927155,56.1960105896,75.1645863056
180,486.849975586,175.755172729,18.0012493134,65.6126327515,63.6655509472
180,377.847198486,172.305526733,19.5762653351,49.7648468018,40.4612869024
180,519.074645996,182.634872437,21.4299297333,54.7060890198,39.0759974718
180,475.404174805,162.657287598,20.834405899,76.5012512207,23.440694809
180,458.197631836,92.6611709595,31.4074230194,102.300102234,4.62897531688
180,164.307785034,138.45866394,18.6560440063,47.9051780701,0.413986854255
180,389.160308838,167.760696411,19.2747325897,54.3703460693,0.291395606473
180,422.180084229,123.629188538,20.8238334656,55.7156105042,0.205816468224
180,23.1753749847,106.655982971,26.3650054932,81.0613174438,0.110817630775
180,451.277069092,96.6366500854,19.5526180267,83.7780685425,0.00415588183387
210,478.782989502,173.600448608,27.5031757355,69.6829681396,91.732853651
210,554.089599609,163.438034058,29.3241958618,87.8257522583,91.7190611362
210,516.366821289,173.05897522,25.7316989899,73.5725402832,72.4571585655
210,580.154846191,178.213119507,25.4514904022,70.5583343506,71.0526823997
210,358.754974365,168.120285034,18.8955955505,52.6810455322,50.6084322929
210,588.567443848,140.138763428,36.9800186157,102.922302246,37.9869222641
210,388.488922119,172.043777466,19.2427806854,49.0747833252,37.0313107967
210,504.439331055,168.404708862,20.3950138092,69.8704681396,19.0746158361
210,377.072113037,169.500976562,17.0649604797,47.384311676,9.0230487287
210,401.368530273,156.237991333,23.7907028198,65.1259994507,6.93636164069
210,497.08114624,158.340240479,80.9313583374,92.5370864868,6.50929659605
210,424.949859619,111.597175598,20.9106197357,58.0371437073,1.49938538671
210,30.4208316803,212.048400879,25.296995163,54.3796348572,0.184799183626
210,57.7788543701,158.57585144,17.9935188293,43.4908599854,0.136357860174
210,250.055831909,152.160324097,39.6768836975,89.3645858765,0.0438269024016
240,545.155700684,164.044433594,44.1614112854,103.411621094,99.2574930191
240,394.634246826,171.82989502,22.7777233124,59.1658210754,92.27643013
240,436.79598999,170.762207031,21.6632442474,53.9626808167,79.4542074203
240,613.96685791,191.834152222,18.2324924469,54.6677398682,53.994423151
240,186.737319946,156.028991699,21.8439178467,67.4810256958,28.8297206163
240,593.807556152,178.166061401,21.0236721039,78.9427261353,16.0589084029
240,424.422027588,166.066467285,21.8355026245,57.6285362244,5.23248203099
240,383.908233643,171.04486084,18.1742839813,53.1643180847,3.06807402521
240,257.619659424,152.806015015,40.6579856873,81.7604598999,1.71039365232
240,13.7098999023,209.730026245,22.7288665771,55.8913764954,1.30335977301
240,24.3128376007,167.311416626,19.7672119141,55.9258422852,0.847297627479
240,449.852935791,169.111907959,17.2994747162,62.1739768982,0.383289135061
240,407.449737549,169.070388794,19.94764328,53.6598243713,0.352757866494
240,615.949279785,63.528137207,19.5791454315,55.4585723877,0.111230800394
240,439.593261719,117.518104553,22.3528823853,62.8165168762,0.0663936429191
240,18.6161651611,24.1715240479,25.1147556305,67.7664260864,0.00402124569518
270,531.450927734,162.667724609,29.0717525482,80.8198776245,99.3076324463
270,459.702728271,161.177597046,25.9345474243,82.8231735229,61.7396533489
270,11.9035758972,150.46661377,18.5344924927,48.9783973694,42.90779531
270,20.2475414276,143.389053345,22.1926250458,63.0617828369,4.7002594918
270,199.679443359,168.033813477,28.067243576,77.3444366455,3.7994902581
270,392.16809082,146.150375366,19.2156162262,61.2115821838,1.62529572845
270,522.724060059,150.813430786,72.8509063721,116.600791931,1.48494504392
270,30.7589817047,104.027885437,31.4353847504,95.2370223999,1.4453756623
270,107.625,148.372543335,19.9879970551,52.0209197998,0.850385148078
270,616.571289062,191.981323242,17.3088321686,49.6349334717,0.713104428723
270,420.568267822,116.218559265,21.1436710358,64.8982696533,0.693466700613
270,513.778747559,78.0073471069,21.6837234497,55.8284111023,0.614032056183
270,34.6445159912,157.033355713,18.7259922028,47.6502532959,0.581653416157
270,533.879089355,82.3786773682,23.5944824219,68.121307373,0.531513383612
270,437.703277588,149.893112183,23.614522934,69.1792373657,0.513564329594
270,481.688964844,92.8938827515,22.6316375732,63.0824928284,0.445708213374
270,487.5262146,112.281860352,25.8334560394,79.2124710083,0.334639451467
270,339.703704834,149.987350464,22.3273010254,62.4767951965,0.293189450167
270,476.382720947,155.715530396,18.7857265472,57.2019348145,0.274279201403
270,467.05078125,117.208679199,25.8188533783,76.7993011475,0.107246823609
270,137.176437378,131.169754028,20.1147537231,54.1983833313,0.105143827386
270,616.148986816,231.005172729,18.4681797028,48.4929237366,0.100105430465
270,515.669555664,105.320030212,24.2986736298,81.2863006592,0.0589428702369
300,586.329223633,187.400283813,37.470085144,96.4341659546,71.171182394
300,565.809265137,101.458648682,61.6998176575,168.096740723,18.8834547997
300,493.911468506,148.299636841,24.6658573151,73.8825302124,13.3994281292
300,468.251831055,108.726463318,20.8242874146,71.7569198608,6.08093179762
300,509.446411133,109.167854309,19.3562755585,54.2727241516,5.36491647363
300,10.2194604874,152.446350098,13.3900613785,55.5843505859,5.21305054426
300,477.100708008,152.284255981,26.0175876617,78.5331573486,4.57192547619
300,433.738891602,122.453620911,21.6618366241,71.4654922485,3.62015664577
300,587.571838379,97.0917739868,21.1208820343,65.7447357178,3.25859710574
300,102.788696289,144.533859253,18.7595500946,53.3844337463,2.71614789963
300,507.405548096,152.585205078,23.6039829254,58.0703239441,1.66260320693
300,16.9280757904,145.493728638,21.0830402374,54.916973114,1.3153957203
300,448.965240479,96.5899276733,24.4465770721,87.4457092285,0.221410114318
300,615.265441895,206.367919922,17.2316398621,72.0903244019,0.21628276445
300,421.409637451,140.489776611,22.225019455,68.7268753052,0.178235652857
300,114.586326599,144.869308472,16.6404857635,48.5761680603,0.17147527542
300,87.3153457642,140.333709717,22.0227375031,55.2771568298,0.0973195128608
300,476.016571045,93.2139892578,27.0751781464,74.7595977783,0.0499002751894
300,489.833496094,85.052116394,27.9864654541,74.5966873169,0.00663202008582
330,533.249206543,209.42930603,25.8596858978,62.2900085449,10.7680894434
330,57.207447052,143.679214478,21.4255237579,59.240398407,5.0417535007
330,39.254032135,150.402908325,22.1432514191,55.7637901306,4.85343188047
330,449.269165039,136.430389404,23.733625412,84.172706604,4.67845723033
330,72.0651321411,140.369186401,18.5775375366,64.9914627075,4.05259393156
330,462.678253174,146.876525879,24.1537322998,66.8623733521,1.84758473188
330,608.290527344,48.2348594666,25.4638576508,66.7987670898,0.768139678985
330,517.216186523,59.8543815613,19.9972267151,82.9984741211,0.490867346525
330,605.499694824,205.379837036,23.2481021881,53.1934394836,0.381383532658
330,608.441833496,87.108001709,24.4082641602,70.8616256714,0.263819168322
330,534.148742676,162.752029419,24.6670246124,73.0904769897,0.206191372126
330,83.3113174438,143.889282227,16.1968975067,58.202999115,0.127851765137
330,465.988739014,184.560623169,22.1020641327,53.8126983643,0.0471884093713
360,27.5896663666,127.857460022,23.7046070099,83.3235931396,25.8359521627
360,557.490661621,159.466445923,25.8823337555,75.7157974243,8.63654837012
360,499.424194336,134.488388062,26.2982120514,87.8840255737,2.68026664853
360,522.071838379,144.006790161,28.9586639404,75.5976486206,1.53429731727
360,475.391967773,157.131286621,26.0685806274,66.1082382202,0.546100083739
360,576.199462891,67.654258728,33.0813903809,93.1431884766,0.164714443963
360,570.429626465,144.474349976,24.9477310181,68.5741348267,0.117917766329
360,604.299743652,150.678268433,28.6326808929,64.1120834351,0.0984277110547
360,491.199432373,186.392654419,22.7573375702,64.6973953247,0.0867843336891
390,13.4090385437,150.724777222,22.145860672,69.2616500854,17.0075148344
390,560.903259277,174.971511841,22.0569133759,48.892993927,0.242475722916
420,148.585159302,154.920913696,25.4288711548,57.8995628357,4.98570203781
420,530.332275391,204.74810791,20.6622428894,60.8658866882,2.06781122833
420,95.6425247192,169.886367798,22.9275283813,68.584602356,1.97080373764
420,380.759368896,30.07903862,22.396440506,53.647769928,0.907853804529
420,128.013534546,159.873397827,19.6569309235,58.8118095398,0.64182956703
420,109.88483429,160.488357544,28.1215896606,70.4481887817,0.0928820460103
450,606.308654785,95.6235351562,31.4020061493,94.6290512085,2.71532386541
450,76.5313720703,193.250259399,24.965133667,60.8190765381,0.934829190373
480,7.9897685051,197.088806152,18.6749706268,52.379989624,3.21144200861
480,446.062713623,172.376480103,23.1195373535,56.3461608887,1.3642590493
480,136.378616333,193.230880737,16.8140201569,50.3037376404,0.632543489337
480,394.195465088,165.683227539,19.3860168457,49.769153595,0.393938180059
480,510.23840332,32.129901886,20.6229419708,60.8581047058,0.0635690579657
510,484.273223877,174.238052368,20.1469402313,52.2297058105,78.9685547352
510,409.748077393,165.490829468,20.6105690002,55.9243125916,0.640371907502
510,11.1316595078,193.072494507,32.6709823608,77.3874588013,0.382840610109
510,434.424957275,30.2621631622,25.3168563843,64.3385772705,5.82830637086e-06
540,552.590637207,166.677566528,29.3261089325,77.7668380737,48.6780971289
540,443.033325195,162.304580688,20.4595489502,59.2251472473,3.28927636147
540,485.172119141,175.314376831,23.6407146454,64.9834518433,2.88426317275
540,572.259399414,162.739608765,32.5557746887,71.8697128296,2.16959938407
540,586.687255859,178.937255859,32.6638870239,68.9610290527,0.801149755716
540,47.1988105774,181.788467407,31.0511989594,84.7250671387,0.764366565272
540,615.354797363,208.234085083,17.7937507629,53.8747444153,0.163851294201
540,419.877075195,191.58631897,26.3682460785,61.5707893372,0.066331733251
540,539.433532715,177.127670288,24.9999637604,75.4239120483,0.022489274852
570,20.9667224884,191.594787598,23.0610256195,68.7937850952,20.6386655569
570,423.633178711,126.097328186,19.814371109,54.6934318542,0.0580076419283
600,432.122924805,182.527603149,17.9942340851,48.3674354553,6.04092627764
600,513.060241699,174.197875977,29.9468688965,76.9514312744,4.39332388341
600,88.7060012817,202.238296509,18.1574649811,42.1736335754,2.93124653399
600,614.889770508,319.01574707,20.3254833221,46.8914527893,0.287719932385
600,445.771636963,183.443862915,15.6087312698,43.1302757263,0.2130755689
600,471.837677002,212.184509277,28.5903568268,58.2340507507,0.176689354703
600,422.505767822,132.879379272,21.0649471283,66.2627105713,0.0591851887293
600,459.261199951,172.96836853,17.0786266327,53.738735199,0.0193430503714
600,434.414337158,125.812263489,20.3965892792,52.821231842,0.00445991317974
630,569.09197998,145.038619995,33.9857254028,102.814216614,15.3686136007
630,602.861633301,148.407424927,25.530538559,83.6130447388,12.8556445241
630,473.050445557,182.574645996,18.799577713,53.5602874756,9.28474515676
630,615.538879395,187.50743103,19.6268863678,54.2808837891,2.64504831284
630,590.395507812,148.019210815,20.2317295074,66.8989715576,0.595377152786
630,13.0525560379,112.638465881,24.7170314789,78.2527770996,0.18545568455
630,484.140350342,184.050598145,17.1264915466,45.0549468994,0.0497397850268
660,6.93713617325,184.961166382,15.1238298416,47.3406677246,2.41782125086
660,538.73614502,197.640197754,40.6018104553,88.2395553589,0.677876966074
660,484.333862305,181.610031128,18.2507629395,52.3153572083,0.148563180119
660,626.164733887,11.3051805496,13.8352661133,93.096321106,0.0779739755671
690,610.216674805,195.941513062,17.2498912811,46.8734436035,35.5599403381
690,418.638092041,108.065635681,23.6960849762,77.2061843872,2.04972624779
690,573.665466309,174.68901062,18.4632873535,57.3139381409,1.46900070831
690,598.084289551,200.909347534,17.4682369232,48.010509491,0.686178170145
690,614.631164551,173.069519043,17.1103649139,50.4244117737,0.612950650975
690,466.875488281,160.575485229,22.6784496307,63.7531700134,0.0287035742076
720,542.926696777,183.716171265,27.3794555664,64.7900238037,26.5217661858
720,522.391479492,141.743652344,20.3883266449,58.1844482422,10.7395231724
720,5.42585134506,183.297225952,26.6174545288,73.6826248169,0.501990644261
720,527.95501709,199.242477417,30.5424442291,64.0009994507,0.0635369273368
750,424.060180664,86.7421646118,24.6207294464,70.2179260254,0.720673054457
750,615.205688477,228.090621948,17.9932880402,48.6047477722,0.355040561408
780,115.409645081,165.239761353,24.8131103516,62.7910118103,2.23053004593
780,616.323486328,107.386650085,17.9680576324,45.9085426331,0.909471604973
810,599.629455566,155.067398071,27.5016727448,77.7043380737,0.649638194591
810,542.519836426,204.00138855,18.8117904663,45.4901275635,0.479949824512
810,614.127380371,139.057662964,19.263256073,58.2697639465,0.156980194151
810,86.8807296753,158.843185425,23.1017379761,56.9617462158,0.0183778771316
840,609.592224121,189.520645142,20.0936260223,47.7856559753,0.381162320264
840,414.569488525,184.556900024,25.3519039154,52.0684013367,0.0899129663594
840,607.230529785,283.412872314,22.4594669342,44.4488182068,0.0663798709866
840,129.010879517,180.668869019,19.3512191772,53.2476043701,0.0462639640318
870,5.98536252975,195.103134155,19.3486881256,60.4010810852,50.5709111691
870,432.155883789,192.641464233,20.0658931732,50.0651283264,12.5563591719
870,462.165802002,179.327285767,18.0527973175,50.3852500916,1.87572706491
870,34.2629432678,155.534042358,22.2942962646,67.7130355835,0.512601574883
870,557.00579834,195.63218689,18.0431041718,49.7821311951,0.331097445451
870,443.552612305,190.14855957,23.096944809,53.0335845947,0.110922090244
870,14.5780172348,190.529724121,23.7724590302,52.4958000183,0.017430857406
900,609.409484863,97.7465591431,17.8377990723,55.4177131653,14.3905282021
900,606.809753418,286.344268799,24.3872203827,46.1470336914,0.343834422529
900,530.308654785,169.414901733,28.0201129913,68.5952682495,0.271650706418
900,615.975891113,236.825790405,17.5550861359,47.4566307068,0.152617285494
900,578.352600098,244.17124939,31.6434650421,62.7470970154,0.120433163829
930,607.079345703,235.355361938,22.7302799225,53.8386383057,1.77212692797
930,493.740478516,190.088973999,20.3181400299,49.0309410095,1.32588464767
930,473.88369751,192.383560181,17.7637119293,47.1375236511,0.096350745298
930,531.759643555,163.751968384,28.9813365936,70.1618041992,0.0153136599693
960,548.145202637,183.696228027,16.789270401,61.6312141418,0.571073917672
960,10.2906522751,203.76550293,18.4617233276,52.5037498474,0.264241383411
960,616.133239746,322.60256958,19.4128780365,47.3489570618,0.197566323914
960,608.843566895,65.3407287598,22.7074642181,69.6410369873,0.1549553941
990,398.205108643,171.232666016,22.1281833649,71.0398406982,3.67521382868
990,410.424407959,193.623794556,21.1714344025,57.8399543762,2.35465541482
990,43.9886817932,122.416252136,24.8098373413,67.2550125122,0.381370494142
990,142.036880493,175.145996094,25.3265247345,58.5353889465,0.182294799015
1020,492.660400391,219.417404175,31.9062786102,78.5622634888,61.0177218914
1020,592.277404785,240.438171387,36.6136360168,93.9038162231,60.4204714298
1020,412.583770752,164.28338623,22.9829959869,76.2763214111,11.1054949462
1020,513.880554199,227.925949097,22.1190357208,70.9681167603,5.42030893266
1020,520.620300293,192.781082153,50.7653999329,116.512298584,5.21583370864
1020,61.2469291687,171.291564941,18.6852245331,61.9960174561,2.73884497583
1020,50.9114685059,177.658950806,18.3464622498,59.1105232239,0.224048574455
1020,95.3216323853,146.55480957,18.7112941742,59.6827812195,0.0753226457164
1020,616.678466797,243.443252563,19.5636711121,54.1458625793,0.0323052983731
1050,557.935974121,237.517288208,27.0388660431,70.1960296631,5.33604696393
1050,24.408624649,131.516967773,21.3423519135,70.3712463379,2.57075615227
1050,89.2039413452,152.130081177,19.2740917206,64.0663223267,2.48595941812
1050,447.705566406,176.170715332,24.9267978668,73.0576324463,0.17808934208
1050,9.08961200714,121.339607239,15.8175802231,63.8430786133,0.0264905800577
1050,272.72946167,181.222229004,22.6104717255,46.2648773193,0.0123171557789
1080,12.6962003708,161.050521851,20.9487743378,68.9201583862,11.7381960154
1080,608.936401367,43.6310844421,21.5949764252,72.4717407227,9.33558046818
1080,30.781003952,153.098800659,17.942111969,70.9271850586,8.3878390491
1080,557.835021973,212.839355469,27.8551273346,73.4680709839,1.43173541874
1080,56.5370292664,148.54548645,20.8300743103,67.5637130737,0.503358757123
1080,627.276672363,258.770202637,12.7233276367,53.5830955505,0.257870554924
1080,508.666992188,174.107437134,19.2844867706,53.7561683655,0.104631984141
1110,13.0791692734,164.40625,22.6566028595,62.6111717224,0.682786153629
1110,503.771881104,215.576034546,30.0651721954,77.7349395752,0.173374731094
1110,27.5900173187,166.230453491,24.3165721893,57.1727294922,0.117552943993
1140,586.862976074,185.014541626,23.7963256836,63.238079071,5.62170855701
1140,604.069152832,182.475418091,20.4206943512,65.2219467163,0.446969736367
1140,618.100708008,351.269805908,21.8992919922,58.1066589355,0.408243993297
1140,617.251464844,314.316925049,22.7485351562,58.322063446,0.30676824972
1140,277.808502197,180.355667114,22.1386737823,45.6977081299,0.112576491665
1140,616.974853516,204.291397095,17.7634124756,50.9160652161,0.060797331389
1170,483.799468994,224.593338013,22.9460887909,68.2301940918,11.261639744
1170,624.61138916,145.520431519,15.3886108398,60.0065498352,0.994568597525
1170,11.9865608215,244.14213562,31.127576828,111.553779602,0.971725676209
1170,413.235351562,169.524887085,21.7092113495,58.3513641357,0.76513858512
1170,606.550476074,162.613082886,27.6841869354,63.3673591614,0.284594064578
1170,403.456665039,166.532043457,18.6167621613,49.9136657715,0.0110594191938
1200,433.949554443,152.576507568,21.4008483887,55.145401001,9.52708274126
1200,147.192703247,165.325759888,22.652803421,61.5345573425,2.29633208364
1200,44.3309898376,235.167068481,35.9690551758,130.478866577,1.13879246637
1230,43.2119407654,189.892044067,46.0066642761,97.2627563477,10.0420124829
1230,457.273468018,141.159057617,21.8791408539,62.7967529297,2.4071091786
1230,445.985870361,163.233459473,29.0910739899,75.8530960083,2.04407032579
1230,469.187774658,138.399017334,21.3167877197,54.0961914062,0.522965658456
1230,523.53112793,121.116661072,27.4313488007,65.2462692261,0.0569585827179
1260,535.316711426,196.526916504,18.8764514923,52.4929504395,28.5106152296
1260,12.0836515427,245.311706543,37.1928443909,130.93119812,26.7597734928
1260,526.63671875,122.868904114,20.3563594818,71.6526412964,4.59739714861
1260,442.406951904,93.9485092163,25.0611858368,64.7677230835,2.59106401354
1260,612.182434082,194.626464844,17.2132854462,49.1298484802,2.20516566187
1260,502.223022461,155.508468628,25.5504436493,82.3271865845,1.8587289378
1260,612.83404541,125.579536438,18.174943924,56.4054222107,1.62159204483
1260,90.3740539551,189.007858276,22.9568462372,64.6657333374,1.47761562839
1260,74.9149246216,172.844467163,22.0411510468,62.771396637,1.20775187388
1260,615.966247559,214.841049194,18.2526512146,49.8520355225,0.578810833395
1260,588.244934082,151.708984375,21.7577667236,67.1384735107,0.264869746752
1260,395.95602417,193.75793457,16.5992107391,41.3367919922,0.0175675202627
1290,572.735839844,243.139297485,23.8481693268,83.1434249878,2.91838962585
1290,543.519287109,72.4188461304,31.4059429169,68.415184021,1.2958898209
1290,9.32914638519,50.5281181335,21.5002994537,58.7428016663,0.845690257847
1290,42.4372062683,283.956451416,28.6477432251,73.4758987427,0.0181851239176
1290,133.041854858,198.27406311,28.5074234009,73.5257797241,0.00236140822381
1320,569.293395996,250.960754395,25.9038314819,87.6889572144,15.6955569983
1320,596.98638916,274.953704834,28.4019908905,66.0906066895,4.69653494656
1320,525.601257324,137.831985474,21.2893657684,64.9932327271,1.42130153254
1320,112.068870544,226.249343872,34.3097877502,106.503410339,0.926459021866
1320,436.280395508,190.181152344,16.8768291473,61.6427497864,0.770716927946
1320,626.330505371,213.217575073,13.6694946289,56.5443153381,0.559971434996
1320,177.011062622,174.598876953,24.32721138,58.7756652832,0.224609789439
1320,456.634399414,201.527587891,23.4305171967,60.4797973633,0.0686441897415
1320,40.0038795471,224.702224731,24.0611095428,48.5388374329,0.0405143538956
1350,535.317077637,181.117858887,29.7766094208,113.858978271,3.30304987729
1350,159.56211853,192.6537323,29.0583667755,91.0979690552,0.284450268373
1350,591.368713379,110.437538147,29.5434398651,76.2930374146,0.188438058831
1350,446.420928955,190.153869629,28.1891498566,62.88438797,0.159954547416
1380,604.758850098,204.150222778,26.8426055908,59.2406311035,0.134327332489
1380,7.29993009567,214.480178833,17.4513492584,62.8818511963,0.00677563584759
1410,442.704925537,188.372207642,46.0037078857,86.7633590698,43.7323927879
1410,574.190856934,128.208969116,25.6644077301,69.5480957031,0.600570999086
1410,12.3652200699,156.913375854,29.949546814,80.4587860107,0.318139232695
1440,598.382385254,211.155227661,26.8949222565,67.4532241821,62.5235199928
1440,559.071044922,220.976425171,39.23387146,98.2402648926,28.7667036057
1440,514.937316895,167.31048584,23.3811702728,85.596244812,0.419068103656
1440,47.1666564941,194.666763306,18.5985507965,50.1810569763,0.404409039766
1440,618.126953125,373.400970459,21.873046875,57.5891075134,0.351677392609
1440,616.618469238,209.881057739,17.5718173981,55.4715385437,0.242605712265
1440,8.35556602478,179.129074097,14.0858345032,62.5449485779,0.0700086122379
1440,37.3935508728,194.8334198,17.3460693359,43.8024177551,0.0618792895693
1440,181.490432739,222.621749878,23.7444534302,67.4378890991,0.0530169578269
1470,478.607269287,183.236740112,21.054901123,47.9851379395,8.47510173917
1470,597.317687988,215.772140503,21.2229290009,47.2048377991,8.30165371299
1470,178.398086548,204.389221191,28.2676696777,79.3754043579,1.05974134058
1470,529.565002441,293.064300537,23.5399627686,48.3465080261,0.0118262651085
1500,592.295410156,178.511550903,32.0576667786,71.6541748047,57.9946637154
1500,613.495056152,193.745117188,16.0087909698,56.15391922,0.409362977371
1500,195.348373413,202.767318726,28.7727050781,74.4360046387,0.331997033209
1530,125.278022766,203.973068237,19.6331958771,62.6527290344,1.13408043981
1530,215.761856079,205.616455078,27.0997409821,73.002281189,0.714272167534
1560,109.474494934,207.789169312,33.3404884338,73.7742843628,7.28139579296
1560,202.735031128,200.013504028,37.3879394531,77.2952651978,0.946091394871
1590,455.936737061,182.827590942,34.0979156494,77.4769515991,0.0798898225185
1620,606.902160645,255.292831421,22.9732074738,68.1187210083,36.6699844599
1620,627.607116699,255.825027466,11.7379922867,65.696723938,0.216096756049
1620,616.018066406,114.877471924,18.8767871857,50.5998878479,0.120012438856
1620,616.287353516,344.428710938,23.7126464844,63.8625068665,0.0947005755734
1650,492.167022705,125.264427185,22.1571750641,65.53881073,9.82476994395
1650,76.7316207886,125.63747406,22.2066249847,67.6096725464,5.01628741622
1650,587.799499512,252.456466675,35.2466239929,77.2464294434,1.22042829171
1650,366.130889893,167.394119263,23.2358016968,49.5398521423,0.885220896453
1680,381.056243896,162.124282837,18.8707294464,51.4057884216,3.34695652127
1680,407.818695068,169.596908569,30.0775852203,68.797492981,1.79026518017
1680,174.659042358,197.444320679,34.1333961487,74.4865188599,0.510138645768
1680,196.123031616,188.241775513,28.7831268311,78.9610595703,0.105054292362
1680,573.015869141,86.5994033813,29.8343887329,102.633857727,0.103187758941
1710,603.164001465,51.7487983704,33.9918708801,76.231880188,7.66875520349
1710,443.176483154,168.669509888,30.5329589844,80.8161010742,7.01931044459
1710,535.930297852,225.481933594,22.8906574249,68.4694442749,1.97706259787
1710,74.800491333,195.976623535,19.1568813324,41.7296829224,0.0850910088047
1710,589.32989502,82.6624832153,25.9607830048,79.1670150757,0.0346281012753
1710,612.314880371,31.136384964,21.5286045074,58.6197776794,0.000194215840565
1740,519.628173828,261.681488037,21.901014328,48.1927947998,0.824247952551
1740,519.547485352,183.967407227,21.899230957,48.7951164246,0.450275978073
1740,508.612060547,253.371536255,22.4737644196,48.3439598083,0.336558255367
1740,94.1932449341,194.947189331,19.0888137817,45.0956726074,0.23582004942
1740,218.893447876,196.576187134,32.8610610962,72.0075531006,0.143031880725
1740,563.66973877,244.43913269,26.1929626465,59.7085418701,0.0817416410428
1740,31.8312129974,202.913696289,22.6289196014,45.0185813904,0.0805638672318
1740,616.226257324,209.342575073,18.9308567047,52.058681488,0.0772660423536
1770,452.232055664,169.191726685,24.0581512451,67.6235580444,19.0365761518
1770,66.3367614746,205.550094604,18.9938678741,44.6640281677,4.39826473594
1770,8.87779521942,207.047286987,14.5223665237,54.4614257812,0.963633228093
1770,607.704589844,195.394287109,18.4077320099,46.9585990906,0.732092978433
1770,54.4319953918,203.464599609,18.2287826538,46.1790275574,0.438451301306
1770,22.5984039307,196.336608887,22.8224411011,54.5022888184,0.338347931392
1770,78.633026123,203.437911987,18.5133266449,43.6901741028,0.277550448664
1800,10.338227272,204.583862305,18.4616451263,48.3708305359,58.6509764194
1800,26.0335941315,205.312088013,16.1777057648,43.5842704773,0.126378680579
1830,609.731994629,152.027694702,18.8412685394,51.8792724609,2.25355364382
1830,54.9394645691,191.161422729,20.4356460571,53.4186134338,1.52636514977
1830,479.41494751,142.467727661,33.0279884338,94.1643371582,0.242375698872
1830,502.873657227,134.41847229,27.0727081299,86.829750061,0.0142531716847
