30,172.429885864,165.710891724,18.3061656952,49.5516319275,12.4206185341
30,482.139038086,145.377548218,27.9728183746,68.4069442749,6.27565681934
30,507.809448242,56.8332252502,18.3933124542,52.2030448914,5.31506054103
30,545.344665527,346.766021729,23.5139846802,55.0878639221,2.18408703804
60,150.150100708,161.246231079,20.6356182098,52.1100921631,1.02068940178
60,184.026290894,158.549301147,20.1654338837,50.9345855713,0.322688813321
60,23.0815525055,155.978805542,20.2208652496,62.5133323669,0.238580978476
60,460.781616211,148.297103882,21.7183685303,61.4916687012,0.187119015027
60,619.098388672,81.7047424316,20.9016113281,67.08203125,0.0850915967021
60,166.845932007,154.466995239,18.6636638641,50.5164070129,0.0730064581148
90,189.740158081,160.170272827,18.0788784027,47.8610572815,2.93491743505
90,37.6593933105,182.89453125,18.023103714,45.4293022156,2.28931456804
90,521.797973633,138.428421021,21.5995311737,68.0674591064,2.06840634346
90,122.027397156,166.548782349,18.531206131,44.5700073242,0.558662321419
90,560.292663574,122.529968262,31.6725940704,97.7147293091,0.0296183628961
120,141.392471313,158.538406372,18.7696304321,48.1001930237,1.25147337094
120,595.310791016,138.300003052,24.3714389801,69.9117355347,1.09488898888
120,468.034057617,67.5632629395,22.5500850677,61.7180633545,0.469184992835
120,153.275894165,157.149291992,16.3190593719,46.207485199,0.153263309039
120,486.863739014,67.9550247192,25.5632419586,78.5075302124,0.141828425694
120,584.340332031,153.836471558,21.9301757812,58.8146514893,0.0645540363621
150,34.4538269043,157.757385254,23.2763652802,57.2570838928,14.0643164515
150,155.392486572,150.245773315,22.0721359253,54.9362487793,3.11036370695
150,440.2734375,74.2156906128,21.5698986053,68.2722625732,1.36010572314
150,590.170837402,164.690612793,19.0800533295,53.4169960022,1.00026447326
150,429.241668701,62.2392158508,22.1249408722,71.4013824463,0.699857948348
150,624.845336914,37.7827453613,15.1546630859,59.2317314148,0.502632465214
150,580.268615723,160.767730713,17.7010059357,57.5569000244,0.344063062221
150,600.078186035,155.07359314,18.4011726379,52.0367240906,0.31620929949
180,468.969390869,146.956466675,18.1011962891,54.1528167725,47.4364161491
180,90.4824295044,158.969360352,20.4013004303,49.2115936279,30.9697836637
180,602.650695801,170.506851196,16.7290878296,53.8914337158,2.210088633
180,103.605682373,154.626144409,17.6724758148,50.0681877136,1.09541360289
180,418.750244141,64.6979293823,27.0513401031,95.1849594116,0.590087193996
180,80.7567596436,158.168167114,17.5270652771,52.1953315735,0.22212753538
180,616.988586426,183.357788086,16.3927459717,45.5074119568,0.0905328779481
180,394.533905029,161.604003906,23.8354930878,59.8889656067,0.0235299638007
210,64.4668807983,166.053817749,21.8471298218,44.1315345764,55.0746560097
210,414.673065186,186.116516113,21.4957046509,50.6073455811,9.72159430385
210,586.873352051,159.914749146,17.5501327515,54.9912071228,7.82688334584
210,470.612670898,162.744293213,25.8865528107,65.479347229,3.26316952705
210,429.019775391,181.675094604,24.2622356415,60.5655555725,1.36730605736
210,404.384979248,144.006240845,21.6728210449,69.1938858032,0.0748731836211
210,432.476470947,123.699180603,24.5548477173,65.1772079468,0.00543917631148
240,39.1941871643,169.80255127,23.861661911,51.6974220276,23.4161406755
240,534.176757812,143.499588013,28.2061748505,99.207862854,14.0005961061
240,415.83203125,143.730102539,22.2671031952,69.6377334595,6.24286048114
240,448.922088623,182.41444397,28.0094604492,80.1343536377,3.22418957949
240,8.70406627655,159.927444458,18.8105297089,52.9161262512,2.69797407091
240,383.395355225,175.589248657,21.1556377411,52.7720298767,1.1656275019
240,463.053924561,180.239868164,34.0414810181,88.6506347656,1.01041700691
240,297.595458984,296.44644165,38.5838432312,81.264831543,0.692235725001
240,27.3284549713,170.205932617,16.8336868286,42.1640625,0.0566203671042
240,404.203826904,147.741165161,16.5197849274,61.0458984375,0.00754571665311
240,444.27053833,43.9479980469,29.9141159058,63.6094703674,1.50975445479e-06
270,499.879302979,156.34753418,18.5477275848,50.7214851379,0.111315492541
270,454.193023682,137.462219238,24.0544376373,74.5412216187,0.071644881973
270,463.093963623,29.3238620758,24.7629852295,66.0417861938,4.21918393556e-06
300,468.085571289,155.021011353,20.2333564758,59.5637168884,29.9863755703
300,492.77645874,154.558822632,16.715675354,55.4687232971,9.93177890778
300,531.745544434,147.095626831,19.9949188232,59.1703605652,9.08998176455
300,586.32043457,158.541809082,23.3186416626,51.3831329346,2.69451867789
300,419.721343994,169.338943481,19.9122714996,71.3214569092,1.08664492145
300,614.699279785,216.978317261,18.6844062805,51.2699584961,0.264019728638
300,270.617279053,170.227752686,32.6435432434,86.4281616211,0.00979672695394
330,485.47265625,155.846557617,25.6014652252,60.6383857727,9.93286967278
330,472.860565186,146.677383423,19.1415348053,56.9208946228,5.64570352435
330,502.487915039,160.222640991,22.1735706329,58.4925041199,2.61846426874
330,616.190979004,222.715072632,16.4165630341,46.6755104065,0.392434047535
330,600.417907715,223.935668945,20.3414497375,46.0659675598,0.218587531708
360,512.010681152,158.260116577,18.5431194305,48.6307373047,4.5189127326
360,601.094970703,153.50843811,17.8611354828,51.338596344,0.265153031796
360,499.601104736,151.320571899,20.3440818787,53.5649604797,0.055047479691
390,128.373001099,99.7048721313,30.8955917358,89.7069168091,1.00284526125
390,8.31484985352,182.754440308,26.632598877,60.1277122498,0.973529089242
390,516.797790527,156.365921021,19.6947402954,51.716796875,0.268798856996
420,9.69465255737,176.526977539,27.8431625366,64.7449951172,1.54804708436
420,517.114807129,162.053421021,18.6659374237,54.8754463196,0.726144900545
420,618.005615234,176.094772339,15.5637435913,44.6573143005,0.627981266007
420,569.056335449,144.952468872,19.9969024658,66.4738540649,0.486949784681
450,519.03326416,162.085067749,19.367641449,51.7480812073,2.28832699358
450,123.078010559,117.809539795,30.9730377197,78.5370941162,0.0668456603307
480,517.162536621,166.486557007,19.6857395172,54.6537666321,3.13549786806
480,243.968460083,179.213562012,18.4367008209,56.8972816467,1.03588700294
480,198.94934082,184.987838745,28.8847045898,66.6047973633,0.0701721815858
480,16.5960597992,214.693069458,36.7029418945,100.382598877,0.0557292019948
480,132.867889404,119.179870605,32.3972740173,77.0429153442,0.0185402182979
510,515.91986084,168.917053223,18.8086681366,50.4746208191,6.03486411273
510,243.859603882,177.959487915,19.2246761322,61.3545722961,0.614317320287
540,514.291503906,173.389755249,18.0592708588,53.2282981873,6.11453950405
540,125.43914032,119.640869141,37.3294639587,95.2734451294,0.265720905736
540,525.860717773,167.520767212,18.5596256256,49.645324707,0.0220626970986
540,110.086540222,125.718589783,20.7717857361,54.6730308533,0.0147411949001
570,125.166473389,119.655601501,36.1143074036,89.6277389526,0.633917748928
570,617.854614258,185.061279297,15.3437891006,43.6542015076,0.510490732267
600,511.588134766,170.233078003,22.2033786774,62.2804450989,57.3676526546
600,503.174072266,180.56451416,18.0216121674,56.5576286316,3.70577685535
600,494.520294189,173.354125977,17.1459789276,52.4561157227,2.79718693346
600,489.245697021,143.587341309,18.8223247528,60.6286964417,0.849145557731
600,125.32333374,121.842155457,35.1069602966,86.6579818726,0.802852679044
600,614.400085449,166.727218628,15.2502975464,55.2343635559,0.342829269357
600,524.543640137,169.000183105,18.7586193085,49.423084259,0.0751968706027
600,616.445007324,194.363647461,18.1790981293,45.7670860291,0.0679892313201
630,511.318847656,172.371994019,21.3834400177,61.59948349,72.5671052933
630,499.052276611,174.873153687,18.6019573212,57.6440391541,2.19394918531
630,489.369049072,142.786911011,18.3105983734,60.6964607239,0.908847246319
630,525.137512207,168.489212036,17.8665466309,48.3561515808,0.334165291861
630,122.78527832,182.35218811,22.6249694824,68.1901626587,0.289680575952
630,135.228897095,120.709327698,33.2665748596,85.5296096802,0.0507117889356
660,612.199279785,168.452224731,16.4768753052,50.950378418,0.681573478505
660,122.066444397,149.982727051,31.1503372192,72.1317977905,0.471897143871
660,599.289733887,171.891677856,16.7744216919,51.698551178,0.12954256963
660,491.000854492,132.906616211,15.7940206528,60.6419715881,0.124936015345
660,478.760162354,208.249023438,26.4622211456,69.6360321045,0.0326051027514
690,513.845825195,169.17817688,19.0180950165,57.513217926,51.8762469292
690,499.533935547,170.689575195,19.3923149109,59.5993919373,1.13211115822
690,489.504516602,141.719070435,19.2279262543,62.5936851501,0.715785240754
690,612.460510254,170.334243774,15.2946853638,52.8866577148,0.536836963147
690,525.639099121,163.477767944,18.9498004913,51.7067565918,0.108485051896
720,554.397277832,170.500640869,18.0789813995,50.408996582,1.18784476072
720,611.329528809,167.632446289,17.4109325409,53.3486747742,0.853001046926
720,520.5625,158.92225647,18.9542160034,49.8493041992,0.307221058756
720,489.144287109,142.224502563,18.9875030518,59.3577232361,0.177144096233
750,511.042266846,172.898849487,21.8707141876,62.1324958801,70.5191671848
750,501.233001709,174.752182007,18.3398151398,56.9957580566,2.94017344713
750,566.569030762,155.131362915,20.8122959137,66.0004959106,1.63367222995
750,490.308105469,157.344284058,19.3573799133,58.9714660645,0.718233315274
750,526.815246582,163.461395264,17.8875637054,48.346950531,0.0365910615074
780,515.163696289,170.325820923,18.335981369,59.8105430603,9.57409590483
780,615.653747559,172.079589844,14.1212358475,48.7003669739,1.33830076084
780,489.449829102,145.294418335,18.8625926971,59.016658783,0.296530057676
810,513.553283691,178.559524536,17.9828395844,52.6683959961,55.5873811245
810,614.622131348,170.962539673,14.7796964645,47.8896980286,11.5339688957
810,490.016601562,166.712554932,19.2692604065,54.3129234314,3.71691659093
810,502.463012695,178.567687988,17.8106975555,54.7590904236,1.97872426361
810,525.072570801,163.966278076,19.2479572296,49.688167572,0.0144865291077
810,105.333351135,137.542480469,20.5337505341,49.4456291199,0.00551664998056
840,512.246643066,173.499801636,18.4863376617,56.5074272156,52.0757377148
840,614.936096191,171.539367676,14.6178293228,49.4619636536,4.95613254607
840,489.381958008,143.241836548,18.4874382019,63.4150352478,4.56032715738
840,499.529418945,171.806213379,18.0140228271,60.5013923645,4.54216822982
840,519.551696777,162.943161011,19.7194423676,51.0210876465,0.82299746573
840,122.824676514,151.754852295,28.8463153839,74.3222503662,0.0764415075537
870,512.424987793,173.658981323,18.9303283691,55.6862068176,54.7099649906
870,615.219909668,166.66557312,14.2350616455,52.5719299316,2.38214805722
870,500.708496094,173.015670776,17.9780292511,58.85679245,1.18968561292
870,489.471191406,141.597915649,18.8115215302,63.3304100037,0.881370343268
870,567.159545898,152.809265137,21.2721614838,66.8286590576,0.579884136096
870,525.743041992,163.977401733,18.3240909576,47.8556365967,0.0633458374068
870,108.864677429,118.841850281,20.2449226379,59.1871986389,0.0403623329476
900,510.844207764,169.439712524,23.1251392365,65.2211685181,50.6472706795
900,489.318725586,140.129577637,19.3695812225,62.7204093933,2.55118496716
900,611.061523438,167.830734253,15.4995384216,52.3173675537,1.70387718827
900,496.491943359,163.460342407,23.1700057983,63.6417961121,0.996853783727
900,525.672485352,162.978683472,18.8433513641,49.4468536377,0.0844040245283
930,512.069030762,172.190979004,21.3975086212,58.3500518799,34.1309130192
930,564.196594238,156.357772827,22.7542667389,66.2015075684,1.06151485816
930,488.703399658,138.22253418,19.3242950439,68.5155487061,0.925151351839
930,611.608825684,167.918945312,13.8150186539,52.0789680481,0.890623498708
930,525.692993164,163.737167358,18.5796985626,49.6004600525,0.0393812806578
960,513.961303711,173.653991699,18.192325592,57.8426513672,15.6000971794
960,489.26272583,130.833328247,19.2177391052,61.8578948975,1.06526659802
960,611.52935791,170.161605835,14.4750547409,50.3949317932,0.436107022688
960,569.897033691,150.810668945,17.5442371368,65.8925704956,0.38421608042
960,126.001365662,196.928527832,20.3444576263,51.0610389709,0.044667776092
960,524.45904541,160.291793823,20.0228366852,54.5447235107,0.00917391880648
990,610.609741211,171.485244751,15.6119995117,52.9268341064,5.8132763952
990,514.589416504,182.835266113,19.1141338348,51.1513633728,3.66708859801
990,523.221923828,165.191879272,21.6009902954,54.450969696,0.0304537301417
1020,517.065734863,180.056335449,19.7670097351,52.3310966492,56.7928135395
1020,613.085449219,164.418136597,16.4496517181,58.5291137695,7.13401436806
1020,506.896972656,178.162490845,18.7164325714,55.9323692322,0.773979909718
1020,574.51184082,153.508605957,20.6780586243,67.62865448,0.295197707601
1020,524.229309082,165.785903931,19.7888698578,49.753616333,0.00775120061007
1050,520.120849609,176.523971558,23.8760681152,61.7328147888,4.62690889835
1050,202.190109253,160.239089966,21.2384929657,58.9503898621,0.515620736405
1050,284.962005615,206.420974731,28.7181034088,89.4431533813,0.158432370517
1050,184.880371094,150.334121704,26.2050685883,67.2555999756,0.0907214242034
1050,535.507873535,175.409347534,18.4192657471,46.9260902405,0.0130128435558
1080,44.1558036804,188.085189819,52.4185943604,140.804092407,14.6950334311
1080,488.38571167,166.772750854,19.6427574158,77.2114257812,4.89512570202
1080,79.3240661621,178.679977417,16.7815532684,58.3893852234,4.84014153481
1080,532.396789551,182.010726929,25.9667453766,65.6772994995,4.27457168698
1080,594.534057617,153.124099731,24.0961303711,75.5542831421,4.14101183414
1080,67.9933624268,238.556442261,26.0709018707,81.4436721802,0.507683772594
1080,46.173160553,277.38861084,29.147600174,72.1222991943,0.481361383572
1080,126.40058136,123.327453613,31.5842819214,91.1558456421,0.0130973334308
1110,513.952209473,172.726638794,20.9844379425,73.1870803833,5.42022809386
1110,494.732452393,191.521179199,17.2429943085,52.7187194824,5.08194863796
1110,37.0956840515,215.777648926,31.1718826294,103.838386536,0.209958199412
1110,556.267333984,184.558120728,31.223192215,73.3565597534,0.207987125032
1110,150.959640503,166.694595337,24.5771846771,66.1609573364,0.134110625368
1110,480.95602417,187.704086304,24.0366191864,75.5270690918,0.103498972021
1140,524.110473633,182.4349823,18.5109767914,61.853805542,78.5424411297
1140,78.2599105835,188.388183594,49.9217567444,133.743515015,37.2498571873
1140,569.172180176,193.535079956,18.9854125977,48.5210533142,5.0037831068
1140,78.8172454834,223.828170776,23.6154270172,69.1434020996,4.36660274863
1140,618.750854492,223.403503418,14.7396812439,55.6215820312,1.42875947058
1140,536.19354248,179.809631348,18.2339076996,63.263835907,0.514169875532
1140,577.973876953,181.277908325,22.2955322266,53.6028785706,0.296278996393
1170,597.732299805,181.485046387,21.9414997101,64.3600311279,79.0348172188
1170,135.495498657,187.645675659,35.5402488708,116.2918396,12.7388104796
1170,582.536193848,207.985977173,22.6081829071,58.8897590637,2.20779348165
1170,610.449768066,175.257888794,18.7043609619,61.0226783752,1.35488640517
1170,600.788146973,263.519470215,24.7458114624,66.3163375854,0.304007530212
1200,473.488494873,192.383773804,19.3792762756,44.8256072998,1.92777272314
1200,508.86340332,113.526405334,18.2038326263,60.1193084717,1.74168702215
1200,202.617904663,202.801574707,23.1835021973,75.5751953125,1.32160810754
1200,614.547119141,44.8351325989,18.5177650452,47.331451416,0.28582457453
1200,53.7936286926,91.2249526978,35.3012428284,88.4401779175,0.0191441533389
1230,228.019729614,19.0454502106,18.2919654846,51.8657112122,47.6471036673
1230,406.529907227,179.888793945,18.979637146,47.1080360413,16.0650864244
1230,45.3527832031,202.143173218,19.6514816284,45.9328575134,10.489474982
1230,536.418334961,96.709236145,20.4570026398,86.9287109375,1.38814700767
1230,102.786888123,156.867050171,23.4074554443,68.9070968628,0.816828012466
1230,7.58965682983,164.609161377,16.4423751831,55.3418159485,0.425363378599
1230,467.843383789,180.667541504,18.4607028961,51.3170433044,0.179982441477
1230,31.7545013428,111.847442627,27.2735595703,66.2437820435,0.0358283898095
1230,615.631774902,28.0875339508,19.2626667023,45.7701301575,0.0301396474242
1260,571.610290527,76.7514343262,22.3615398407,66.8300552368,5.02825826406
1260,81.819190979,153.465042114,24.4300937653,77.3702545166,0.25959990453
1260,163.057739258,151.815261841,22.3367614746,63.0634002686,0.0608992646448
1290,576.435974121,221.400680542,21.85505867,47.2426490784,41.1240309477
1290,279.222595215,186.070358276,23.2489528656,59.4609680176,16.6127189994
1290,5.94468069077,209.341995239,33.2436943054,108.051368713,0.308757019229
1290,22.005865097,110.796104431,31.1254749298,71.4122543335,0.000706364471625
1320,111.271537781,141.99671936,21.7997989655,67.848991394,1.50071326643
1320,617.451599121,219.583480835,13.4957847595,43.1868133545,0.876677501947
1320,496.62878418,169.518630981,21.9608707428,66.4301986694,0.01326307829
1350,338.675628662,179.332443237,19.3873176575,48.0351676941,0.37668289151
1380,281.510986328,179.915039062,17.9378566742,45.6174507141,0.51171630621
1380,262.872894287,173.404067993,20.1198387146,47.5175209045,0.262304535136
1380,335.942077637,159.264556885,23.4455108643,61.2474212646,0.126037409063
1410,354.099487305,158.187088013,19.5095233917,57.6468505859,2.23941337317
1410,240.37298584,190.879089355,25.5782642365,68.5346984863,0.17520718975
1440,353.236480713,160.534835815,23.7605495453,54.9191856384,15.0323674083
1440,602.442260742,209.08795166,24.0779247284,61.1764564514,2.45702899992
1440,221.472579956,201.167861938,27.7852230072,62.9054718018,1.92021615803
1440,555.813842773,150.458602905,29.5594844818,92.6172790527,0.0171094099642
1470,415.583496094,106.349365234,21.2106800079,64.8534011841,2.9773356393
1470,65.4038391113,205.127731323,22.6543216705,40.9838562012,0.489286752418
1470,407.757598877,131.434738159,30.7769165039,89.4765548706,0.379463215359
1470,198.407394409,205.90272522,23.0440311432,74.1273727417,0.323128560558
1470,391.176269531,150.935348511,23.9701290131,67.7091140747,0.0480334914755
1500,444.257965088,174.002578735,20.8393478394,50.27684021,16.6263818741
1500,574.291442871,113.284034729,21.3759174347,51.3516807556,0.839240662754
1500,170.828979492,198.81791687,23.0672988892,82.7968215942,0.749080860987
1530,166.771591187,198.864746094,22.6672515869,69.4710693359,1.37561736628
1530,578.444152832,334.308105469,31.3844356537,68.0027694702,0.678597716615
1530,362.346466064,168.893173218,18.9564170837,52.6736450195,0.424992199987
1530,61.7173461914,75.758430481,23.0380115509,53.0853538513,0.224156421609
1530,614.704711914,358.75088501,19.3602848053,56.2065467834,0.151340023149
1560,231.948364258,160.250457764,18.7549495697,57.0402565002,21.9380423427
1560,27.9495677948,165.560668945,27.8861637115,60.4444999695,5.93700967729
1560,515.027038574,164.416763306,39.6281318665,90.432762146,5.64232878387
1560,245.431350708,170.666732788,17.5749740601,47.7006835938,2.12696045637
1560,508.58303833,211.418319702,15.4850645065,46.968372345,1.95137318224
1560,178.268371582,192.409484863,22.9748935699,74.6465835571,1.67348384857
1590,56.0492248535,162.881103516,17.1624126434,56.2197380066,6.05031177402
1590,173.626907349,195.268936157,20.1797008514,69.6178970337,2.75950618088
1590,614.896789551,124.112495422,18.6645565033,63.0328941345,0.476296897978
1590,239.321289062,171.234863281,18.2926864624,46.5607757568,0.261648371816
1620,19.756772995,172.409500122,19.4368495941,58.0788536072,10.4407392442
1620,41.3661499023,172.091598511,15.7896814346,56.7963981628,6.38448372483
1620,194.427383423,183.270935059,23.0047054291,72.6090316772,1.63219105452
1620,8.14214801788,155.752487183,18.2722949982,71.2098083496,0.729107996449
1620,617.407958984,355.619018555,22.4382572174,57.5491027832,0.32184694428
1650,228.749160767,166.541656494,18.7108383179,54.3038902283,5.45805282891
1650,72.9750137329,186.263015747,19.4579486847,45.3961334229,1.03965308517
1650,343.156005859,158.16645813,21.0175952911,64.5768737793,0.279887858778
1650,19.6836585999,119.075645447,24.0216236115,86.0578231812,0.153427873738
1680,451.590179443,188.359542847,16.593624115,43.8941764832,2.25969254971
1680,409.20401001,90.8570022583,31.9050922394,104.873023987,0.0244221650064
1710,14.5022611618,145.926528931,21.2727546692,76.7597427368,2.40224674344
1710,87.366859436,164.101211548,20.5118103027,55.0794677734,0.149279425386
1710,61.9860992432,167.500793457,22.1459941864,53.783618927,0.0672224850859
1710,450.84072876,132.02104187,29.4543743134,80.8366470337,0.0534969265573
1740,486.29208374,156.446151733,21.1801815033,68.3115310669,14.573995769
1740,11.4771308899,167.735366821,18.067647934,63.5474357605,5.24048134685
1740,616.723937988,196.974472046,17.095243454,47.2096748352,0.931883789599
1740,441.138275146,184.365036011,17.7534313202,53.1028022766,0.739567354321
1740,413.257720947,73.6022567749,33.6858596802,92.4865341187,0.27950159274
1740,441.753417969,65.7276687622,21.1534519196,54.5101356506,0.00747450467316
1770,536.817565918,147.798965454,27.3678264618,88.7197799683,22.8788301349
1770,12.5763864517,163.602783203,23.0515003204,56.0767021179,1.86937637627
1770,454.877349854,58.4033203125,22.5911540985,64.96509552,1.59815419465
1770,460.045013428,173.709899902,21.8827075958,79.8094558716,1.01612638682
1770,256.859222412,174.704528809,17.968837738,51.6244392395,0.210255384445
1770,474.545501709,180.226135254,30.8724899292,69.4489593506,0.209034187719
1770,463.798217773,37.1965751648,29.0480289459,71.5034637451,0.00277898379863
1770,9.81961917877,43.7439880371,33.6127662659,102.195861816,0.000286400268124
1800,10.8854436874,178.523498535,27.2153339386,66.2002029419,2.17044986784
1800,551.128417969,175.237197876,19.5433731079,72.8185195923,1.43679715693
1800,155.515640259,162.146652222,18.8427371979,59.94348526,1.43317123875
1800,394.807037354,196.660202026,18.6680240631,49.1883201599,0.315309502184
1800,514.350830078,28.0162563324,22.9388961792,54.7928886414,0.000242560713559
1800,522.676696777,38.9455451965,26.6601734161,77.6903762817,1.22609250752e-05
1800,432.764373779,103.087730408,43.3225898743,81.553276062,1.30431887513e-08
1830,16.185760498,267.60168457,31.8721160889,117.557159424,9.60440337658
1830,431.626983643,204.436096191,18.2026424408,56.1436309814,3.28364409506
