30,606.374267578,146.603363037,24.0125732422,72.5498657227,2.68773380667
30,616.440917969,174.001647949,18.5851688385,58.0491905212,2.30582337826
30,38.5978660583,171.653762817,20.7641029358,72.7468032837,1.48827079684
30,121.90763092,152.659957886,21.9254169464,65.2023391724,0.387649098411
60,38.1389198303,170.382461548,20.3541545868,60.5933799744,15.0921851397
60,616.517150879,175.8021698,18.4015903473,58.0300750732,2.33652498573
60,302.568084717,101.402893066,41.045337677,85.3503646851,2.07098070532
60,604.94317627,139.07875061,24.8099460602,76.3179702759,0.479153450578
60,125.078041077,152.887008667,20.4787349701,66.5519943237,0.23269536905
60,576.577575684,180.106506348,25.0764598846,66.0312576294,0.225361250341
90,122.503883362,148.201675415,19.902885437,61.2210273743,3.57362404466
90,309.646820068,97.5269775391,38.5104751587,85.7314147949,2.85835843533
90,594.817016602,109.68686676,28.3247146606,88.0431442261,2.50869225711
90,610.829528809,167.112472534,20.6591815948,58.4140510559,0.968473218381
90,39.4771690369,165.491607666,20.3029117584,67.3570327759,0.193132623099
90,492.164764404,172.19152832,21.4299793243,64.8971557617,0.0163922421052
120,35.6435699463,167.929107666,24.0101490021,73.1020355225,31.2280744314
120,609.828552246,153.385269165,23.3452682495,66.0742263794,1.5567086637
120,313.173431396,99.5921096802,35.9913444519,82.1376724243,0.243668979965
150,40.5916748047,167.185699463,21.6483478546,71.149887085,13.6515304446
150,616.925109863,174.089035034,17.1120243073,53.9084815979,1.1064610444
150,606.734069824,142.026412964,23.9711971283,73.4020309448,0.394430244341
180,37.0751991272,166.672866821,22.0171966553,73.1300430298,13.591067493
180,616.860046387,185.28868103,18.0716152191,50.6443519592,2.73671057075
180,475.514892578,161.594665527,21.5003185272,53.3742179871,1.5115564689
180,611.422180176,144.532394409,18.5724925995,63.5383644104,0.737906154245
210,39.9944419861,177.281478882,19.4507827759,75.9838943481,19.7803676128
210,481.710723877,176.050888062,20.1241474152,48.7918243408,18.1409150362
210,617.615722656,195.124191284,17.1393241882,49.6015434265,1.26674277708
210,490.744140625,170.83152771,24.9693813324,68.4816970825,0.105600256938
240,27.0286922455,179.94744873,26.4175720215,80.7288284302,29.350104928
240,614.895812988,179.538574219,18.2112560272,53.6228904724,15.3078660369
240,503.47366333,94.1364212036,17.672328949,60.8675537109,0.859809480608
240,601.234558105,181.085830688,18.1925868988,49.9515838623,0.648548174649
240,559.343566895,178.288513184,30.0104579926,77.6974563599,0.336252874695
240,590.766723633,185.321548462,17.4402484894,51.7447776794,0.323948659934
240,119.028778076,159.888809204,20.8127155304,69.5557479858,0.302349100821
240,509.075531006,138.903884888,22.1946163177,70.9192199707,0.0787969620433
270,586.501403809,185.853378296,33.6546630859,84.9425964355,49.3743151426
270,616.48614502,183.655197144,17.0963916779,52.651676178,3.64352017641
270,7.77772712708,167.242858887,17.8908214569,70.541229248,0.278770248406
270,509.980560303,188.425643921,20.6613254547,66.8696594238,0.0306087953504
300,550.511657715,144.461044312,30.7381668091,83.4072265625,7.86987915635
330,50.2631225586,151.117385864,24.7665348053,80.5730438232,4.15324345231
330,62.1732673645,141.292892456,18.1271209717,62.919834137,0.134181894828
330,466.048187256,181.243148804,21.6092967987,52.9867744446,0.0938318029512
330,199.761291504,181.392883301,19.7130565643,45.603012085,0.0934972660616
360,10.0675802231,124.651824951,21.1178188324,79.6234512329,4.21189554036
360,527.232971191,172.264709473,23.6400680542,58.0473213196,0.731242494658
360,9.85924053192,184.755065918,17.772146225,59.5543556213,0.409771502018
360,19.7292175293,158.752197266,31.9089412689,90.6032333374,0.241251243278
390,503.220458984,104.424224854,18.7910709381,52.7814331055,1.9302662462
390,185.001327515,176.077774048,21.8100605011,46.7280769348,1.04278307408
390,32.4255218506,138.497055054,22.0564861298,56.4904937744,0.384650193155
390,21.8263607025,193.612670898,24.5279979706,54.6615600586,0.069368671393
420,74.2694168091,196.434738159,19.0792369843,48.4343261719,1.60530805588
420,537.143249512,84.139793396,19.8913192749,54.0372200012,0.282094976865
420,179.816574097,172.984786987,20.5456809998,49.510559082,0.016664841678
450,603.555725098,57.4426269531,18.5721149445,54.0216064453,10.9409995377
450,611.682861328,172.323226929,19.1470165253,66.6098175049,7.7345252037
450,20.0938053131,194.300582886,20.5782909393,53.1978874207,6.71807825565
450,568.630432129,137.056777954,28.6099472046,99.9312973022,3.93292866647
450,576.093811035,75.2861557007,16.6770877838,68.9294204712,1.05122188106
450,577.785339355,123.074493408,20.5949840546,59.123752594,0.550361070782
450,583.58807373,56.576385498,19.3371276855,58.2637176514,0.364906014875
450,152.179107666,168.226486206,21.329410553,51.8020477295,0.0447622151114
480,134.284896851,162.336685181,23.4591827393,66.8672943115,18.3352634311
510,517.217346191,178.268997192,56.1573905945,75.6913452148,7.39089027047
510,131.680404663,172.230834961,21.3819274902,56.7216911316,0.737830018625
510,120.474273682,179.081008911,19.5696430206,55.7044334412,0.720698246732
540,116.234458923,164.746566772,22.2590103149,62.0624732971,1.20143275708
540,128.770492554,158.617752075,19.274728775,65.050239563,0.0179884285899
570,416.034698486,172.24822998,21.3010082245,57.254360199,39.6301954985
570,221.241439819,164.787567139,20.9798278809,59.129863739,26.2968927622
570,561.363098145,58.7679862976,18.9747066498,57.5187187195,4.75026480854
570,10.0646829605,204.064498901,18.8130931854,52.0680198669,4.53893207014
600,63.4124183655,147.697372437,31.1571140289,81.2799606323,60.0068628788
600,55.2566871643,171.942214966,22.5605983734,66.2402954102,1.71783752739
600,433.460357666,169.701644897,24.950586319,57.2454566956,1.09465755522
600,544.749511719,171.647094727,21.2681903839,54.1248664856,0.805420521647
600,209.763137817,170.48197937,20.95079422,52.1102485657,0.621169898659
600,155.203445435,164.316604614,22.2334289551,52.5056495667,0.547793041915
600,610.832824707,177.514770508,17.8290958405,50.1788482666,0.478305015713
600,583.736083984,168.85723877,26.6651763916,53.3700256348,0.385415786877
600,570.465148926,171.610916138,18.5770511627,53.6340065002,0.0463265081635
630,602.396484375,139.303146362,24.6157608032,108.238220215,9.91704687476
630,5.18882131577,195.371826172,25.4709453583,90.9171981812,8.59658643603
630,613.893005371,136.588272095,18.0253505707,58.034198761,1.41823515296
630,188.688430786,146.572143555,21.166809082,61.610912323,1.31635665894
630,70.2846679688,183.268615723,23.0758419037,55.2700653076,0.556913204491
630,595.930541992,220.681106567,26.8774871826,47.2750205994,0.442050024867
630,40.9020957947,167.940444946,19.0879268646,53.2768859863,0.361288455315
630,549.223632812,112.193687439,31.1515865326,100.074806213,0.0549956399482
630,585.562988281,42.2537918091,37.4271697998,74.4589920044,3.19519577463e-08
720,92.1950759888,149.755111694,24.6462268829,70.6752166748,0.304565415718
720,75.6152877808,156.996749878,25.1221637726,59.4974937439,0.0469099002657
720,138.500991821,173.09803772,18.2176876068,43.0814208984,0.0102473546576
750,522.227111816,160.764083862,21.7725982666,50.583820343,1.19246114045
750,93.6090774536,176.121948242,15.5542840958,45.5805549622,0.425324356183
780,146.986450195,177.494628906,18.2297115326,49.5219078064,0.225360458717
780,157.783920288,179.241256714,16.2199954987,44.8625450134,0.0990246422589
810,89.2309188843,192.201171875,23.4907627106,52.6528053284,0.890528503805
810,20.6159381866,186.77482605,21.2668743134,56.4686088562,0.684976298362
810,214.457901001,161.746414185,21.7806854248,51.7207489014,0.47040306963
810,8.76306819916,204.812988281,20.1734600067,47.6195220947,0.260565336794
810,141.832901001,179.302047729,23.5037822723,48.9672241211,0.138442043681
810,34.9707145691,200.394210815,18.8485355377,46.0199012756,0.0616692006588
840,195.849838257,156.283187866,19.0659236908,53.1353721619,0.930040329695
840,182.333877563,157.484634399,21.9170303345,55.997253418,0.331807881594
870,32.2294425964,41.3229408264,22.2086925507,91.7225418091,6.11282773316
870,9.25525760651,155.359130859,20.9684085846,53.7975311279,5.20114675164
870,19.8415737152,77.9889144897,29.0645294189,97.2620162964,1.05970706791
870,152.590560913,100.555519104,31.4867992401,86.2299804688,0.663740513846
870,11.2241239548,102.380455017,18.0769462585,60.8800621033,0.255728326738
870,118.827697754,149.934432983,32.1586418152,67.4630050659,0.14086732408
900,602.659057617,130.677001953,31.7253170013,89.1188049316,8.09167400002
900,54.2696113586,145.031173706,33.1084098816,79.2671279907,1.09450882301
900,426.883636475,170.305526733,24.7646331787,66.598487854,0.777131738141
900,16.9929790497,53.2562866211,29.4584598541,70.8967666626,0.386503036134
930,590.950927734,192.291152954,32.7052650452,111.607421875,84.5484495163
930,533.865966797,187.755493164,33.6808624268,89.0405197144,4.10327091813
930,523.611816406,201.417526245,20.3591556549,63.30727005,0.404797261581
930,548.497436523,169.85585022,30.2062454224,80.9677734375,0.00240544341068
960,37.6724433899,141.567382812,18.7885074615,48.2495727539,1.47506352514
960,18.7220344543,151.761367798,20.9758472443,49.1883544922,0.364834722131
960,142.326004028,100.370788574,29.228012085,76.7744216919,0.32421273645
990,139.042709351,76.6175842285,22.3240947723,66.6971054077,4.57313172519
990,11.14590168,89.2970275879,31.6302700043,81.4129257202,4.56455647945
990,30.1735687256,142.276855469,19.830121994,63.6219787598,0.854058284312
990,45.5796318054,87.3717651367,31.2696781158,116.432060242,0.105046189856
1050,607.630310059,157.664077759,20.484254837,50.4017181396,11.5160882473
1050,567.193664551,161.177246094,18.1102161407,50.29296875,1.09913973138
1050,425.483520508,140.305480957,23.6739196777,60.4872245789,0.209433026612
1080,614.065795898,123.036102295,20.501499176,60.4508323669,1.11576421186
1110,195.907119751,150.405883789,19.5043468475,44.5335388184,0.268934201449
1110,175.020462036,153.050765991,21.8051586151,42.7081947327,0.1815350377
1140,116.040000916,142.215194702,23.7883605957,67.772064209,1.32012171671
1140,83.5846252441,154.077896118,17.5923442841,56.3725547791,0.438612699509
1140,26.9030399323,91.6549301147,27.2062301636,58.5354003906,0.431956956163
1140,90.7750549316,146.465270996,27.8055667877,62.4643249512,0.274062645622
1140,438.569213867,174.483886719,23.799697876,47.3063011169,0.176055403426
1140,567.163574219,144.739608765,20.2301692963,52.9132041931,0.168804510031
1140,156.786499023,165.986480713,21.1984786987,40.4292259216,0.0972051580902
1140,472.700042725,60.9267120361,30.0256652832,108.81539917,0.0369344023056
1140,589.778198242,134.848022461,20.8937091827,51.2388801575,0.0311228854116
1170,88.4588394165,155.825149536,25.8444690704,59.6529655457,5.48424459994
1170,116.375823975,167.136703491,18.798242569,47.8567008972,2.81547252089
1170,12.8766775131,135.749145508,31.562833786,83.8977432251,2.80381441116
1170,102.461402893,170.387466431,20.1063785553,48.7096557617,0.668137520552
1170,9.14397335052,172.292617798,21.656080246,54.5775489807,0.369324162602
1200,535.574829102,137.382675171,30.6521987915,79.3485183716,1.21937831864
1200,516.704711914,139.913024902,21.7562999725,65.5335693359,0.168602692429
1200,567.698913574,53.5089912415,26.1406993866,80.3059692383,0.0279476196738
1260,499.594726562,144.817184448,20.2522373199,61.7383880615,3.84745299816
1260,488.77355957,91.4301757812,20.8927288055,65.5376052856,0.295792729594
1260,460.694671631,93.9160766602,19.7254619598,63.6936950684,0.163991132285
1290,427.352508545,157.687423706,19.4038658142,49.7960853577,11.2550124526
1290,521.14239502,47.5991325378,36.9776229858,88.6809692383,5.21245189011
1290,605.898498535,123.139610291,21.8217906952,60.4399833679,1.88271217048
1380,73.2965545654,133.284667969,17.6231155396,55.9321174622,0.156385905575
1410,15.4710655212,137.771224976,28.0453872681,61.7266387939,48.2935547829
1410,606.969604492,152.971481323,27.3250904083,77.9286880493,13.5252222419
1410,30.7653217316,148.84513855,22.5321102142,52.5330848694,2.94147841632
1410,481.084869385,103.916954041,30.5745372772,65.7405929565,0.608913274482
1410,44.5928955078,151.126739502,18.5834712982,48.2437553406,0.293330848217
1410,407.266815186,167.507278442,23.4034042358,56.0607185364,0.127470388543
1410,497.278961182,91.7826309204,20.5975551605,51.2025260925,0.0543820729945
1440,612.488891602,111.623832703,21.5628452301,56.2635345459,9.86873731017
1440,9.020403862,130.203140259,14.2750740051,50.432094574,0.162363087293
1440,547.276428223,189.685562134,34.933757782,98.0613174438,0.139589153696
1470,604.849121094,217.542053223,32.7802848816,92.5753860474,8.68874639273
1500,480.323730469,150.530838013,24.3523578644,50.1361961365,6.335439533
1530,522.468078613,207.864440918,26.2104034424,65.2822952271,0.471398793161
1530,511.939056396,205.266372681,18.5306892395,52.7869377136,0.215370743535
1560,574.958679199,165.151748657,62.9821739197,176.662246704,36.9289726019
1560,535.862915039,217.426559448,39.1386604309,85.6090698242,0.872150529176
1620,586.67364502,165.88218689,30.5666122437,92.21484375,20.6490725279
1710,523.932495117,166.329360962,19.534318924,56.3461151123,7.2336114943
1740,56.013092041,180.652450562,31.9065608978,64.0592498779,13.7634307146
1740,555.658203125,146.605804443,27.9084243774,82.5179214478,4.67267930508
1740,571.191345215,149.766403198,18.7090950012,55.8441886902,0.674216914922
1740,539.641235352,150.794494629,26.6282730103,68.4325485229,0.580853503197
1770,597.898742676,133.541259766,31.9078674316,102.763458252,43.2239115238
1770,5.09309244156,73.119720459,18.575674057,64.3881072998,18.8448622823
1770,497.7840271,194.741409302,26.1379795074,66.9755020142,12.9764765501
1770,565.856872559,124.359436035,55.9257011414,139.569656372,6.86668157578
1770,551.336853027,185.245178223,23.5592746735,63.1061439514,2.3017115891
1770,537.830993652,198.759048462,27.4840183258,60.6367607117,1.19953406975
1770,16.003036499,91.4938354492,26.766702652,104.91293335,0.816864985973
1770,566.594238281,197.714050293,19.5762729645,52.4763069153,0.55053671822
1770,7.78467226028,187.255813599,14.077457428,50.0327758789,0.210931152105
1770,404.266693115,182.66015625,18.0426120758,50.2277946472,0.0498276262078
1800,520.063293457,142.904403687,19.4650478363,49.6795082092,9.03455615044
1800,601.732971191,98.9600448608,25.4236450195,74.3598556519,1.24809639528
1800,6.36066675186,151.241821289,16.248046875,58.1586418152,0.746733415872
1800,570.954345703,112.449699402,31.9119243622,80.1678924561,0.246145157143
1800,6.69987630844,63.8795776367,15.8672180176,66.8000488281,0.208695745096
1800,588.796569824,162.722518921,33.1311416626,82.5153274536,0.0421680364525
1830,615.708312988,61.5006408691,16.4371948242,55.6127471924,2.87188328803
1830,613.799194336,156.347915649,18.8012065887,53.334777832,0.708342483267
1830,573.64654541,134.14225769,28.7732391357,69.4615707397,0.501315901056
