30,5.34618377686,173.906509399,15.9430036545,44.2556800842,27.5485247374
60,483.046966553,59.2208442688,116.515571594,222.646224976,0.618524011225
60,192.027420044,30.2393722534,34.5938453674,55.1574363708,0.0303422479192
90,413.430419922,151.728317261,18.4938793182,51.1376152039,56.306964159
120,435.026702881,151.205200195,21.652967453,63.2324638367,39.1313582659
120,120.995727539,149.990127563,21.3945674896,54.5243110657,1.73837337643
150,463.6953125,152.67225647,25.3243160248,70.5902328491,1.10607426614
180,561.406555176,151.012145996,18.8839454651,59.9534454346,11.1408352852
180,614.790466309,161.969787598,19.0025978088,57.3525276184,3.60162034631
180,291.738555908,170.774215698,16.6414413452,61.3470954895,1.00003052503
180,571.628723145,157.932510376,20.4373321533,54.388256073,0.717150326818
180,476.564178467,81.1390914917,19.2716827393,49.5097846985,0.464622769505
180,598.080322266,158.510177612,23.1914539337,52.2648048401,0.329158594832
180,542.81842041,139.656967163,19.2909603119,55.5394592285,0.130910053849
210,458.706085205,154.046325684,24.4383411407,53.2871856689,57.624489069
210,609.688781738,148.693756104,18.4006958008,59.0706939697,29.4415563345
210,77.5880508423,147.476028442,18.4258136749,49.1579437256,3.25561128557
210,279.293792725,161.112380981,27.0762042999,80.7098007202,2.84469164908
210,450.646453857,142.605926514,18.7516117096,59.8119506836,0.299359601922
210,482.812774658,68.3592300415,18.7163105011,50.3903541565,0.170398282353
210,219.715408325,147.598434448,23.0607299805,58.7844352722,0.0703108555172
210,467.107666016,72.1699752808,27.9329357147,73.3111495972,0.00994369256659
240,473.533325195,158.804611206,19.3629665375,51.9155464172,81.2203109264
240,161.083114624,65.7863464355,20.2884902954,51.2059898376,19.1495463252
240,485.111572266,152.281265259,18.5745983124,54.6079597473,18.4498637915
240,575.804931641,169.750228882,23.3170986176,56.9681053162,6.1046961695
240,602.805725098,157.722869873,17.2982769012,59.2638092041,0.543590495363
240,147.225570679,76.3473892212,23.6083889008,59.6285095215,0.460741715506
240,472.637329102,54.9466972351,31.8782215118,75.5206069946,0.181578204501
240,145.354171753,39.3823699951,23.8920288086,62.8048591614,0.0186630699318
270,491.932525635,162.071838379,21.4161529541,55.6814460754,89.0338361263
270,607.015869141,165.360290527,21.0596179962,54.3433837891,48.8710433245
270,507.743988037,164.167022705,18.1352710724,52.3668403625,0.9177823551
270,150.640792847,55.7492408752,20.0273780823,55.9308166504,0.901839509606
270,485.459594727,59.2843933105,27.3136882782,70.4569854736,0.594417424873
270,126.380012512,27.160484314,33.5401954651,76.2906417847,0.05848070723
270,503.851531982,66.1101913452,23.0924663544,68.0950317383,0.00955120121944
270,230.645431519,159.7578125,19.1302661896,64.9641952515,0.00783051291364
300,517.741210938,168.352462769,23.7321071625,58.6116447449,98.5393702984
300,500.220428467,73.2116165161,21.0219631195,59.3388366699,27.4256110191
300,509.160003662,168.033538818,16.9246006012,48.6674537659,0.579435843974
300,532.641540527,166.483932495,25.0077342987,55.7367897034,0.466721877456
300,610.916687012,272.79284668,18.0207176208,47.7938423157,0.459341751412
300,547.692993164,165.960403442,18.8461971283,52.2820281982,0.351688428782
300,552.413635254,90.7342224121,20.7183513641,61.4587554932,0.0132630142616
330,549.393676758,181.078781128,27.6312561035,62.8859405518,94.5200204849
330,532.090515137,181.14630127,17.8087902069,53.0272331238,5.21108694375
330,133.770950317,58.2220344543,29.6672153473,67.4256973267,2.66037452966
330,567.233215332,181.585388184,16.8824176788,56.9749717712,1.96505598724
330,508.691864014,80.7440185547,21.6529712677,66.4755325317,1.13244960085
360,592.36114502,187.406921387,30.7529239655,76.053565979,97.8364467621
360,123.849571228,66.3856506348,21.401763916,54.252658844,5.78840002418
360,614.046447754,194.346603394,18.3301677704,60.8939094543,2.43149064481
360,570.926940918,94.5800857544,28.8018550873,72.7947769165,1.22311664745
360,119.158164978,76.9773025513,36.4594764709,90.8161010742,0.962147023529
360,447.025512695,157.422225952,19.225528717,46.4859657288,0.37252237089
360,536.341125488,96.146522522,19.6498584747,44.2014579773,0.33857584931
360,166.993850708,167.704421997,20.5842857361,52.5755615234,0.313203898259
360,594.171081543,69.307510376,31.6921482086,108.574371338,0.226347125135
360,581.642150879,148.104492188,27.0535984039,77.0840148926,0.158823945094
360,593.993347168,133.071350098,32.4889640808,97.0306472778,0.0195589833311
360,187.813415527,173.971450806,23.7774028778,53.633266449,0.00478140827909
390,520.252685547,171.37878418,24.7371139526,57.2355651855,18.3780819178
390,503.619720459,171.8359375,21.1428623199,55.1065330505,3.07522099465
390,564.09954834,93.8402633667,23.4403762817,68.0909500122,2.20158938318
390,488.284759521,171.67565918,24.8080978394,55.3153266907,1.37817375362
390,107.673530579,77.9033889771,32.0624961853,107.670532227,1.16624087095
390,424.064910889,142.84703064,20.91497612,54.2259254456,0.197702413425
390,140.38482666,143.549087524,23.1141986847,61.3208465576,0.159048149362
390,101.042655945,75.390586853,22.5207595825,56.425113678,0.112121494021
390,199.963394165,173.032897949,21.9173755646,55.6161804199,0.0480852439068
420,534.31842041,88.3878097534,26.2119922638,67.3411865234,5.0145149231
420,81.0569763184,61.0807304382,31.3368587494,76.7546463013,2.12618876249
420,575.69317627,90.6845397949,28.3267879486,68.1086196899,1.98037065566
420,559.729431152,90.4937057495,19.8973007202,57.2075386047,1.64298769087
420,100.245384216,199.436325073,19.9464855194,45.7625427246,0.82888295874
420,9.17537307739,213.798355103,21.6244869232,55.4589805603,0.481902109459
420,112.612571716,191.632644653,26.0043506622,58.4885749817,0.0459431816125
420,444.302276611,374.183441162,33.4285545349,74.6758499146,0.019897299353
450,76.9093475342,192.734542847,20.3227672577,55.7985687256,7.64771699905
450,432.746368408,189.663040161,19.6220569611,49.5800209045,3.4220200032
450,611.301452637,111.788063049,16.6034069061,47.7276611328,2.137593925
450,616.492492676,176.937362671,16.2795467377,49.6559486389,2.02151741832
450,64.0172805786,208.203353882,23.1054134369,50.6917304993,0.933390296996
450,92.5585021973,186.163085938,23.9220428467,61.4377441406,0.720200547948
450,531.253234863,85.2417678833,20.5477828979,62.9200325012,0.397118926048
450,561.393249512,45.3870887756,21.4170475006,52.9180412292,0.369568006136
450,590.169067383,180.388442993,17.5960140228,48.1940803528,0.250422488898
450,595.446655273,112.577613831,20.3780250549,61.2846488953,0.184676842764
450,605.881958008,172.857177734,18.3164577484,50.7970161438,0.0877521117218
450,37.5744972229,39.0899162292,31.778673172,79.8726196289,0.0802449765615
450,548.960998535,43.8168296814,20.6993808746,56.6138916016,0.00742194897612
450,121.579833984,139.234512329,25.6583271027,66.8845291138,0.000757458974476
480,488.414825439,64.6475753784,28.4805393219,79.176864624,1.63858961314
480,34.40858078,185.765136719,24.7574157715,51.1053276062,1.07794729993
480,443.99887085,179.829330444,23.8184185028,62.5525627136,0.474875606596
480,586.966674805,47.5434875488,31.1816158295,88.2142105103,0.437227124348
480,578.946166992,42.8383979797,21.9969425201,70.3271865845,0.40756650269
480,615.49987793,132.363815308,17.7903842926,56.9814567566,0.363027490675
480,329.79776001,66.2026977539,23.4518985748,54.2220802307,0.353538617492
480,610.993591309,37.5377540588,26.1192398071,80.7914962769,0.0235584535403
510,55.6123657227,194.916702271,19.1934642792,52.8043670654,20.1021149755
510,11.6226663589,191.483215332,24.4048023224,52.2611427307,7.4467279017
510,447.790893555,168.924438477,29.2712841034,59.601940155,6.82295486331
510,65.4317779541,201.836425781,20.5309562683,42.7914009094,6.42711892724
510,26.5605773926,191.445632935,22.1493930817,54.0971107483,2.15371791273
510,38.7837753296,193.398742676,25.3826541901,50.3857727051,1.68373025954
510,159.530761719,186.945175171,23.3941555023,46.8039588928,1.64849702269
510,42.1449241638,135.930435181,20.2671413422,49.2551307678,1.0437711142
510,497.147827148,174.771896362,22.1410961151,80.2013320923,0.497239595279
510,520.575378418,47.2827148438,22.2195491791,62.9926643372,0.228170002811
510,615.935424805,175.795333862,16.6492061615,56.16746521,0.206235051155
510,514.813659668,198.474060059,19.1539001465,55.5805397034,0.0896920915693
510,167.574966431,164.703170776,29.3927974701,64.2099914551,0.0185810975381
540,9.91020107269,190.778762817,21.2709388733,54.0291938782,32.0940345526
540,578.624023438,94.7208938599,22.4030780792,65.9673614502,18.5191124678
540,31.7747402191,195.471603394,18.2822494507,50.3772583008,3.02016660571
540,536.92779541,118.900535583,20.4038238525,51.0021057129,2.14535724372
540,581.245056152,177.799255371,18.4401988983,58.5639801025,0.465887971222
540,549.351074219,19.4870605469,33.0638198853,95.4517593384,0.360676134005
540,594.247924805,91.2754821777,22.7132263184,55.7683296204,0.00930317255552
570,582.679870605,99.8246994019,21.8801498413,56.2316093445,4.83068153262
570,611.542724609,62.5861473083,17.1035690308,50.0741271973,2.37702131271
570,14.2749290466,107.659828186,26.4631881714,69.8701705933,0.439209071919
600,237.531967163,166.9349823,20.9558696747,56.3596343994,2.59890370071
630,612.239318848,206.69972229,15.8654909134,48.9558868408,18.4054329991
630,389.638153076,174.815124512,19.5108776093,54.4714660645,3.7013489753
630,384.644683838,135.439743042,19.9171791077,64.3361129761,1.4731018804
630,8.55470848083,83.0741119385,19.6848106384,55.4152946472,0.205040350556
630,472.551055908,145.625198364,20.5081329346,67.0458755493,0.193484756164
630,371.50390625,136.443756104,20.583070755,54.8083648682,0.156587606762
660,602.409729004,168.398880005,26.1568603516,94.0791702271,40.9920036793
660,508.7840271,189.519592285,25.1658859253,58.8347206116,9.90195646882
660,616.084838867,202.142700195,17.0647602081,60.9273986816,0.822176598012
660,216.246963501,184.162719727,23.7995510101,41.2384757996,0.471113622189
660,406.264251709,114.502159119,21.3395519257,55.0207824707,0.357120553963
660,571.490234375,164.492752075,17.6277084351,56.9184532166,0.176700972952
660,132.69303894,167.974136353,26.3014163971,52.729221344,0.0737283495255
660,153.700576782,170.512741089,19.96692276,43.0318107605,0.0138308474561
660,613.645324707,37.5712471008,21.0405063629,68.7827835083,0.00977370727924
660,564.327209473,30.4091510773,24.1314926147,65.0614547729,1.1734861971e-07
660,544.10369873,41.3886108398,34.2206420898,76.795135498,1.49314796638e-09
690,611.495300293,104.574958801,20.2002124786,54.038356781,16.667252779
690,417.352020264,98.8983535767,22.1894683838,60.8323669434,3.32486890256
690,41.735370636,182.201278687,21.3980884552,52.1171150208,2.09720879793
690,426.011810303,188.778244019,26.9644165039,54.0859985352,1.13949170336
690,3.02960014343,203.540161133,16.6657314301,41.8583183289,0.893477257341
720,447.811981201,56.2525749207,26.0705394745,66.9724197388,1.84362698346
720,217.853942871,168.899246216,20.5102462769,52.9391670227,1.65396258235
720,441.688354492,176.867111206,21.0613098145,62.0940551758,0.707632768899
720,600.184875488,148.468902588,20.1651000977,55.0127220154,0.206423713826
720,231.189208984,167.990631104,17.0264663696,45.9648170471,0.094872066984
720,72.1691360474,173.789352417,19.7390384674,54.1683158875,0.0603398715612
750,613.243225098,160.737060547,15.7806968689,49.963054657,4.28973995149
780,400.170257568,150.673233032,25.427942276,58.5914573669,1.07958642766
780,387.527923584,141.419509888,18.1990604401,45.8640098572,0.0297139311442
810,520.572692871,144.107681274,18.1760883331,56.5532035828,0.665787933394
810,538.406738281,140.743179321,19.9477291107,46.3999824524,0.182447268162
810,292.131835938,148.969192505,17.3985233307,50.7773284912,0.105374318082
810,301.683624268,151.915847778,18.6288013458,44.5602874756,0.0399914744776
840,585.682189941,162.878250122,30.5216827393,76.7726745605,45.2550530434
840,480.813446045,154.833221436,49.7427825928,109.508972168,8.80526676774
840,523.673217773,147.998977661,22.3702926636,61.6694641113,4.07766699791
840,610.241027832,150.410507202,16.7497005463,50.1827201843,1.99883654714
870,498.605957031,136.880783081,34.9277534485,120.634712219,58.3589553833
870,545.950683594,67.485496521,31.3339824677,78.9810256958,1.5264460817
870,201.605667114,157.056350708,18.1418819427,46.6769294739,0.886263046414
870,272.599731445,143.119796753,18.6893501282,50.9536323547,0.579023221508
870,168.975906372,155.757385254,20.2661399841,51.8533439636,0.264832098037
870,181.517089844,153.79548645,23.2464885712,56.1921272278,0.0646697415505
900,157.626083374,167.601531982,19.9516086578,53.280216217,6.63412436843
900,190.200668335,162.914978027,19.8113117218,50.628528595,4.95006330311
900,204.558670044,161.098556519,17.6821117401,51.8560905457,1.10092442483
900,270.092163086,139.835098267,26.8163356781,61.551940918,0.886775832623
900,31.8032016754,173.406600952,24.3827991486,55.4067687988,0.47123269178
900,599.686584473,72.1845169067,27.5798168182,56.1762580872,0.257140351459
900,303.080078125,119.612792969,28.123128891,67.7048187256,0.162486813497
900,600.110656738,107.124946594,20.5109424591,58.1787071228,0.0477464229334
930,610.048034668,212.829162598,23.8314304352,104.651824951,15.5669003725
930,109.614349365,195.623672485,19.3787403107,45.7891044617,0.519548403099
930,172.762619019,162.288864136,23.2065868378,63.3763275146,0.300872838125
930,162.612930298,168.577590942,20.5322093964,53.726108551,0.250436947681
930,609.012084961,60.8292350769,22.7416992188,58.5899658203,0.00380569726985
960,10.6175079346,151.150863647,25.5991458893,73.0380630493,6.25462085009
960,559.753967285,171.196426392,22.2544994354,55.3678703308,0.818963907659
990,8.3664188385,173.144485474,20.5237941742,48.8865661621,0.397738814354
990,629.774597168,240.054870605,10.225402832,47.4483222961,0.0733641441911
990,41.3587303162,173.299133301,28.8417053223,55.9719963074,0.0115784743684
1020,612.571838379,40.8404541016,18.9101791382,54.2593688965,1.83434523642
1020,562.875671387,200.518966675,21.1952152252,44.9133605957,1.10371652991
1020,453.873809814,111.764091492,22.8413219452,58.3081054688,0.216312450357
1020,543.736938477,27.2526035309,21.3917865753,57.2421379089,0.0649457331747
1050,308.926025391,137.604324341,21.8992977142,52.2614097595,1.5722906217
1050,616.821105957,159.831466675,17.1908550262,48.6188774109,0.872563198209
1050,122.664985657,165.623474121,27.826965332,58.2369499207,0.606746226549
1050,462.766998291,106.512306213,22.5280742645,59.8858909607,0.443578930572
1050,343.445800781,152.32119751,24.5361175537,56.0771751404,0.226399255916
1050,508.803833008,99.5968933105,19.8801937103,51.228313446,0.0890316150617
1080,498.276275635,94.4699478149,26.6503391266,59.9022521973,7.05382451415
1080,609.71496582,88.7487182617,18.6529827118,50.4675559998,5.60177154839
1080,314.913665771,132.097122192,21.1720752716,51.0333747864,0.61141862534
1080,357.432525635,148.276321411,26.9760055542,60.2548980713,0.18811103655
1080,513.567016602,92.435798645,20.9243221283,50.2997436523,0.113680073991
1080,370.156585693,131.512283325,22.2963562012,54.4030914307,0.000486972794533
1110,611.249511719,147.473922729,18.2882461548,56.3226966858,7.47234672308
1110,518.267944336,86.9612121582,23.1035766602,56.0684165955,0.809536315501
1110,306.300476074,118.544807434,25.9374485016,65.1209793091,0.50029498525
1110,615.786193848,86.2338562012,16.955121994,48.3422584534,0.432903692126
1110,540.289672852,91.6533889771,21.8260593414,49.1124916077,0.0658234290313
1110,322.123474121,117.312896729,21.0992908478,57.6520805359,0.0590250012465
1110,369.972381592,124.238105774,21.2498435974,54.5401649475,0.0222709306399
1140,21.1361217499,145.916290283,25.2417602539,70.3560256958,1.30164921284
1140,554.202575684,67.8160324097,36.1376075745,70.5211257935,1.25075615942
1140,475.668182373,48.4468345642,30.2356319427,91.8278274536,0.525342207402
1140,596.073730469,128.03288269,23.0295505524,51.4050445557,0.130884337705
1140,584.573913574,136.178756714,18.9149227142,51.0333976746,0.127270061057
1140,98.9619445801,33.4691925049,22.7335414886,54.1180725098,0.0284811860183
1170,606.70513916,52.9853096008,30.409286499,65.1779937744,1.05385798961
1170,412.096466064,120.108947754,23.0238342285,69.2642440796,0.317135150544
1170,486.314910889,126.562004089,20.439365387,64.1230239868,0.265120668337
1170,348.594390869,104.906951904,21.2990589142,56.9609794617,0.223047123291
1170,498.418548584,124.566864014,21.7831897736,59.9818382263,0.0586390902754
1200,447.728759766,110.360145569,22.2030315399,60.3155212402,0.264318706468
1200,387.160003662,184.371139526,18.6426792145,45.7917442322,0.0248169380939
1230,609.016418457,209.226852417,20.6505393982,53.8070793152,4.52974736691
1230,68.5497055054,186.343856812,18.1393070221,41.6028556824,0.354864471592
1230,455.449005127,40.0023841858,20.7439212799,60.2754249573,0.136384391226
1260,27.2290859222,175.133102417,20.154706955,47.7506752014,0.32807039097
1260,370.74319458,79.0045852661,21.4414672852,54.3747444153,0.313418079168
1260,526.382019043,126.24987793,20.0515766144,49.5518760681,0.011832153541
1260,519.938293457,145.869155884,20.2143115997,43.448299408,0.0118131567433
1290,14.3755369186,175.568710327,19.4004764557,50.6512870789,2.68912166357
1290,380.924926758,107.794647217,21.7794437408,55.322101593,2.01902389526
1290,465.220092773,83.268081665,21.7849807739,59.358997345,1.14982277155
1290,532.344299316,147.01512146,19.5632400513,54.8036193848,0.939264986664
1290,610.164428711,131.678283691,19.4313678741,59.4965934753,0.792369153351
1290,535.812561035,85.5946655273,18.7426700592,64.0182113647,0.130822823849
1290,499.854827881,100.515930176,27.8275699615,59.817111969,0.000399805185225
1320,9.50116539001,180.321121216,14.8893470764,54.7094841003,10.1327620447
1320,534.364074707,153.021377563,23.524553299,59.3389167786,2.85789240152
1320,545.482299805,138.466293335,20.5535678864,49.6363067627,0.205071945675
1380,8.62201881409,193.063232422,16.4051151276,54.2509155273,1.74356661737
1380,569.516540527,113.085289001,19.3127994537,56.8044090271,0.286369398236
1380,556.754455566,127.36920166,22.1983642578,61.2169303894,0.00683166654198
1410,8.04729938507,194.080886841,18.9671630859,53.3302268982,7.69157707691
1410,550.888977051,134.381393433,22.8851680756,61.928894043,0.00901850507944
1440,548.317687988,121.827140808,28.1712474823,73.6774291992,0.0193079569726
1440,69.2332077026,196.62487793,17.0841808319,42.8815345764,0.00482488321722
1470,605.366638184,217.940856934,22.7849178314,51.9420433044,0.505518820137
1500,9.56414318085,199.198684692,15.3072137833,52.7899780273,15.0590106845
1500,611.855224609,226.324630737,15.4224634171,54.9915924072,2.15760786086
1500,551.208312988,187.342224121,25.5035934448,63.9019432068,1.61631256342
1500,564.58026123,175.238143921,26.8326206207,65.7660980225,0.80806016922
1500,593.765136719,197.120223999,23.7428302765,67.1328582764,0.489601911977
1500,549.412353516,120.779029846,26.1341533661,77.7584381104,0.0482805306092
1530,544.413330078,187.572692871,29.2760314941,68.5079574585,0.472039496526
1530,471.945556641,173.183364868,25.3440876007,59.4092216492,0.0951200490817
1560,8.12393093109,198.461669922,17.1323814392,51.5156745911,7.08925947547
1590,475.384246826,176.569656372,22.1686687469,48.1418647766,0.313328346238
1590,563.655517578,126.245483398,21.3177127838,58.7928962708,0.0930300797336
1620,551.630737305,147.402359009,21.0424518585,57.3749656677,0.130894838367
1650,471.253082275,178.911483765,25.6412277222,54.8109092712,1.5909710899
1650,7.86089754105,204.006057739,15.3349065781,53.7921333313,1.57133825123
1650,33.2420005798,206.940551758,20.606470108,46.0929450989,0.321098137647
1650,461.421356201,105.324607849,19.6329441071,63.631439209,0.177234923467
1650,531.558532715,153.84854126,19.1217384338,59.2097740173,0.0650489528198
1680,14.8868436813,216.961837769,29.6858825684,67.6378173828,6.09570927918
1680,465.444061279,178.67199707,27.1355113983,58.0964164734,4.70370985568
1680,612.581848145,215.526855469,20.6944084167,56.4791221619,3.50198373199
1710,556.007263184,125.693115234,20.9765148163,58.8177909851,1.05696534738
1710,462.863311768,108.408996582,21.6481952667,64.2164840698,0.653961161152
1740,458.998535156,90.7552185059,21.1936855316,66.6049575806,1.74933690578
1740,473.649749756,169.771591187,26.3471851349,66.6667709351,0.255467719398
1740,568.516723633,141.11100769,19.8822231293,52.424030304,0.0900667684618
1740,468.802001953,102.311378479,22.1993923187,67.6706008911,0.0211070626392
1770,604.074157715,58.0964164734,24.7182559967,63.0016021729,0.989479757845
1770,482.46081543,156.549331665,21.1842346191,60.1992797852,0.301112071611
1770,390.765960693,191.93699646,19.8683052063,46.7219696045,0.073207548121
1770,580.913696289,124.993934631,23.4806423187,64.6080245972,0.00839541171445
1800,476.44241333,159.888061523,34.0007209778,73.4281311035,9.19600874186
1800,610.297180176,52.334148407,18.9897022247,51.8794288635,1.29395546392
1800,388.108886719,184.857543945,22.8812656403,57.4179878235,0.427136849612
1830,496.897247314,102.905723572,21.73005867,49.4817504883,1.33685814217
1830,616.036560059,147.925949097,16.9769916534,53.060634613,0.272150081582
1830,386.589935303,177.094985962,22.7666988373,60.6278419495,0.153168046381
1830,486.89050293,148.468643188,22.2966938019,56.2546806335,0.0996734015644
1830,475.552093506,98.581237793,21.6754703522,64.9522323608,0.0057386168919
