30,77.6630325317,219.636352539,35.8951835632,88.420539856,10.3554345667
30,599.284606934,133.647521973,19.1248321533,54.426864624,8.45036059618
30,368.076690674,181.617385864,17.8248062134,44.0950317383,0.520511437207
30,338.946136475,171.827438354,25.4525699615,64.4585952759,0.398576073349
30,63.9293174744,209.250488281,32.2321739197,77.63671875,0.0529143842869
60,70.0240249634,221.830551147,37.1396903992,87.1086044312,29.5734912157
60,605.668273926,137.418869019,19.9719524384,49.3872871399,4.27427217364
60,553.889526367,180.637252808,37.8739738464,71.5902328491,0.910203903913
90,609.695739746,139.119735718,18.0190372467,49.622051239,25.1454919577
90,65.7838592529,219.763671875,35.4778709412,92.4522705078,11.1400075257
90,335.175750732,166.985733032,25.0569705963,60.4696044922,0.453777890652
90,375.128387451,174.636245728,21.1240787506,57.5301971436,0.424220319837
90,17.8658542633,245.372619629,27.9135150909,81.3809280396,0.193036010023
120,603.352783203,137.114746094,21.8048400879,54.003112793,14.2478317022
120,65.1867294312,225.503097534,44.0270080566,76.69871521,11.6748049855
120,615.886047363,141.606704712,17.4908809662,46.991897583,1.84594653547
150,63.5716552734,222.106323242,36.5442085266,99.159362793,9.1001033783
150,609.019714355,139.433761597,18.0432605743,50.1918907166,7.0896923542
150,491.594818115,218.570617676,40.6063728333,92.1291885376,0.418573850766
150,548.176086426,64.0112380981,27.1727390289,57.8198127747,0.134533480741
150,374.189819336,168.134460449,25.8373241425,61.2526435852,0.121709320229
180,608.633117676,139.013244629,17.8311061859,50.2843475342,10.2143548429
180,599.134155273,134.899337769,16.539024353,56.4982566833,6.13168217242
180,71.6157608032,230.127639771,31.4097900391,67.9420013428,4.89278994501
180,376.307220459,165.037612915,23.0494403839,56.3651313782,0.77514811419
180,15.11977005,234.274108887,29.453453064,78.2898635864,0.0652719521895
210,82.6967697144,226.704696655,29.990240097,61.2437782288,12.7654194832
210,599.217468262,133.124008179,20.9198436737,55.5180854797,10.3959552944
210,374.816375732,162.908370972,25.2205181122,63.7535095215,0.547498743981
210,493.011474609,213.787460327,40.1480331421,92.57447052,0.269482191652
210,338.203582764,171.554931641,20.750793457,54.9077033997,0.146990898065
240,608.819152832,137.163589478,19.1027507782,52.310459137,29.3693959713
240,599.97277832,132.756210327,15.4887895584,55.0174980164,3.38442586362
240,618.051086426,52.3641357422,16.363576889,51.6014595032,1.49201489985
240,498.296539307,218.362548828,39.196723938,83.1626281738,0.329105253331
270,615.957458496,138.394180298,17.7833805084,52.5437011719,5.71099109948
270,376.35925293,158.984130859,21.3731594086,62.2465362549,3.46170067787
270,340.816680908,183.20652771,24.4609375,60.5967254639,0.851938594133
270,333.762176514,166.986495972,21.1887760162,55.4362831116,0.113347452134
270,505.610961914,202.627502441,41.8418960571,92.5596008301,0.0843916321173
300,336.020599365,176.178634644,30.2867908478,78.9386520386,6.44837170839
300,73.8381881714,213.926467896,28.1348342896,73.2030715942,0.985452346504
330,615.369934082,219.280502319,19.0306491852,59.354183197,4.9151930958
330,344.968109131,183.052902222,29.1743679047,80.81665802,2.03732699156
360,500.929229736,207.908630371,33.7631797791,94.2512130737,6.04566000402
360,124.166801453,219.558227539,31.8001327515,78.6988754272,2.94182524085
360,344.422943115,191.444900513,29.7938671112,86.66040802,0.681803654879
360,117.162895203,150.555892944,20.5833015442,48.5514183044,0.0494797655847
390,572.58013916,211.567642212,49.3481483459,150.328536987,40.2691215277
390,615.226989746,240.82774353,19.3166370392,45.2297477722,1.51601349935
390,199.750778198,151.024291992,34.4404563904,64.2467422485,1.26724243164
390,399.786468506,156.563598633,26.7579708099,61.2059020996,0.891930516809
390,422.430908203,214.745040894,20.2788734436,49.172958374,0.890179350972
390,419.185089111,149.931564331,22.4337692261,67.8890686035,0.452699605376
390,352.283081055,186.648666382,29.174621582,75.7006759644,0.357927265577
420,567.3984375,190.066711426,18.9779949188,52.5913581848,3.85712012649
420,450.891387939,193.880371094,23.7773284912,67.5651931763,1.85191687196
420,109.845603943,228.292098999,28.9136219025,58.7556800842,0.537276314571
420,357.948608398,184.662307739,29.0025787354,67.112449646,0.127719889861
450,474.489837646,177.634460449,21.1205806732,57.6835632324,31.4100652933
450,6.25614404678,238.396972656,54.532207489,135.590484619,20.1953917742
450,451.889862061,183.496505737,19.9692020416,50.2112464905,18.1791305542
450,417.555450439,143.357498169,19.7352828979,59.0404701233,2.52892300487
450,140.76008606,214.403808594,22.0781173706,61.2805747986,1.72997135669
450,193.31060791,138.055358887,23.9484710693,51.811706543,0.227836123668
480,456.504425049,182.127639771,20.1915607452,59.4669494629,76.4548003674
480,482.595428467,175.233261108,20.0884132385,60.0210113525,63.2599294186
480,516.246154785,187.856246948,17.7851657867,62.1266021729,31.6460341215
480,469.401123047,180.197433472,17.7970848083,59.8561058044,11.176148057
480,536.561889648,184.991134644,26.5660915375,67.358253479,8.57114717364
480,524.945007324,180.933242798,18.6445846558,56.0299873352,5.85800670087
480,608.905334473,306.889984131,27.2664718628,86.7571411133,5.35039231181
480,551.686218262,242.361038208,30.3793716431,64.1979293823,1.70993935317
480,553.670043945,182.547622681,20.9195098877,52.9282684326,0.721696764231
480,345.077148438,183.500534058,20.4418354034,55.6381187439,0.545944646001
480,502.701751709,185.415542603,21.6174793243,58.4293785095,0.523842917755
480,179.001663208,145.89151001,30.0379314423,75.4926223755,0.218236958608
480,627.218200684,312.870910645,12.0093355179,55.6730995178,0.0951736001298
510,474.775299072,180.619033813,21.815820694,65.7693099976,76.9218087196
510,497.323760986,176.120254517,21.8485431671,65.1051940918,73.4648942947
510,570.887512207,185.351119995,16.3797664642,53.1681632996,59.8186552525
510,542.612304688,181.02973938,21.7329730988,64.7370834351,50.3096461296
510,595.726074219,178.470932007,25.7128505707,62.643283844,11.7005467415
510,555.561401367,182.672653198,24.9362163544,71.9429244995,6.87396153808
510,510.061004639,171.34513855,19.3861217499,53.745464325,0.59778559953
510,528.721496582,178.792984009,16.841085434,50.2659416199,0.346328993328
540,590.013122559,176.422897339,27.2620754242,70.9267501831,98.0390191078
540,513.24407959,183.742294312,26.1806659698,79.7995986938,77.3942053318
540,607.170227051,172.460403442,20.9954814911,88.3223266602,66.0780012608
540,457.454467773,177.288711548,21.3067893982,49.5214347839,31.8760514259
540,541.873352051,206.486022949,24.5349521637,61.3710517883,25.6705105305
540,543.265808105,167.251571655,22.371553421,64.5104217529,5.49876540899
540,482.933105469,164.905181885,20.8487071991,46.3383979797,3.3601988107
540,305.921630859,360.488769531,21.2307224274,49.3214263916,2.15371120721
540,473.27255249,171.297851562,18.339384079,46.8949584961,1.78250186145
540,536.037902832,340.620758057,21.2209453583,48.1684417725,1.35281607509
540,528.743408203,187.341567993,24.6447601318,75.9445800781,1.22405001894
540,551.642822266,340.357879639,21.2168388367,50.1134796143,0.467537995428
540,578.671813965,182.823959351,15.8633890152,57.612361908,0.294891768135
540,520.924682617,169.858886719,20.5806655884,52.2266426086,0.190583185758
540,558.594177246,174.587081909,18.902973175,65.1742248535,0.0693740614224
540,174.602966309,191.138916016,25.8789043427,71.5397338867,0.0109123466245
570,515.98626709,169.579116821,27.2481174469,65.6275177002,24.1914913058
570,602.910095215,163.877426147,23.5802516937,68.7876358032,13.0392640829
570,590.565612793,160.661697388,24.178812027,92.715171814,2.40888483822
570,559.302429199,158.024658203,18.3606891632,49.4359855652,2.10692007095
570,571.212036133,162.358840942,29.6287555695,68.1019515991,1.37675590813
570,328.191864014,333.073699951,20.8361282349,48.6883125305,1.19711076841
570,365.185821533,347.131256104,20.979888916,48.0613708496,0.921411439776
570,615.974975586,192.053543091,18.0440940857,53.4749755859,0.741693750024
570,536.668151855,163.60206604,19.7038173676,46.9855651855,0.694196671247
570,51.2610168457,179.96156311,27.7647838593,54.3446922302,0.558629352599
570,418.93637085,398.951660156,22.2279815674,51.6460914612,0.480636302382
570,542.485534668,66.0447769165,19.8515052795,49.4704780579,0.428794370964
570,616.021057129,156.35017395,17.491437912,52.6327705383,0.370884803124
570,294.515991211,316.490356445,31.6760864258,73.2063980103,0.191894511227
570,504.827484131,190.25,21.0362110138,60.2858543396,0.0947031949181
570,499.684356689,391.915679932,31.2102642059,56.7713775635,0.0932626251597
570,328.821472168,89.4325866699,39.1889152527,72.7987136841,0.082616234431
600,561.378417969,156.764450073,25.1882705688,54.4494934082,21.6618925333
600,608.518859863,25.4265575409,18.8524494171,58.7337684631,5.56112639606
600,328.782928467,346.01550293,20.3221912384,49.9168128967,4.6353250742
600,466.346069336,390.467681885,21.3387470245,49.9498596191,4.07834798098
600,578.553649902,157.966293335,18.4546813965,47.9213829041,2.71474029869
600,439.271606445,387.35925293,22.2774105072,50.4966163635,1.52825303376
600,278.397155762,347.721282959,32.7855491638,76.647819519,1.46600687876
600,397.749511719,162.523956299,18.875295639,48.4176216125,1.4170804061
600,386.55166626,373.708404541,20.9145488739,49.8505249023,1.13605838269
600,607.128967285,161.226379395,17.0261058807,46.8658752441,1.12095763907
600,594.491394043,158.363143921,18.5042381287,47.7406578064,0.688953511417
600,13.3426122665,250.330871582,26.0552043915,89.4802932739,0.633440352976
600,476.418060303,398.327423096,22.349937439,51.2719268799,0.577996298671
600,525.897705078,130.893173218,17.9920482635,50.0864906311,0.374779896811
600,511.700561523,125.655387878,19.736125946,50.4066162109,0.281979353167
600,21.6450805664,235.05255127,22.8975925446,57.2436676025,0.0397151889047
600,429.740844727,190.625183105,18.5457191467,42.7963905334,0.029890370206
630,619.065307617,150.518737793,20.6679058075,62.6784973145,4.13556173444
630,463.643280029,180.18132019,22.8551998138,46.8735160828,0.0657250289805
660,606.597290039,170.090576172,20.053609848,43.4014472961,24.3294477463
660,435.292022705,178.350036621,18.9657878876,44.7702331543,1.06322467327
660,446.637573242,184.20741272,18.2847137451,40.5744361877,0.342254131101
660,243.029052734,270.043579102,20.9241046906,48.5052528381,0.138257816434
660,548.144836426,98.7521972656,26.6466236115,59.8390693665,0.0469966762466
660,417.900909424,126.75302887,21.5467243195,60.7219963074,0.00340974620485
690,576.245544434,177.923294067,19.519701004,44.2899780273,4.80107292533
690,475.292633057,185.716796875,23.6473999023,53.8905830383,1.782229729
690,374.260162354,60.8437042236,34.7562904358,105.851287842,0.439843581989
720,561.702270508,181.956069946,39.8212051392,90.7358932495,36.1094743013
720,584.640197754,165.625671387,18.3108386993,63.3251190186,0.511760869995
720,86.8737411499,183.04045105,19.9313526154,47.6700592041,0.46598566696
750,15.2105102539,195.078292847,19.5083312988,44.8745765686,9.86239314079
750,181.860153198,171.065567017,23.5124912262,49.2925224304,3.57093438506
750,27.3497066498,186.658889771,19.755613327,54.2832603455,0.503027951345
750,438.720214844,177.213729858,19.4524841309,42.2065200806,0.365591282025
750,600.844543457,180.70324707,18.6661300659,45.5659065247,0.209030904807
750,424.130401611,123.569061279,19.4109783173,54.974319458,0.0688966654707
780,456.584747314,183.843582153,21.3265724182,49.602481842,30.7423263788
780,115.856376648,179.209793091,21.1089859009,53.8131561279,30.6403279305
780,597.484619141,218.876708984,24.4188632965,56.4878501892,23.6960589886
780,157.86340332,172.901245117,22.8976726532,54.8900756836,14.2096966505
780,170.517654419,167.685974121,19.3147525787,52.3366241455,1.29097430035
780,455.744262695,94.3232803345,18.3715248108,52.6771965027,0.92864241451
780,107.463279724,185.969741821,17.5694122314,46.3399391174,0.66189551726
780,575.933410645,191.945861816,19.2062683105,52.2118339539,0.140134885442
810,507.248382568,190.756912231,18.57695961,52.9414672852,31.835860014
810,514.443054199,191.214920044,28.160446167,70.7971725464,5.80648705363
810,452.028533936,182.602661133,19.0179138184,50.3613739014,3.15243378282
810,495.121917725,189.753067017,19.1298999786,54.0428199768,3.08543220162
810,487.441192627,309.855010986,21.6192779541,49.7675628662,1.49469589815
810,61.7085762024,195.522018433,22.0997562408,48.3008728027,0.993835553527
810,118.257453918,186.242370605,21.4184589386,50.393245697,0.832093786448
810,440.072601318,175.770141602,22.1237926483,48.9471855164,0.280154612847
810,488.575317383,87.2420349121,27.484085083,74.6875686646,0.256731291302
810,252.805175781,277.68347168,21.6064071655,49.6326560974,0.120334629901
810,141.498703003,161.858917236,20.1539211273,57.131855011,0.0549923279323
810,350.233764648,157.648193359,25.8248748779,54.8108024597,0.0512206752319
810,461.422332764,124.922950745,30.4755630493,90.0093307495,0.0372884504031
840,503.58114624,173.255386353,21.0717525482,55.7566642761,26.4287918806
840,558.252685547,209.727645874,28.1116714478,60.2293052673,19.3960145116
840,71.3677139282,184.49848938,19.7577342987,52.079788208,6.52309060097
840,137.676742554,162.790481567,21.6812534332,55.174747467,3.40867601335
840,492.882293701,175.109573364,17.1597118378,47.863368988,3.03221940994
840,590.826477051,222.95930481,28.5905590057,60.8640403748,2.91986577213
840,576.883911133,204.05229187,27.079460144,60.8180885315,2.28294376284
840,419.370635986,172.104873657,16.1349048615,51.628993988,0.335247325711
840,8.92415809631,198.765823364,18.6951084137,44.6161079407,0.315153412521
840,2.69208216667,65.6538009644,19.7832813263,55.8942871094,0.205878680572
840,109.765830994,161.698928833,22.5528621674,59.5078315735,0.102191721089
840,519.999206543,190.401855469,17.1596984863,46.6564788818,0.0899498758372
840,121.960540771,157.331878662,23.2333393097,62.1277503967,0.0271708937362
870,547.015197754,172.312866211,20.9787654877,55.2737426758,83.1059217453
870,0.627454102039,172.849853516,21.9537754059,67.6919021606,10.5199031532
870,558.018188477,165.520294189,24.1128234863,61.8757133484,9.63905528188
870,82.400932312,171.431686401,19.5486183167,55.2100524902,2.0728867501
870,337.603118896,158.424484253,23.0999546051,55.58253479,0.436142040417
870,102.615516663,153.065292358,23.2081699371,71.4180603027,0.330776604824
870,93.980506897,158.309020996,17.6728954315,67.4492721558,0.17144625308
900,22.6182098389,171.522720337,21.7434387207,55.7591705322,8.32003131509
900,615.507019043,176.554382324,20.4980125427,66.7004013062,8.15766826272
900,528.467468262,156.425949097,33.3348045349,66.117729187,1.16046471521
900,51.8347015381,167.022415161,22.2857074738,61.7901039124,0.913742929697
900,342.328277588,159.217254639,21.9515838623,50.6089019775,0.494527956471
900,12.3406801224,176.449569702,17.0849514008,49.3515739441,0.398235209286
900,36.029750824,174.11517334,17.9136219025,53.2623291016,0.360544980504
900,152.14100647,321.061859131,21.6592845917,52.7806587219,0.354964402504
930,54.6677970886,176.406936646,16.4409637451,48.5561637878,0.674548884854
930,9.18344593048,172.196243286,17.7368869781,56.4525947571,0.569947622716
930,21.4417953491,176.759292603,16.5365390778,51.5283355713,0.297547387891
930,40.2264251709,180.384155273,18.1152038574,46.7478599548,0.106021156535
960,609.65637207,162.954055786,22.0135879517,61.0334434509,10.7412993908
960,209.386962891,255.428955078,21.2524604797,51.6968383789,1.95719413459
960,4.32580518723,181.755249023,16.1288776398,51.5272865295,1.20894527063
960,534.09588623,161.71673584,21.4221477509,61.4071388245,1.14720538259
990,606.605529785,170.697814941,27.4455318451,63.9554862976,0.184604735114
1020,24.4069881439,186.772720337,22.8678359985,53.8029136658,13.3165448904
1020,354.197875977,165.843826294,25.3177585602,62.3971824646,1.90846342593
1020,488.381591797,115.230621338,27.7030773163,63.1372070312,0.0457967369584
1050,60.3436775208,186.146469116,18.3865261078,47.1110115051,15.6777754426
1050,48.1494941711,184.892623901,17.7091197968,46.3492622375,14.9148657918
1050,362.59072876,170.637969971,22.4310894012,56.2888450623,5.79675659537
1050,34.1154518127,185.226211548,22.6465454102,50.3033485413,1.69643405825
1050,488.141143799,173.576950073,20.9079666138,47.337310791,1.57500691712
1050,593.311218262,242.328933716,31.7859783173,101.461677551,1.36313755065
1050,121.04044342,180.256225586,17.3816509247,44.0126342773,0.489927269518
1050,376.134521484,158.833114624,19.7083034515,48.8863525391,0.142174202483
1050,446.291595459,179.579711914,18.9562797546,46.4138946533,0.0867381168064
1080,9.25834465027,191.129318237,18.3278923035,47.552066803,57.5389623642
1080,610.375793457,168.95513916,18.8808193207,50.7626838684,1.18231121451
1080,418.726074219,179.18989563,22.1472492218,46.7663536072,0.171494355891
1110,204.388000488,160.425521851,26.3756160736,69.9589385986,9.57035049796
1110,617.384887695,97.8785095215,18.7476024628,56.0276756287,0.577296782285
1110,137.393173218,166.231430054,17.4299411774,56.3599853516,0.538897514343
1110,192.849731445,163.491622925,20.3636455536,48.541683197,0.171780225355
1110,147.031723022,168.642562866,17.4271907806,50.2974433899,0.10238182731
1140,358.299438477,161.807678223,19.774810791,59.4258728027,25.7002711296
1140,25.5349941254,199.831115723,24.2668380737,50.0412025452,4.27217707038
1140,450.282836914,181.925537109,18.5119380951,50.4832191467,1.72449592501
1140,173.765380859,173.23008728,23.6085834503,57.5364227295,1.14834718406
1140,371.362213135,167.646942139,22.2684860229,54.8725318909,0.629798416048
1140,435.157958984,183.333496094,23.7525920868,52.3118171692,0.18548858352
1170,192.764816284,185.808425903,28.0611972809,55.0354156494,62.0026171207
1170,545.782043457,186.26953125,28.2485980988,64.7531661987,17.4262851477
1170,524.582397461,180.703994751,26.1867752075,69.1072845459,11.824157089
1170,361.341278076,157.869522095,24.720993042,64.7616348267,7.49905407429
1170,65.9483718872,132.218063354,21.5396404266,77.6749801636,6.56228512526
1170,384.211181641,173.145675659,20.2513370514,50.4749717712,3.38648036122
1170,74.1343460083,179.930526733,22.9075469971,68.4474029541,2.57783383131
1170,517.93157959,171.657348633,17.1134128571,56.7450256348,2.15541403741
1170,613.596252441,22.4963169098,20.5552787781,41.5469665527,3.88124163919e-06
1200,370.926483154,158.284362793,23.6113643646,65.9163742065,36.6148740053
1200,526.346313477,163.410949707,18.9771595001,50.598110199,1.23336138204
1200,12.8870592117,199.772323608,18.9412555695,44.7601203918,1.22514460236
1200,401.991546631,176.209640503,17.3382053375,47.1178131104,0.448635779321
1200,451.733520508,180.268966675,20.5822162628,48.1941719055,0.439108535647
1200,546.515441895,161.679031372,19.5192012787,45.8460884094,0.395344384015
1200,9.72043609619,84.384185791,22.4136791229,57.7456665039,0.0986329629086
1200,343.662445068,363.611083984,21.0359477997,51.2389717102,0.0740209245123
1200,418.133666992,393.187255859,22.8655223846,50.3139228821,0.000476234527014
1230,574.041442871,338.96206665,20.4102840424,48.5917167664,5.41930906475
1230,411.923431396,170.920211792,21.8049411774,55.686214447,2.59279422462
1230,546.016052246,337.258087158,21.2340946198,49.4090423584,1.55096212402
1230,557.634460449,330.240661621,21.7392177582,47.2021827698,1.11419549212
1230,474.00881958,185.959533691,29.0215549469,66.1909179688,0.911998562515
1230,378.023925781,157.220687866,23.7339344025,55.6611442566,0.330591062084
1230,57.5994758606,188.306442261,17.2686824799,54.9882621765,0.156274437904
1230,602.590820312,163.04510498,22.9659404755,56.9203605652,0.148561049718
1230,588.539245605,331.428344727,28.7881221771,52.7913475037,0.125602271874
1260,424.585662842,187.932662964,18.6560344696,46.957988739,40.1647746563
1260,445.29208374,207.35534668,23.8682842255,47.9708557129,2.51193065196
1260,557.493164062,361.99520874,21.4384593964,47.8248023987,1.78936738521
1260,568.06842041,366.057525635,22.4816799164,53.1375007629,1.7581243068
1260,504.242675781,314.639892578,20.7164707184,48.3132324219,1.05119114742
1260,413.674835205,325.151580811,21.2221908569,50.8168830872,0.873504392803
1260,383.589263916,171.191833496,18.2579917908,50.3748893738,0.741144921631
1260,132.122055054,153.247268677,19.5270519257,55.8713531494,0.635879999027
1260,525.445251465,189.825439453,22.2364406586,54.5610771179,0.421658996493
1260,429.63772583,199.78717041,25.0910720825,53.8347434998,0.403497042134
1260,523.274536133,47.8916473389,31.1134109497,92.552116394,0.385701865889
1260,139.330825806,167.108932495,26.881986618,55.85496521,0.288840732537
1260,461.078094482,186.375808716,18.8245639801,51.6424293518,0.217401958071
1260,409.848846436,179.9506073,22.3035964966,48.1400337219,0.168232177384
1290,471.553131104,187.26411438,19.9238605499,48.8232536316,17.4003139138
1290,444.324951172,184.335342407,21.0771884918,51.1799888611,4.38885726035
1290,616.95513916,174.252334595,18.7594585419,51.9411354065,4.01064008474
1290,109.537719727,148.793640137,23.0047779083,55.3834114075,0.747963786125
1290,367.10458374,195.552810669,20.3445777893,52.5320892334,0.66256346181
1290,573.594848633,270.791595459,26.7827835083,46.5602912903,0.286006974056
1290,472.79385376,364.904296875,31.5855045319,60.6893196106,0.229456019588
1290,482.848419189,182.405380249,20.5712451935,51.0304374695,0.216099829413
1290,495.208862305,181.309677124,18.5659160614,54.0930023193,0.188715569675
1290,256.379577637,402.724151611,26.6894893646,63.9306030273,0.131308427081
1290,551.015258789,392.108398438,22.4886455536,52.1588554382,0.117152533494
1320,517.148620605,185.757446289,19.5883312225,49.0221443176,49.8783409595
1320,462.536651611,188.724990845,18.9240779877,51.8517303467,11.6977274418
1320,478.430267334,186.558670044,19.5481052399,49.3765258789,4.07081320882
1320,482.795440674,309.366516113,21.0362186432,48.3630256653,3.95928993821
1320,547.802612305,185.454849243,21.5389385223,53.8624534607,3.28019484878
1320,414.500274658,199.817306519,20.5293750763,42.8474884033,1.83166190982
1320,503.779571533,319.650604248,21.683095932,48.8125457764,1.22425900772
1320,498.981231689,188.033340454,19.5462398529,47.7020111084,1.17306150496
1320,472.372283936,291.842193604,21.4204769135,50.493976593,0.587715720758
1320,514.380432129,332.721343994,21.4533901215,47.2324790955,0.570987118408
1320,446.904510498,188.725967407,24.2258911133,49.626373291,0.493612000719
1320,429.463897705,195.776901245,17.89453125,43.2681007385,0.334772560745
1320,499.346038818,298.686065674,21.3202762604,48.0719184875,0.220078905113
1320,7.05652761459,203.739456177,14.9570360184,52.2847290039,0.169693212956
1320,514.556030273,303.264129639,20.8863601685,46.9255332947,0.109314767178
1320,529.321716309,41.1396217346,34.0482330322,64.2980575562,0.0132877554279
1350,498.564239502,185.020446777,20.3841648102,58.1364746094,65.0673091412
1350,543.89239502,195.352966309,19.6583042145,53.0652580261,15.6629219651
1350,434.219360352,211.409851074,21.3138751984,46.1054039001,3.75921316445
1350,485.145233154,188.178283691,17.2450351715,51.3863792419,1.11771347001
1350,579.998718262,184.436767578,19.0294933319,56.9565238953,1.09466984868
1350,117.17074585,193.795089722,26.4431324005,67.7023010254,0.934107322246
1350,451.857788086,199.385314941,21.6097660065,52.0305900574,0.584198487923
1350,54.4274406433,137.549743652,29.034318924,83.6431808472,0.230075977743
1350,23.8272190094,153.675247192,22.6578807831,58.9629325867,0.161775120068
1350,602.011169434,204.521469116,16.9371738434,47.5055389404,0.102799001615
1350,39.0868415833,157.071792603,20.1180725098,58.2393226624,0.0286906200927
1350,562.099304199,30.9860610962,32.7137947083,73.9504623413,0.00615729586571
1380,555.984924316,172.170791626,32.4765167236,86.8923873901,99.7906684875
1380,597.611022949,184.421813965,20.0094356537,60.089263916,24.6655657887
1380,3.39000320435,210.423904419,15.6125106812,48.2378997803,16.8171912432
1380,462.145507812,207.61315918,25.8557262421,54.6035118103,15.758998692
1380,605.113586426,194.062301636,24.7445545197,78.6773452759,9.43430140615
1380,416.826629639,167.355819702,20.5715618134,48.903553009,3.69311831892
1380,536.245849609,181.705627441,23.9193935394,57.2311058044,3.3989559859
1380,549.073303223,185.684402466,20.6676807404,64.7621459961,0.843051820993
1380,414.445709229,291.069061279,20.1196346283,44.0888252258,0.514301471412
1380,578.602905273,189.983764648,16.9647197723,59.2511024475,0.443484727293
1380,180.413757324,181.974014282,20.2438259125,56.8548316956,0.310656125657
1380,402.78137207,284.816986084,20.8391914368,46.5793609619,0.288019469008
1380,43.3785057068,137.561355591,35.2459068298,97.3310470581,0.0625186949037
1380,23.6204681396,120.077026367,24.9828510284,86.4543151855,0.0175272056367
1410,585.96307373,186.188598633,25.4052429199,59.7300109863,9.9269323051
1410,28.5033111572,201.47819519,23.6106281281,57.9387512207,2.77925152332
1410,599.912902832,192.500167847,28.0069255829,58.3856315613,1.22351879254
1410,429.773284912,201.849075317,20.2435569763,46.1825523376,0.347091653384
1410,445.714080811,311.946136475,22.2540969849,49.6252555847,0.0808491022326
1440,608.716186523,173.062576294,24.760641098,73.7127532959,19.3335548043
1440,603.110961914,137.727752686,23.6736164093,71.1051254272,5.7543952018
1440,224.485595703,289.361907959,22.2049770355,52.6847648621,1.26582374796
1440,65.5057373047,198.809570312,20.3616790771,53.2942695618,1.15894526243
1440,355.972808838,193.685836792,18.5899391174,50.5821037292,0.97685419023
1440,367.471405029,189.712402344,17.7460193634,50.1494445801,0.895657390356
1440,455.870452881,188.702255249,20.5769290924,53.3108863831,0.88161919266
1440,404.662628174,266.625762939,28.0199298859,60.0810508728,0.374896475114
1440,606.776184082,112.557762146,20.7079792023,55.9924621582,0.262425444089
1440,611.112915039,233.996902466,17.3280639648,45.9242286682,0.238364073448
1440,118.502906799,400.384735107,30.0340213776,55.7169837952,0.0128972256789
1470,346.499908447,187.143234253,22.7115459442,54.3133544922,4.39697094262
1470,359.082855225,181.604019165,21.1015434265,49.4173316956,1.26056419685
1470,617.026245117,97.5795593262,16.0449085236,49.0068016052,1.07785360888
1470,488.509429932,185.9193573,23.7337818146,65.2201919556,0.801277067512
1470,127.900032043,194.700927734,22.8622817993,51.3366508484,0.450304849073
1470,399.4375,187.526809692,19.7641296387,49.3569755554,0.218129553832
1500,353.779815674,193.499893188,22.1447658539,52.691280365,3.20737697184
1500,581.477294922,234.39491272,26.7092876434,53.6073646545,0.202584848739
1530,350.894378662,179.757751465,32.2896690369,62.786026001,6.84956163168
1530,375.961273193,183.754928589,18.7896003723,54.2662658691,2.4498257786
1530,13.4637727737,202.695663452,20.8082561493,46.6238365173,2.38072052598
1530,216.902099609,180.463272095,21.3842258453,53.5137481689,0.743071502075
1530,617.077636719,271.701934814,16.2518291473,44.6762084961,0.501090241596
1530,177.572952271,201.832641602,21.4226284027,40.0952072144,0.301414262503
1530,387.631591797,198.965881348,18.7294578552,46.9434928894,0.114746461622
1560,203.687576294,179.427932739,24.1220836639,56.0488929749,7.30368718505
1560,373.157104492,173.72277832,18.1306934357,56.1845054626,5.15114143491
1560,13.7228345871,195.450454712,23.4866428375,65.1057128906,3.05143464357
1560,411.006317139,180.964126587,25.5862674713,54.8965644836,2.44015939534
1560,480.522491455,202.271194458,23.661901474,48.2000274658,1.48580614477
1560,383.267944336,176.711227417,21.0659656525,56.9858894348,1.37245710939
1560,217.676010132,175.791992188,22.8898105621,52.7668914795,0.949699804187
1560,42.7069549561,198.442947388,19.9811077118,57.4805335999,0.648905942217
1560,337.810699463,387.889312744,23.765335083,61.1120147705,0.530393468216
1560,398.774993896,185.263015747,20.0280666351,48.8241577148,0.445292843506
1560,419.727508545,155.777267456,24.9849071503,62.9545021057,0.122255971655
1590,428.681518555,162.601867676,25.6971263885,74.0459518433,26.9030660391
1590,540.961975098,179.704483032,25.6622867584,62.0636863708,8.68015363812
1590,376.720428467,166.521347046,24.1896591187,59.7401733398,2.61721145362
1590,529.073913574,170.429641724,19.2476215363,47.1529884338,1.97239946574
1590,192.260009766,172.85005188,22.5915317535,60.6107788086,1.30915055051
1590,136.781417847,205.572143555,23.7145004272,38.3148155212,0.93580884859
1590,409.376861572,184.682922363,18.9335174561,47.6454582214,0.234640948474
1590,419.881225586,191.532180786,23.5673370361,49.9198646545,0.197655451484
1620,167.333572388,183.511245728,21.2867450714,43.1446800232,13.8087302446
1620,381.318939209,164.56048584,19.2434844971,61.1066551208,1.74882244319
1620,434.263183594,190.06072998,22.204750061,46.3294334412,0.4192431923
1620,525.073425293,70.8645095825,29.5471439362,80.752532959,0.321184797212
1620,211.382263184,166.66519165,20.3084983826,52.9964027405,0.308652943932
1620,190.340988159,169.88420105,20.4857196808,56.0784416199,0.169162347447
1650,613.010681152,172.169754028,20.5277233124,61.0444526672,19.0245911479
1650,88.5032577515,195.277175903,19.060798645,47.9673271179,2.14285049587
1650,65.933052063,207.421646118,26.9744815826,41.0762138367,1.70404929668
1650,478.724395752,182.189620972,21.0213718414,46.2424125671,1.50859458372
1650,36.9756813049,88.7481384277,26.7183246613,50.7525291443,1.44061893225
1650,366.283172607,156.367446899,21.942276001,60.0244789124,1.18421921507
1650,99.1088485718,188.678894043,19.2362804413,47.5345573425,0.918710790575
1650,385.550415039,153.469467163,20.9279747009,55.4298820496,0.65789129585
1650,466.618621826,175.049072266,20.6310520172,53.2188110352,0.271810847335
1650,244.055862427,157.663909912,18.9891853333,53.9524993896,0.178696832154
1680,13.4420461655,203.425170898,30.7479991913,46.2640838623,26.5512287617
1680,439.020233154,38.05884552,22.1173686981,51.6139183044,5.85182197392
1680,11.7367658615,71.9611663818,19.7304420471,43.0791740417,2.42823250592
1680,435.067901611,175.175964355,24.608587265,55.2308807373,1.20980720967
1680,243.908737183,153.632125854,24.2854290009,58.4148521423,1.19978506118
1680,44.0058135986,190.236679077,21.6591186523,47.6855888367,0.940636266023
1680,558.540344238,194.741516113,23.3306255341,53.1124992371,0.835153833032
1680,454.24710083,35.5794715881,18.7644710541,45.0230140686,0.296098808758
1680,578.430908203,124.425926208,19.5361499786,48.9555053711,0.183458032552
1680,450.611816406,188.118896484,17.9333267212,42.3953666687,0.0681207980961
1680,557.702697754,112.349998474,27.0470504761,83.5718612671,0.00413014531659
1710,610.072021484,187.512771606,17.2887992859,45.1986732483,1.50969708338
1710,402.78503418,165.090103149,20.9932765961,56.0940132141,1.20911607519
1710,442.268157959,178.733444214,19.1828670502,44.8643379211,0.472219195217
1710,448.713653564,19.5857791901,22.4074268341,56.3859863281,0.00175321274583
1710,464.216583252,26.4953994751,24.8547801971,52.4422340393,3.05439264991e-06
1740,515.033081055,181.301528931,24.2857513428,49.089138031,7.20319747925
1740,612.638793945,177.876541138,20.6799354553,62.1368293762,5.14077097178
1740,480.93637085,181.99395752,22.4810028076,46.6302947998,3.68112958968
1740,179.461547852,193.413955688,19.8212928772,41.7446022034,1.37368841097
1740,417.259277344,171.575973511,19.9342765808,50.747543335,0.688697583973
1740,406.109039307,151.347213745,23.1304187775,67.5143814087,0.21092297975
1740,588.190856934,178.76713562,25.3732452393,65.5181655884,0.117064523511
1740,218.968551636,162.299713135,21.0266857147,52.438457489,0.0216855842154
1770,585.156921387,191.214889526,19.5651454926,52.0135307312,48.7215548754
1770,615.280334473,207.760864258,18.4199810028,47.0447387695,11.3380789757
1770,558.798461914,159.248168945,22.1599655151,82.3966827393,10.2293774486
1770,188.888900757,178.082809448,19.5400714874,50.3965263367,4.75326552987
1770,442.283691406,178.210739136,19.9106464386,59.162563324,4.07111756504
1770,46.2758827209,201.915161133,16.4823513031,42.7311515808,1.96439418942
1770,433.693481445,155.011581421,19.7422714233,61.5830383301,1.04652727023
1770,399.486968994,187.720092773,23.2873287201,44.0108299255,0.962153822184
1770,150.398483276,197.114578247,22.8029556274,39.6761894226,0.922159478068
1770,539.216125488,178.638900757,24.6882400513,60.7859306335,0.746941566467
1770,515.511474609,177.593612671,19.5443992615,49.7975921631,0.271548191085
1770,450.891845703,196.963638306,20.0872631073,47.6463928223,0.242621451616
1770,231.766601562,145.346908569,22.0955982208,52.1295318604,0.199380004779
1770,89.7066040039,113.314277649,26.4323558807,56.5136680603,0.132744351868
1800,585.585632324,169.999389648,21.1326732635,53.9620399475,65.933817625
1800,611.604919434,165.452713013,20.8561820984,57.6033935547,25.330427289
1800,599.438842773,166.141983032,20.3588695526,51.8970489502,13.3611261845
1800,225.760910034,150.612075806,27.0755157471,72.834197998,5.17389923334
1800,119.99130249,182.070480347,24.9358158112,55.822353363,3.5745382309
1800,136.618209839,193.930221558,18.0088386536,43.2855491638,0.426094187424
1800,499.609283447,200.979232788,29.1934108734,64.8235092163,0.362576148473
1800,575.771362305,184.139328003,20.432226181,54.5312080383,0.249168090522
1800,419.539031982,148.466033936,19.9347381592,55.6969261169,0.019076569879
1830,185.987533569,146.46055603,20.1532707214,48.6304168701,3.79257015884
1830,70.634147644,190.547546387,19.8491764069,50.7748374939,1.07164885849
1830,431.783569336,175.176864624,19.7320976257,51.1737060547,0.780677329749
1830,461.187835693,182.777999878,22.9596118927,58.2306671143,0.483862822875
1830,226.071578979,141.160873413,21.3851165771,59.3886909485,0.355177512392
1830,143.111068726,172.961593628,27.0080242157,52.3043479919,0.147933803964
