30,614.891845703,161.748062134,19.2898006439,51.0185432434,7.01090469956
60,249.599868774,157.177627563,22.52709198,67.2225265503,5.8052547276
60,259.603912354,145.379989624,21.544752121,50.6891479492,0.918328389525
60,270.426605225,151.001449585,25.7168197632,50.6228675842,0.24702725932
90,67.9347229004,163.077255249,16.9192829132,53.5968742371,0.0505512405653
120,438.425537109,72.5230712891,81.1198654175,161.610168457,24.7182190418
120,456.291137695,148.525665283,35.3677749634,71.9135513306,2.76636797935
120,469.647949219,175.554733276,33.4482040405,69.0664749146,0.320032122545
120,440.677246094,132.55531311,31.8315029144,90.8044052124,0.0785029144026
150,21.2979183197,44.1123542786,111.148582458,277.032440186,75.3025114536
150,45.4117851257,195.544784546,44.2181282043,89.4528884888,4.36335876584
150,17.2821292877,243.592163086,22.3381595612,58.4433555603,2.37256288528
150,121.129272461,80.7927246094,33.6285095215,77.9322738647,0.835794396698
150,70.3963317871,146.536987305,32.9198188782,96.6996383667,0.476032728329
150,20.3247642517,183.751419067,33.4187545776,104.517555237,0.132743665017
180,283.556060791,152.44569397,25.5693893433,66.1463928223,11.0629849136
210,66.8523788452,207.91557312,26.9886341095,69.8541564941,4.13990989327
210,108.637153625,202.315719604,23.5461578369,65.9251785278,0.969438999891
210,511.080474854,160.984558105,20.9425640106,48.9543037415,0.875197164714
210,94.4688415527,209.447952271,22.6094150543,63.2421226501,0.426976801828
210,57.694568634,218.932266235,20.8456172943,56.3333015442,0.32391671557
210,123.468955994,184.881958008,28.148141861,76.9738845825,0.19498198526
240,9.90598011017,183.632675171,19.7800827026,51.5817718506,1.0900946334
240,100.951080322,71.0168762207,28.4645385742,81.5018234253,0.615819450468
270,94.0401535034,212.326049805,25.158821106,56.1497688293,1.42304878682
270,70.6486816406,221.023071289,21.403799057,57.2169342041,1.1310567148
270,84.2545166016,219.568359375,18.7429981232,53.2073783875,0.823928415775
270,82.1075286865,98.6262588501,19.9131603241,56.7909698486,0.0868322793394
300,614.606506348,210.657348633,18.8632583618,50.2064781189,4.24784123898
300,585.186096191,57.7524604797,29.515838623,73.9994354248,1.40048312023
300,20.0264949799,77.9680252075,31.1487903595,77.4507446289,1.37948496267
300,360.66116333,167.362930298,19.6608867645,53.0672607422,1.04642910883
300,310.408294678,201.087509155,24.1617889404,39.3382759094,0.465182447806
330,610.953613281,260.520202637,24.0572719574,75.2095870972,13.5480999947
360,273.5753479,177.661300659,20.6064395905,51.7793769836,0.293218530715
360,81.9021530151,203.469161987,21.3889408112,59.6420021057,0.165690947324
360,285.901885986,166.469558716,17.4064941406,47.8501434326,0.0045093936933
390,513.622131348,194.58972168,19.8663272858,44.5222206116,0.21351268515
420,549.237731934,205.26763916,22.3808116913,58.4434242249,54.0635108948
420,576.152893066,201.465164185,27.4899902344,55.047870636,14.3176928163
420,138.421768188,150.464309692,25.6733474731,55.8445777893,2.49571353197
420,111.430419922,172.583496094,23.8035449982,70.359413147,1.69883184135
420,88.2723312378,200.17414856,21.5359115601,52.1600494385,1.08360871673
420,131.506027222,178.028869629,18.9043903351,56.5797157288,0.159283005632
450,221.213088989,169.343093872,21.3185787201,52.4595222473,1.83435939252
450,49.7967071533,148.878097534,22.5944137573,63.7458152771,1.62699073553
450,398.50112915,191.019943237,22.0775146484,47.9536743164,0.209733122028
450,425.146759033,179.451477051,27.8174972534,77.3176803589,0.0146139689605
480,10.3033761978,171.29447937,17.1558799744,54.2494468689,2.41836551577
480,205.412246704,179.038162231,19.1761569977,48.7474517822,1.556013152
480,482.566192627,182.353347778,39.6587028503,93.266242981,0.27517308481
480,409.730194092,189.045974731,18.5894088745,48.4325408936,0.0541417161003
480,224.289169312,171.099472046,18.5580463409,45.1841545105,0.0471029779874
510,563.36505127,26.8836727142,28.3487091064,68.7974319458,1.95019561797
510,143.838638306,200.836730957,20.2224750519,40.8944778442,1.13132419065
510,580.932373047,195.237182617,20.4477386475,55.2125816345,0.681081460789
510,615.969970703,209.809890747,18.3793621063,54.7818946838,0.474943779409
510,459.524627686,183.75,31.5113201141,75.1539840698,0.283513520844
510,597.230773926,268.660552979,24.7308959961,79.3614120483,0.146274268627
540,602.685974121,255.612487793,27.2268390656,69.3445663452,6.05494268239
540,87.6162490845,198.903808594,26.7316799164,56.1226539612,5.83936497569
540,101.965232849,192.883178711,26.814458847,58.488155365,0.456541730091
570,9.67717266083,195.80645752,24.4942989349,70.6057891846,19.766677916
630,22.7590560913,175.295089722,29.1403503418,56.0289001465,2.31570191681
630,55.5876274109,177.586593628,19.6492214203,45.8845024109,0.373655208386
660,524.169250488,191.076400757,21.3000679016,53.700969696,0.603615073487
660,34.3512115479,174.05291748,19.9117717743,50.3156471252,0.112545944285
660,69.4261322021,174.995651245,18.4009628296,47.5852622986,0.072324759094
690,17.7235774994,171.68031311,23.0525836945,61.3303184509,0.176137057133
690,6.46019411087,79.060218811,16.8281230927,64.0039825439,0.0914824195206
690,485.389770508,135.438735962,28.6810455322,103.339385986,0.0306097965222
780,464.678710938,361.263092041,22.136095047,51.4379119873,5.04807122052
780,314.461975098,358.420379639,32.5353431702,64.7718276978,1.25276548788
780,331.277862549,383.140594482,24.8259792328,53.4460792542,0.0528421485797
840,394.14364624,172.67175293,20.8020572662,47.7791557312,3.82864996791
870,613.39654541,122.246208191,19.1748943329,60.0708618164,2.78335418552
900,11.4789848328,78.9314346313,20.8472423553,56.5271759033,1.0086867027
1020,244.151077271,116.218933105,39.9729423523,86.1215286255,1.69487502426
1020,320.542266846,173.284286499,35.6407852173,77.9575576782,0.380100845359
1020,593.48059082,150.840805054,20.1684932709,65.6786193848,0.148992345203
1050,140.034606934,132.09022522,29.2510929108,75.6883087158,33.3352476358
1050,83.6577072144,162.221420288,32.2315330505,78.4661560059,16.0872235894
1050,424.615936279,117.503234863,37.7699241638,81.0587387085,15.2716144919
1050,194.158340454,133.705123901,21.3316898346,52.595500946,1.63758937269
1050,157.387451172,138.593414307,19.7971897125,48.8683128357,0.621295161545
1050,166.566482544,129.34324646,21.580116272,49.1268043518,0.0418930430897
1080,142.527114868,178.408935547,19.811296463,55.2850837708,5.83506971598
1080,194.906539917,195.601928711,20.8456687927,49.9508056641,5.05348443985
1080,87.9649734497,188.372787476,21.2062740326,52.5940589905,4.36177738011
1080,209.77494812,197.119827271,22.5580310822,49.1124000549,4.10168766975
1080,148.204788208,189.231613159,29.1657733917,64.7046585083,2.7710346505
1080,183.98638916,181.071456909,21.3869533539,50.4288215637,2.67866402864
1080,99.1921005249,195.623535156,19.7739887238,49.3302154541,2.61347237974
1080,173.217346191,192.967086792,21.3785762787,51.1989936829,2.47021242976
1080,69.8904190063,189.560592651,26.1744556427,63.4057121277,1.99186634272
1080,110.222740173,194.559326172,18.8361759186,53.6782035828,1.97099540383
1080,200.242004395,167.408782959,20.7673988342,48.3471946716,1.26763377339
1080,128.965866089,197.624008179,27.5493469238,61.4583587646,1.22959725559
1080,163.113998413,182.103637695,21.2920017242,51.4768218994,1.17031801492
1080,80.6226272583,39.3670501709,21.0104465485,53.9084968567,0.904575828463
1080,219.398483276,165.736633301,31.5691547394,70.1299209595,0.879729446024
1080,258.884765625,181.210586548,20.5508327484,48.1936759949,0.813421607018
1080,93.8634872437,44.425983429,20.7860774994,49.0201911926,0.715302908793
1080,228.363418579,205.264572144,25.8343353271,55.0205421448,0.596366077662
1080,242.952575684,169.328018188,21.0890884399,50.7489433289,0.510399742052
1110,423.423431396,191.709960938,20.671163559,56.3038787842,20.0491532683
1110,574.520019531,202.328308105,19.3503665924,61.4783821106,3.46770174801
1110,536.456359863,172.233901978,21.0048103333,48.6475028992,2.69362851977
1110,479.390869141,184.330184937,29.9549732208,64.7286071777,1.77479460835
1110,526.883728027,184.181045532,19.324300766,56.6158599854,1.63544900715
1110,434.579498291,202.208602905,20.0031070709,51.1867828369,1.32260164246
1110,473.956176758,175.463394165,18.4439201355,54.1403961182,0.742035266012
1110,610.557067871,225.429641724,17.2194156647,49.7872886658,0.563393579796
1110,17.8778438568,192.839050293,25.2352390289,61.0182151794,0.0724358775187
1140,66.0045852661,198.232055664,20.0285358429,63.2380943298,1.2121560052
1140,590.104492188,195.091964722,25.1195373535,47.7380104065,1.16331847385
1140,9.06160831451,160.986251831,20.3003845215,69.3079452515,0.656255614012
1140,49.9842414856,212.425842285,26.5637741089,62.2839775085,0.243522459641
1170,124.001365662,164.692504883,22.8514118195,63.5902824402,1.36121641845
1170,617.014892578,198.739440918,16.4455718994,53.7027320862,0.677522504702
1170,156.750778198,191.687576294,17.6919078827,44.0373878479,0.618764525279
1170,144.344345093,184.105697632,22.3091182709,45.3004875183,0.0123848469229
1200,476.145355225,308.014282227,23.8843746185,50.3611717224,2.11282558739
1200,137.085708618,201.625,23.1621875763,50.2134666443,1.39776989818
1200,478.252655029,334.964569092,29.7944202423,63.5827522278,0.673403451219
1200,460.486053467,406.807098389,24.5610275269,60.4238853455,0.341173773631
1200,0.0,215.061752319,19.91497612,60.8694496155,0.0928113178816
1230,119.23651886,179.635421753,18.8706207275,45.8131065369,17.9460942745
1230,13.3185415268,147.329040527,35.3320541382,85.21484375,4.40424270928
1230,6.8069357872,149.371322632,19.5893325806,57.6697120667,1.50767238811
1230,578.31817627,385.315765381,22.7309417725,53.6947746277,0.77548911795
1230,190.470809937,180.593215942,20.3014183044,49.8693885803,0.141948543023
1230,480.738800049,69.3051376343,27.5315856934,69.1061782837,0.018020789139
1260,12.6510419846,170.03616333,23.8570919037,59.5806694031,7.15235024691
1260,593.372253418,219.198471069,18.2837696075,46.8440284729,2.00631320477
1260,170.840164185,167.491867065,24.3917236328,58.0166282654,1.87126901001
1260,38.9576454163,182.591384888,22.0938091278,49.2586479187,0.270824925974
1290,14.2716636658,81.0318603516,27.0103530884,70.6086578369,1.9109390676
1290,8.4081697464,174.842056274,19.531003952,53.2506828308,1.53020359576
1290,139.716171265,166.484512329,28.702041626,65.12474823,0.994045846164
1290,412.256103516,145.14994812,21.9976043701,67.0808639526,0.0987007864751
1320,440.010009766,125.782348633,21.7695598602,64.2658004761,2.66289692372
1320,97.7406005859,161.558670044,35.4543533325,77.0118255615,2.23904326558
1350,41.1508102417,190.223068237,26.2681827545,57.5099945068,13.1805807352
1350,21.0554733276,150.714736938,34.8121833801,105.081886292,12.599131465
1350,611.16986084,206.466171265,18.9555435181,45.9313545227,10.9983295202
1350,12.0047712326,195.912231445,17.5246486664,53.0207176208,2.74004694074
1350,467.78112793,98.3612289429,15.4738388062,69.1258468628,0.911195296794
1350,522.997009277,141.169998169,26.9057559967,59.6814537048,0.229121698067
1350,101.064842224,117.132507324,20.1460933685,60.440990448,0.0383727019653
1350,547.683349609,28.8258609772,36.0543632507,89.9542312622,0.00640071521048
1350,45.1958122253,140.853286743,21.4156017303,69.8911972046,0.00362449100066
1380,600.912963867,163.17956543,21.2524528503,54.2378044128,45.6898063421
1380,617.356750488,165.414886475,15.0093126297,51.9451751709,5.36536872387
1380,616.488098145,34.9623374939,16.1144618988,50.2899436951,1.09475171193
1380,505.151763916,52.6909980774,28.4021320343,83.7321395874,0.817237794399
1380,24.6287479401,82.4648132324,24.6929302216,62.8852806091,0.548668997362
1380,423.660003662,146.827026367,21.837846756,64.5931015015,0.0156673559104
1410,440.33996582,148.051773071,18.8673686981,59.9088478088,0.156122178305
1440,425.623809814,152.916259766,18.6796550751,59.1032218933,0.0293674587738
1470,100.289955139,103.185913086,29.2614269257,70.7380905151,0.148518977221
1470,438.792358398,146.097305298,21.7830257416,63.5574798584,0.0154802342877
1500,206.082336426,146.390930176,20.2499732971,58.1674804688,4.80993762612
1500,286.449432373,170.155029297,19.2911643982,41.1610603333,0.571821350604
1500,442.46975708,186.600204468,19.4988574982,47.1654968262,0.248340074904
1530,199.201599121,146.941894531,23.6773376465,60.5655555725,0.699425069615
1560,468.350006104,144.643310547,25.5562343597,63.8396911621,0.235948315822
1560,34.4800720215,34.9215278625,22.2108860016,55.3465232849,0.00244523525907
1590,582.547241211,28.6684341431,21.481048584,66.0986404419,0.240769865923
1590,563.58984375,32.2678337097,32.185092926,73.8514633179,0.126953155268
1620,3.10196304321,115.77696991,26.7196216583,76.2666015625,7.31108412147
1620,569.63067627,35.8943977356,29.3455352783,71.8227005005,3.11751421541
1620,195.707580566,145.065765381,24.0144729614,60.9012260437,1.3618292287
1620,497.14465332,164.596481323,25.9016494751,55.7294769287,0.659976247698
1620,475.289428711,137.522720337,26.289144516,71.4590377808,0.349228293635
1620,36.2742729187,34.8451690674,25.2784557343,62.2829284668,8.12823600427e-05
1650,194.321853638,144.971969604,23.3129673004,63.0233154297,35.926347971
1650,570.437072754,28.8401088715,34.6206169128,77.3763046265,0.507150404155
1650,498.596282959,157.26953125,23.888589859,63.550037384,0.102389568929
1680,580.231994629,43.2093467712,30.0459880829,77.2588272095,4.81180734932
1680,482.354766846,149.543228149,26.6609191895,79.304649353,2.20195762813
1680,472.618041992,344.250610352,20.3510990143,43.385219574,0.471824593842
1680,598.63293457,41.2001533508,27.2565059662,75.4284133911,0.142047938425
1680,501.608764648,178.51184082,27.1369609833,64.2525634766,0.0800814130343
1710,185.989379883,167.032592773,23.5948963165,64.5569763184,17.1067163348
1710,489.529174805,155.463699341,19.8829994202,67.253036499,0.833453889936
1710,18.9947509766,90.7594223022,27.1762142181,70.0150756836,0.381101574749
1710,519.414001465,393.634399414,22.029542923,45.7860679626,0.243684230372
1710,509.945404053,179.88444519,22.3762893677,62.0622253418,0.124749704264
1710,77.6914978027,153.844360352,19.3650932312,57.0702705383,0.0847020011861
1710,596.78515625,33.0890808105,33.5215759277,82.2614746094,0.0494336243719
1710,10.4923658371,36.975605011,20.1354465485,49.1850242615,0.0153571760166
1740,176.598388672,165.444320679,27.8196048737,63.2725219727,40.9646362066
1740,164.031387329,191.086990356,18.1225757599,50.6746711731,0.598991010338
1770,165.794296265,153.708435059,27.8970661163,69.1268768311,21.7987790704
1770,525.816650391,136.214324951,20.8841991425,53.8637886047,6.46805614233
1770,456.14755249,188.862930298,22.1020183563,58.459072113,0.106557586696
1800,608.309509277,61.6325569153,23.2943172455,70.8033828735,23.6370131373
1800,195.243347168,157.551055908,27.4859294891,63.7691040039,0.194989785086
1830,554.063720703,171.205825806,27.9015254974,78.1825256348,52.9481649399
1830,130.858139038,135.806106567,21.1017780304,79.7494812012,34.933796525
1830,492.744018555,181.445968628,23.4545211792,55.3178138733,2.95578222722
1830,104.746238708,124.652366638,31.9353713989,105.447906494,2.05298438668
1830,155.0078125,159.625839233,20.6352500916,56.5089836121,1.72379054129
1830,169.712051392,162.460830688,19.655632019,58.6393623352,1.17298187688
1830,182.895401001,154.036819458,24.9927749634,62.5739479065,0.478152604774
1830,542.930114746,170.346847534,20.7704677582,55.7942962646,0.461967801675
