30,531.821838379,177.899612427,20.1307659149,48.3016166687,0.339622329921
30,471.377227783,114.912452698,21.7473964691,54.9521903992,0.0917414377909
60,486.56137085,179.943649292,20.1848926544,53.4919013977,78.7210047245
60,577.151550293,57.9222412109,20.3676433563,63.7722969055,5.11225759983
60,567.164672852,175.760070801,27.6846542358,70.5714263916,1.57945640385
60,555.068115234,67.1506958008,19.5966472626,54.0156898499,0.915742665529
60,371.270477295,155.920379639,21.143529892,73.3114700317,0.614749547094
60,512.719787598,336.036651611,34.4270133972,59.4397888184,0.279832980596
60,588.491760254,52.308795929,20.1621074677,51.9786491394,0.211934768595
60,14.4674758911,30.8293380737,26.3792667389,58.2907562256,0.0934441457503
90,545.778381348,179.677246094,23.2151966095,63.903377533,89.6686553955
90,465.243560791,163.230789185,24.3906383514,45.7859916687,14.1154035926
90,447.415252686,143.121429443,19.7896938324,54.4810600281,1.61453876644
90,616.829711914,169.642654419,15.9656763077,48.6837806702,0.81559130922
120,480.324615479,144.264053345,25.8906230927,61.7104759216,22.0208287239
120,97.7556762695,183.62159729,20.203004837,42.7464027405,8.31084996462
120,153.359237671,31.6721935272,22.7583847046,55.1266822815,6.50926604867
120,411.839447021,119.021278381,23.8005771637,66.1594009399,0.491502555087
120,530.070373535,169.048828125,20.1952476501,45.9768180847,0.468561286107
120,596.004089355,78.876625061,20.1751022339,55.6685523987,0.0881464977283
150,102.161735535,162.889526367,18.565870285,60.909702301,2.48851254582
150,554.177246094,173.224533081,17.6893730164,48.33253479,2.08367854357
150,121.225196838,25.8247089386,19.9192008972,50.7293128967,0.0452588981716
180,467.421264648,154.805099487,19.3426685333,60.7789726257,50.8523762226
180,602.159851074,166.957931519,17.2480278015,52.4450721741,26.6685545444
180,615.333862305,172.434341431,16.7755908966,43.8442955017,19.9290916324
180,460.927703857,187.577194214,17.9410610199,45.112651825,3.82707081735
180,493.810089111,166.857635498,24.0506496429,65.8818130493,1.18277901784
180,478.181854248,172.747543335,18.923324585,51.5764732361,0.840184744447
180,616.397277832,46.7241706848,17.2522506714,47.8800697327,0.76566231437
180,96.5319824219,191.227310181,19.5926685333,43.0412559509,0.366417760961
180,86.4964523315,159.326644897,22.4086093903,70.0160369873,0.131748220883
210,10.1789522171,195.463668823,18.286447525,46.1953887939,24.8757109046
210,470.023925781,164.892166138,21.9547119141,57.5960731506,8.64729955792
210,553.51776123,206.639526367,20.0940971375,52.0993041992,3.71030792594
210,586.915161133,175.121658325,20.5997905731,53.719707489,2.53319442272
210,565.998046875,161.327713013,35.8213157654,97.6038208008,1.99169907719
240,23.9119358063,194.027099609,18.1876831055,42.8618774414,11.718159914
240,497.580596924,160.957748413,21.8519382477,65.0332717896,0.673095975071
240,216.340988159,174.866516113,20.764169693,50.4973449707,0.294547760859
240,525.026672363,183.260131836,20.0205535889,46.536365509,0.104974629357
270,24.7400074005,198.505142212,17.238193512,40.3890419006,10.7886463404
270,509.93862915,182.892379761,26.5024662018,51.6807289124,7.98526406288
270,166.295730591,176.140396118,23.0530929565,60.4954795837,6.61544278264
270,11.3955526352,189.482543945,17.23295784,46.6245079041,1.14034004509
270,496.316894531,163.630844116,19.4421157837,48.0909385681,0.278398836963
270,567.922790527,181.439651489,21.0129642487,52.4976615906,0.193096429575
300,476.964111328,160.335632324,24.7701816559,55.7627372742,0.514414720237
300,440.100189209,108.277931213,18.9490947723,54.0141105652,0.432358589023
300,5.74761199951,194.487915039,15.209277153,49.7258758545,0.155855936464
330,587.529663086,176.992294312,18.4968280792,49.4218902588,4.31979820132
330,19.1532421112,61.4290885925,21.1967754364,55.081325531,0.0662575592287
330,398.641571045,141.69317627,20.074546814,51.0312614441,0.0267523602815
360,132.816299438,177.50352478,22.6326274872,55.1164550781,10.0328482687
390,433.506958008,89.5498352051,24.8554229736,54.6870880127,52.7268826962
390,385.738677979,178.792831421,20.0060100555,57.3546562195,16.4513021708
390,255.290328979,132.656295776,24.1396121979,55.8189544678,2.34552193433
390,388.7762146,133.791320801,21.7224712372,63.7944221497,0.834035687149
390,75.7057418823,180.624145508,19.3263664246,48.0053672791,0.145861448254
390,15.4672546387,206.698745728,22.5705718994,53.8487548828,0.127532018814
390,130.30506897,151.427078247,20.3367176056,55.0422477722,0.047177929082
390,122.961250305,169.357009888,20.0432872772,53.4306907654,0.0401551718824
420,415.110870361,176.010070801,23.2772369385,79.9271774292,86.0469579697
420,600.449645996,198.904769897,27.1709842682,55.0042381287,19.0664738417
420,431.760375977,174.205490112,26.6794662476,75.783203125,7.43467584252
420,613.593566895,181.247421265,18.857925415,56.5899391174,3.27443964779
420,442.197021484,147.381576538,26.5455684662,65.176574707,2.55643464625
420,105.35018158,173.246200562,17.4404373169,51.5274085999,0.805843900889
420,192.085891724,122.447639465,20.4615077972,55.5248260498,0.461720861495
420,394.311035156,177.666824341,26.523317337,66.2712936401,0.302498438396
420,162.056289673,92.2049179077,28.8092498779,87.1697463989,0.0624072854407
450,470.594604492,157.710678101,44.421005249,139.732009888,98.4103798866
450,104.754722595,61.7566871643,18.5793151855,50.091583252,4.61152456701
450,143.277603149,62.677066803,22.7160720825,66.305267334,1.57270748168
450,149.41192627,82.3111801147,31.3517742157,85.6567687988,1.19589734823
450,564.438903809,51.7736320496,27.6405200958,66.4294052124,0.638634944335
480,124.076301575,72.2990188599,18.2711219788,49.2304649353,4.57855388522
480,139.166427612,74.3508071899,30.1662693024,93.3471679688,1.24932518229
480,157.174591064,186.005935669,20.5077171326,43.2953910828,0.533159868792
480,111.607826233,66.6462478638,17.9054431915,50.3024482727,0.10928157717
480,414.298950195,157.937255859,19.2988166809,49.9313163757,0.0910604256205
480,392.837310791,167.061752319,17.1440124512,46.1362266541,0.0497094064485
510,4.03370666504,184.699325562,13.4314222336,53.9463348389,1.89566705376
510,10.6748952866,191.645187378,16.2936954498,47.7270088196,0.37378326524
510,111.135520935,59.5540657043,20.8133926392,58.3524589539,0.160015141591
510,168.859909058,109.680763245,24.3524494171,64.7777175903,0.147484301124
540,582.861083984,173.926864624,44.4433937073,137.927200317,10.8370482922
540,519.622924805,170.737533569,17.1714000702,50.9796600342,5.12364655733
540,16.2867031097,185.399353027,20.289937973,54.0366172791,2.8287390247
540,593.461608887,226.337158203,22.6792984009,70.6965866089,2.22985427827
540,85.7871704102,56.9798545837,29.0909118652,69.893157959,2.14911140501
540,608.813049316,173.199691772,23.8224029541,79.6175384521,1.92912444472
540,552.28717041,164.289413452,17.9294261932,61.059173584,1.65750235319
540,154.459014893,110.910560608,25.6942119598,80.3849182129,0.928756501526
540,506.512084961,170.714126587,16.8881645203,47.4805259705,0.472397031263
540,566.791442871,214.262451172,27.5477771759,80.4989318848,0.275026145391
540,79.2263031006,35.2007789612,19.8358287811,61.4499816895,0.0441877258709
570,421.734710693,179.579971313,18.0620346069,45.3555488586,18.009762466
570,473.982696533,186.397583008,20.2912883759,43.7129936218,3.49459126592
570,547.507995605,169.526397705,18.2054481506,46.9542884827,2.51093357801
570,60.667552948,179.589401245,21.0366592407,50.8275871277,2.04028915614
570,525.06427002,167.248458862,17.8097782135,46.0465965271,1.52890123427
570,339.16986084,124.604026794,19.6321983337,66.4371109009,1.41972396523
570,392.895599365,171.178482056,18.4790382385,46.7786750793,0.584471644834
570,411.270385742,179.683425903,16.7244434357,39.878742218,0.347876455635
570,357.216308594,162.165725708,18.7695808411,55.4911766052,0.262409984134
570,52.1384925842,45.5777320862,18.8687477112,51.3941650391,0.154835532885
570,70.8731155396,168.474334717,21.571603775,54.8627662659,0.043205768452
570,63.6616249084,43.0121192932,26.7427768707,63.3441581726,0.0241450034082
570,155.985031128,104.127098083,20.6623477936,57.903553009,0.0206571421586
570,14.1144371033,33.7108001709,22.7747783661,59.1137886047,0.00152551738211
600,517.687316895,175.261962891,21.3217220306,61.4737586975,93.2422578335
600,529.268859863,167.4556427,22.3240432739,60.7677764893,10.3866294026
600,421.069366455,172.727539062,15.3409910202,48.0854682922,7.16118514538
600,484.53805542,169.212417603,17.2949466705,47.5588645935,0.904030911624
600,544.591674805,165.751403809,22.2305736542,53.8117637634,0.903308857232
600,429.650634766,170.131118774,19.6030483246,53.2700042725,0.588568858802
600,556.644775391,164.40171814,23.180229187,47.8289451599,0.502672512084
600,79.7195968628,71.5582809448,19.6153144836,62.7059898376,0.452156923711
600,501.77633667,171.00769043,17.8754405975,55.4379234314,0.290026539005
600,131.027877808,88.9144515991,23.1587314606,57.2017402649,0.0188156249351
630,16.6745281219,189.865432739,23.8693141937,45.6967887878,15.9903898835
630,578.549255371,179.436538696,16.5216655731,49.8768310547,1.82014275342
630,449.371307373,84.0322036743,23.2609329224,75.0710296631,1.11927101389
630,486.603607178,191.835144043,24.8950271606,47.9538459778,0.165197835304
630,413.817382812,178.018432617,17.9302864075,45.2812767029,0.0908389978576
660,500.916870117,183.862533569,19.1509189606,46.4224891663,90.138822794
660,438.867340088,176.895263672,17.5424003601,47.6790733337,29.4684529305
660,468.925872803,169.227920532,20.3510818481,58.2623405457,27.2571563721
660,615.59588623,171.615982056,15.770526886,53.531539917,20.0218364596
660,10.071937561,148.968826294,29.0222930908,83.5472335815,3.74835208058
660,584.058044434,160.414138794,21.4062404633,61.6115989685,3.32331880927
660,7.30426073074,40.6003684998,15.8317861557,57.2806358337,2.59449463338
660,513.29284668,181.15486145,17.7402973175,48.4937400818,2.03468650579
660,482.732269287,175.183776855,19.1458206177,53.3832435608,0.860516168177
660,460.944793701,164.759338379,15.9048652649,57.0159492493,0.740136764944
660,15.2252235413,43.5563850403,28.9931468964,68.4353561401,0.543185370043
660,435.211761475,109.34979248,18.3763771057,54.1836891174,0.411783019081
660,426.126342773,174.997741699,20.562084198,49.8929595947,0.265947449952
660,30.4862308502,189.710998535,17.9189224243,50.9449958801,0.161689543165
660,342.821746826,94.7929077148,35.523727417,92.1114425659,0.0254082493484
660,51.3266906738,138.139572144,20.4123401642,52.5957450867,0.00457864516648
660,499.048797607,25.0553588867,28.8421916962,82.5959472656,0.00222647759074
690,567.607910156,177.611404419,26.6188678741,65.1549530029,97.383928299
690,454.794921875,124.307884216,22.2515163422,83.2645492554,35.3516787291
690,537.700195312,183.964035034,19.3807563782,58.4617156982,11.0793784261
690,586.129211426,173.985107422,17.627664566,59.2456550598,6.6380739212
690,520.193847656,188.736938477,22.1114788055,53.4091339111,2.44469121099
690,18.4992980957,152.752975464,24.2920379639,61.6998291016,1.04867294431
690,551.470275879,173.336685181,19.3403644562,60.7459259033,0.784540828317
690,376.088043213,151.719284058,19.254076004,54.195224762,0.42405189015
690,460.042022705,106.959411621,19.113363266,51.6691131592,0.393275544047
690,600.770935059,206.278579712,20.0881595612,45.4872589111,0.356282293797
690,450.773925781,167.779251099,17.6579494476,45.2722473145,0.269655650482
690,467.050384521,150.839950562,26.2332897186,75.9973526001,0.215513701551
690,118.276794434,161.142410278,26.7655086517,64.8780670166,0.19900421612
690,447.439453125,106.523231506,21.3314685822,54.7257385254,0.180447648745
720,556.313781738,45.6442756653,22.1602859497,64.0107498169,9.09821242094
720,85.4610977173,182.116470337,19.1843795776,45.4891471863,8.48681107163
720,537.730407715,44.0727729797,23.8200511932,68.7948913574,1.70248616487
720,167.90296936,52.4491691589,31.884557724,74.8268280029,1.27779589966
720,439.105072021,101.361106873,21.7222213745,57.3947753906,0.189826078713
720,618.223693848,67.650970459,18.0570659637,50.8518638611,0.130829645786
750,501.341308594,174.879898071,20.0697364807,50.1355133057,5.10556474328
750,610.765625,62.5749816895,22.9576263428,75.5580673218,1.32079776376
750,36.9560241699,44.4880065918,18.6886615753,53.5219993591,0.117247982416
750,514.588195801,174.270797729,21.7735958099,50.0628051758,0.0354305026121
750,615.34552002,27.1757335663,20.5555362701,51.1694068909,0.000302930220641
780,0.0,160.467819214,24.3341617584,73.4230957031,41.8435156345
780,585.558959961,170.369934082,22.4192447662,48.0809211731,2.70288679749
780,392.694671631,134.977478027,27.0279254913,73.6173858643,1.30133535713
780,406.852325439,156.672164917,21.528093338,54.0689239502,0.10081185028
810,576.488586426,166.352798462,23.5948543549,58.4883995056,52.0927429199
810,550.292602539,171.947677612,17.6622200012,48.268535614,5.48841170967
810,536.979064941,166.551177979,19.834444046,48.8822288513,2.01901961118
810,398.707519531,120.768836975,28.2258968353,75.6711807251,1.13002015278
840,610.751464844,170.126937866,17.8574619293,48.4175453186,39.7331595421
840,17.3368682861,172.313293457,25.7140903473,50.1111602783,12.5856980681
840,595.530273438,166.073577881,22.539560318,52.3016090393,2.11612489074
840,413.748199463,161.976608276,18.5510635376,46.7514152527,1.06413150206
840,583.271728516,161.413482666,19.7471408844,54.1152534485,0.708362832665
840,388.372680664,150.523269653,17.7050819397,50.894443512,0.338504090905
840,376.699981689,153.132339478,16.7938499451,49.9051017761,0.129710405599
870,614.721252441,155.95954895,16.4085025787,58.2459602356,25.7771939039
870,395.748657227,145.323623657,18.8647022247,55.4644012451,1.65625456721
870,163.307266235,384.249267578,19.0823345184,48.1294746399,1.02095212787
870,23.4520969391,175.749771118,20.2760601044,48.2154808044,0.321496417746
870,36.0260276794,163.827896118,17.7711772919,52.0394477844,0.162652740255
870,56.0001182556,184.767883301,25.3180160522,42.9301338196,0.132468144875
870,382.988250732,371.265777588,29.5615062714,74.4623641968,0.119385577273
900,405.649383545,147.543899536,20.2931003571,52.1956977844,8.50087702274
900,436.47277832,160.773101807,18.5347747803,48.458190918,2.23821159452
900,43.1734924316,182.54725647,16.1866073608,39.5035896301,1.82261541486
900,32.1159515381,180.348739624,17.3349781036,42.4372177124,0.32555910293
900,419.467285156,154.66368103,19.4163913727,52.6875190735,0.308025209233
900,523.332275391,171.617492676,16.7000675201,55.0959739685,0.235288636759
930,134.755004883,170.68548584,25.2397670746,42.0547599792,75.9143590927
930,9.52229976654,182.096633911,15.0323019028,41.3302345276,8.09733569622
930,523.223632812,155.683242798,24.4008407593,58.0048484802,0.117966416292
930,537.884216309,173.810913086,17.9599742889,44.8848304749,0.0852578436024
960,506.816162109,150.955200195,20.4417552948,69.589515686,9.92409437895
960,524.151672363,156.123550415,23.1722583771,59.4715309143,0.595997273922
960,551.002624512,165.750732422,21.411781311,48.8786315918,0.447540776804
960,484.719818115,163.930648804,24.0143108368,51.9276885986,0.182060198858
990,43.4689292908,187.677841187,22.3515415192,38.5652961731,54.8845529556
990,471.032196045,159.89994812,20.8906116486,53.4447593689,54.2646229267
990,3.59272646904,182.444320679,13.1077165604,49.6924552917,7.82243683934
990,615.910766602,170.523498535,17.7748794556,43.3676719666,2.53240317106
990,452.332885742,162.600204468,16.5988368988,47.61926651,0.675518158823
1020,8.9976568222,193.993881226,17.5602970123,39.8650932312,30.4951936007
1020,535.413391113,266.461425781,28.1393432617,65.3130569458,5.94360940158
1020,477.12020874,132.260437012,26.2117900848,78.6791915894,4.5959148556
1020,450.191009521,136.553390503,20.2991046906,56.4544830322,0.53881900385
1020,257.959838867,391.962646484,21.9750499725,49.5066184998,0.3157121595
1020,465.466033936,150.20324707,21.4080505371,52.7700195312,0.105467811227
1020,540.824645996,63.1225318909,31.118768692,94.6053161621,0.0273537880275
1050,549.580200195,280.6378479,24.0022029877,63.0404510498,0.248732650653
1050,455.547698975,144.42225647,18.5459938049,55.9556694031,0.180274364538
1050,55.2879524231,321.987030029,21.7652282715,48.7756385803,0.151198601816
1050,200.912094116,170.584915161,17.570350647,51.3728599548,0.10819172021
1080,35.1427497864,185.152282715,18.4657974243,41.4752044678,0.863576028496
1110,612.037841797,153.833694458,16.0622730255,44.7070121765,0.972262304276
1110,460.802093506,170.349472046,27.8261489868,81.1074371338,0.270105875097
1110,513.33013916,45.0165519714,30.8827800751,94.8145980835,0.00203933159355
1140,12.8776512146,184.241821289,22.7551193237,46.267288208,6.70460388064
1140,134.311309814,179.245620728,18.5403156281,57.2890625,0.00459722214146
1170,553.251708984,187.784545898,19.2564067841,48.0284233093,0.940241105855
1200,51.2083892822,191.597610474,19.0719280243,44.7489585876,63.006478548
1200,12.1896057129,209.197280884,38.728717804,81.7513122559,4.46866862476
1200,206.325195312,312.67288208,21.3825511932,54.0962181091,0.500491634011
1230,207.517944336,317.85144043,20.4655685425,55.2956542969,1.94551758468
1260,505.613037109,171.981033325,19.4306316376,48.9995269775,50.2647340298
1260,7.855946064,202.832015991,18.9540424347,42.2495422363,35.1101130247
1260,211.089553833,317.293060303,22.3590908051,54.0593719482,1.62018146366
1260,493.502288818,165.139373779,21.5050525665,58.4543190002,0.577402627096
1290,511.701416016,168.378128052,19.3169593811,53.3116188049,80.6984603405
1290,578.742248535,85.4205703735,21.453332901,52.0957946777,15.8103629947
1290,215.282150269,314.682647705,21.8923053741,49.6632347107,3.01755256951
1290,188.195907593,313.478302002,37.8609619141,70.2984085083,1.5776110813
1290,616.926208496,156.895248413,18.6135082245,49.0570487976,0.276450719684
1290,587.826782227,182.188980103,25.2407093048,69.2389068604,0.0441562297055
1320,612.190612793,290.747589111,20.576587677,54.9739265442,59.6124768257
1320,503.711456299,156.144088745,39.5936889648,80.4471740723,11.3612025976
1320,567.362609863,253.218139648,23.7740421295,67.0281906128,2.73658037186
1320,513.53314209,133.057510376,21.9976596832,62.7502326965,2.15366836637
1320,547.937805176,229.598312378,30.5994167328,82.9397506714,1.10413767397
1320,593.630554199,269.67578125,22.9214954376,64.4307937622,0.298936688341
1320,486.394317627,167.337295532,27.9892425537,81.0928878784,0.292117823847
1320,507.852020264,244.060134888,26.2335720062,67.7736587524,0.0939659017604
1350,598.010925293,309.391174316,25.6574039459,74.3260574341,0.457852659747
1380,578.942382812,271.733734131,24.6514225006,60.1037025452,7.39272087812
1380,196.573196411,315.693939209,42.36510849,72.8802261353,1.85304339975
1380,584.060974121,255.56829834,42.6615180969,96.9733047485,1.55837507918
1380,490.29598999,198.629898071,24.380197525,62.0979499817,1.38683030382
1410,400.352020264,112.642539978,20.5332069397,50.9016418457,4.52361553907
1410,514.16784668,247.058944702,20.8313121796,51.282749176,0.799919012934
1440,191.93296814,309.523681641,53.0933990479,88.3031311035,4.56093661487
1440,212.833908081,314.184295654,21.0634002686,58.5715637207,2.28272266686
1440,455.701019287,105.324317932,17.9761676788,52.8157196045,0.389569741674
1440,484.481536865,145.148803711,15.9452505112,49.942401886,0.164251076058
1440,61.8869667053,200.010971069,20.6065883636,57.7297515869,0.154020474292
1440,73.5761032104,196.996902466,19.3603057861,56.9943122864,0.0743369979318
1470,185.149734497,317.359436035,44.1906394958,83.1808700562,8.20725932717
1470,445.020751953,106.403312683,19.0460853577,48.6776313782,2.30381935835
1500,196.126281738,316.663391113,43.6371498108,85.5220947266,4.95659485459
1500,444.717529297,108.796379089,18.7421245575,47.8129310608,1.44143365324
1500,93.9257125854,182.43611145,20.0435695648,54.9891014099,0.576885929331
1530,211.192367554,316.792205811,37.1964530945,70.1450042725,4.66314814985
1530,448.909790039,108.476226807,17.5538921356,46.4314422607,1.73209048808
1560,210.526077271,318.11416626,37.6691703796,72.2378616333,6.93550407887
1560,445.579437256,109.04410553,18.1808872223,47.0257377625,1.12575013191
1560,20.0623035431,186.331192017,21.9573669434,47.5169792175,0.684576528147
1590,126.026100159,194.219070435,18.9642086029,47.373260498,5.32703511417
1590,194.603744507,316.384490967,45.7940177917,78.8007278442,2.75840293616
1590,445.4112854,108.407714844,18.0092792511,48.5378570557,1.81562379003
1620,52.235332489,199.221969604,32.9516334534,97.0063247681,5.6604385376
1620,216.367233276,314.021240234,24.0080547333,61.7911109924,2.09294147789
1620,128.146530151,194.18977356,16.431810379,38.4825210571,1.14052267745
1620,445.569244385,109.34992218,18.5439472198,48.6871795654,0.963476952165
1650,17.0132198334,196.844589233,17.5414829254,40.7416305542,3.13793420792
1650,222.867492676,306.40512085,22.7564239502,59.1858711243,0.878866016865
1650,446.491333008,112.108581543,17.0859870911,57.3625679016,0.400047004223
1710,13.7494935989,193.127807617,21.5809879303,42.4836997986,1.25599047169
1710,95.4079360962,194.135696411,18.8673171997,41.7766838074,0.550194457173
1740,18.7476024628,199.130996704,20.728471756,40.4890098572,6.70545697212
1770,11.7681083679,197.656051636,18.7400817871,40.8804740906,3.55310030282
1800,9.99399662018,198.317489624,23.5269489288,40.5317878723,12.80952245
1800,440.638183594,175.169326782,19.1461238861,59.4375152588,0.263851135969
1830,6.42796182632,197.366516113,21.5176944733,40.6862678528,1.75853129476
1830,169.714279175,193.368530273,20.3656749725,53.1391181946,0.599362375215
