30,37.3198471069,186.264343262,20.1003170013,49.7896080017,90.4932260513
30,470.330841064,157.609176636,51.7439079285,97.0173416138,36.7199957371
30,21.8882770538,183.613815308,16.0853633881,49.6954154968,2.95329708606
30,412.694244385,153.258499146,31.4636898041,75.0915374756,2.50317938626
30,564.580505371,163.451431274,19.0427303314,57.7035064697,1.4136695303
30,55.9705047607,175.785049438,19.7692775726,49.7687492371,1.29146967083
30,386.955535889,155.914260864,24.4644794464,64.2956848145,0.223832321353
60,468.999755859,146.693359375,38.396938324,97.6833877563,45.1094597578
60,9.74500656128,117.62411499,22.4389820099,62.3011627197,2.16925144196
60,396.895019531,143.955917358,21.0058193207,65.0136413574,0.275136018172
60,411.031646729,145.045181274,26.6172943115,71.6937484741,0.141587271355
60,174.516174316,137.813766479,24.3970890045,63.0616493225,0.129269738682
60,124.369995117,157.561569214,19.9610958099,53.1355781555,0.016533480084
90,463.967315674,147.646713257,43.9107322693,92.0810317993,75.2538025379
90,47.1809501648,173.151687622,24.1006031036,57.22108078,3.54295708239
90,165.720169067,160.258590698,18.6316242218,49.1666412354,1.60845872015
90,394.130157471,161.36555481,19.7078876495,52.9263153076,1.39023298398
90,153.359268188,130.513931274,22.101228714,63.7920417786,0.330546777695
90,170.693740845,127.420783997,26.4757995605,76.2775192261,0.16343385214
90,400.619171143,135.139266968,25.7250747681,74.3944778442,0.13463239884
90,119.874755859,129.485977173,29.3342342377,72.7894210815,0.102923612576
120,35.1547737122,120.295219421,37.5142402649,107.580627441,81.1858177185
120,609.980102539,171.339828491,16.6822605133,48.7548408508,4.25147637725
120,537.244934082,34.7525024414,21.5810413361,56.5558776855,2.61403657496
120,455.323516846,125.436103821,30.3451137543,100.428977966,2.17485800385
120,389.052734375,136.281784058,24.9293060303,68.6278457642,2.15550754219
120,127.753608704,128.885604858,25.7737789154,77.6454696655,1.67088471353
120,429.823638916,175.104919434,18.1999912262,50.1465110779,1.39412656426
120,36.4321746826,87.8653640747,20.8251438141,55.4937744141,0.829404499382
120,152.667739868,123.246864319,29.1482391357,75.8792114258,0.759636284783
120,409.888702393,133.587783813,26.2506580353,77.8840332031,0.696189841256
120,43.0432128906,106.1145401,21.7202396393,70.7928771973,0.663569290191
120,592.962280273,149.879486084,25.9522724152,73.0466537476,0.545119121671
120,116.268943787,131.595046997,17.5517902374,54.1616363525,0.2844436327
120,51.0679130554,82.5250320435,20.0993671417,51.9582557678,0.0666036095936
120,139.036819458,114.288627625,25.4097576141,69.527305603,0.0473968160804
120,469.131072998,94.5063476562,31.9194717407,110.41783905,0.0159620103659
150,577.487854004,104.019920349,57.4501075745,187.641403198,86.0291600227
150,439.254058838,133.09513855,32.6900596619,89.7530593872,27.8612822294
150,600.69317627,201.537368774,30.4116973877,85.7969894409,16.3716867566
150,120.76247406,110.703155518,20.51836586,58.7696380615,6.28926903009
150,576.170532227,230.807022095,24.8329925537,64.029296875,6.03050515056
150,615.467468262,240.916549683,18.236831665,53.2736930847,1.47091997787
150,52.4472465515,136.578155518,29.1142864227,79.5134048462,1.46433645859
150,418.000518799,115.062042236,27.9312458038,86.923034668,1.14048216492
150,399.285369873,159.216384888,24.5954303741,55.4194526672,0.625733705238
150,38.7631988525,76.5990753174,24.1310405731,79.6350021362,0.359339313582
150,582.537841797,24.5780944824,49.5603637695,149.908370972,0.0928775465582
150,136.488845825,108.463569641,21.6530380249,55.263507843,0.0302393804304
150,104.230705261,117.500419617,20.5292015076,55.9948768616,0.0214289160795
150,602.392150879,33.5047111511,26.9668273926,59.4314308167,0.00140058828038
180,528.173522949,71.3216018677,64.9315185547,212.164123535,84.5230638981
180,547.880615234,186.632369995,34.5913162231,82.3042755127,7.87131935358
180,381.653808594,121.908081055,29.5310459137,74.897567749,7.7730178833
180,92.3091049194,68.3853683472,29.3382263184,75.1412811279,1.75280682743
180,346.225097656,123.84677887,25.3695774078,70.4171829224,0.862815789878
180,413.078857422,121.861946106,25.2205963135,77.0225753784,0.744758639485
180,37.1945648193,69.8639526367,22.3085041046,70.7131271362,0.609133532271
180,54.4640083313,75.1666030884,28.3431243896,78.5890731812,0.424409424886
180,565.992919922,84.347618103,33.1836738586,91.6940917969,0.201409100555
180,542.059570312,64.6025619507,31.7401371002,104.177856445,0.0797553919256
180,18.1314716339,64.0854415894,28.4072799683,76.9347000122,0.0690701359417
180,516.573791504,77.9792098999,26.5773944855,100.695350647,0.0238170498051
180,527.004333496,93.1906661987,34.8612136841,117.376914978,0.00883431785041
210,489.212615967,143.993484497,55.6971702576,116.999534607,70.8699703217
210,381.419769287,147.192398071,20.8506793976,57.1065940857,14.6902620792
210,412.009613037,143.411987305,28.758234024,72.7857284546,11.0996097326
210,354.469970703,142.050323486,22.2031173706,59.9591636658,4.75232675672
210,19.8896274567,93.2845687866,24.1979980469,62.7285881042,4.14327792823
210,486.833496094,141.458511353,26.845413208,80.9162979126,0.271316757426
210,600.787414551,258.319580078,22.6845531464,61.604183197,0.201187911443
240,409.365142822,120.162147522,38.0237846375,97.308807373,41.277807951
240,487.863739014,142.586227417,42.5623550415,104.310241699,20.6778809428
240,600.713928223,91.5191268921,29.0125427246,79.810874939,18.3691486716
240,146.348419189,144.976516724,17.3971996307,55.4077339172,3.90436761081
240,547.110961914,260.836395264,26.9177570343,49.5037956238,1.81461218745
240,382.24911499,121.847236633,27.6809387207,82.354637146,0.329946284182
270,369.565032959,136.749801636,31.4086456299,67.8955688477,72.3909914494
270,459.847167969,93.5916061401,58.3235015869,155.664413452,72.3004162312
270,400.85244751,152.457397461,20.123052597,56.9710655212,20.3442454338
270,101.681510925,150.059356689,19.546579361,51.0899505615,2.03098133206
270,408.469604492,142.131912231,34.886592865,73.2134017944,1.26702133566
270,485.854614258,171.607498169,36.8447532654,78.2505111694,0.928012281656
270,464.053436279,184.786331177,23.0256938934,59.0640068054,0.530615169555
270,68.0404891968,121.102973938,22.2173175812,63.6961212158,0.450091762468
270,476.649536133,186.387268066,22.8243789673,65.907875061,0.417691702023
300,447.022338867,136.13104248,53.4191932678,95.9327316284,63.0891442299
300,615.364440918,154.516677856,17.6096591949,45.4710731506,4.19976338744
300,381.3777771,132.072189331,27.3073635101,58.022403717,2.37256139517
300,13.1852493286,111.250083923,22.0618534088,72.459564209,0.32120293472
330,557.229919434,89.9137954712,69.5493087769,211.716964722,81.9773733616
330,429.834686279,112.439369202,32.5945854187,113.306495667,42.6781058311
330,594.842895508,202.855529785,33.0580062866,83.5343704224,14.2775088549
330,389.804840088,124.194129944,27.137014389,76.405921936,2.04444751143
330,606.460998535,114.998931885,24.3406505585,69.8223724365,2.04054247588
330,583.023803711,98.8049087524,37.3726997375,113.018547058,1.21629899368
330,559.501403809,120.846214294,37.5937843323,109.265632629,0.657949317247
330,561.897644043,210.159347534,37.964214325,92.4037475586,0.14276393922
330,616.218078613,179.506103516,16.7035598755,58.290813446,0.113618478645
330,567.405456543,48.073348999,43.7992248535,101.766227722,0.0884704175405
330,449.859375,170.826950073,20.0983734131,56.2658653259,0.0437652430264
360,481.283172607,90.7125244141,64.8727264404,173.406005859,34.1909319162
360,583.513793945,123.635353088,20.1194934845,58.5253181458,2.70898006856
360,603.10736084,304.491424561,23.0133152008,59.1942596436,0.951205100864
360,492.214263916,164.632705688,32.2653236389,99.9702529907,0.76732239686
360,481.617340088,117.918785095,29.1455459595,87.4305801392,0.260148290545
360,510.608978271,182.893203735,23.3369083405,75.6128387451,0.203585717827
390,26.4132328033,149.550918579,15.8864870071,54.9167747498,2.3816216737
390,9.05397510529,69.881980896,22.7166156769,64.79737854,1.41392471269
390,7.9416642189,142.445251465,20.9966049194,58.1393547058,1.251231879
390,146.046340942,109.674827576,21.880897522,53.281539917,0.832020305097
390,527.468078613,288.244110107,34.1458129883,57.3916015625,0.578374229372
390,509.187042236,139.952880859,23.759979248,66.7636795044,0.502093601972
390,390.684844971,128.254806519,23.4042758942,67.4665298462,0.275601167232
390,371.823455811,140.646682739,18.4685840607,51.6953582764,0.0530768302269
390,161.801223755,108.043083191,20.0105438232,51.2474937439,0.0346803601133
420,540.756164551,121.442199707,27.2328891754,84.6717376709,2.65492834151
420,408.819702148,116.378387451,28.4247817993,75.0514373779,2.22407691181
450,421.034637451,133.796630859,28.5066146851,67.0316696167,2.14741770178
450,565.551330566,117.343864441,28.7057514191,78.1147460938,0.816190987825
480,414.645477295,130.555603027,36.4700317383,94.7628250122,6.91771730781
480,570.131591797,132.258010864,30.1222915649,99.0824279785,0.204163556919
510,317.421539307,31.9513168335,23.3055782318,55.58020401,5.4951749742
510,425.1171875,148.392807007,31.162935257,72.0485153198,1.74164902419
510,9.82233428955,129.570007324,19.6869945526,60.1281738281,0.338795850985
540,220.974441528,160.619400024,25.5950069427,67.6688766479,17.8692594171
540,443.6065979,167.075180054,28.9889907837,86.6334915161,11.0000424087
540,235.974380493,169.896484375,21.8776340485,60.2746543884,1.42599185929
540,7.81268835068,190.347717285,24.1537399292,65.1624603271,0.0285503396299
570,354.334320068,83.0862426758,31.7138519287,82.4280929565,0.509537197649
570,418.996002197,66.5259017944,27.6121883392,63.9911766052,0.406168447807
570,429.759918213,102.519050598,19.2831478119,52.0615501404,0.129076931626
600,333.566375732,115.388328552,69.5552215576,147.740036011,63.316488266
600,340.374176025,162.370178223,35.5785942078,82.5720596313,25.5338937044
600,444.730987549,120.04309845,27.1963500977,65.3307723999,13.4173884988
600,537.204711914,47.8458251953,31.4394989014,101.809898376,6.98250159621
600,371.08505249,166.419296265,29.9621067047,74.5765686035,5.93730211258
600,429.924407959,117.697570801,24.7442474365,65.0224151611,5.29710352421
600,554.52947998,85.4742660522,24.8149852753,72.4114303589,5.0944391638
600,357.409088135,195.791030884,21.4220905304,59.9452323914,4.11869511008
600,349.087127686,46.6826019287,40.2529067993,130.643051147,3.82426790893
600,495.009765625,131.960739136,19.7057361603,56.7949409485,3.17599251866
600,386.085662842,135.556030273,21.8823318481,58.6825675964,2.57089864463
600,440.721160889,156.105484009,20.4084529877,49.264591217,2.32544410974
600,545.28704834,58.2629890442,64.8890991211,168.264770508,1.45618543029
600,307.630889893,104.282737732,19.8721141815,50.1275444031,1.34861348197
600,582.159973145,180.200012207,19.0785579681,44.6300964355,1.34555194527
600,396.625244141,99.1761169434,20.2864360809,55.4079551697,1.19744865224
600,402.613983154,142.553146362,20.0717067719,51.1737213135,1.15447500721
600,455.668487549,153.239883423,20.169927597,49.084728241,1.14635061473
600,137.272323608,144.524887085,18.6995735168,44.3178901672,1.09750116244
600,264.0965271,92.4316101074,19.4937877655,53.0953559875,1.03506185114
600,483.732788086,126.206085205,18.8748493195,55.1235351562,1.00176408887
600,506.021942139,120.729728699,23.7109527588,72.8569717407,0.901119410992
600,125.997520447,155.885009766,19.6371212006,43.312374115,0.881306175143
600,189.795608521,159.496704102,19.7375278473,43.5829277039,0.873857457191
600,313.416168213,159.149963379,19.4216556549,46.2667350769,0.860546343029
600,189.210922241,99.6675491333,20.7682037354,51.6436805725,0.830415450037
600,174.183731079,149.947433472,19.7646083832,45.956653595,0.745147885755
600,195.283203125,77.0165939331,19.1062679291,52.254940033,0.509522063658
600,552.508850098,178.651931763,21.0847034454,54.4268035889,0.505712814629
600,173.836624146,76.3015823364,19.6649646759,55.7329559326,0.376266008243
600,410.369903564,155.81237793,25.7688579559,46.4128417969,0.374319893308
600,328.439361572,160.176528931,19.149055481,48.670879364,0.305745424703
600,398.803741455,166.817382812,26.9455394745,55.7146911621,0.275665894151
600,563.170471191,69.0006713867,33.0675888062,72.1935424805,0.257266312838
600,30.4899959564,85.0204467773,18.8103237152,53.9518852234,0.221549463458
600,24.8155612946,61.7349052429,19.5016918182,51.9615135193,0.167566689197
600,333.755615234,184.354690552,22.4816761017,60.6459465027,0.159251887817
600,427.535644531,164.014648438,25.5666866302,57.5158653259,0.152102462016
600,493.322052002,35.0497283936,33.7381019592,69.4920578003,0.00334472788381
630,327.549835205,193.060043335,26.7409210205,72.3417892456,90.8740341663
630,134.275146484,188.42124939,23.7218780518,60.5808410645,59.3828558922
630,161.842498779,191.781295776,19.9668922424,45.6485328674,25.2723962069
630,106.616981506,150.593536377,28.2372436523,85.9861831665,6.59665390849
630,120.198478699,185.012084961,19.8805904388,61.4120368958,1.17151681334
630,68.6651611328,119.169647217,18.2681865692,58.6922264099,0.772126251832
630,343.770172119,188.293807983,25.8258571625,61.6734657288,0.664163613692
630,54.4670829773,116.53427887,24.4675655365,70.6658248901,0.270076398738
630,75.6318054199,184.236022949,25.8698883057,57.5087585449,0.197241664864
630,113.519866943,30.2120819092,37.1528587341,124.149604797,0.178194406908
660,53.2581977844,187.768722534,35.5079269409,94.4031143188,72.5498080254
660,601.612609863,71.3886871338,18.3069400787,50.0489196777,0.278816232458
660,77.8854675293,189.88230896,27.408613205,65.9794006348,0.183975521941
660,541.845947266,177.136550903,18.7542877197,51.6358680725,0.126019737218
660,221.781311035,175.341751099,17.0260410309,55.6626472473,0.107538269367
690,14.750125885,155.814331055,24.7403736115,82.1389541626,21.7359676957
690,178.214492798,175.971969604,20.8965263367,57.4693336487,2.03426145017
690,411.829864502,149.92628479,23.418762207,67.8248443604,1.44342863932
690,517.320922852,43.2248802185,37.8179740906,113.240814209,0.164396071341
690,32.2217521667,151.121429443,25.472984314,70.4778900146,0.0408831372624
720,6.28251838684,219.059692383,13.0100440979,61.3123664856,67.7157759666
720,187.59552002,164.127380371,24.4931316376,70.5712203979,0.484202383086
720,604.489074707,27.6326313019,25.0093822479,64.4347991943,0.00526560361322
720,590.109558105,31.0316295624,22.1105060577,44.3373146057,2.83126466716e-08
750,98.1309432983,185.338363647,23.3867664337,42.5211296082,4.27539311349
750,135.192642212,158.635726929,18.2404251099,60.0719146729,1.22172608972
750,7.21868133545,157.147079468,19.1051959991,56.3861694336,0.273731490597
780,125.370910645,152.477218628,20.0662174225,58.4431190491,12.6001834869
780,146.893478394,174.078933716,25.4631175995,55.522403717,5.04290238023
780,134.507919312,156.427871704,23.6985874176,65.6487960815,2.20164619386
810,96.8195266724,154.279037476,24.3547363281,73.5080413818,66.1837279797
810,12.2261390686,115.314605713,21.7671279907,61.663898468,0.862140860409
810,175.767654419,155.614425659,17.5663547516,56.6575622559,0.416405592114
810,191.526443481,151.392211914,19.7844142914,61.2366600037,0.0225324358325
840,30.9962310791,157.554870605,25.3249588013,62.5021972656,98.4971940517
840,97.838218689,152.194869995,19.2245597839,57.2485809326,5.83035908639
840,6.78894233704,180.098083496,15.5853385925,46.8128166199,1.38221057132
840,117.870849609,108.382835388,34.7770805359,100.704986572,1.31797371432
840,48.3418998718,140.742843628,28.054063797,77.2241134644,1.09828915447
840,12.8615617752,160.950180054,25.2411346436,60.6823272705,0.728518515825
840,89.0400390625,105.427124023,27.7711963654,79.6065597534,0.637346319854
840,111.996887207,155.455871582,26.4659023285,60.7139472961,0.272844848223
840,218.937026978,144.80305481,33.6915092468,65.1568069458,0.139162898995
870,58.5208129883,151.748779297,25.8824367523,59.0790977478,5.11185750365
870,218.665847778,157.706222534,21.3713703156,54.7527122498,0.29407965485
870,44.4195747375,81.5628738403,31.4883575439,86.2874450684,0.0570243806578
900,147.336914062,146.279373169,24.4923610687,68.7004623413,8.31689462066
900,138.102615356,175.318359375,19.0041599274,51.9022979736,0.111761759035
900,207.577331543,167.791259766,22.3894367218,52.4824180603,0.0830762670375
930,140.171112061,156.6537323,25.7427444458,64.2732849121,58.1932067871
930,127.940681458,165.236679077,17.8256511688,52.8537139893,0.365789979696
930,195.860549927,163.667739868,27.1428890228,64.5685424805,0.362891075201
930,159.574661255,138.771728516,27.5173950195,81.8114395142,0.0678620592225
960,182.173828125,176.383499146,22.289352417,57.6489295959,4.61653806269
960,127.690498352,170.337966919,22.0674648285,66.9634857178,1.72371473163
960,225.656936646,173.416259766,20.4872627258,49.4998474121,0.528447516263
960,9.24845027924,213.53112793,19.0779933929,46.716796875,0.28378572315
960,113.687385559,173.545669556,21.9642963409,56.4458885193,0.228397874162
960,23.1566772461,141.924362183,24.8085403442,75.4279251099,0.0511287129484
960,203.081604004,176.88444519,24.1897907257,55.6683654785,0.0159495742992
990,113.446464539,169.450241089,23.9163818359,74.1314544678,22.3059788346
990,124.825721741,159.153762817,20.1270980835,64.7101898193,0.0538761843927
1020,189.513046265,170.608016968,26.8011417389,68.4806289673,10.9566360712
1020,86.7440795898,149.724243164,21.5143108368,65.1535644531,0.484218122438
1050,606.092346191,131.106155396,28.8546543121,72.0474395752,3.48789133132
1050,55.6638641357,131.49156189,76.4286422729,115.740119934,1.67150069028
1050,159.7162323,170.826721191,28.373342514,70.8375320435,1.24097699299
1050,7.14034700394,112.533836365,16.0818653107,55.72889328,0.674487417564
1050,13.4601869583,120.14188385,22.154302597,58.1679954529,0.262413173914
1050,119.528991699,156.765548706,22.3704395294,54.7874145508,0.194432190619
1050,180.191207886,175.671142578,21.3213939667,56.1521110535,0.156488257926
1050,31.8072872162,140.601394653,30.8150348663,90.1181564331,0.0913591415156
1080,15.134803772,94.8215332031,45.2588157654,126.98273468,7.78995230794
1080,23.5561656952,80.7205734253,28.2208309174,77.8197555542,1.0384275578
1080,8.03147220612,82.4946594238,24.2985610962,65.0216598511,0.407764827833
1080,458.052581787,176.003372192,23.1480026245,50.434009552,0.135072658304
1080,189.600891113,176.11857605,17.5222072601,51.5802268982,0.00395720635424
1110,503.939453125,157.956222534,18.280418396,72.4585342407,37.2125476599
1110,439.509002686,162.75579834,20.3613891602,60.8057556152,0.779908709228
1110,179.43119812,174.514526367,19.9756908417,51.9502563477,0.526225240901
1110,128.427078247,176.657089233,21.3911685944,53.6807289124,0.276352954097
1110,8.84135723114,137.78465271,19.3503456116,48.2776832581,0.230594421737
1110,161.012466431,167.674728394,18.0019378662,56.3248596191,0.123800896108
1110,28.6319351196,58.6279907227,22.4643611908,54.3992576599,0.100560218561
1140,609.270812988,182.751022339,18.9226150513,56.6346473694,5.61344251037
1140,415.699127197,173.079910278,26.9563655853,64.7272262573,0.17583965091
1140,474.570648193,148.781448364,28.8608627319,75.0412063599,0.0952230067924
1140,175.542312622,170.515670776,26.0395298004,52.4685554504,0.0930601963773
1170,506.99899292,172.776931763,27.4679489136,66.7782058716,4.11178916693
1200,20.7520198822,90.2836074829,26.6253261566,70.2901000977,0.670630671084
1230,87.0524368286,138.596420288,26.9465961456,74.2843856812,1.16625642404
1230,445.727386475,158.026412964,19.178691864,49.9797554016,0.147318060044
1260,36.9642295837,122.821937561,29.3501815796,83.7141723633,6.73523247242
1260,58.5514984131,134.311630249,21.5402622223,69.6894760132,0.750961806625
1260,481.271881104,149.252151489,18.0151176453,49.9556236267,0.0466881960165
1290,9.26086521149,145.879989624,21.1659584045,64.1900558472,0.738546764478
1290,15.8755960464,119.201728821,25.4703235626,71.7580413818,0.468504661694
1290,610.610107422,150.183914185,17.7021198273,51.5552253723,0.230508181266
1290,37.8465995789,155.397979736,23.8533153534,78.4314956665,0.176532403566
1320,10.5114574432,145.582489014,18.5698432922,57.7434692383,2.22554169595
1320,534.047668457,145.619781494,23.2178878784,71.6960983276,1.27175403759
1350,7.66305208206,197.710388184,15.5028219223,58.0374488831,3.4456718713
1350,119.110595703,186.748947144,20.4169235229,46.1877555847,0.20215716213
1380,88.8882751465,197.524734497,20.5058765411,45.0708732605,0.282445573248
1410,22.3101940155,198.378982544,23.1801357269,62.5953178406,8.01750719547
1410,615.423156738,155.000366211,18.3920078278,63.347492218,2.66665667295
1410,478.370025635,182.109634399,17.2281131744,58.009098053,0.228225346655
1440,539.830932617,133.909713745,19.1289138794,53.4067726135,1.08019160107
1470,392.056060791,171.358901978,15.3980751038,57.4032440186,0.530369533226
1470,527.579284668,164.319793701,24.7745361328,83.251411438,0.195993995294
1470,405.094024658,169.219100952,17.9698238373,56.8647117615,0.0766459852457
1500,539.507507324,170.501281738,27.1692352295,73.2571182251,56.5223038197
1500,617.137207031,51.4479408264,18.6407337189,55.7994270325,8.27905982733
1500,405.849090576,161.80166626,19.6490879059,56.2441596985,3.87679897249
1500,236.624450684,166.108139038,18.2858562469,55.5757293701,1.09720565379
1500,521.836730957,155.354660034,25.3752212524,68.1120758057,0.724141253158
1500,565.453979492,161.911117554,17.968421936,56.0751953125,0.381050887518
1500,462.717407227,162.766586304,17.8441295624,53.6416511536,0.345232058316
1530,531.751403809,171.958007812,28.1383266449,66.947883606,13.3132264018
1530,598.763366699,138.570785522,22.6176223755,57.9798736572,8.88284221292
1530,432.983276367,149.575302124,21.8941116333,66.3101119995,2.27755270898
1530,563.869567871,138.947433472,22.288438797,69.532699585,2.0503083244
1530,579.21697998,137.870498657,28.7880306244,68.8185272217,0.873203296214
1530,524.250366211,171.386520386,18.7210788727,49.5588417053,0.838204380125
1530,479.85458374,135.009506226,20.0845222473,75.1232223511,0.389051996171
1530,551.290649414,143.689712524,24.1736469269,90.1142959595,0.0959757890087
1560,593.921447754,146.687240601,36.88879776,90.2526016235,56.1352074146
1560,215.485534668,154.748153687,19.3943042755,56.9753761292,7.88310021162
1560,498.535522461,116.372108459,20.1611404419,54.6479034424,4.07385453582
1560,45.509601593,163.891906738,24.8639163971,62.9943962097,1.76626294851
1560,615.425720215,192.132034302,16.6359329224,50.1315574646,0.794885028154
1560,427.00668335,186.083496094,23.5175628662,61.4669380188,0.318547035567
1560,585.089294434,166.956192017,21.1152896881,55.2655525208,0.239862478338
1560,481.86605835,116.252410889,24.0614490509,69.8560180664,0.212355447002
1560,106.460105896,183.95866394,17.8028621674,48.5655250549,0.166826730128
1560,510.897064209,110.664916992,24.3130817413,61.2619438171,0.0210207523196
1590,449.853515625,172.981491089,19.0727748871,57.5727500916,31.8901002407
1590,9.23475646973,211.874633789,24.8949680328,70.3354415894,14.8271933198
1590,175.650497437,150.470199585,21.0045604706,58.3458061218,4.47217933834
1590,461.774047852,173.522262573,17.9779281616,50.2622032166,0.35646611359
1590,435.457641602,168.02180481,24.8744506836,51.1989021301,0.310699339025
1590,135.117141724,164.848770142,22.3318157196,55.3836517334,0.216633081436
1590,164.305267334,156.182632446,20.2048549652,61.6168708801,0.0780851347372
1590,496.250488281,95.2159805298,24.0762042999,72.6402206421,0.0525289331563
1620,468.005340576,163.805023193,20.2604656219,48.4930992126,88.1409704685
1620,585.362792969,261.075653076,45.3610115051,120.94821167,64.382815361
1620,610.107849121,161.661758423,21.6338653564,61.2236175537,20.1062723994
1620,144.409423828,133.694137573,22.3163471222,63.6954917908,6.73756077886
1620,2.36422419548,29.8499126434,14.2811288834,58.4108123779,2.20409967005
1620,92.2216796875,166.592666626,21.6402282715,55.2852935791,0.577726587653
1620,577.983032227,269.512542725,22.2459888458,58.840877533,0.438257260248
1620,608.141296387,75.0036849976,22.0327243805,60.1727561951,0.0992186949588
1620,408.616973877,158.766952515,19.1354522705,46.7018585205,0.0691555673257
1650,477.300537109,161.829559326,25.1758670807,56.2059936523,93.755030632
1650,106.969848633,117.478088379,20.7176494598,75.1026687622,3.45194227993
1650,571.61529541,41.8379173279,29.2798233032,74.937461853,2.26933434606
1650,439.285369873,146.652664185,19.6492786407,52.5678749084,0.130532006733
1650,79.5922775269,133.60975647,27.8472881317,71.6182556152,0.109395524487
1650,600.351745605,39.2862510681,29.4380474091,73.3812561035,0.0115055365313
1680,461.375152588,152.169647217,26.992017746,75.4317016602,94.1963136196
1680,110.890777588,143.186676025,26.577047348,63.2211761475,25.1520127058
1680,482.684051514,151.835250854,17.0667114258,60.9872169495,10.8054675162
1680,61.775592804,105.022651672,24.1959629059,65.5746841431,9.30110141635
1680,455.623901367,154.439941406,16.5831165314,55.7050437927,3.76187674701
1680,138.209716797,150.692337036,23.8240070343,70.5979537964,2.44706496596
1680,129.317550659,155.967056274,17.7301597595,55.5308265686,0.548530975357
1680,487.487823486,135.94128418,33.259853363,85.8477783203,0.233352906071
1710,425.240692139,159.059066772,25.9469966888,77.2110443115,83.0862104893
1710,96.9445724487,172.396728516,20.1924629211,48.3262329102,76.7513751984
1710,437.221435547,175.64024353,29.8244609833,64.2097015381,28.3293545246
1710,477.97543335,160.979034424,16.8594341278,41.4982299805,10.7905067503
1710,490.393035889,153.506088257,19.5928726196,52.743106842,3.94020862877
1710,36.5580101013,106.429626465,26.1225605011,80.313117981,1.11737493426
1710,77.9349746704,169.058685303,18.9007205963,49.8965492249,0.913722626865
1710,110.869758606,162.569869995,18.9127655029,53.4762878418,0.782191473991
1710,121.755119324,133.366378784,26.1126327515,82.2403335571,0.447814818472
1740,352.674072266,153.418563843,46.0812835693,94.6569824219,98.1390476227
1740,70.516418457,176.00743103,20.1244659424,50.0056037903,93.0292546749
1740,99.6195373535,172.390914917,20.4533977509,51.2473106384,81.6921055317
1740,486.698608398,159.205078125,18.0181293488,48.1082267761,75.5392074585
1740,498.678619385,155.385269165,20.2077541351,49.4723625183,18.2450801134
1740,19.8159580231,107.430030823,23.1711483002,74.0592880249,0.862769316882
1740,80.9481201172,168.408950806,21.5759220123,55.208278656,0.841610506177
1740,55.1567878723,163.101272583,23.1232280731,59.5619544983,0.734608946368
1770,288.602783203,157.872970581,33.140007019,96.8626327515,98.0775773525
1770,78.2976913452,176.978271484,21.5158920288,54.0603218079,88.371938467
1770,492.671539307,168.33821106,18.140542984,45.6411247253,78.0475199223
1770,503.389801025,163.361862183,19.1909351349,49.133102417,19.6555972099
1770,130.845443726,133.774703979,21.4003391266,57.340473175,4.10080775619
1770,55.500705719,176.583862305,19.1984043121,49.8657073975,2.93638091534
1770,67.9156723022,173.762130737,19.5665912628,53.8126182556,1.61014422774
1770,19.785867691,112.728050232,24.6073322296,74.0688552856,1.55863445252
1770,8.94107532501,116.74987793,21.4265594482,57.3330383301,0.29391371645
1770,90.8225631714,181.8618927,20.7689399719,48.6884040833,0.155619962607
1770,481.454864502,165.002853394,16.3276691437,50.4120178223,0.136726908386
1770,111.499534607,186.777877808,20.0058765411,53.5716247559,0.0837953237351
1800,196.413635254,163.566497803,43.390827179,102.068580627,98.0232059956
1800,43.7227745056,182.673294067,21.3167362213,53.956111908,86.4903986454
1800,494.799285889,171.731811523,18.9886493683,48.0066490173,81.4117670059
1800,8.77151489258,101.564117432,25.7683773041,88.2325210571,15.557077527
1800,504.463592529,161.184112549,21.2480449677,57.5882835388,10.5860717595
1800,105.308311462,170.013519287,25.6198577881,78.8522262573,3.58348749578
1800,189.713745117,182.214599609,20.9050388336,68.7326660156,1.43298385665
1800,111.42199707,133.057174683,30.8722000122,74.8497009277,0.873271748424
1800,32.3473815918,180.967636108,19.5347118378,63.140537262,0.871978607029
1800,558.31463623,38.7343788147,24.9018802643,55.2933006287,0.335836783051
1800,219.269882202,176.457931519,19.7829322815,49.8688659668,0.0747306738049
1800,60.7602996826,186.368667603,19.1698932648,48.0282249451,0.0642831611913
1830,495.961578369,177.727355957,19.6291446686,49.9615821838,97.390127182
1830,91.0523376465,166.163330078,48.8951377869,119.050872803,94.396084547
1830,61.3102607727,190.223693848,21.5889530182,50.367401123,89.645922184
1830,57.9674873352,177.313644409,51.2482795715,88.2330245972,12.7455487847
1830,506.846191406,174.670715332,18.5758476257,50.5093688965,5.43080419302
1830,77.5657958984,189.721069336,20.0215473175,54.7015686035,5.39666339755
1830,93.8445739746,192.490478516,25.0257396698,66.4432296753,3.45123894513
1830,566.282165527,38.201210022,18.8240795135,48.5934104919,2.77090668678
1830,112.803413391,164.877502441,20.946390152,73.8833389282,1.9319543615
1830,50.2069892883,194.065734863,17.9235916138,46.9149589539,0.593972858042
1830,532.211242676,132.408920288,20.58842659,55.2795372009,0.519782258198
1830,547.140258789,40.2342262268,33.2613677979,81.7614898682,0.128040043637
1830,25.7895908356,193.538696289,19.6568889618,46.1072273254,0.0571246957406
