30,401.789916992,173.40222168,30.9174728394,80.5229644775,91.2926673889
30,438.086761475,174.627563477,40.1071434021,80.6150283813,70.8115458488
30,371.607543945,159.552459717,46.879863739,94.216003418,17.3266887665
30,521.674377441,153.601379395,37.1704750061,108.664009094,2.68124137074
30,520.587280273,205.717269897,23.1784896851,51.7160606384,1.50792235509
30,433.908691406,186.765319824,19.8724822998,55.4210548401,0.414737407118
30,419.444824219,180.371871948,24.4449462891,67.5440444946,0.183821190149
30,237.493530273,171.215530396,24.2778453827,56.4399223328,0.110329908784
60,594.105529785,145.487457275,45.8944702148,197.606338501,40.7735496759
60,293.111724854,168.716445923,20.913351059,55.2115592957,18.3686926961
60,14.8593149185,165.003768921,20.9777240753,51.5039978027,15.436129272
60,310.646881104,173.453811646,23.4164600372,52.3211174011,14.4438013434
60,161.819625854,179.922851562,17.6835842133,50.5365409851,0.231218803674
90,369.533935547,179.587509155,27.5824890137,58.5474395752,97.2208142281
90,326.21585083,165.675598145,39.3755378723,65.4963378906,50.3970742226
90,297.13092041,170.501327515,19.1614151001,48.4250793457,2.98194214702
90,603.223449707,227.531005859,19.732219696,49.3039741516,0.868141278625
90,16.823890686,163.977249146,18.5231819153,43.4629249573,0.77928006649
90,314.371917725,166.918731689,18.7136802673,55.2535247803,0.656725652516
90,172.745986938,257.216064453,22.1680603027,46.2230186462,0.389044708572
90,355.412597656,171.603027344,22.3032512665,59.5555229187,0.240056752227
90,610.66998291,31.1162109375,24.993560791,54.8929138184,5.23583731926e-08
120,481.310791016,167.776321411,42.9163818359,104.884315491,99.5817065239
120,389.124267578,160.211547852,60.0117912292,89.0999755859,84.0330898762
120,348.192169189,167.78036499,21.745557785,60.0255279541,5.09939156473
120,20.4062709808,134.549957275,24.0735645294,71.611000061,4.84635867178
120,458.06729126,190.070495605,18.1924953461,49.4342193604,1.74192339182
120,439.48538208,186.680252075,21.0383853912,56.0577392578,0.934790633619
120,406.021850586,187.245239258,23.4025287628,59.6812934875,0.795938074589
120,423.080108643,169.356994629,71.7502593994,86.3836593628,0.330324936658
120,476.267181396,184.342575073,24.3550319672,71.6245956421,0.288295885548
120,8.1575460434,140.788528442,14.8350610733,52.9514656067,0.192429486196
120,513.957824707,205.831436157,19.2645664215,54.5201721191,0.186208519153
120,422.459991455,186.024368286,21.3586711884,58.5018501282,0.176205625758
120,603.829406738,234.446731567,23.9277439117,45.4593925476,0.0780072412454
120,555.374755859,213.239212036,22.5592937469,55.3344535828,0.0674163806252
150,600.297851562,220.237792969,23.578453064,59.0070533752,35.9535157681
150,499.458404541,186.408126831,29.5651035309,74.2171325684,35.3800833225
150,407.338745117,161.354934692,23.4493656158,66.7458267212,35.207337141
150,435.664154053,178.283004761,19.3455791473,56.5114402771,6.94258287549
150,59.3789787292,149.911361694,17.3698940277,58.4136238098,6.92999958992
150,537.137817383,213.89491272,23.8505706787,61.6515769958,3.49648222327
150,10.9195165634,161.649307251,22.9162006378,52.604434967,3.39027792215
150,513.751281738,175.615707397,46.4378852844,107.603965759,1.26833030954
150,479.148956299,173.897521973,19.5663127899,63.6983337402,0.639124540612
150,423.666137695,150.668991089,20.5805797577,53.3827514648,0.582143431529
150,569.423706055,186.17956543,30.2725772858,80.790435791,0.18830220215
150,589.094665527,195.740036011,22.6563949585,66.8832397461,0.184554699808
150,23.9241275787,160.003097534,22.9238891602,55.8104248047,0.142213888466
150,9.25315093994,103.277709961,19.4136276245,59.8684501648,0.0703780911863
150,12.0909814835,31.4764842987,26.5287036896,59.2676124573,8.44575875902e-07
180,594.080505371,182.789794922,19.1746788025,58.8950691223,8.2539498806
180,17.8415393829,142.429244995,27.5338191986,53.6038398743,2.31330469251
180,372.912811279,202.917602539,24.153131485,39.3828697205,1.38364741579
180,61.1267967224,142.710281372,23.46443367,71.7373580933,1.03648127988
180,519.181213379,186.151565552,28.2610759735,52.3430290222,0.894605275244
180,462.935150146,184.250411987,19.4342365265,49.7343254089,0.863553211093
180,494.16116333,181.645629883,19.2414398193,54.707485199,0.356403621845
180,606.043029785,196.439575195,17.2611808777,48.234375,0.338424486108
180,83.6106796265,132.384811401,32.0180473328,70.8965835571,0.224739732221
180,477.635528564,176.524398804,21.9172725677,56.7502403259,0.183963612653
180,534.927246094,198.377563477,19.5889835358,46.8606071472,0.175348226912
180,118.345252991,62.5934028625,26.4695224762,57.0947532654,0.121686805505
180,535.342712402,284.779327393,22.0118846893,47.0124473572,0.00732140470063
180,546.15826416,284.700531006,30.9011383057,53.5776176453,0.00402974874305
210,441.631866455,200.898391724,21.3012275696,47.9574012756,33.1083893776
210,53.3969421387,98.9840316772,35.9326057434,107.066993713,4.8990201205
210,43.6529273987,142.45854187,18.1521873474,60.9768676758,2.35730558634
210,559.760620117,176.922012329,17.7429599762,63.2723884583,1.21462540701
210,608.813964844,197.464279175,16.9439983368,50.7512779236,0.999833177775
210,73.9441680908,117.508781433,31.2300128937,81.0078659058,0.316676869988
210,427.699584961,191.306335449,20.3091716766,50.1947669983,0.186383281834
210,116.15940094,28.4314479828,41.1991081238,64.827796936,0.175094709266
210,187.274841309,189.16015625,19.6945667267,57.7788505554,0.0302726402879
240,508.617797852,213.037582397,29.4368305206,51.0384216309,36.2520635128
240,14.2257347107,87.8877792358,37.7735671997,121.052970886,12.7357438207
240,10.271566391,133.972946167,19.159954071,73.3773651123,0.966160558164
240,187.736923218,113.855903625,34.4543495178,88.4135742188,0.513790454715
240,7.46262121201,41.3125457764,28.0303649902,94.5140914917,0.076872430509
240,206.74269104,132.991348267,27.0467510223,67.6273193359,0.0124207901536
240,26.4533081055,33.2228851318,30.5875473022,70.4858474731,0.00152635711856
240,69.1633224487,31.2708587646,24.5003108978,44.4261894226,8.68798991083e-09
270,442.810180664,177.208694458,21.2506885529,54.3660774231,13.9857500792
270,616.774719238,225.279052734,17.602394104,53.7548408508,2.92981062084
300,612.563354492,75.7524185181,19.4195613861,55.2673072815,1.210586261
300,26.649438858,102.078063965,22.2938137054,46.4743309021,0.513590639457
300,60.3143730164,126.887268066,25.6113376617,79.2659988403,0.354178994894
300,447.723907471,169.478775024,17.0269641876,50.9134559631,0.247662863694
300,609.2109375,196.47833252,22.3428974152,60.6965675354,0.131242140196
300,475.374145508,194.928649902,20.6529979706,48.5727577209,0.118707213551
330,20.2215595245,119.309875488,35.2307395935,90.0075759888,34.4013631344
330,133.325286865,89.0551071167,19.8626785278,57.3963623047,3.71545106173
330,457.305664062,171.809127808,18.0811824799,48.7723693848,0.587534764782
330,60.9721488953,95.8216934204,23.4616146088,54.466583252,0.0552117999177
330,441.66708374,186.039749146,17.2447299957,46.3532867432,0.0350120826624
360,96.6184310913,102.686882019,20.4346466064,54.2289276123,0.831569451839
360,451.801177979,179.021118164,19.716047287,52.0582885742,0.683723203838
360,131.002075195,83.3374023438,21.6519451141,59.1374778748,0.425162725151
360,138.731033325,103.215553284,27.3890914917,81.7416152954,0.0540182751138
390,73.4576644897,140.388214111,29.8439178467,58.2035331726,0.783350225538
390,91.1884384155,93.3449020386,20.4189548492,55.3255195618,0.0656007265206
390,9.69201278687,83.5130767822,29.6980819702,69.1838912964,0.0161574294907
420,2.96944308281,79.5211257935,22.7431964874,51.3864555359,0.256664073095
420,77.0619735718,84.2590408325,30.1077022552,68.1283340454,0.0275498226983
450,136.278869629,145.668716431,27.6916599274,65.2877731323,32.3450565338
450,505.263519287,166.07800293,30.5634365082,76.9906082153,5.55887185037
450,62.2136726379,135.427017212,34.4455833435,68.3528823853,4.61560711265
450,439.962799072,176.624313354,20.1529407501,46.1052131653,0.785167794675
450,118.611106873,134.647155762,29.9881381989,72.9155197144,0.472109951079
450,93.1759033203,81.517364502,20.4857406616,58.2694549561,0.26104550343
450,537.496826172,155.248184204,19.0513038635,61.9983100891,0.17719498137
450,76.6938552856,87.203125,22.4441280365,57.6365661621,0.163094233721
450,526.539855957,168.888076782,18.4134845734,52.4577827454,0.134684471413
450,103.429878235,70.9543609619,22.1811275482,71.705291748,0.0736712594517
480,120.924293518,133.898712158,31.6638622284,77.8219985962,15.3634041548
480,65.8473892212,82.3480758667,21.8647060394,57.7647819519,0.893224962056
480,539.762023926,175.173416138,25.8781032562,70.7531661987,0.589142041281
480,52.2327003479,128.041519165,40.9471130371,73.0184555054,0.276239705272
480,558.346374512,163.028701782,19.1223125458,58.4403991699,0.136761786416
480,38.4406013489,76.5219116211,31.4523391724,71.7174301147,0.0160970725119
510,118.605651855,145.390548706,29.2950496674,67.0752105713,19.572609663
510,580.810241699,184.999755859,17.3257083893,58.1370811462,2.75260731578
510,86.164894104,57.2822608948,22.6351242065,60.7858390808,0.255869445391
510,58.1120796204,46.7400512695,33.7580375671,82.1531600952,0.086335564265
510,39.0267295837,76.4950027466,30.9834346771,77.8762969971,0.0656739401165
540,109.701347351,133.402908325,25.8832187653,78.7729110718,2.62378379703
540,4.70870828629,77.158164978,22.9316997528,57.6702728271,2.17354428023
540,615.775085449,205.225418091,18.8660564423,50.1907310486,1.26313650981
540,15.6746511459,50.886138916,38.0145797729,85.8992919922,0.396692566574
540,4.95791816711,161.397491455,19.6921195984,61.1559906006,0.0902067113202
540,12.323718071,233.425918579,29.0072536469,84.8088912964,0.0818916421849
540,38.8468017578,68.0161972046,33.0621414185,73.6438751221,0.0060901256802
570,602.554382324,162.556015015,29.6901569366,77.8951187134,49.7836142778
570,609.428161621,122.960014343,24.039270401,62.5765380859,13.012868166
570,2.0961329937,85.0602493286,17.6814556122,51.3110160828,6.54234066606
570,529.93762207,176.11479187,21.7504711151,54.512348175,3.80650795996
570,451.081420898,183.883239746,21.5583496094,53.6644287109,3.48136164248
570,8.65511989594,65.674621582,32.3079032898,77.3891830444,0.295507838018
570,39.2864494324,64.7611846924,32.3789634705,78.209564209,0.00960432298598
600,606.42401123,167.600646973,25.7466526031,74.70337677,39.0175819397
600,612.41986084,121.192687988,18.8450222015,70.2951583862,8.38348865509
600,461.563323975,177.706283569,20.9463176727,47.9816932678,2.68872696906
600,3.68867993355,47.5750160217,35.3345031738,87.6130905151,0.0858990650158
630,611.945251465,172.631362915,23.5193023682,73.7707748413,62.1401369572
630,527.345336914,180.465072632,19.2468509674,51.7589263916,6.00289292634
630,461.449951172,181.100418091,23.3717517853,53.3348426819,5.48859573901
630,612.902282715,126.407035828,19.8487682343,66.7681503296,1.96683425456
630,477.10534668,188.795166016,18.0586166382,44.5714569092,1.53755964711
630,13.2601890564,54.2022705078,33.4419784546,79.6399154663,0.525672873482
630,539.643859863,175.610839844,20.7448139191,61.7995452881,0.269370921887
660,612.307922363,167.70753479,21.2353668213,82.7084884644,74.4314312935
660,612.269348145,118.752189636,18.8488712311,61.88022995,7.89943560958
660,456.158355713,179.820114136,23.9305267334,59.4341621399,2.53154784441
660,470.082305908,179.951919556,21.9724655151,50.2584991455,0.550302956253
660,593.170166016,148.265487671,21.2860622406,60.6733436584,0.10644326685
660,8.8334236145,79.4700241089,35.8275871277,81.9967422485,0.0108039464976
690,612.98626709,165.865280151,21.6669788361,78.1853256226,59.5578312874
690,469.449859619,186.658706665,21.8852844238,45.1463508606,5.74077740312
690,60.0135765076,125.38684845,28.3229980469,62.4416313171,4.4273365289
690,545.790466309,177.557434082,18.2269744873,56.9400978088,4.02449928224
690,612.31072998,118.818305969,19.4144535065,62.9417381287,3.91410961747
690,457.672027588,180.63609314,25.2880783081,72.3294525146,3.04297301918
690,528.61895752,174.086120605,21.1775112152,61.3706855774,1.49958627298
690,483.681488037,193.229675293,17.1109714508,41.8449783325,1.24612748623
690,12.5808029175,46.1266593933,36.9751777649,97.60546875,0.0600923143793
720,614.070068359,165.699111938,18.0576000214,79.5599899292,67.1049773693
720,613.727233887,122.619865417,18.946264267,66.4831771851,5.09472899139
720,464.422454834,181.451553345,22.3020553589,51.6589317322,2.37020757049
720,531.351379395,172.404296875,24.1028461456,61.8945655823,0.586735410616
720,546.015869141,172.013916016,20.1922092438,54.4490509033,0.0704044185113
720,9.47788143158,57.364025116,40.0971107483,109.07509613,0.0210665704799
750,612.520385742,164.654449463,21.5089473724,82.5610580444,70.3067958355
750,612.389648438,118.520072937,19.6642436981,58.8899345398,3.44218052924
750,59.771068573,124.199317932,29.3083553314,63.3838996887,1.25484885648
750,453.753753662,190.828857422,21.6992702484,53.5623779297,0.690830266103
750,472.513305664,184.937316895,21.1544704437,46.520401001,0.554553419352
750,541.04901123,177.236206055,20.8551635742,55.3022003174,0.166209973395
750,592.718444824,145.624633789,21.1386909485,68.4946365356,0.091006065486
750,12.0314865112,48.4092712402,36.370300293,89.1174316406,0.0090591100161
780,612.519592285,156.610870361,23.3665313721,96.9852523804,80.3731739521
780,163.408462524,187.878768921,23.4774417877,58.7036857605,1.80608443916
780,471.158294678,183.228530884,22.2917346954,47.5396766663,1.44241955131
780,64.6945343018,122.850364685,29.4626998901,63.7567176819,1.01623767987
780,453.869476318,181.563369751,24.9406299591,61.8717536926,0.951780285686
780,537.576599121,177.646347046,21.1367988586,56.33385849,0.600507250056
780,561.759277344,171.59765625,24.191778183,54.5694389343,0.551514094695
780,599.850158691,166.426086426,26.2538757324,64.3552627563,0.430016778409
780,9.46479034424,64.3223342896,37.8954048157,94.3167037964,0.0554571859539
780,572.987731934,152.775588989,21.5247249603,51.1843605042,0.0305471970933
780,540.483947754,260.892822266,36.8803520203,62.7147369385,0.0175106251845
810,607.549682617,178.524337769,27.3617191315,72.7761230469,96.1787045002
810,455.325683594,180.574645996,25.6080799103,56.6130332947,4.6490393579
810,539.787780762,170.325119019,23.4857254028,62.6117706299,1.38468677178
810,478.679077148,189.749130249,17.9184474945,44.4751396179,1.10768182203
810,612.713806152,125.579658508,21.027715683,72.5463485718,0.73935049586
810,561.981140137,168.221817017,23.7130737305,55.0168151855,0.235865870491
810,589.168640137,151.887924194,21.5727386475,56.225566864,0.191833334975
810,529.024597168,166.063903809,19.1818122864,66.4533615112,0.183717999607
810,500.495117188,176.735839844,17.8517951965,49.7423591614,0.120997603517
810,169.795150757,189.615585327,27.5955734253,77.0189285278,0.120218796656
810,487.235351562,182.891525269,19.2870807648,44.4418525696,0.0854770245496
840,601.31463623,170.681808472,30.3664073944,82.1552352905,90.8352911472
840,451.41317749,183.294204712,27.3247146606,71.2823791504,8.98477956653
840,594.047668457,167.476852417,20.3275585175,67.7204742432,4.9709353596
840,36.4449310303,206.633712769,26.7982501984,61.7639770508,2.8331656009
840,613.17767334,127.1276474,20.1841430664,94.2747268677,1.89617332071
840,467.280883789,191.424484253,19.2849121094,48.1850166321,1.41549585387
840,478.417938232,189.58656311,17.6999492645,45.5414276123,1.2603148818
840,562.024963379,171.683609009,22.2640018463,54.196849823,0.509925186634
840,488.271514893,186.464187622,17.654964447,44.8177452087,0.201301579364
840,11.5856742859,53.2843742371,37.5251426697,90.6683120728,0.116676848847
840,551.091125488,170.584289551,20.3240127563,56.6366271973,0.0761405332014
870,596.409179688,161.587142944,34.0479164124,96.3321151733,98.4425723553
870,8.80848312378,230.502685547,21.7909030914,50.6613273621,5.75422458351
870,612.28137207,124.871032715,20.4109687805,97.5816345215,2.23885476589
870,65.3508071899,208.51953125,30.397064209,67.8446273804,1.19175231084
870,192.207763672,198.145309448,22.6784267426,57.1445465088,0.588763877749
870,458.056549072,178.256515503,26.6893539429,56.3180732727,0.23471347522
870,11.009428978,70.7636795044,35.477180481,84.5391387939,0.0395419396227
870,8.53565883636,46.6871948242,25.9748706818,66.3607635498,0.0304687011521
870,590.480529785,153.568252563,20.1364917755,63.1498565674,0.0265278475126
900,604.386413574,171.745376587,30.4116420746,84.5111999512,96.3045299053
900,612.375427246,126.159934998,19.4201450348,61.4096565247,3.08062713593
900,80.3146286011,200.543411255,32.488899231,64.6769638062,0.912311207503
900,9.96294116974,43.342590332,32.1258354187,79.6889953613,0.35648860503
900,28.7630519867,221.354995728,29.6147594452,76.5679473877,0.271290377714
900,465.012939453,175.770568848,23.7308883667,54.3183746338,0.268984586
900,194.857192993,200.775756836,19.6330776215,56.8555641174,0.00911200258997
930,609.461853027,174.018386841,26.6062602997,80.9981536865,90.7415509224
930,614.562072754,122.805229187,19.5352954865,51.2116241455,25.7327407598
930,461.691558838,181.198410034,23.0752887726,50.9036979675,2.1226901561
930,531.029968262,171.470291138,27.3953533173,68.5668716431,1.47587340325
930,7.55724096298,64.0895996094,37.6745414734,90.0627212524,0.321710202843
930,24.8802700043,231.509094238,33.4239425659,75.744102478,0.222415057942
930,477.762451172,190.191040039,19.1408290863,43.9970741272,0.21545290947
930,59.3588562012,38.8488616943,32.7958869934,80.9713668823,0.106336805038
930,435.186279297,183.352523804,20.8015632629,45.7710533142,0.0890646944754
930,543.712341309,267.380218506,37.7704162598,60.7411689758,0.0208388548344
930,191.623428345,196.77897644,23.7703857422,61.692363739,0.00433873210568
960,616.122802734,122.030395508,17.896566391,52.4075508118,16.3384124637
960,615.04473877,192.42175293,17.8625926971,59.8781776428,8.5560426116
960,460.843963623,175.576980591,24.6299190521,54.408290863,5.64042255282
960,8.49461269379,229.50843811,26.7830429077,60.2139396667,4.93674017489
960,532.784118652,173.886352539,21.6234722137,63.1758880615,3.88979166746
960,59.2931671143,201.213058472,38.2890205383,62.376373291,1.48290330544
960,50.9599304199,203.775100708,19.2055454254,55.5908660889,0.410313811153
960,32.809261322,38.0203781128,33.3575286865,83.7231903076,0.402005529031
960,478.24105835,189.126464844,18.9593105316,46.103805542,0.390314706601
960,546.675231934,181.674545288,21.2486743927,56.60338974,0.175325025339
960,3.92920684814,79.1456069946,30.904548645,81.7828598022,0.10811840184
960,593.274230957,154.935440063,20.7100982666,55.2732391357,0.0681633478962
960,555.101379395,266.47668457,38.5901603699,61.5959320068,0.0402374891564
960,605.472351074,159.701080322,20.6383247375,52.5332298279,0.0142876306199
990,616.70904541,121.446250916,18.2252635956,59.6774139404,13.9605477452
990,536.400756836,166.609939575,24.4864654541,70.4915390015,13.4327322245
990,615.900146484,165.497406006,17.5911827087,52.9853363037,6.06149882078
990,456.625244141,184.287796021,27.4691619873,57.1149406433,2.16262247413
990,81.7615432739,132.74446106,31.164812088,52.365146637,2.06402614713
990,483.929351807,187.509658813,18.4791126251,47.3799324036,1.21707580984
990,559.540710449,172.810424805,24.0010967255,63.5468292236,1.04252677411
990,567.502380371,268.680541992,36.2400398254,64.2558670044,0.260381982662
990,9.29696559906,183.596435547,31.44115448,77.2245788574,0.176452891901
990,85.4110641479,59.322467804,36.0700340271,89.1267471313,0.0176875968464
990,172.743911743,179.624160767,31.3415966034,88.4847412109,0.00825582319521
990,55.9279785156,118.207954407,27.744474411,62.6001243591,0.00302215776173
1020,615.29486084,114.08429718,18.5245704651,47.0316429138,8.35664048791
1020,584.875061035,270.218322754,35.0167121887,65.0504989624,2.05860175192
1020,535.925109863,163.616622925,28.4112377167,67.550743103,1.26215945929
1020,493.890960693,175.522232056,18.9190292358,52.8913459778,0.967548042536
1020,528.777282715,170.861465454,16.4151363373,48.5943603516,0.703254947439
1020,569.25604248,169.003036499,24.336517334,64.3399581909,0.146116735414
1020,37.7948417664,24.9078044891,24.7463436127,67.0998077393,0.0416614231654
1020,161.768707275,175.809524536,29.5170688629,90.1931991577,0.00451262385468
1050,56.0551109314,112.417182922,25.1288833618,68.1049575806,9.17160212994
1050,600.688598633,274.382843018,29.8937244415,63.3971748352,8.69126692414
1050,154.327529907,185.118423462,28.2481632233,79.4483337402,7.54919275641
1050,616.996032715,110.963508606,18.923658371,50.1629180908,5.10291233659
1050,618.483032227,187.938461304,14.5864210129,42.4414710999,3.23048830032
1050,540.851257324,161.052886963,24.2686138153,71.1535110474,1.08165070415
1050,573.948669434,280.01675415,21.4535427094,49.7236824036,1.01776625961
1050,495.384918213,176.097595215,20.2747573853,50.0961799622,0.798564590514
1050,476.467681885,177.28918457,21.8213214874,48.799533844,0.692374398932
1050,581.90814209,268.03527832,30.4097290039,64.8824386597,0.308456760831
1050,6.14122772217,50.0613822937,20.4405593872,62.3997154236,0.262645329349
1050,52.6244087219,61.913860321,58.3045501709,131.208786011,0.143648742232
1050,26.6693782806,25.5348033905,24.8977794647,70.6975021362,0.0445282406872
1080,586.973083496,187.360366821,19.1413440704,45.3144416809,26.2328892946
1080,42.0449409485,124.508766174,25.5350971222,58.8659934998,4.42926809192
1080,600.185791016,275.588226318,31.0274219513,64.1649551392,4.4145680964
1080,536.232849121,169.303253174,17.0089492798,50.2474555969,2.10306514055
1080,542.883605957,164.715957642,24.6704025269,66.56224823,1.22936600819
1080,573.357421875,181.400558472,20.8046245575,49.7124633789,1.09199713916
1080,555.645996094,183.629257202,26.4515075684,53.5983161926,0.224185944535
1080,22.2661952972,16.9435138702,27.2785053253,78.4354782104,0.0322210340528
1110,576.373291016,177.097366333,24.4382381439,60.024105072,5.02780228853
1110,605.288635254,275.039459229,26.9472732544,65.0007247925,2.88760922849
1110,37.1035194397,121.639472961,25.3497772217,60.20835495,2.51462068409
1110,514.69720459,172.798110962,18.6693401337,49.3653526306,0.965703092515
1110,506.901824951,180.636489868,16.4833965302,44.8266906738,0.606164336205
1110,539.327575684,173.292892456,17.9754390717,50.4259490967,0.233486597426
1110,563.452575684,176.155517578,22.9106006622,59.2231254578,0.121204508469
1110,494.943084717,169.231933594,20.802526474,57.3018760681,0.109410611913
1110,24.6874790192,22.65092659,31.5783519745,80.6272964478,0.000150298455992
1140,606.344177246,289.094482422,28.1689853668,60.0658378601,4.18648682535
1140,578.264526367,183.577270508,21.5081501007,53.5701904297,3.71725000441
1140,35.2252159119,125.517402649,26.561958313,58.4013671875,2.12788265198
1140,480.900756836,198.345214844,26.0824947357,60.5105171204,0.725937262177
1140,561.071838379,178.431396484,24.3503723145,59.041229248,0.449128402397
1140,494.600006104,180.490585327,17.3372440338,47.999710083,0.228376779705
1140,544.755371094,162.692489624,28.9630908966,69.4036941528,0.113621656783
1140,537.700500488,165.374832153,18.7899417877,57.1523284912,0.0649207853712
1140,21.3024196625,24.459564209,26.9558734894,70.142539978,0.00415112262999
1170,601.168762207,286.018707275,29.5722293854,65.1290206909,13.1866410375
1170,577.71661377,181.446334839,22.9095363617,55.559463501,11.2079150975
1170,564.87689209,174.619384766,23.0315265656,61.7186393738,0.824746675789
1170,34.1367721558,115.362792969,31.2500667572,67.5602798462,0.378118199296
1170,15.5962285995,26.66472435,39.9698753357,96.8753662109,5.92721027814e-07
1200,600.696350098,283.431365967,31.2449569702,66.4585418701,5.55015914142
1200,572.030822754,169.52961731,30.1279659271,65.8942947388,2.60342229158
1200,30.4751586914,115.108299255,33.9354438782,68.0351333618,0.891185924411
1200,539.257446289,177.266098022,19.3636817932,51.8979377747,0.491323741153
1200,500.280609131,169.597564697,20.1337375641,54.9534339905,0.210398132913
1200,15.0532484055,21.9541187286,28.1450958252,76.909828186,0.000139477026551
1230,579.44744873,183.946960449,24.4035415649,51.6777496338,7.06212371588
1230,600.742614746,286.611663818,31.1719036102,65.9577407837,4.65113185346
1230,30.965089798,118.021614075,32.1657676697,66.9132766724,1.81368179619
1230,15.8961334229,35.750957489,43.6747245789,94.3499450684,2.05062761438e-05
1260,479.751312256,194.135299683,27.0013523102,58.6101646423,20.0641736388
1260,606.669372559,290.694091797,27.876783371,59.4977874756,1.99384652078
1260,33.1656837463,127.324562073,25.7177219391,57.4917488098,1.89311187714
1260,582.574035645,188.791137695,21.3071155548,51.526260376,0.733595900238
1260,147.56010437,188.132522583,19.7262401581,53.0305290222,0.459976121783
1260,538.385314941,179.439697266,18.2909870148,49.8343162537,0.0475826876936
1260,18.3017597198,37.7701873779,41.1223335266,88.2145385742,2.2885462414e-06
1290,476.365814209,190.599182129,25.4240512848,59.9088096619,57.7499985695
1290,602.186340332,287.753875732,29.2652721405,67.0961532593,6.73753619194
1290,489.473022461,179.258850098,18.1554145813,51.3573875427,2.03179847449
1290,579.797302246,180.414001465,23.7309589386,56.8483848572,1.12065039575
1290,43.0234985352,108.97454071,27.5212860107,73.7997360229,0.832190271467
1290,500.025115967,183.853561401,16.6309604645,46.121181488,0.382804428227
1290,539.202087402,177.229110718,18.3858375549,50.6232261658,0.171309919097
1290,58.5540618896,57.9177055359,34.7841377258,88.1276245117,0.0393312657252
1290,20.3411159515,27.2509078979,28.7097568512,70.5664901733,0.00088317801783
1320,480.326873779,188.685714722,16.4231739044,44.3697814941,7.37088620663
1320,62.6276359558,129.247360229,30.764295578,61.2231750488,5.5138323456
1320,582.051330566,186.142684937,22.9880695343,57.4608192444,1.19761796668
1320,490.409912109,192.287902832,21.5227890015,44.7440605164,0.398335885257
1320,3.88381838799,25.3759708405,31.5808544159,92.0985107422,0.0859894324094
1320,249.657409668,178.359619141,22.5269870758,58.3113822937,0.0651115376968
1320,569.752990723,181.576919556,21.2823524475,61.1787071228,0.0407530198572
1350,479.863311768,195.663253784,22.0353622437,45.5138969421,10.9993465245
1350,472.631317139,209.694046021,30.6539440155,72.4440994263,3.14920805395
1350,108.268241882,154.370910645,21.4947128296,44.5884895325,1.49849113077
1350,40.8853302002,134.795059204,38.0796318054,80.8219223022,1.19495596737
1350,1.99919831753,36.3384590149,17.6504631042,61.7636833191,1.17885591462
1350,587.810791016,192.362747192,23.7636051178,59.0230979919,1.07774026692
1350,499.969726562,200.874526978,17.8387641907,45.7362632751,0.918367039412
1350,510.260009766,186.122543335,18.7857952118,52.8916473389,0.535133248195
1350,545.670593262,184.577636719,18.9702796936,52.6128959656,0.278342352249
1350,3.14580917358,23.0288543701,40.023525238,105.770957947,0.130441226065
1380,10.8297624588,129.929489136,43.3864479065,109.526756287,68.2959735394
1380,605.670471191,196.831802368,19.6334896088,55.4864768982,12.6262515783
1380,524.93737793,190.672103882,20.0764789581,53.1245155334,5.47835230827
1380,483.525726318,193.53338623,22.6988620758,62.9596862793,1.48045392707
1380,611.504821777,173.248779297,22.4921035767,62.6765899658,0.951652601361
1380,558.429992676,186.030929565,23.9251003265,63.0237731934,0.630453042686
1380,510.690429688,206.835327148,18.5608921051,47.3518981934,0.392857240513
1380,29.149892807,176.138061523,22.2775707245,61.6754417419,0.368818244897
1380,128.978118896,155.200271606,27.8822383881,50.4276580811,0.0709438638296
1410,609.036376953,204.051452637,20.0857143402,63.6442718506,13.0414009094
1410,16.9512500763,191.772232056,28.9608135223,46.5971260071,3.35267335176
1410,432.863983154,206.359130859,23.3251819611,51.8647460938,2.50390190631
1410,537.416809082,192.641967773,20.4810409546,56.4633483887,0.656035449356
1410,594.349304199,193.872207642,23.0424594879,64.0986404419,0.303738750517
1410,524.597961426,205.396606445,24.0342330933,56.5159606934,0.299007608555
1410,493.991210938,220.943969727,26.849905014,57.2648735046,0.0555446196813
1440,427.145904541,191.658508301,22.8588104248,69.1103897095,11.555506289
1440,616.773010254,163.159622192,18.3308811188,60.2295036316,7.53612518311
1440,615.387390137,206.935424805,18.0071105957,55.1824645996,6.59838989377
1440,519.699523926,224.337203979,20.7032833099,50.4167137146,2.06564310938
1440,165.955825806,186.28477478,36.3033790588,82.4962997437,1.56593676656
1440,503.755004883,232.375808716,20.0391368866,48.7441749573,0.395949743688
1440,491.860992432,218.562545776,22.9315395355,53.857131958,0.257259025238
1440,558.366760254,201.774902344,17.3099098206,48.8223152161,0.214615697041
1440,20.4739933014,189.34828186,17.6075630188,48.7211456299,0.20416281186
1440,540.94921875,211.099182129,22.0349254608,54.0320701599,0.0632087467238
1470,606.588134766,82.6243057251,24.4957370758,75.7837219238,8.382371068
1470,9.14459323883,191.7396698,15.2704305649,44.2713813782,3.77775579691
1470,509.602081299,225.66267395,19.578704834,49.4631538391,0.826945248991
1470,422.529205322,193.290893555,21.410987854,62.2294006348,0.574178015813
1470,600.479309082,61.0786132812,20.0071620941,59.3061714172,0.429742364213
1470,570.392150879,228.573730469,19.113199234,57.4213294983,0.10915461462
1470,589.828063965,95.8117446899,20.3783283234,55.273639679,0.047428056132
1500,613.228271484,73.1862411499,19.6805019379,59.0662994385,5.36709949374
1500,608.062194824,231.887939453,17.2946872711,53.7868385315,2.18551382422
1500,598.512145996,230.110549927,17.2955570221,52.3991889954,0.839392561466
1500,567.825012207,235.323684692,19.0671520233,51.2753295898,0.580302020535
1500,118.661705017,150.79335022,27.9091510773,43.4306373596,0.264718802646
1500,581.245666504,235.686782837,17.8711795807,51.1867523193,0.248140143231
1500,551.852050781,229.985916138,23.747964859,54.2607116699,0.0695920491125
1530,615.249328613,153.777145386,18.6071510315,55.5729942322,7.53812342882
1530,616.481872559,211.084762573,17.1529560089,59.2684211731,3.77896875143
1530,601.636901855,203.066085815,24.652097702,69.6042480469,2.46916580945
1530,558.070007324,96.1424789429,20.4784202576,54.4501228333,0.537976715714
1530,568.80065918,84.6510391235,28.4949569702,80.0694580078,0.401038723066
1530,128.038513184,149.870223999,18.9491405487,45.492893219,0.308275711723
1560,301.562469482,177.411697388,18.062620163,44.6960792542,1.11496131867
1560,558.842956543,30.1091785431,25.967376709,64.4718856812,0.000336821517521
1560,608.76373291,34.0626716614,25.449836731,73.1811141968,0.0001734883881
1590,343.120330811,154.455245972,25.8280506134,64.0898513794,1.38202114031
1590,532.445495605,139.729248047,23.9191455841,68.8546600342,0.0392743328121
1620,571.686950684,129.064178467,31.072303772,83.4050979614,21.9519332051
1620,122.059547424,183.318603516,17.9283123016,42.2632751465,3.29708047211
1620,169.590148926,185.581375122,19.5522480011,51.3041496277,1.45447785035
1620,93.9609298706,176.423629761,21.1803474426,47.0286254883,1.39914220199
1620,536.512023926,200.222244263,21.1659374237,46.1532287598,1.25180967152
1620,286.538970947,145.107315063,28.0950469971,76.0857925415,0.595610355958
1620,607.79510498,209.218688965,22.5949192047,49.983631134,0.26381732896
1620,131.542312622,192.670227051,19.5353813171,45.5028419495,0.201197341084
1620,521.396362305,188.725143433,28.0288639069,52.7684059143,0.054012221517
1650,549.768005371,143.341491699,34.324432373,106.428741455,43.1773364544
1650,12.2794189453,183.192184448,33.988117218,73.3062362671,10.3837996721
1650,42.190372467,185.36517334,30.3189544678,60.1323356628,4.32349964976
1650,543.692260742,152.108398438,23.9964981079,64.0922317505,3.96167561412
1650,557.811645508,207.647949219,22.240644455,52.1467247009,2.58189961314
1650,220.633163452,130.556747437,35.8650398254,81.7535858154,1.44949639216
1650,530.196838379,176.649002075,33.518989563,72.2972335815,1.12389065325
1650,585.999206543,207.130477905,18.8926239014,52.2054748535,0.765506364405
1650,573.534118652,218.615249634,21.4876194,47.1777610779,0.294214510359
1650,531.567443848,145.895492554,19.926202774,50.962436676,0.100434361957
1650,524.812927246,227.381835938,22.6394748688,47.7073631287,0.0831916520838
1680,521.253845215,131.971725464,37.2549552917,94.5944442749,53.5113155842
1680,174.464248657,146.640304565,24.1798477173,69.5731430054,10.8121588826
1680,478.076568604,160.54850769,18.4518680573,53.9338035583,7.75487646461
1680,297.752655029,148.629318237,23.5104522705,67.2267990112,1.78401265293
1680,196.38079834,131.226074219,31.2113819122,87.9130325317,1.48205123842
1710,81.6915283203,86.3636779785,48.1589546204,158.192077637,43.2038664818
1710,539.847900391,192.911331177,17.7508296967,46.0213317871,14.2684340477
1710,198.751098633,110.486915588,35.7026634216,102.192756653,5.33902496099
1710,416.616485596,152.391342163,27.4870834351,68.1658935547,4.37878742814
1710,74.1475524902,200.440505981,33.1625137329,58.1476020813,2.5407185778
1710,61.3969917297,194.789962769,23.3106994629,61.4306182861,0.742560997605
1710,50.0547637939,130.019058228,30.460187912,72.38256073,0.61831199564
1710,537.050415039,137.826431274,20.0432472229,55.661605835,0.358552881517
1710,30.2973384857,232.039855957,21.4261226654,52.3883934021,0.291014788672
1710,218.921936035,128.734634399,32.4057540894,84.9306488037,0.209259940311
1710,138.67956543,123.057678223,28.7456569672,79.3048477173,0.0932128285058
1740,554.316345215,192.268051147,22.7401027679,51.2940788269,47.6429313421
1740,13.6159029007,74.3359451294,62.2051429749,168.64630127,41.9650495052
1740,381.612426758,156.480239868,20.8760185242,57.959438324,28.9838224649
1740,52.6521034241,77.6086349487,30.4310779572,62.6587219238,18.7486082315
1740,606.974182129,120.036140442,27.2127227783,78.171081543,14.4017010927
1740,10.2868499756,125.801521301,32.0571403503,97.0442504883,7.87033215165
1740,31.8677577972,80.2740631104,33.9625663757,89.9943161011,2.25521661341
1740,127.679039001,108.371253967,44.3730316162,108.234565735,2.0545873791
1740,78.4612579346,213.647201538,23.1733703613,54.1595497131,1.22840330005
1740,395.972747803,159.91317749,18.9435634613,51.448425293,0.782669056207
1740,31.8648319244,222.199462891,26.443611145,57.4313201904,0.409673480317
1740,536.979431152,192.08757019,18.1741924286,45.7427330017,0.0614252232481
1740,135.481781006,89.8290710449,22.1869125366,58.270160675,0.00465567281935
1770,522.784179688,68.893196106,94.5425643921,176.43208313,35.2045416832
1770,511.091339111,149.922988892,25.8230075836,72.1635131836,14.9411827326
1770,11.970952034,39.1108589172,65.4294128418,170.739608765,10.9420500696
1770,478.664550781,110.963722229,38.1483955383,116.007781982,10.7322722673
1770,370.211578369,157.874710083,21.847990036,61.48387146,3.28031405807
1770,548.071716309,166.124404907,28.8623790741,80.388420105,1.72405894846
1770,10.3707704544,44.0866851807,39.2689208984,85.7117996216,1.02987140417
1770,23.1063938141,172.071121216,36.9952507019,88.1856079102,0.749421678483
1770,69.9248275757,201.648330688,27.9350566864,62.7590370178,0.301918131299
1770,500.172210693,168.77394104,24.5444469452,62.627822876,0.133526604623
1800,556.616394043,76.5199966431,61.9641456604,167.53338623,19.5859357715
1800,593.035949707,177.975997925,17.6829204559,66.6889877319,18.5119703412
1800,528.419372559,186.205383301,22.356256485,49.2923278809,6.8717084825
1800,158.423171997,138.235122681,28.8661880493,70.6931533813,6.36394321918
1800,396.748779297,146.919235229,27.1562271118,69.5733642578,1.85410119593
1800,570.61529541,148.221359253,29.9898223877,93.5439147949,0.409152870998
1800,606.602600098,169.077682495,25.9480609894,69.724067688,0.247816392221
1830,607.995178223,180.146347046,23.5473384857,58.0340919495,34.0449005365
1830,76.7809829712,89.3803710938,30.9562988281,130.717407227,6.4370803535
1830,123.292999268,125.086540222,27.407951355,79.6639862061,1.63290537894
1830,54.1232795715,188.220687866,23.229341507,52.9540252686,1.1934732087
1830,47.250743866,103.118003845,34.2655906677,94.7872238159,0.776463653892
1830,617.778015137,231.238632202,16.150056839,46.8914146423,0.637679174542
1830,183.528060913,137.259750366,23.2327594757,55.4924964905,0.456784013659
1830,146.957504272,130.001220703,21.6347408295,60.5280456543,0.372317642905
1830,357.743743896,139.839920044,23.149848938,66.1885528564,0.337567133829
1830,372.670410156,142.468856812,21.757730484,65.0715560913,0.169601582456
1830,63.7565002441,131.582122803,26.8677463531,78.0476150513,0.135865714401
1830,92.158203125,116.70223999,22.1065273285,64.146232605,0.0451435975265
1830,156.493621826,125.252441406,30.7602005005,71.4048995972,0.0208473400562
