30,407.113555908,157.826049805,20.4818782806,52.9371643066,26.0761320591
30,432.969238281,153.49597168,21.130109787,57.3419685364,12.6844331622
30,420.906341553,155.691360474,18.2343235016,47.6673774719,7.39648640156
30,494.145050049,152.719055176,26.5758190155,107.525444031,5.06028607488
30,468.702301025,145.389541626,22.3858032227,89.0478744507,4.32016514242
30,321.254150391,35.9970436096,18.117811203,50.6152915955,3.02513316274
30,396.170623779,157.911132812,18.1300373077,54.5653038025,2.61842757463
30,481.652679443,176.935745239,18.2203044891,65.1714248657,1.17933098227
30,520.127502441,136.194107056,27.7865810394,68.7420578003,0.922780390829
30,445.942382812,150.23576355,19.4637813568,64.3852615356,0.38997347001
30,612.168457031,155.470809937,16.8979816437,44.8272857666,0.126694515347
30,606.611572266,206.985153198,21.1812648773,45.000164032,0.0104210143036
60,431.160247803,153.745986938,23.4676570892,53.9037132263,4.2936976999
60,567.898864746,127.980888367,20.5965309143,59.094909668,3.78013551235
60,406.796264648,163.698776245,16.8251895905,48.845539093,2.94025745243
60,468.22756958,136.296157837,23.7747192383,83.3539047241,0.695156306028
60,421.669921875,158.34513855,17.4368438721,48.794254303,0.15791101614
60,323.741912842,35.0396995544,23.2837162018,62.6849822998,0.0433194567449
60,546.625671387,48.6818351746,34.5220413208,62.0197601318,2.29793812423e-05
90,606.298034668,85.5433959961,27.6757659912,73.5344009399,2.7649436146
90,481.418670654,141.485534668,33.4596443176,69.0611877441,2.02387627214
90,346.159393311,38.0356254578,31.5327968597,72.5246353149,0.743319652975
90,260.531707764,114.433998108,17.3521194458,48.8260803223,0.372142670676
90,329.466705322,27.2334156036,29.8588199615,61.8481483459,0.000336754169439
120,562.499694824,121.775367737,31.5156536102,97.3947677612,8.921431005
120,534.973510742,128.818939209,36.7914085388,83.4541397095,5.98815307021
120,457.472015381,153.993972778,21.9375305176,52.659740448,5.28997853398
120,469.434844971,139.912658691,19.3949203491,60.4467315674,0.358440028504
120,270.803924561,120.046958923,18.0947208405,45.8607177734,0.267290673219
120,481.86831665,138.680419922,19.9057312012,55.3453826904,0.266591482796
120,616.71282959,172.094100952,17.8437080383,50.1543083191,0.217451131903
120,449.252166748,145.298141479,17.9744529724,53.2193603516,0.132768647745
120,279.279571533,112.697364807,21.1827201843,56.8210945129,0.111225352157
150,520.399353027,130.892166138,32.0485267639,79.4948654175,26.3646245003
150,329.482513428,158.44190979,21.0726490021,48.3732566833,0.52599706687
150,10.5922040939,142.399749756,20.2249393463,50.2082977295,0.0996661372483
150,502.63180542,135.78894043,25.6766490936,67.2456588745,0.0977138988674
150,456.134918213,27.9402065277,22.8424453735,44.7812194824,0.000196278210751
150,607.382629395,34.8484649658,23.7714366913,59.9466438293,1.01708700129e-05
180,586.176757812,70.9569778442,43.889995575,148.54045105,27.9146760702
180,529.658630371,142.371963501,26.7323989868,60.8669929504,2.0281650126
180,612.844970703,147.603729248,16.8879833221,61.276348114,1.53670003638
180,41.0060157776,173.944625854,17.766992569,50.8154945374,0.814154930413
180,296.982086182,118.869651794,18.6742744446,45.4445953369,0.797185860574
180,569.330078125,189.551712036,22.7847671509,54.4427680969,0.412572175264
180,49.357334137,157.587936401,21.4074478149,57.9648551941,0.363288051449
180,595.621398926,155.471694946,26.7167873383,61.6750640869,0.286750914529
180,579.78704834,160.995437622,24.5856494904,59.8952026367,0.093283993192
210,607.057556152,178.67956543,22.7407073975,58.3256530762,8.78577902913
210,335.736450195,155.828140259,23.9462680817,54.4154472351,3.68062257767
210,286.789794922,119.938415527,18.8417491913,46.1651344299,1.26747731119
210,162.015365601,158.540817261,23.3085784912,54.7392272949,0.765686482191
210,295.637969971,153.928466797,20.9417476654,49.1319885254,0.599506683648
210,483.79309082,173.558822632,18.8683109283,49.6390419006,0.142803019844
240,338.18850708,165.13432312,20.0562725067,43.1725006104,2.91515141726
240,323.175109863,158.289077759,22.5924777985,48.9267463684,1.71808768064
240,275.384338379,115.832244873,18.3903808594,44.9761505127,0.735569000244
240,263.466186523,116.950523376,20.0635318756,45.0828971863,0.534936552867
240,70.1043930054,168.057723999,23.0468425751,45.4068031311,0.196500238962
270,493.503295898,177.501235962,22.0218143463,53.4860801697,72.2194671631
270,322.809051514,155.750259399,20.0811138153,53.5473136902,1.83986667544
270,598.63873291,110.609611511,26.6280136108,70.5868301392,1.07091628015
270,270.003082275,102.911186218,18.217666626,51.461933136,0.546135613695
270,398.458740234,173.219039917,23.9950714111,51.1894721985,0.4108551424
270,617.484130859,80.1176147461,16.9722423553,46.8711395264,0.397048378363
270,11.6018362045,143.817276001,27.2067279816,71.1145019531,0.375634850934
270,259.032226562,116.496559143,21.0081710815,48.8862609863,0.287670618854
270,617.032653809,139.002700806,16.0589904785,46.2309837341,0.272524985485
270,335.275024414,164.96937561,17.1017398834,42.9339179993,0.24622080382
270,307.968078613,157.184432983,23.8786029816,52.9446258545,0.233434559777
270,481.868804932,179.237747192,17.0861129761,41.6990318298,0.218945113011
270,242.158126831,108.328926086,29.1469421387,59.9828071594,0.164836132899
270,276.410827637,154.701950073,22.1314792633,52.8482933044,0.139363529161
300,578.74609375,175.210220337,28.6173248291,65.775138855,98.4655857086
300,154.427368164,180.58531189,17.3657093048,41.8307418823,5.81866838038
300,429.299926758,186.735168457,21.9071674347,56.9659385681,3.6864630878
300,315.528594971,142.609512329,27.485502243,61.9074401855,2.47157085687
300,265.172821045,97.8811950684,20.3231525421,48.8161354065,2.14190129191
300,547.636352539,176.775588989,22.3161411285,62.7556419373,1.20297949761
300,234.351272583,113.414466858,27.3259868622,60.4599494934,0.819222908467
300,563.045715332,174.77734375,26.7720088959,60.5221710205,0.620227400213
300,445.660552979,179.947677612,26.6120376587,73.516456604,0.273200194351
300,601.831970215,181.216918945,18.8108081818,50.9964103699,0.153378979303
300,248.507919312,107.163696289,29.7580814362,65.1600036621,0.107251270674
330,104.917747498,190.14289856,20.6510372162,42.2759590149,4.80924993753
330,311.22366333,138.266921997,26.6941452026,67.7063980103,3.89985963702
330,434.06640625,169.453842163,18.8545017242,52.1832542419,1.82845927775
330,551.892150879,216.983154297,40.9389762878,110.752738953,1.2665996328
330,234.91809082,108.839904785,20.4888687134,50.0827903748,0.798385497183
330,329.014709473,159.134963989,17.8077869415,46.3588447571,0.794432405382
330,415.594146729,162.565795898,25.6365451813,53.7853279114,0.678695179522
330,253.704177856,105.81930542,20.9311008453,49.8955726624,0.664302520454
330,288.157623291,67.07447052,18.269329071,51.6200256348,0.539704831317
330,294.547210693,137.921646118,28.0101299286,58.5375213623,0.383945694193
330,126.32611084,171.776794434,20.0013694763,49.0785827637,0.298503413796
330,297.367889404,83.6952438354,20.1148738861,55.3933525085,0.0725316349417
360,307.141815186,132.95640564,30.5554904938,66.3751449585,4.50824312866
360,504.350219727,149.975875854,21.063249588,70.592880249,3.93514744937
360,328.241821289,153.554107666,18.0322551727,48.8020973206,2.62303221971
360,249.241271973,90.1681900024,19.7581272125,44.1752586365,1.07493028045
360,441.411956787,160.818969727,19.1470985413,50.829624176,0.757562881336
360,491.094085693,183.443191528,25.0738887787,57.1190376282,0.591068388894
360,288.056335449,40.3911781311,18.8071403503,49.9221191406,0.482670636848
360,104.548652649,178.596557617,20.5077896118,46.0637359619,0.475122313946
360,424.718383789,180.145004272,21.7441940308,52.7642669678,0.360820558853
360,281.872131348,78.3161697388,18.8829917908,53.1333885193,0.31090436969
360,238.014404297,92.8794631958,19.6212863922,47.5694999695,0.173148012254
360,83.4254379272,171.783035278,21.3876419067,53.9043426514,0.164600973949
360,256.793212891,73.735786438,24.9855442047,63.1456413269,0.111638940871
390,563.786682129,135.858657837,27.6370792389,78.0857086182,31.9303750992
390,327.46987915,144.888381958,17.5398101807,54.3817558289,4.26630973816
390,594.262573242,147.386306763,24.7355289459,64.9886932373,3.17047685385
390,379.075195312,175.494796753,17.9001140594,46.1259651184,1.06876855716
390,616.891174316,226.599716187,17.8630275726,51.3065757751,0.873626023531
390,585.410461426,145.558044434,19.7550830841,55.4171104431,0.829698797315
390,286.574127197,52.0408744812,19.0193977356,45.6906547546,0.762408319861
390,307.08102417,124.313018799,29.6652355194,71.5574569702,0.623674178496
390,91.6499633789,163.947128296,23.0503616333,52.2669792175,0.598259223625
390,248.401687622,77.8961410522,18.9285831451,44.4616088867,0.502089783549
390,445.439056396,136.980178833,21.4242630005,58.8181037903,0.483963033184
390,578.301574707,164.365707397,18.7345638275,52.9291267395,0.337223312818
390,46.4202842712,177.195800781,20.0191173553,49.363571167,0.259922118858
390,280.897094727,72.9446487427,20.3522262573,50.7788352966,0.236731185578
390,277.266357422,34.6592636108,19.0587329865,52.915725708,0.234732497483
390,225.13835144,89.1197280884,31.6351032257,59.3872528076,0.144768645987
390,340.032409668,147.637695312,17.8188076019,47.1495246887,0.0674621434882
390,290.768585205,88.7705688477,20.3179149628,53.5410499573,0.063187640626
390,253.039810181,55.3916130066,20.4775104523,51.7050971985,0.0313045253279
420,326.091583252,136.285476685,19.2348575592,52.7102012634,72.6307094097
420,411.285369873,173.840408325,20.9303092957,53.6076316833,18.2544469833
420,308.27444458,123.778503418,26.9280605316,66.7231750488,5.74098154902
420,518.447387695,119.269805908,19.3893375397,58.6717987061,0.96322381869
420,237.740859985,67.5910491943,19.6279697418,48.7807312012,0.693174498156
420,276.520782471,35.2401008606,19.2614746094,52.3314056396,0.600996054709
420,339.240753174,136.71043396,18.3560028076,52.7007026672,0.213926262222
420,280.49432373,75.5691375732,19.424741745,53.2965202332,0.213722256012
420,271.554382324,65.414352417,18.3401966095,54.0913391113,0.168025121093
420,290.50592041,81.6111068726,20.5674953461,50.9016456604,0.0328522059135
420,350.058258057,140.339401245,20.0725822449,49.6114807129,0.0228091914323
450,325.079681396,129.857315063,19.938167572,58.7705726624,79.8898100853
450,95.5752792358,164.984222412,21.5975322723,43.2929077148,5.72137981653
450,302.423370361,121.675422668,29.4540882111,66.0187454224,5.12958653271
450,467.344604492,169.046890259,33.6020774841,73.1122665405,2.1452313289
450,33.9131278992,156.964126587,22.2535839081,58.2036628723,0.634968932718
450,232.388244629,63.3072814941,19.6583824158,48.3277587891,0.517274439335
450,542.189575195,66.0369949341,29.2399806976,86.7697219849,0.337759871036
450,337.614562988,125.975547791,17.7980670929,52.36277771,0.218806019984
450,266.461212158,67.6754302979,19.6059436798,54.2108459473,0.0939287419897
480,323.656097412,123.313415527,22.6421203613,67.4908370972,86.2981557846
480,529.982971191,163.601776123,18.5089435577,41.3286361694,4.95119765401
480,227.10093689,52.6835212708,19.3327350616,47.595615387,2.14251819998
480,302.457946777,125.484580994,29.943063736,63.8329963684,1.29027646035
480,338.738800049,127.98525238,18.1806735992,56.8856544495,0.919232983142
480,221.329772949,72.0894927979,21.2511863708,49.6710510254,0.272474531084
480,269.997558594,75.3606567383,19.8271408081,53.0538978577,0.212553911842
480,422.348907471,138.920898438,22.8168506622,63.7603302002,0.186440476682
480,261.233306885,61.6115226746,18.9556903839,54.7181129456,0.181481987238
510,319.118896484,116.669258118,22.7435474396,72.6452636719,75.792235136
510,617.232055664,163.176116943,14.9848070145,51.7286109924,0.706705823541
510,382.330596924,80.4780731201,28.6941299438,70.7806472778,0.406772783026
510,584.148193359,165.986343384,20.310295105,50.5807647705,0.395811162889
510,334.919891357,136.801345825,17.4431743622,51.9918708801,0.229181721807
510,419.134918213,120.083763123,18.4890937805,52.0023345947,0.200789840892
510,623.598693848,87.2117919922,16.4013061523,78.9247589111,0.101562356576
510,301.232147217,125.258026123,27.0447845459,60.9961585999,0.0960881297942
510,502.266143799,93.2419662476,23.1057567596,58.252532959,0.038927901187
510,205.183700562,73.1819610596,21.2945175171,48.4718513489,0.0155267407536
540,318.914520264,123.224662781,20.4391498566,64.0798568726,55.1994204521
540,331.8777771,132.246170044,18.2136707306,56.342086792,14.2484202981
540,306.502868652,129.539001465,19.7191448212,60.5499420166,0.810104887933
540,537.00958252,58.2137451172,20.5566043854,68.402053833,0.7289419882
540,342.051300049,140.339248657,19.6109638214,53.3968658447,0.470542395487
540,215.27293396,54.8585014343,19.6527900696,53.6667175293,0.310843857005
540,199.955566406,32.2780570984,21.5024356842,54.1643218994,0.206870958209
540,288.726043701,132.264877319,26.3596096039,58.0828094482,0.104727677535
540,7.26363515854,136.960006714,16.5341644287,45.9285583496,0.0610005867202
540,354.381011963,132.67565918,20.212053299,58.9168205261,0.0190641949303
570,339.73147583,103.939323425,30.2462215424,89.1031112671,78.3510863781
570,18.4699573517,123.793373108,19.5522823334,61.0804023743,10.8185395598
570,116.407554626,102.15688324,26.9803981781,71.8125534058,8.64260271192
570,355.258880615,133.319229126,19.7040596008,55.8337364197,6.52158632874
570,599.633117676,237.926742554,27.8092021942,73.9981918335,4.05898652971
570,413.223052979,124.840324402,25.5368595123,67.4058837891,3.79320196807
570,601.234802246,142.924789429,20.2111988068,63.0908660889,3.27852480114
570,7.88480615616,129.665496826,15.9148283005,51.8622093201,1.4018853195
570,617.682678223,143.264587402,14.8931465149,50.308971405,0.830225273967
570,422.433197021,109.29510498,22.41015625,53.4450874329,0.469334004447
570,499.099700928,59.6299743652,20.3621730804,57.0091743469,0.359193235636
570,369.746551514,136.604110718,18.1660881042,52.6785430908,0.305100390688
570,211.090820312,38.8943977356,21.0111293793,53.2849693298,0.125691480935
570,404.866821289,117.262611389,20.0965633392,47.8670692444,0.065993051976
570,503.064483643,113.468574524,20.1325950623,52.8822441101,0.0521758629475
570,440.471099854,13.4297990799,43.1697349548,111.04410553,0.00029881791761
570,198.607437134,22.4034900665,24.0857448578,59.3635826111,0.00028298993584
600,403.209716797,95.8376464844,28.239068985,102.383750916,67.4054801464
600,429.985229492,130.748428345,19.9257087708,60.9836997986,52.1254003048
600,521.539855957,119.258087158,29.0960159302,83.4302749634,15.7227903605
600,584.588562012,106.214782715,33.7657356262,90.3494186401,11.5637421608
600,419.378295898,135.279525757,18.5162944794,60.0516624451,7.9896569252
600,36.6157569885,122.696144104,24.3329143524,60.3559684753,1.79402623326
600,9.5925989151,135.920272827,19.9590854645,50.8041114807,1.69123932719
600,440.193725586,121.870544434,18.739528656,57.2999267578,1.19987921789
600,617.460510254,100.642784119,16.4008235931,48.0407371521,0.931508466601
600,557.414855957,120.088684082,25.4187107086,69.5651473999,0.446044746786
600,604.10357666,96.5932235718,20.7231674194,55.9635734558,0.396263180301
600,415.634643555,86.0635375977,21.3945636749,66.1491394043,0.395550159737
600,505.075683594,132.814071655,31.2828292847,72.4304504395,0.357657414861
600,542.862487793,102.17124176,27.8782329559,83.0272979736,0.316142314114
600,264.349182129,38.5913658142,21.3434467316,53.1651611328,0.252952263691
600,248.252197266,32.9178085327,21.3826217651,54.7083702087,0.122745707631
600,398.849761963,33.0440101624,31.0608577728,76.0282669067,0.119401875418
600,438.311523438,66.5961074829,19.3625335693,70.6484069824,0.0828973657917
600,156.964767456,94.8583297729,21.2482204437,65.3549957275,0.0748771475628
600,273.950744629,25.1654567719,21.4308719635,53.1423034668,0.0664259248879
600,182.135482788,82.3964996338,20.2074718475,64.3089065552,0.0648455170449
600,237.674255371,22.053155899,20.9254055023,56.9314689636,0.0010905313502
630,543.684875488,113.95816803,29.9695739746,89.6005172729,71.1490392685
630,526.509094238,124.063842773,23.2485656738,81.5218582153,3.38635221124
630,241.110671997,65.0335693359,22.9106197357,63.3478546143,1.06660472229
630,316.688568115,30.0595092773,20.2821044922,51.2172851562,1.05657000095
630,92.0419540405,131.569992065,17.9021015167,47.0994110107,1.02266455069
630,518.504821777,155.459899902,15.7002763748,53.9176368713,0.597225222737
630,328.840545654,29.8196620941,21.206823349,46.3919181824,0.589000154287
630,535.936462402,77.4579772949,22.0871887207,88.6384658813,0.160501734354
630,301.361968994,22.9655437469,22.7613010406,56.1060752869,0.00188010253623
660,618.821472168,142.676437378,14.3876791,43.2878913879,0.573598453775
660,319.301574707,53.1827507019,22.5671024323,59.0482978821,0.555768609047
660,399.082061768,30.4404602051,19.0071277618,49.3940734863,0.354089541361
660,411.734008789,22.5423297882,22.7115802765,52.3156166077,0.346778077073
660,551.364196777,269.254821777,33.2352180481,56.091999054,0.249021616764
660,598.708496094,126.167144775,23.4717388153,54.8472251892,0.0375931005692
660,222.09135437,93.2388305664,21.7205600739,53.2148628235,0.00930321693886
660,428.751434326,19.403799057,22.9640197754,48.1177253723,0.000218422997023
690,217.312942505,129.218765259,22.7609653473,59.5107460022,8.43091756105
690,248.521987915,140.921203613,17.6185245514,45.3342399597,0.992067717016
690,232.328567505,125.504005432,22.203294754,59.035533905,0.533674145117
720,445.37991333,104.769859314,24.2891788483,79.1865463257,31.3956171274
720,473.717376709,64.4562149048,18.8200912476,61.9522590637,4.9364246428
720,517.073669434,156.236434937,17.380739212,43.193271637,1.11001664773
720,561.419433594,181.24772644,20.6519451141,35.3166809082,0.96587697044
720,457.286346436,110.870422363,26.6711807251,86.8299560547,0.291230506264
720,530.81451416,145.662017822,17.6506519318,52.0761985779,0.0106432169559
720,353.768463135,104.011169434,22.2942485809,47.6747245789,0.00145579788295
750,314.707702637,144.397399902,20.4121417999,58.9528503418,1.79948117584
750,178.490921021,139.097808838,29.3134670258,77.1914596558,1.26666938886
750,462.73727417,91.293762207,19.5369758606,50.1677093506,0.675325561315
750,478.688690186,91.6256790161,20.9861736298,50.8585357666,0.625678431243
750,259.507354736,161.392318726,20.6513347626,54.3198699951,0.226116413251
750,275.591156006,65.5750198364,18.5911045074,45.9927635193,0.165241060313
750,536.686218262,65.9798812866,21.3887710571,58.2940635681,0.163310416974
750,217.799621582,116.058311462,26.9616241455,59.0401916504,0.0991568667814
750,6.15035676956,52.2606010437,19.8885173798,52.8626365662,0.0556558719836
750,531.944335938,121.699836731,18.3488864899,63.6043548584,0.0424452737207
750,505.048980713,36.2689933777,27.8117809296,99.7298812866,0.00111766421469
780,609.441833496,173.496276855,18.9636154175,51.118057251,12.2890904546
780,84.5349807739,177.69102478,17.9426288605,41.7555580139,11.9527846575
780,18.3452281952,152.20513916,19.360578537,59.428150177,7.56614357233
780,60.3246879578,175.394592285,21.434923172,44.4671592712,2.38510631025
780,530.481811523,103.283058167,24.1457691193,65.5844955444,1.91555377096
780,72.2802047729,177.557922363,20.314250946,44.5216369629,1.72787997872
780,608.580871582,64.8780517578,20.7042369843,53.172958374,1.72015372664
780,30.9431991577,167.211303711,16.8653926849,45.0296211243,1.02863414213
780,157.877212524,163.118347168,19.323097229,51.3295173645,0.903318356723
780,262.792053223,178.00138855,16.8935832977,46.1183052063,0.757015869021
780,6.99618768692,167.701416016,16.1053771973,54.3908653259,0.557726528496
780,53.6961975098,146.591842651,21.1914272308,55.5052223206,0.335227278993
780,547.659301758,38.6695289612,21.833114624,53.2111358643,0.247784424573
780,64.850151062,86.3536376953,18.6363964081,48.422252655,0.15903149033
780,566.061279297,35.3502922058,22.8770675659,58.8128700256,0.0639466219582
780,99.944984436,170.067626953,17.2720317841,43.6864814758,0.0540628738236
780,197.780349731,99.9248886108,28.0413379669,73.0094909668,0.0445372483227
810,66.4236221313,187.109436035,18.4720439911,39.6519050598,31.0395956039
810,14.0073766708,182.861022949,19.3639659882,53.2083625793,21.3668555021
810,609.933105469,58.3626594543,17.653383255,50.7395172119,4.34581935406
810,260.917633057,131.538314819,26.9060001373,76.6962051392,1.64527203888
810,35.5100517273,183.965835571,18.9427433014,48.6655693054,1.44646195695
810,541.784667969,173.684448242,19.0081272125,46.3479309082,1.25151267275
810,164.313827515,105.553947449,26.7074890137,59.9836006165,1.18837039918
810,67.1073989868,114.095787048,23.1898441315,81.8085098267,0.760109489784
810,533.448547363,177.798217773,16.5850315094,43.8391876221,0.557305058464
810,136.236953735,133.745681763,26.2962036133,54.1949462891,0.249537429772
810,579.440795898,63.6340026855,34.111782074,71.4859390259,0.120611093007
810,107.131614685,143.371566772,28.2659130096,62.3033294678,0.104501098394
810,249.878433228,163.897583008,18.8078708649,52.2224006653,0.038537857472
810,150.244979858,114.92956543,24.1528148651,56.5699195862,0.0258788000792
810,516.707763672,162.48298645,16.3200893402,45.6219291687,0.0163288816111
840,242.335128784,131.501342773,20.1205005646,83.7710418701,24.0162879229
840,449.450469971,66.3071060181,20.4954547882,55.57604599,5.14020733535
840,157.575546265,176.545410156,17.5772171021,43.2777252197,3.56506481767
840,545.124694824,170.283874512,17.3544769287,51.7021369934,3.45590896904
840,9.9865694046,155.233428955,21.0578556061,72.9740982056,2.86150928587
840,608.727478027,135.676513672,21.2632350922,54.2800598145,2.40725111216
840,9.50710773468,118.554710388,24.8076839447,57.4139518738,2.01347526163
840,166.765853882,150.983215332,24.4674682617,62.211353302,0.976596400142
840,274.189910889,170.219238281,18.6024303436,42.9881095886,0.775268627331
840,423.580200195,65.3036422729,27.7780075073,64.3847045898,0.767106749117
840,260.401153564,163.628036499,19.8421611786,48.2628936768,0.682049943134
840,25.5551395416,109.843528748,18.4340114594,49.2114906311,0.370395858772
840,8.49401378632,93.5644454956,20.631269455,50.0027427673,0.255868700333
840,232.975448608,163.924926758,18.6264362335,51.0998077393,0.0836906547192
840,286.286743164,174.724319458,17.2452831268,38.3051338196,0.046092714183
840,8.18256568909,43.9755134583,20.8168392181,50.4593963623,0.02817568311
840,339.437896729,81.186050415,22.7933216095,60.2175788879,0.0189867554582
840,45.3563957214,114.53730011,22.7278347015,57.6561737061,0.00220703168452
870,35.6286354065,163.159484863,26.4356479645,63.7546424866,58.7434947491
870,146.539596558,127.826965332,32.5495872498,85.4471359253,27.9978722334
870,391.728546143,59.4184989929,25.2634830475,59.8851165771,17.9412648082
870,135.425292969,151.049789429,21.5909042358,66.6089859009,17.0376211405
870,44.2946052551,113.947998047,40.0688323975,113.340751648,6.79069906473
870,502.491699219,163.69468689,20.5030460358,43.5734062195,6.03079162538
870,366.312225342,46.6239738464,26.9618167877,73.2192230225,4.39905487001
870,13.5067014694,39.4361419678,30.3453273773,67.9460067749,3.41047346592
870,178.511352539,159.460998535,20.0363616943,54.2264862061,2.54459921271
870,617.34173584,150.974136353,16.9636268616,52.2155189514,0.750362453982
870,366.385528564,167.575912476,18.9060649872,43.3295593262,0.217868806794
870,56.1557159424,157.697006226,18.5763511658,56.8396148682,0.151201814879
870,280.167694092,75.4903259277,22.7078399658,55.1346893311,0.0850140291732
870,570.175964355,46.8725318909,30.5501098633,117.518547058,0.0492739200126
870,268.736358643,68.207572937,22.6056995392,57.0613212585,0.026649935171
900,9.64057636261,171.485290527,22.0725879669,56.6723327637,4.67610880733
900,217.304855347,64.7396011353,21.1478042603,57.2121734619,3.32964770496
900,611.832458496,142.500991821,16.617433548,43.6482276917,3.26524861157
900,363.426025391,57.4058990479,20.6429843903,62.8235778809,3.15281711519
900,337.670562744,42.8504219055,27.1167907715,75.2264175415,2.38410048187
900,595.546447754,140.096954346,19.4104366302,51.8182411194,2.35890354961
900,529.581054688,111.929374695,26.2668380737,75.6972732544,2.10754815489
900,307.159667969,39.3804664612,32.2688941956,80.5658340454,1.68063640594
900,323.491912842,153.721984863,18.7339496613,41.5655212402,0.807006005198
900,206.0677948,156.935424805,18.8630752563,47.5736999512,0.765448948368
900,196.051803589,163.331634521,18.2493171692,47.2354125977,0.605941470712
900,325.472106934,61.0440177917,24.6908016205,67.2336044312,0.125194643624
900,563.420593262,126.091545105,21.8768482208,59.3545341492,0.0790128018707
900,484.175292969,167.322189331,26.5859394073,46.49949646,0.0773367239162
900,217.389343262,164.480392456,18.4457950592,42.894367218,0.0615221797489
900,228.814071655,166.249023438,17.7933082581,42.130695343,0.0574363220949
930,579.852050781,156.475021362,18.1613082886,43.641708374,47.4106729031
930,311.507995605,40.906955719,21.6256046295,59.1058158875,12.5096350908
930,51.3058776855,159.203826904,19.2354183197,49.1091117859,2.17457581311
930,362.551269531,52.9996337891,24.9492397308,60.9072303772,2.12706569582
930,94.0849685669,163.412368774,17.937833786,50.0921974182,2.12565194815
930,37.5044136047,161.765731812,21.3232841492,53.5500297546,2.08714175969
930,195.814926147,162.589431763,19.0827598572,41.8369407654,1.76837518811
930,179.346633911,171.472351074,19.580871582,41.020236969,1.48818343878
930,493.580230713,158.625778198,23.1662731171,58.7425956726,1.07102608308
930,313.741973877,134.941818237,19.5237503052,54.3315429688,0.841007009149
930,142.066833496,162.91784668,18.4950733185,43.8284454346,0.727481860667
930,274.939788818,37.4426040649,20.3248214722,66.2130661011,0.629693688825
930,297.964538574,141.609512329,18.7584342957,45.5877952576,0.545594654977
930,14.2680006027,163.994400024,22.1450500488,48.5731506348,0.37106378004
930,468.654693604,150.821533203,19.7323284149,52.4559020996,0.30308694113
930,257.299407959,35.1638145447,26.997636795,75.8940200806,0.119925988838
930,246.111801147,25.0853099823,25.2980556488,62.561580658,0.000853713754623
960,559.666381836,185.545852661,44.7901153564,94.362159729,47.2438514233
960,256.532623291,33.6525039673,22.0528640747,57.9893760681,8.3028383553
960,190.40977478,27.6928424835,20.2998943329,70.7904510498,6.39469623566
960,29.8102359772,169.649490356,17.5343608856,44.5069313049,2.68927328289
960,83.8162231445,167.357254028,17.7357769012,46.224822998,2.47478783131
960,101.545082092,142.701538086,24.8864154816,65.7257843018,1.75211261958
960,237.054214478,33.0061035156,25.0527496338,72.1897506714,1.36911980808
960,20.5944538116,173.822952271,17.2827472687,42.3841133118,1.155699417
960,222.588516235,38.1440010071,21.583656311,62.125705719,1.10497316346
960,551.068786621,117.691749573,22.0603809357,67.2946472168,1.01437866688
960,211.836013794,36.8434448242,20.0828704834,58.5818367004,0.880574248731
960,69.29271698,167.492416382,17.7419185638,46.1874809265,0.77778683044
960,529.63885498,99.3550643921,20.2789554596,70.8105392456,0.756200682372
960,93.4993057251,160.585006714,17.6906547546,48.32995224,0.516001461074
960,237.81036377,146.169387817,20.4529094696,47.0198097229,0.187465059571
960,584.884216309,174.325561523,22.235490799,55.0820465088,0.0826704141218
960,312.018798828,46.6514930725,27.6245326996,69.7877578735,0.0733979512006
960,198.799697876,49.9001808167,26.8150119781,77.7100524902,0.0203765608603
990,458.51272583,156.82081604,18.563249588,54.6807060242,10.5053931475
990,599.922180176,106.792144775,26.4057979584,85.8517227173,4.82076518238
990,192.713134766,148.228897095,18.3474445343,47.0473594666,1.62276308984
990,13.5141096115,168.378005981,20.5712795258,50.0164070129,1.28088118508
990,440.842163086,159.188278198,16.9497528076,47.2292060852,0.708506302908
990,515.779602051,134.665115356,23.1755046844,62.8971977234,0.477884849533
990,272.887390137,41.0538825989,25.6121749878,64.0178604126,0.404757028446
990,554.392333984,157.577682495,24.7386569977,50.1442985535,0.375951291062
990,616.757019043,161.007904053,15.4177713394,46.7942504883,0.297584990039
990,133.224304199,28.5752563477,23.6463031769,67.9432678223,0.234619528055
990,156.377990723,48.1409606934,20.6688327789,55.45495224,0.179509224836
990,208.670974731,148.761535645,20.5848636627,50.9316711426,0.143522198778
990,180.66947937,149.504394531,20.0419063568,47.211101532,0.0173975568032
1020,557.957092285,136.145599365,19.7776489258,62.791721344,22.1658349037
1020,509.410858154,152.053390503,23.233423233,76.4345321655,1.91894620657
1020,6.5541229248,172.645996094,13.8277921677,49.0867576599,1.83194577694
1020,571.933898926,127.497406006,25.0203552246,52.2345314026,1.57849788666
1020,168.07081604,156.084335327,19.667470932,49.5760688782,0.995501689613
1020,155.83921814,68.727142334,24.2755661011,65.3898849487,0.0773866544478
1020,136.504272461,56.1030273438,20.8227748871,55.1592674255,0.0201879331144
1020,473.819976807,99.0767822266,22.9296112061,63.244304657,0.00949226887315
1020,176.195571899,26.1551437378,22.6408367157,62.8317832947,0.00200369104277
1020,249.779663086,28.4384632111,34.2003326416,63.4324989319,0.000729329758542
1050,463.841827393,162.278610229,16.6521549225,46.7100067139,22.9270353913
1050,591.625732422,128.291091919,28.5582580566,98.9004440308,2.63727642596
1050,133.215103149,150.898391724,19.9449443817,58.9937019348,2.22721565515
1050,89.9678115845,154.486801147,18.2581062317,48.633972168,1.78605783731
1050,447.16696167,166.58253479,18.2288379669,45.0452613831,1.09178693965
1050,121.460548401,21.7101650238,24.3181438446,70.9041137695,0.848352443427
1050,144.429428101,158.822631836,19.6895637512,50.0567131042,0.706403097138
1050,12.729426384,170.32472229,15.6223363876,42.6667442322,0.577148096636
1050,228.458389282,28.9113178253,34.6139068604,72.1056137085,0.506963534281
1050,371.351959229,118.404502869,21.0280513763,55.606048584,0.3045582911
1050,147.913986206,27.1060657501,26.8896427155,70.8134689331,0.113705685362
1050,579.331237793,120.423072815,18.5047874451,58.6092834473,0.100120762363
1050,183.821426392,145.080917358,24.3651580811,51.8440208435,0.0819280161522
1050,436.467529297,168.942077637,17.9751720428,45.5091667175,0.0764251919463
1050,432.252716064,30.8361148834,21.5103130341,49.677947998,0.000368237624571
1050,63.7423591614,32.6216239929,24.7516708374,57.4788017273,2.63782084176e-05
1080,497.964447021,166.834121704,25.7990474701,69.9894714355,63.7939691544
1080,72.0355606079,158.324386597,19.9335708618,58.4728126526,48.9501029253
1080,19.8176040649,152.632247925,20.8154716492,58.6840667725,11.9506932795
1080,85.498260498,159.837890625,19.8190765381,56.6823692322,7.97618404031
1080,61.1417999268,165.634918213,18.6943492889,52.5269508362,5.79773820937
1080,472.870635986,165.398345947,17.8844299316,55.7077789307,4.87997159362
1080,19.6088962555,36.3474693298,22.3241500854,58.0184593201,1.5749104321
1080,457.581451416,168.069335938,18.3560771942,50.5867576599,0.989951752126
1080,361.117462158,122.280006409,22.6064128876,59.1782073975,0.93210497871
1080,512.820068359,176.761474609,21.815284729,54.5229377747,0.914006493986
1080,54.4094543457,34.3069343567,22.4648036957,58.5570831299,0.617961492389
1080,32.0992889404,34.0525588989,21.152425766,62.4876747131,0.262400601059
1080,199.188613892,28.0979919434,25.1467990875,64.1180038452,0.214978936128
1080,483.68258667,171.996948242,21.9693012238,56.164478302,0.210396549664
1080,527.084777832,183.381347656,15.2960119247,47.765789032,0.0817036838271
1080,99.927772522,143.595687866,22.0473804474,59.060710907,0.0790262245573
1110,604.61895752,158.898361206,32.4386482239,95.0936813354,82.9291880131
1110,540.532165527,178.585617065,25.9112644196,66.6384429932,62.3944580555
1110,476.371856689,160.713088989,21.1673049927,66.4854049683,4.10533770919
1110,616.388549805,144.592987061,19.0656814575,50.4146080017,2.10057385266
1110,39.9699363708,133.327407837,22.4252529144,67.2486419678,1.02984197438
1110,506.599029541,133.253509521,27.3159542084,71.546333313,0.869421102107
1110,498.737579346,155.484436035,23.8035507202,65.6517715454,0.241429847665
1110,335.394561768,108.027587891,24.1050643921,65.6183319092,0.240238686092
1110,593.227722168,144.807754517,29.1094055176,79.3289031982,0.18405035371
1110,509.232910156,180.91784668,21.096578598,61.7823371887,0.0638584780972
1110,35.0287590027,31.4593200684,20.6114902496,56.3614196777,0.0511823513079
1110,163.469970703,27.0339107513,21.7192687988,60.6674919128,0.0362081249477
1110,145.437911987,25.0748977661,24.5623416901,54.0898284912,1.3062464177e-05
1110,162.365341187,23.9976444244,39.1963920593,117.402519226,1.22612163977e-05
1140,514.90423584,196.171615601,22.2380466461,56.2480049133,17.68874228
1140,611.049987793,139.977005005,28.3342990875,80.2359466553,11.1595399678
1140,447.291381836,149.739379883,20.4153804779,54.4231452942,8.96540805697
1140,421.074127197,146.783935547,22.7675304413,55.2279472351,1.97983104736
1140,616.119567871,110.349098206,19.5636463165,60.2909660339,1.5006525442
1140,17.8059444427,157.158691406,25.3018131256,45.0889167786,1.33850071579
1140,437.162109375,154.157226562,16.5500869751,46.8320808411,0.972560141236
1140,622.609008789,177.268249512,17.3909912109,67.0791397095,0.898113101721
1140,566.392883301,155.748168945,28.7857456207,72.3300704956,0.628155050799
1140,472.753051758,142.631607056,19.1484565735,52.1800575256,0.30263022054
1140,5.95949792862,184.278884888,23.9003314972,45.909160614,0.22682719864
1140,309.495117188,85.1655044556,34.0389785767,84.2760162354,0.221896218136
1140,383.441772461,144.592468262,22.1761188507,59.5077705383,0.160625600256
1140,458.114227295,135.901412964,23.4758453369,62.3857536316,0.0840236549266
1140,351.451049805,27.4549007416,29.8198604584,66.0052185059,0.0185476164916
1140,369.510162354,17.3078136444,24.3282470703,59.6219024658,0.000499746693094
1170,610.745178223,84.094581604,19.2680416107,52.4909248352,3.68448197842
1170,441.959960938,149.705062866,23.5422611237,50.9589233398,2.34742444009
1170,476.522216797,152.042831421,26.9204406738,43.3963813782,1.58935002983
1170,379.751495361,135.768371582,21.8032588959,59.3535614014,0.762526784092
1170,152.518234253,136.783050537,16.6709747314,43.5422935486,0.606139795855
1170,412.594970703,72.6555786133,20.7535648346,62.3767356873,0.0617181416601
1170,16.3254394531,80.5950927734,28.5170040131,82.1774520874,0.048666173825
1200,383.746459961,121.032653809,18.199054718,58.8775520325,8.92362296581
1200,489.779449463,143.174209595,20.6752853394,53.1982688904,3.44402417541
1200,393.9168396,128.71963501,21.0036296844,49.8618812561,1.63721684366
1200,431.98928833,137.32093811,22.4608097076,55.152256012,1.35505599901
1200,408.940155029,125.050682068,19.1554393768,54.8120269775,0.701856706291
1200,453.960449219,39.3670158386,23.3316135406,60.9090919495,0.663631409407
1200,124.559822083,124.026634216,17.3965435028,43.2934303284,0.241581699811
1200,9.48550128937,86.0945968628,20.2554225922,55.480670929,0.237000687048
1200,473.032867432,40.0690689087,18.8656635284,54.2339935303,0.0315235054586
1200,320.446960449,96.6521911621,26.3106136322,66.6947860718,0.0250237470027
1230,12.6953935623,128.602111816,17.5524997711,52.7123908997,4.91164773703
1230,488.69052124,133.395401001,19.1515312195,64.2186431885,3.52363474667
1230,507.725250244,149.579162598,26.2446517944,70.882774353,3.31030227244
1230,535.915100098,101.254615784,20.7115192413,61.5951843262,3.20418328047
1230,455.762237549,141.179519653,26.2040786743,69.1731491089,2.36219335347
1230,418.027069092,140.369674683,25.4682598114,58.8320732117,2.18085926026
1230,41.0991401672,102.604431152,24.8432540894,55.8888435364,0.857517961413
1230,525.914367676,126.04573822,25.6684341431,81.2709350586,0.360107026063
1230,429.133453369,120.144966125,20.7827377319,64.0884017944,0.196396792307
1230,150.503341675,141.287109375,20.3429584503,41.5948600769,0.0411024986533
1230,535.109191895,42.0468177795,26.3091335297,57.3598022461,4.2164038927e-08
1260,608.288024902,109.586357117,21.2653999329,59.6213035583,30.4709047079
1260,60.6084403992,127.87789917,26.4599819183,52.9551391602,2.79119797051
1260,85.9329605103,128.463363647,18.754858017,55.0251197815,2.1884938702
1260,526.525146484,135.636764526,27.1027088165,74.9882049561,1.78883764893
1260,456.488494873,88.189704895,16.7344284058,57.5697174072,1.25807980075
1260,469.641967773,150.280563354,25.003610611,56.8796691895,0.671138009056
1260,23.8968601227,124.843910217,25.4531230927,62.0665473938,0.487869232893
1260,614.452697754,136.193771362,25.2910442352,63.5993499756,0.0185893572052
1290,607.631103516,173.365402222,23.8384227753,82.8437728882,2.93593406677
1290,7.80404233932,143.558654785,14.5214347839,45.3351249695,1.99188999832
1290,78.5718612671,74.1679382324,21.1921787262,75.1068954468,0.679635955021
1290,594.732421875,168.842086792,23.2707214355,87.4005050659,0.458239577711
1290,56.0513801575,121.075782776,21.6689834595,50.2625846863,0.160352198873
1320,483.671508789,145.270996094,18.828414917,65.3107833862,10.0759342313
1320,59.4618339539,82.9256896973,24.0122509003,70.9994888306,6.48981481791
1320,469.09362793,154.200485229,19.4187583923,49.9946784973,1.6770914197
1320,61.439743042,151.910079956,20.4072704315,54.9301109314,1.6183309257
1320,513.755187988,127.00717926,23.1781101227,62.9716796875,0.111616915092
1320,497.428497314,148.859893799,19.9316673279,58.2444038391,0.0827082141768
1320,13.4905700684,79.1570053101,22.5839385986,57.831073761,0.0355138181476
1320,47.4870185852,100.036804199,18.6229858398,58.9826545715,0.0283305416815
1320,421.001373291,30.0731964111,36.4922409058,87.8142318726,0.000119341314075
1350,579.209960938,167.894927979,26.6245727539,74.538230896,32.490465045
1350,493.125823975,168.693771362,16.5915641785,46.0955505371,21.2595328689
1350,522.64074707,160.890884399,19.4724292755,57.7225990295,8.57911556959
1350,10.9351606369,115.385398865,24.8877105713,79.2532653809,4.29482460022
1350,12.0819292068,87.2223892212,19.3825817108,65.1176681519,3.59284877777
1350,598.207336426,159.98059082,30.3547267914,72.6432266235,0.987934228033
1350,7.00457239151,146.194976807,17.5170116425,58.0845794678,0.807005073875
1350,475.153564453,162.220779419,18.1769981384,49.901309967,0.498826103285
1350,24.3612995148,147.70916748,20.7315177917,59.4996833801,0.320316012949
1350,523.753845215,131.253890991,23.1947307587,55.4712638855,0.16522500664
1350,46.1352348328,152.133651733,20.9693202972,54.5840911865,0.0570346135646
1380,336.202880859,95.8887634277,22.4563961029,53.5393829346,24.2705479264
1380,509.516571045,174.686706543,18.5477390289,48.6743049622,2.45758686215
1380,548.066833496,192.061584473,18.7578849792,42.6916542053,1.69457495213
1380,467.916290283,159.194580078,16.6514968872,45.8844795227,1.51764750481
1380,538.465515137,25.4414806366,23.0044803619,53.6103477478,1.56704438314e-07
1410,590.221618652,169.26133728,26.5817947388,76.6133804321,4.1854750365
1410,479.233673096,160.985961914,18.8286151886,46.0294189453,3.94544973969
1410,611.254455566,168.820480347,18.2897529602,51.9452667236,3.86277735233
1410,584.461730957,179.225662231,16.4225521088,59.4278564453,1.47063275799
1410,13.7454137802,168.109268188,20.6025218964,67.4370803833,1.1990705505
1440,416.142608643,126.850364685,27.8322238922,67.7267990112,3.55432368815
1440,195.861923218,159.535125732,27.1762599945,52.0587348938,0.513342628255
1470,575.961853027,170.321365356,20.7485256195,61.8714103699,9.43310633302
1470,388.656951904,121.383201599,18.9896030426,47.1920471191,1.89411509782
1470,585.772766113,145.709365845,19.2909965515,61.1725769043,0.326905609109
1470,16.8119983673,129.419403076,28.8614578247,68.0499420166,0.206003012136
1470,42.9083404541,124.704071045,22.0363864899,66.319480896,0.0973560207058
1500,213.530288696,117.53842926,29.2015380859,77.9648895264,10.6407649815
1500,345.035614014,119.474098206,22.1112365723,51.5706520081,3.49941961467
1500,328.980987549,133.842041016,24.4187870026,62.6268882751,2.46384367347
1500,490.856842041,179.209899902,31.0296096802,74.4687423706,0.00884935143404
1530,449.50112915,176.774185181,18.2025432587,41.8231925964,8.15355628729
1530,530.399230957,175.511795044,26.3943805695,58.2241020203,3.82274091244
1530,591.922973633,226.224060059,25.4223556519,105.776771545,1.70887615532
1530,516.618713379,156.845077515,17.0772418976,47.7281951904,1.3261907734
1530,298.041931152,132.79524231,18.7076854706,47.1516418457,0.90004960075
1530,92.4005508423,173.025436401,19.8286647797,44.4561271667,0.553528312594
1560,480.111907959,176.047241211,25.9812774658,52.9459648132,28.2906860113
1560,566.484313965,165.318771362,18.8946781158,43.2444267273,11.9752727449
1560,588.233215332,155.883346558,17.9776668549,54.8986167908,10.3236436844
1560,445.271697998,153.515228271,16.9700489044,55.2781333923,5.57901635766
1560,465.43371582,164.981582642,22.587228775,54.687713623,1.12361637875
1560,155.544998169,136.341720581,28.0328369141,62.4824790955,0.68791010417
1560,289.204193115,123.85559082,22.3792438507,57.261505127,0.675079319626
1560,454.875366211,149.752059937,23.5385112762,55.3832359314,0.541754206643
1560,430.95324707,144.57069397,20.4826107025,62.7727928162,0.40398943238
1560,496.079193115,166.033569336,20.4429759979,51.522857666,0.344870029949
1560,112.924682617,170.585494995,16.5428848267,39.4618682861,0.173567759339
1560,403.092285156,146.387268066,20.5254173279,53.6954803467,0.137397332583
1560,301.542419434,116.563560486,26.8675689697,62.3968811035,0.131120916922
1560,554.76361084,162.010498047,18.0400390625,49.3186759949,0.0817309191916
1590,412.538208008,134.163513184,27.7575855255,73.8201828003,18.8494354486
1590,581.695617676,171.177780151,29.982673645,80.6699371338,17.2215044498
1590,453.777801514,126.386047363,24.0261077881,86.147857666,14.170229435
1590,304.662017822,104.241851807,20.8413600922,54.4504051208,4.86969724298
1590,432.861053467,133.314117432,23.562002182,73.5315093994,2.07354091108
1590,545.835266113,181.044082642,27.0545063019,54.8675880432,1.49502167478
1590,13.8378791809,179.388931274,16.4691238403,41.6939468384,0.958421453834
1590,68.7419662476,166.78453064,18.3350543976,41.0047340393,0.728962477297
1590,572.087219238,115.540473938,34.0450668335,86.6781234741,0.474386010319
1590,500.926361084,139.641372681,26.6687755585,64.4081497192,0.21046679467
1590,406.100128174,150.755859375,18.6704311371,49.8168182373,0.139801693149
1590,50.4713020325,165.008041382,19.9218921661,49.8161735535,0.125890923664
1590,389.740142822,156.445831299,17.478843689,41.8708229065,0.0936867960263
1590,283.596557617,116.937675476,22.5945835114,55.3862304688,0.0764279859141
1590,468.289031982,129.360397339,29.0693187714,74.5531539917,0.052016263362
1590,268.525360107,129.57119751,30.8023700714,69.2223892212,0.00939306337386
1620,602.877502441,115.234191895,24.8098278046,107.159172058,43.8566058874
1620,571.895446777,102.065513611,39.1559028625,104.916252136,7.94906765223
1620,427.92855835,144.4296875,28.7380371094,64.275428772,6.16404563189
1620,503.225799561,161.104263306,24.3224925995,68.6134033203,3.3552877605
1620,286.907226562,110.305053711,28.7629528046,79.4304885864,2.92958449572
1620,504.70022583,105.436218262,19.5391330719,57.219997406,2.29109283537
1620,8.14701461792,81.7178955078,28.7745037079,68.9313812256,1.38919530436
1620,189.982131958,159.474533081,19.5739078522,45.7880859375,1.0867160745
1620,388.2784729,162.20980835,18.496629715,40.72315979,1.05539215729
1620,29.9303760529,169.314834595,18.2803688049,41.7001342773,1.00116403773
1620,273.570892334,119.981109619,22.393327713,64.6845550537,0.63065639697
1620,399.881835938,158.762893677,16.7945327759,43.6065940857,0.503543298692
1620,146.149765015,158.730941772,20.8694896698,48.7232818604,0.460397684947
1620,490.832519531,169.037277222,17.6172122955,45.4394950867,0.413033924997
1620,553.616455078,102.036613464,35.8943939209,94.8208618164,0.385683588684
1620,99.7718811035,163.888153076,18.0269012451,43.4358062744,0.374321592972
1620,479.866333008,103.897766113,25.5570926666,69.8724136353,0.231945374981
1620,410.19052124,155.880569458,14.651930809,45.7552833557,0.15495964326
1620,588.051879883,153.922988892,29.6256999969,62.0268745422,0.0536565028597
1650,50.667098999,161.913742065,18.871099472,47.6039428711,57.3625743389
1650,604.725402832,129.522445679,23.1702423096,64.2197647095,5.64392581582
1650,403.165863037,149.269515991,20.6960601807,55.8642463684,2.03771758825
1650,271.800262451,109.23613739,31.8666782379,90.3214492798,1.48247256875
1650,563.582946777,180.140426636,18.0110969543,42.1919326782,1.46688809618
1650,35.5290870667,165.37461853,24.3211116791,49.8829040527,1.22441565618
1650,62.4199180603,162.410415649,17.2241535187,45.1214408875,0.853322912008
1650,169.850967407,155.581115723,19.4087734222,49.0784454346,0.84277484566
1650,608.06463623,166.179458618,22.5876712799,52.963054657,0.788150820881
1650,575.40222168,169.603302002,19.1624126434,56.3945922852,0.336225144565
1680,390.829956055,154.883422852,25.9946365356,59.3192558289,53.8032710552
1680,609.294494629,152.178634644,22.5718917847,63.5162658691,24.597120285
1680,234.848678589,124.439277649,22.4773654938,79.8225250244,20.1629132032
1680,408.947540283,156.450042725,19.3465976715,56.0492591858,10.6463626027
1680,615.865600586,128.05921936,18.9313144684,50.2805633545,4.37903180718
1680,538.578552246,151.150924683,23.2133769989,53.6656188965,1.85370147228
1680,355.7996521,163.47164917,19.8549938202,47.0689888,1.01771606132
1680,582.700378418,138.41583252,21.1817245483,55.2642478943,0.853186007589
1680,248.598526001,152.700393677,18.2666454315,52.285736084,0.771718705073
1680,5.26004457474,162.765182495,16.0208396912,49.2049865723,0.717773009092
1680,419.175323486,139.361343384,26.6462020874,65.5988311768,0.264190137386
1680,596.363708496,145.816345215,19.3920783997,49.5975837708,0.0575047568418
1680,371.501495361,150.624069214,18.3799571991,52.0971374512,0.0251484161709
1710,217.95135498,147.354324341,20.325220108,58.2315979004,24.2270946503
1710,258.943756104,87.6937026978,20.1120357513,56.2945213318,5.29303215444
1710,225.720565796,120.588134766,21.2048377991,73.6864089966,5.00214546919
1710,436.297576904,172.661483765,23.9902820587,60.099822998,3.72357703745
1710,361.278106689,162.680557251,22.1567001343,49.7834129333,3.38637940586
1710,508.069488525,163.514648438,22.3677310944,49.4620323181,0.623869430274
1710,423.353149414,149.948318481,20.35896492,64.4629135132,0.492102047428
1710,411.237091064,169.178359985,19.7295818329,53.4072914124,0.369026162662
1710,351.729614258,158.896728516,18.6662330627,53.8480987549,0.245916633867
1710,454.996185303,92.4646377563,41.0086631775,98.2062301636,0.201331730932
1710,374.571380615,151.909469604,23.6789474487,56.6005401611,0.166066153906
1710,73.8010101318,174.590682983,19.4907855988,44.7059783936,0.13080064673
1710,328.871826172,136.224777222,22.8520259857,67.5273361206,0.127103226259
1710,232.529373169,92.7152633667,32.735370636,81.0689849854,0.025035260478
1740,416.472137451,151.368499756,32.1489868164,62.6245269775,60.7698380947
1740,552.737304688,95.8856124878,48.4092102051,110.549705505,19.2657515407
1740,523.441711426,167.045959473,17.1107311249,41.336391449,8.50229784846
1740,600.021362305,214.077468872,25.0070648193,67.2975082397,8.40054824948
1740,225.364547729,148.334671021,17.7594585419,56.2479896545,6.50108680129
1740,617.42376709,224.163101196,17.2699165344,55.0194664001,4.83189336956
1740,609.867370605,63.1550483704,30.1326293945,85.8869857788,4.80208471417
1740,403.209259033,158.475448608,24.7430343628,56.0219306946,1.59683357924
1740,508.657501221,165.750656128,25.2217502594,68.0825805664,0.463652424514
1740,484.240814209,149.984909058,19.4318027496,57.9123687744,0.185955665074
1740,318.298980713,58.7339363098,22.4714279175,53.948261261,0.062657892704
1740,13.7948541641,93.5157470703,32.2646522522,86.0413894653,0.0607173191383
1740,372.875,155.894454956,17.8715171814,45.0490608215,0.0581848726142
1770,536.202636719,129.058227539,49.2531852722,117.698852539,20.5884695053
1770,490.559570312,143.358703613,31.5577335358,72.9721298218,13.5992288589
1770,602.013305664,137.089126587,26.7868347168,77.4548568726,7.35144391656
1770,93.5376205444,178.555664062,19.2751064301,47.3972511292,1.6341175884
1770,114.061920166,184.797286987,20.8296012878,40.2803344727,0.769900577143
1770,594.65814209,92.0189437866,24.0325946808,74.2576980591,0.668094865978
1770,18.8357315063,102.329612732,30.3447418213,82.8152770996,0.461680023
1770,246.263244629,160.679367065,22.0738143921,54.2359199524,0.122345355339
1770,391.599853516,60.5594749451,22.0419139862,55.3950309753,0.0966136925854
1770,52.8594055176,96.0611801147,32.4242095947,79.7617645264,0.0291961652692
1800,449.134246826,29.4745159149,23.3975925446,76.0679550171,29.1599065065
1800,475.782806396,31.7741680145,21.1503162384,56.4084129333,4.5609023422
1800,337.453948975,79.7468414307,21.2192020416,58.7762336731,1.16785410792
1800,324.572875977,89.3907089233,19.4247951508,56.3243904114,0.301064341329
1800,259.578643799,173.359786987,20.0692634583,44.5342445374,0.167254672851
1800,90.1019287109,137.520477295,20.5245742798,58.0711021423,0.14945580624
1800,35.1608505249,141.553131104,20.9803123474,55.1007499695,0.0263686582912
1800,487.188751221,27.2874889374,19.9843864441,50.5145721436,0.0142124627018
1800,502.857421875,23.1764144897,24.461812973,59.1107139587,0.00238626253122
1830,437.689544678,33.9221534729,30.0493602753,83.3038864136,9.63128730655
1830,152.596603394,186.865737915,23.4152908325,45.8980560303,7.37275108695
1830,434.538452148,181.538391113,20.8922386169,49.8250846863,1.19373714551
1830,142.292831421,196.212387085,21.2743625641,44.9196052551,1.07701094821
1830,86.2538146973,137.219100952,28.6240100861,73.111328125,1.07052503154
1830,617.757080078,172.754806519,15.2438621521,43.9324989319,1.04384580627
1830,45.6807861328,197.018615723,19.914308548,46.9661979675,0.7575486321
1830,122.646766663,197.752685547,24.0688934326,46.7102470398,0.75228032656
1830,407.90524292,187.274169922,21.0413532257,47.6618614197,0.74648372829
1830,507.404174805,22.3515472412,21.9555873871,60.4022407532,0.570546882227
1830,109.33228302,195.702590942,23.4774780273,48.2279243469,0.547137577087
1830,40.3924942017,90.3333511353,26.3887386322,70.2454681396,0.52532646805
1830,298.313323975,182.285934448,25.0903682709,48.8338432312,0.497979391366
1830,483.821990967,16.5208835602,22.4650192261,70.906791687,0.417881365865
1830,83.6789932251,123.650268555,19.4128112793,52.5193595886,0.37700526882
1830,188.582931519,130.724380493,19.7063007355,54.7012176514,0.25803335011
1830,342.54296875,144.989562988,29.990354538,80.8542098999,0.235766125843
1830,503.412872314,67.4549179077,20.59608078,56.0543327332,0.14409070136
1830,378.964019775,133.026947021,30.4301071167,73.4147949219,0.119231874123
1830,472.772674561,36.1658782959,21.7343826294,55.5692024231,0.0811207166407
1830,55.2508430481,118.401405334,29.0765304565,76.8122253418,0.00786611417425
1830,528.070129395,70.9572296143,26.3799686432,60.6414680481,0.00238474640355
1860,524.329589844,195.553970337,23.2020549774,67.1951980591,49.8196661472
1860,360.898071289,189.842788696,22.467628479,55.4639778137,23.3127757907
1860,396.308837891,55.1325340271,20.8901424408,59.260974884,22.775515914
1860,498.627563477,209.36088562,18.1538963318,52.7182426453,11.885048449
1860,512.736938477,207.019775391,20.8391590118,58.6026268005,10.1875148714
1860,402.254241943,208.96081543,21.2432041168,43.242565155,8.30594077706
1860,377.322418213,92.900062561,21.4364871979,59.2747993469,5.28153069317
1860,372.356903076,62.0243034363,49.3383903503,130.950790405,5.00094890594
1860,30.4775543213,75.7101974487,21.6028671265,59.3853759766,3.59639450908
1860,509.513671875,95.2070541382,19.8303852081,82.8405151367,2.41091698408
1860,480.982147217,214.457473755,25.1529693604,52.3785247803,2.00771149248
1860,536.38470459,193.95552063,18.8614501953,51.2365455627,1.47206457332
1860,605.940246582,202.751785278,20.6877994537,55.0126457214,1.26005206257
1860,68.3324432373,109.10546875,18.6085681915,54.891002655,1.25728351995
1860,392.577301025,148.639099121,31.0468349457,92.8036270142,1.14287128672
1860,98.9823989868,129.869903564,33.9003410339,78.9144058228,1.13654881716
1860,371.952026367,179.161911011,24.5122509003,63.8795585632,0.998541526496
1860,431.326507568,207.136901855,19.1233921051,43.3579444885,0.791066139936
1860,416.852508545,156.567581177,23.7941818237,63.0018959045,0.589465955272
1860,470.518554688,230.511306763,25.2625751495,46.2314300537,0.455238763243
1860,415.696563721,206.599380493,24.1205921173,47.2977638245,0.428676791489
1860,88.8888549805,117.053123474,20.5018005371,63.8588371277,0.258356682025
1860,428.51171875,171.22492981,31.2270526886,65.1220016479,0.142851064447
1860,46.021282196,122.093421936,18.5547847748,50.7450256348,0.0894784461707
1860,597.169494629,18.3999328613,26.4130535126,87.6144714355,0.0424968224252
1860,391.660766602,89.6031417847,22.3623886108,63.3514251709,0.0292637298116
1860,616.788024902,26.9527301788,16.5665416718,50.5095367432,0.00588428119954
1860,556.580444336,31.8738117218,25.9060516357,80.6672744751,0.000534843911737
1890,397.280273438,31.6013622284,21.6240634918,58.0068702698,15.7114520669
1890,189.588439941,202.988098145,18.5859127045,41.5380897522,15.0333836675
1890,377.559783936,59.7172050476,31.5593891144,76.8433837891,6.80911466479
1890,176.477783203,204.710281372,19.6552276611,36.8314666748,1.88338924199
1890,471.75692749,207.587280273,21.9976024628,45.8758392334,0.713404593989
1890,484.83605957,209.519454956,21.6881275177,44.4222831726,0.402155192569
1890,122.735717773,106.263908386,17.8294849396,49.0447387695,0.375357130542
1890,382.357147217,33.240398407,21.2208118439,56.9266166687,0.162862287834
1890,104.678672791,104.609718323,17.7862796783,50.2972373962,0.0826536212116
1890,360.293823242,182.750869751,28.1809463501,58.8907737732,0.0681076431647
1890,453.960296631,123.873199463,27.8818206787,80.2507095337,0.0237175700022
1920,565.545043945,69.7177886963,19.4696178436,46.9709358215,18.8258245587
1920,383.049682617,38.4245567322,22.2899265289,66.0555496216,7.19553604722
1920,596.510681152,210.04246521,20.133895874,60.5341644287,2.71855648607
1920,367.043334961,42.0201759338,24.3296813965,72.664024353,0.761403469369
1920,67.4783172607,91.8833007812,18.0260257721,43.6382598877,0.493729673326
1920,43.6543884277,158.878555298,21.1816806793,46.9570808411,0.451203994453
1920,17.2948532104,158.381530762,24.8983364105,57.5350646973,0.387644395232
1920,544.54498291,216.821899414,18.3360137939,49.5488243103,0.212676986121
1920,45.0282707214,114.464355469,22.331533432,60.0961418152,0.15056845732
1920,584.325378418,207.781356812,20.0061473846,57.0311012268,0.143106537871
1920,242.886123657,88.9036178589,21.324798584,49.6731719971,0.0957523356192
1920,8.44426822662,153.050338745,15.0591592789,52.2131919861,0.0794442894403
1920,358.348876953,180.705078125,25.6439228058,63.2794303894,0.0715717847925
1920,53.0606498718,97.8919372559,26.9259929657,54.3863525391,0.0567899842281
1920,568.81463623,207.40574646,25.4165668488,60.0552101135,0.0501957372762
1920,108.466064453,87.1570663452,27.2815799713,68.1425247192,0.0267148832791
1950,574.62677002,203.662963867,28.3828296661,71.9480667114,38.5619610548
1950,128.113708496,199.413162231,21.3683261871,53.1470184326,14.2385676503
1950,7.93133401871,220.836898804,23.0779418945,58.785446167,5.27714006603
1950,565.451416016,221.099533081,20.7313346863,58.053527832,4.00912500918
1950,103.235565186,223.006729126,22.7298412323,45.0625915527,1.26799624413
1950,589.405334473,232.454223633,19.0149402618,49.0098724365,0.98276399076
1950,116.880683899,206.053726196,19.3280735016,55.3012695312,0.845468044281
1950,531.521972656,105.738464355,29.5080928802,77.2577972412,0.827716570348
1950,160.031082153,213.684387207,20.2090511322,42.8416633606,0.448394753039
1950,237.967529297,71.2594985962,20.2100543976,46.4456329346,0.239208806306
1950,12.3813476562,112.009727478,26.2570438385,57.9148254395,0.115097523667
1950,130.059890747,76.4532394409,21.9560165405,47.9897575378,0.0892381940503
1950,217.523422241,75.2178344727,17.971868515,48.9933433533,0.0864593370352
1950,93.6827011108,73.0116577148,19.0266590118,54.8735809326,0.0828160787933
1950,109.695243835,76.035987854,19.2791118622,53.4471473694,0.073487078771
1950,89.8078308105,219.523361206,17.7307262421,43.9887580872,0.063808815321
1980,10.5927200317,206.997665405,19.8420009613,51.0648193359,45.2816307545
1980,374.060546875,206.259048462,19.8106975555,43.6462059021,39.6764546633
1980,84.5085754395,223.526000977,19.7111358643,47.6243247986,30.2985042334
1980,473.312713623,209.444335938,22.3349666595,50.4964179993,11.9850181043
1980,602.30279541,18.7669124603,27.6616916656,68.1990737915,4.10606488585
1980,464.138885498,226.788757324,20.9135532379,47.2679595947,3.84692214429
1980,62.3819999695,214.50177002,18.9629802704,40.8981361389,3.45871038735
1980,23.9594268799,202.627029419,18.3714179993,55.3798980713,2.12110187858
1980,222.985046387,46.0222053528,17.7422046661,49.9866943359,0.775189790875
1980,107.695274353,184.671508789,27.8905277252,60.0808982849,0.678913388401
1980,130.516616821,55.4895324707,20.409072876,45.3916168213,0.479188701138
1980,618.012634277,175.466415405,21.8512878418,57.2977600098,0.43051992543
1980,248.008422852,55.2789726257,20.5151958466,48.2717018127,0.3501431318
1980,110.350395203,53.1681480408,18.2798347473,52.1982307434,0.294145732187
1980,11.3200979233,91.2735061646,25.2692584991,55.6922569275,0.261761271395
1980,568.718078613,286.722351074,21.2368621826,45.6551208496,0.188355427235
1980,99.4132080078,196.885131836,20.2089824677,55.7902641296,0.171711819712
1980,46.3239021301,210.872177124,22.7227344513,45.5323791504,0.167506863363
1980,71.3879394531,60.3229484558,20.2015743256,51.9246482849,0.0780030793976
1980,237.2837677,47.1799125671,20.8692493439,46.7707481384,0.0692398170941
1980,141.291107178,67.0968399048,20.3539981842,46.5658531189,0.0600002997089
1980,120.73690033,66.6046447754,18.9313335419,48.85679245,0.0267619790975
1980,595.355529785,21.431684494,18.9078655243,50.3756980896,0.000702627357896
