30,596.325500488,86.0670776367,26.9757022858,70.3487014771,8.511300385
30,5.24057388306,193.855712891,15.5182695389,48.8323249817,6.36727362871
30,606.168273926,183.51612854,22.3322753906,57.6827850342,4.28840890527
30,508.7449646,179.581466675,19.7620716095,57.5514068604,1.21144754812
30,613.579223633,94.5137710571,18.2963371277,57.3180999756,0.791335385293
30,520.174438477,178.054031372,17.9458065033,52.7269706726,0.735104549676
30,492.930877686,181.699523926,19.6335735321,51.3356132507,0.0272419420071
30,124.401794434,114.232475281,31.1914196014,81.5965194702,0.00779359979788
60,606.270385742,183.067337036,22.2258243561,59.4009437561,12.3928114772
60,596.479431152,84.5511016846,27.1509799957,72.9539260864,2.86051463336
60,8.48586559296,197.769729614,17.9052295685,46.0825767517,2.77847219259
60,92.3936462402,166.521530151,19.7350521088,54.8732032776,1.81121937931
60,119.381126404,164.533309937,18.2042980194,60.2231292725,0.915949419141
60,103.5911026,162.537490845,17.565410614,53.4907341003,0.858329050243
60,74.9041519165,178.28918457,23.2475891113,51.4523124695,0.625358661637
60,129.216903687,153.417251587,22.5997257233,73.8284072876,0.364680448547
60,617.36895752,98.6247177124,16.77161026,51.1771507263,0.301605998538
60,120.131225586,114.050292969,30.3996906281,79.6119613647,0.0335134536726
90,49.2960166931,119.012138367,22.215675354,52.6007652283,7.09178522229
90,607.031799316,179.567428589,18.3683948517,59.1469535828,5.34694418311
90,599.018371582,88.3022232056,27.3529129028,63.4760322571,4.23219054937
90,561.669128418,159.146957397,22.2449092865,54.3147087097,0.729333655909
90,120.535057068,113.643188477,28.6054000854,73.8222351074,0.421234639362
90,64.9729232788,93.7866439819,22.9060077667,62.7553291321,0.250295782462
90,503.503326416,182.251037598,24.7482757568,54.9544410706,0.244210520759
90,617.735778809,100.740562439,15.9828119278,54.296295166,0.187211262528
90,590.107910156,72.8256454468,22.2406520844,59.0145683289,0.129843398463
90,79.5325088501,97.0160293579,23.2332134247,58.5476417542,0.00144667064887
120,24.7372188568,174.279922485,31.7610263824,75.9949111938,8.09470713139
120,85.0353088379,196.089309692,27.2169551849,55.6904296875,5.28027825058
120,599.790100098,91.9527206421,20.6613273621,56.0170288086,3.30726057291
120,97.7978897095,180.80116272,24.1558132172,58.003238678,0.53985407576
120,123.249755859,150.445251465,21.3183498383,74.9403152466,0.460354425013
120,615.921386719,95.4936904907,17.8461933136,47.383014679,0.390434195288
120,116.530517578,104.330482483,28.3206481934,79.2853469849,0.18999093445
120,141.084884644,164.723007202,20.0643672943,62.1305656433,0.0662163132802
120,186.754348755,162.30632019,18.3693408966,53.5724487305,0.0502150971442
120,585.846435547,78.1259231567,19.79022789,57.5583076477,0.024915515678
150,117.348228455,181.461608887,22.5098667145,62.8383827209,75.914400816
150,600.153503418,90.7447738647,26.3173828125,60.3913917542,18.6322256923
150,605.604858398,178.30480957,22.8037586212,61.6846618652,5.07890023291
150,129.557632446,181.686172485,27.6108875275,58.8421630859,1.19901662692
150,510.743164062,178.165771484,21.8240642548,58.7366638184,1.10872406512
150,616.804016113,102.85193634,16.4603118896,50.2365150452,0.313539314084
150,526.968933105,178.116073608,16.6845741272,49.0189857483,0.257159024477
150,245.147872925,169.923828125,16.4138412476,47.8420448303,0.172641174868
150,23.4945220947,141.201217651,29.1410522461,83.8438034058,0.0873551995028
150,70.3669128418,96.4722366333,21.2258243561,56.5755462646,0.0393263384467
150,492.448577881,180.621154785,21.6717300415,56.1392402649,0.0276072212728
150,118.25390625,112.308166504,32.9443473816,87.0867996216,0.0202639173949
180,7.23668336868,203.575927734,14.0234689713,41.1427459717,1.09049892053
180,23.2320404053,169.675338745,24.5932598114,67.9265060425,0.852805841714
180,561.761169434,154.840118408,23.0755157471,55.8925933838,0.267641525716
180,599.719177246,95.677406311,24.8371829987,64.1425857544,0.266504008323
180,78.7769241333,177.032592773,17.5395812988,49.9022407532,0.210490566678
180,89.3902587891,172.158004761,17.4909381866,47.276763916,0.155183090828
180,590.848937988,83.4404525757,21.9007110596,59.4883537292,0.0916855118703
180,69.5368118286,92.1827926636,24.2537136078,61.7070503235,0.00177978909051
210,157.666152954,189.929122925,20.7221622467,53.5006256104,16.3470685482
210,9.03413677216,199.012512207,18.4110469818,46.1757774353,6.59261345863
210,595.684631348,91.223991394,28.4923248291,66.9732513428,2.91332546622
210,67.7964172363,177.398925781,19.7323608398,55.4539146423,1.88677273691
210,91.8209533691,170.094680786,20.1831893921,51.7455787659,0.845188833773
210,144.856399536,179.43119812,18.3593158722,57.7099723816,0.829286687076
210,125.797477722,166.255599976,22.5589885712,61.6883850098,0.353097170591
210,115.690711975,104.38949585,24.0822620392,74.4466323853,0.251597934403
210,104.778198242,170.93107605,18.1886405945,46.55078125,0.240704859607
210,501.318756104,180.837402344,25.9275569916,56.8678283691,0.175074720755
240,596.323120117,89.6870346069,28.6172409058,69.6857452393,10.1468935609
240,67.9256515503,174.655395508,17.9635066986,58.5535926819,8.88129919767
240,7.72588300705,204.336486816,15.7648305893,41.8395004272,6.60705864429
240,210.135681152,180.893661499,17.9342670441,45.3519935608,0.617865473032
240,617.219909668,98.3702926636,17.6048793793,54.2044067383,0.315381470136
240,19.2297267914,198.517105103,17.7672786713,46.9763679504,0.211066473275
240,78.246131897,175.360275269,18.3262481689,49.5800056458,0.138964573853
240,120.856040955,107.312400818,27.9647884369,81.8534545898,0.103728915565
240,179.902038574,183.395568848,18.728395462,47.0508995056,0.0934242620133
240,136.660903931,162.608291626,21.0588645935,60.4423027039,0.0443636701675
270,605.914978027,178.119308472,24.6478290558,60.0394020081,12.8551319242
270,8.47373104095,203.238571167,14.5787134171,41.5493011475,3.12265083194
270,502.936981201,184.163146973,27.2306690216,54.3287200928,1.70813053846
270,24.9500675201,176.294387817,22.402885437,59.2292442322,1.2790790759
270,561.65423584,153.13822937,23.3805618286,56.9610137939,0.880262348801
270,599.077209473,96.0611953735,26.0118541718,67.1201248169,0.875792372972
270,617.301330566,202.548568726,16.2555770874,48.8127403259,0.481495121494
270,105.427619934,172.1484375,17.0746936798,45.6258392334,0.433171680197
270,617.67791748,99.7170791626,17.0650234222,53.0561981201,0.277730659582
270,121.39427948,156.551269531,20.4026870728,73.7586746216,0.151402328629
270,591.356750488,83.203666687,20.7166347504,56.0576667786,0.14656430576
270,88.4822311401,172.875595093,18.4474639893,47.1248207092,0.122443353757
270,122.75402832,118.270896912,33.8626289368,92.8371047974,0.0277752784314
300,64.3840866089,196.977371216,21.3903522491,43.4963684082,6.25290870667
300,609.90838623,179.587936401,18.2704963684,56.4955863953,4.84097376466
300,597.053894043,93.0407943726,26.1586151123,73.4524765015,3.84782999754
300,8.95157337189,201.734207153,18.0405864716,41.5846061707,2.687641792
300,558.87512207,164.344665527,18.5276870728,45.9804382324,1.67944226414
300,504.061523438,184.232131958,25.6960811615,53.6259918213,0.937116611749
300,105.022209167,170.00592041,17.9769611359,47.0509376526,0.742915133014
300,78.0155029297,190.768936157,17.4196796417,44.6064605713,0.534822558984
300,568.688415527,149.690673828,19.1678028107,57.9433479309,0.419409060851
300,94.1547927856,171.677505493,18.1807231903,46.465045929,0.407288456336
300,119.116577148,162.214523315,18.8098659515,59.4008140564,0.345822353847
300,134.852767944,161.494491577,21.453130722,62.3363037109,0.128530571237
300,117.386146545,105.929634094,26.9274196625,79.805305481,0.0569328025449
330,2.86883807182,184.979934692,25.4135055542,66.8527908325,98.2414722443
330,608.129821777,180.171264648,21.7482128143,58.6443519592,6.47862479091
330,18.7535190582,188.631057739,18.4076061249,61.9130058289,5.25351129472
330,558.549377441,169.179458618,18.1445980072,45.9923248291,4.84001785517
330,596.929748535,87.1385269165,26.7583713531,73.8653869629,4.82205972075
330,120.799346924,165.667129517,19.8958187103,59.9961891174,0.753555679694
330,510.085693359,177.816574097,23.1180934906,58.9512634277,0.709733739495
330,31.4245758057,184.13848877,17.9590206146,56.1327705383,0.327488267794
330,568.730773926,168.602127075,18.4664134979,46.8244934082,0.313919805922
330,617.617492676,102.28818512,16.2808742523,54.6140022278,0.267186993733
330,134.420883179,163.036270142,23.2014694214,61.4494895935,0.141621252988
330,185.471298218,161.705245972,19.5707969666,55.6921234131,0.0942631741054
360,45.6196594238,179.280807495,37.9329376221,75.0601882935,97.4258065224
360,607.370544434,176.05456543,23.8625240326,62.1967468262,13.5839357972
360,32.9192695618,180.086074829,27.4575042725,68.8819351196,11.9742393494
360,9.34237480164,201.510360718,17.7068367004,41.8066368103,6.05376549065
360,558.109619141,164.456069946,18.762254715,44.7728843689,2.07488909364
360,509.748260498,178.953384399,21.183719635,57.8726844788,1.93069335073
360,594.933288574,91.0176086426,26.727273941,74.6147079468,1.82288810611
360,364.85244751,167.586990356,17.3763198853,49.322063446,0.503961974755
360,568.498840332,159.829406738,19.2449245453,49.3740119934,0.401117699221
360,526.574645996,178.040222168,17.3204345703,50.3087005615,0.219914643094
360,19.374376297,190.09197998,18.098285675,52.9871025085,0.205774302594
360,123.330177307,148.843673706,28.0694065094,79.6392211914,0.0944914587308
360,185.784118652,160.070175171,19.2201385498,56.753780365,0.0722395838238
360,116.287071228,106.640022278,26.2821960449,80.5786056519,0.0179836788448
390,105.782592773,179.811157227,33.3320579529,69.9001846313,98.0411052704
390,609.199462891,181.50012207,19.2936115265,57.2597465515,17.9479286075
390,91.7122116089,189.1224823,22.7470626831,54.6522712708,9.74964424968
390,596.319152832,84.2307739258,26.1819019318,67.7643280029,6.51327893138
390,8.52430057526,203.238815308,15.0472145081,41.640914917,4.22552712262
390,558.336486816,164.710723877,18.6600666046,45.2507972717,1.87662858516
390,128.937576294,182.702438354,18.7099666595,53.388004303,0.406806124374
390,592.607971191,156.889144897,27.9617938995,78.3375320435,0.306004006416
390,19.1583652496,199.486984253,17.5991783142,42.4358634949,0.262682489119
390,616.84588623,102.528076172,17.3196239471,53.0687408447,0.1964335097
390,564.645324707,141.205795288,25.630777359,68.5902099609,0.149204523768
390,186.394104004,163.314071655,18.5412368774,53.9333000183,0.0612589064986
390,118.451049805,113.34047699,32.5978965759,94.4133987427,0.0140672942507
420,163.478057861,180.590499878,36.5322532654,67.8128890991,98.4497606754
420,595.103881836,93.1021499634,27.1296520233,75.2766799927,10.7920348644
420,605.17199707,180.711914062,23.2215061188,58.5304145813,6.32846876979
420,8.82252407074,199.082870483,17.4279842377,44.3383789062,1.33057385683
420,513.969970703,181.904922485,18.841709137,52.4273643494,1.09400134534
420,93.6082992554,172.999679565,18.9858150482,46.7238731384,0.836543273181
420,609.897033691,99.5900268555,17.6295032501,52.7463340759,0.723494822159
420,527.59173584,177.983398438,16.2876529694,48.9630851746,0.375860999338
420,76.8149795532,186.791946411,22.9988460541,50.5466003418,0.362117541954
420,110.485740662,167.408859253,17.3391456604,52.7116279602,0.252925022505
420,119.437591553,104.848716736,29.700170517,90.9369812012,0.162231829017
420,149.355712891,179.768295288,26.0721740723,61.8160095215,0.11798099149
420,587.169372559,66.855682373,28.5979442596,69.6994400024,0.0573808443733
420,69.7014770508,101.060142517,24.7122554779,67.477432251,0.0285446061753
420,105.834754944,95.0859680176,19.5296459198,56.4693756104,0.0223478898988
420,493.643066406,179.988601685,21.6095561981,55.6938896179,0.0220033703954
420,94.595703125,96.6588439941,18.2993469238,51.8576622009,0.00214671090362
450,28.8376140594,179.337265015,29.7363128662,73.1371078491,98.3094751835
450,225.450744629,170.374008179,35.2773857117,82.7928390503,92.0360565186
450,214.691848755,167.870422363,22.2551784515,80.2323684692,20.3276529908
450,597.190185547,91.4030075073,25.1290283203,68.5386428833,12.2966997325
450,47.105682373,191.447280884,19.5601024628,49.356678009,9.86145064235
450,606.442443848,179.242843628,18.7713680267,57.563709259,6.28716498613
450,18.9514808655,184.916702271,18.0595684052,60.3399200439,4.13352623582
450,68.9434280396,181.202987671,16.9278011322,51.5522499084,1.32483392954
450,110.939201355,167.587661743,17.877199173,50.0777397156,0.928407907486
450,10.7822151184,196.88822937,15.461520195,48.736415863,0.836005713791
450,616.140808105,96.0344467163,17.9523563385,47.9741096497,0.817798264325
450,122.202270508,164.677597046,19.9657993317,62.4050788879,0.721982074901
450,560.648010254,163.538574219,22.678030014,54.298740387,0.597452605143
450,88.3122558594,170.879455566,19.5647907257,48.8526611328,0.581506174058
450,367.6668396,166.898468018,16.7058067322,49.3524017334,0.328018330038
450,206.458999634,154.314971924,21.0661277771,63.2163696289,0.263572274707
450,509.4503479,176.494064331,22.5847396851,60.2378425598,0.216898554936
450,133.912582397,159.691177368,23.2470474243,64.9388275146,0.126307969913
450,120.555702209,107.923278809,29.3401565552,88.1552810669,0.043135046144
450,247.020004272,176.536178589,20.2272834778,61.19581604,0.0239633838646
450,491.874755859,180.531616211,23.8943805695,56.3164329529,0.0141369615449
480,83.3806686401,177.167831421,29.2882003784,70.8121871948,98.5326588154
480,285.68270874,177.572998047,33.0025749207,71.5528717041,95.6003844738
480,67.6654586792,181.930541992,18.1657047272,53.5884056091,7.09226727486
480,596.743347168,92.2944412231,26.059343338,71.6928939819,6.30499720573
480,8.82923030853,200.583114624,17.7733306885,45.2586326599,4.66443635523
480,206.801834106,163.13508606,24.4990615845,61.1910896301,4.36716079712
480,605.305175781,181.570144653,22.7484283447,61.711856842,4.23887260258
480,560.819885254,165.239212036,21.385017395,50.0550537109,1.29790408537
480,277.060302734,182.815734863,20.8312587738,60.2166252136,1.17410756648
480,105.53314209,172.68586731,15.2082548141,49.6212768555,1.02723166347
480,615.787231445,95.7474365234,18.1253433228,47.5423698425,0.936517957598
480,76.7004547119,187.242675781,18.2304973602,59.5649604797,0.60528931208
480,117.837638855,171.007125854,15.917137146,55.4431152344,0.285933213308
480,140.856201172,166.395706177,20.8083324432,59.2288970947,0.216945749708
480,251.382553101,177.13520813,20.9601688385,50.1022071838,0.12367129093
480,221.129379272,165.553817749,20.825510025,61.5543022156,0.112148409244
510,137.608474731,173.46055603,28.778585434,73.7032546997,95.566880703
510,340.820770264,169.860183716,40.326171875,77.0439300537,79.1815161705
510,596.930053711,97.3733825684,28.1785106659,72.0702056885,13.5659739375
510,10.8219223022,201.522094727,17.2834224701,41.4838409424,4.63015027344
510,603.378601074,181.579849243,24.1323947906,61.1776390076,2.80379075557
510,125.727287292,172.397827148,20.6755142212,60.1481323242,2.65181455761
510,71.5185165405,176.291824341,19.7697353363,56.9819068909,2.49332264066
510,23.6313266754,172.212768555,25.6550521851,65.0748825073,1.18438368663
510,111.048278809,166.828720093,17.5558872223,52.412563324,0.939051155001
510,99.5040588379,172.120254517,17.6616783142,45.1560974121,0.650161597878
510,616.217895508,97.0907211304,17.9685192108,48.3635826111,0.486746104434
510,590.698242188,82.5718002319,21.6769390106,59.6986579895,0.466180080548
510,561.200622559,154.399765015,23.0193023682,56.2882957458,0.462300237268
510,88.1119308472,168.229629517,20.8252105713,56.3614997864,0.321196392179
510,120.724479675,110.326698303,26.6619205475,84.4973144531,0.101806037128
510,215.675491333,165.354263306,21.1955890656,52.898235321,0.0979675911367
510,455.326690674,175.736999512,22.8379058838,57.1998710632,0.0523971160874
540,406.835906982,174.881362915,34.4521865845,70.8280715942,98.2993960381
540,193.492263794,176.225234985,26.8934173584,65.6854629517,92.4940526485
540,598.814331055,90.904335022,25.0137691498,63.8659706116,16.3490653038
540,604.606933594,177.915359497,21.8822116852,58.9804992676,4.49463352561
540,11.0627088547,202.755874634,17.3094005585,41.3592147827,4.30143773556
540,23.6190128326,169.032119751,25.5269908905,66.7265625,2.28168722242
540,427.566894531,181.84564209,22.4692211151,57.2503395081,1.25939743593
540,560.530639648,164.701889038,22.253944397,48.9669342041,0.844813883305
540,110.93144989,167.053314209,17.6119251251,52.0387153625,0.785207841545
540,122.591949463,151.009902954,21.471124649,75.8536376953,0.655518332496
540,99.2487182617,173.207595825,18.2067165375,45.0254249573,0.638537341729
540,615.967102051,97.0456619263,18.3728694916,48.088344574,0.543894385919
540,76.9053649902,179.486328125,20.8151226044,52.4876747131,0.405073165894
540,502.87902832,183.198791504,25.145658493,54.2690582275,0.244034524076
540,133.716247559,160.799926758,22.6320285797,64.3019638062,0.101070234086
540,585.235961914,67.4333267212,19.9750385284,60.2084770203,0.0518930552062
540,68.4610977173,100.014762878,24.5824718475,54.3540458679,0.0107284278783
570,459.083740234,178.175491333,40.5763092041,70.7031860352,90.4825210571
570,248.327041626,172.382873535,30.9589748383,70.9937515259,86.7988049984
570,599.457336426,88.4855575562,26.1411342621,65.160697937,12.8863960505
570,9.25905704498,198.509643555,18.8372306824,45.6162071228,12.3755082488
570,452.095855713,176.685043335,21.1506748199,65.4630508423,11.4808626473
570,487.871002197,181.407546997,18.4586830139,64.5902633667,7.51894265413
570,607.368774414,168.79095459,21.2533912659,57.6617736816,4.98600564897
570,93.1019058228,173.329116821,18.9719867706,45.5648651123,1.46305318922
570,119.519676208,163.419250488,18.4082794189,60.7877235413,1.25013785437
570,496.242431641,177.030761719,26.1021175385,61.689250946,1.0885505937
570,517.194213867,177.073135376,20.0962429047,54.6383476257,0.551681499928
570,105.54196167,170.27520752,17.5564632416,45.5269317627,0.485900789499
570,616.82434082,100.708351135,16.7348384857,48.2602806091,0.306955794804
570,238.895996094,171.327331543,20.8318996429,54.9858093262,0.2950361697
570,66.831161499,94.9559249878,25.6426410675,62.4145355225,0.27482919395
570,129.266281128,150.712341309,22.682882309,77.0237350464,0.18642260693
570,81.4773101807,186.762771606,23.7215862274,48.346118927,0.0891705334652
570,585.700378418,71.1734008789,20.3223018646,56.8950386047,0.0672300462611
600,303.231414795,173.001098633,31.3413181305,73.4519577026,95.1373636723
600,513.749206543,180.98425293,21.9356632233,57.1666870117,93.5507237911
600,532.861816406,181.345535278,28.1175937653,66.5381469727,72.8663802147
600,9.51145744324,201.019119263,18.1071071625,42.7570381165,5.65973185003
600,602.714050293,89.7329177856,21.3438510895,57.9822540283,3.36440987885
600,503.229034424,179.141525269,17.4760379791,63.4559211731,2.95030605048
600,102.369697571,164.908798218,21.6193370819,54.2047119141,1.09279025346
600,553.21295166,178.979614258,18.9125118256,50.7504234314,0.820242799819
600,87.6784286499,166.418823242,21.5375289917,57.7436103821,0.566787319258
600,121.869628906,172.822677612,19.7484607697,54.50440979,0.550543097779
600,77.3615341187,182.165359497,20.0300807953,51.0787391663,0.296660419554
600,616.933349609,102.358558655,16.4197998047,54.6298942566,0.208778236993
600,140.78817749,167.27142334,21.1380596161,59.2078132629,0.147573917639
600,119.587310791,108.196540833,29.8737792969,83.1856536865,0.0456244830275
600,64.9064102173,93.9544677734,26.3479137421,61.5474433899,0.0147624639794
630,559.608825684,179.508743286,20.5311164856,64.9377670288,97.5734472275
630,355.661956787,176.614318848,32.4192428589,70.3296737671,95.2501654625
630,584.93963623,181.1978302,20.4200267792,58.7187538147,51.4730036259
630,598.663146973,92.6292190552,25.3104496002,68.2912445068,2.2325752303
630,601.021484375,175.132461548,19.3205318451,58.3311271667,1.89346130937
630,243.780990601,168.42515564,16.3015727997,48.9692955017,0.475522922352
630,617.688781738,102.520820618,15.8637046814,53.4671974182,0.169010960963
630,374.865722656,174.36541748,22.2278385162,59.0496711731,0.0745915051084
630,121.397651672,105.657615662,27.2105998993,81.5023727417,0.0538630294614
660,416.332000732,175.940353394,26.1065692902,70.3274688721,97.3859488964
660,596.592712402,173.780960083,21.6488552094,40.9518470764,16.7225047946
660,598.371398926,89.9948196411,27.0278778076,70.5910568237,8.11676457524
660,403.678192139,177.603530884,22.0153942108,63.5314674377,1.30551410839
660,73.1431732178,182.519165039,16.9307670593,49.4792060852,0.762400403619
660,110.822776794,166.830123901,17.4321689606,51.197555542,0.622258661315
660,51.8267173767,199.605056763,25.9899120331,58.9467658997,0.55504408665
660,616.183044434,95.8702774048,17.9257831573,47.4392356873,0.463316310197
660,445.963897705,173.806274414,21.4841156006,56.7098388672,0.383542734198
660,99.7205123901,171.975341797,17.6792984009,45.4698181152,0.317772827111
660,122.228843689,172.33140564,18.8646068573,53.3483734131,0.30815009959
660,432.737091064,171.067977905,21.1803951263,60.4453086853,0.236195954494
660,130.632827759,152.597412109,22.6994953156,72.7315368652,0.115261820611
660,612.038085938,169.665084839,15.3032236099,42.6937599182,0.110510597005
660,84.8658676147,178.600021362,17.8409175873,46.3609352112,0.0854744401295
660,458.860351562,168.238693237,27.1777515411,59.5603675842,0.0665488711093
660,121.577552795,111.861717224,28.0544605255,80.2456970215,0.0286305439658
660,492.244232178,175.479629517,23.2375087738,59.2936096191,0.0118965035654
690,463.434417725,174.987319946,34.262928009,73.9410324097,97.3377525806
690,602.120300293,91.3348617554,21.212015152,58.4407081604,19.1529169679
690,452.934417725,175.205459595,20.0655078888,69.6407852173,6.51160925627
690,8.29353237152,196.682937622,14.5547561646,45.2803649902,0.897929444909
690,484.98449707,189.701461792,18.2110671997,57.6974029541,0.891655869782
690,616.442321777,95.2613525391,18.1875724792,47.1471443176,0.503786373883
690,591.561462402,82.5732955933,21.3150806427,60.3533172607,0.209518475458
690,122.407653809,109.747947693,32.441860199,86.8245925903,0.0170882223756
690,65.6307373047,93.6437072754,29.3980770111,67.4709625244,0.0165536490385
720,594.745849609,92.9601135254,23.5654220581,61.7185249329,17.134359479
720,606.314880371,174.871749878,20.5469589233,56.3615989685,13.7351199985
720,8.12812423706,204.534912109,14.3654909134,41.8875198364,3.76697555184
720,77.9979629517,180.471679688,17.9124584198,50.0705070496,0.805334933102
720,522.520080566,171.66619873,19.2290401459,43.0682029724,0.749753043056
720,615.979919434,95.7463912964,18.6125164032,47.9190063477,0.45135342516
720,88.8145370483,169.938247681,18.795217514,49.8586883545,0.316068041138
720,22.2434749603,147.061569214,28.4002552032,87.3198623657,0.240202131681
720,118.34777832,107.431129456,23.9828968048,75.2144699097,0.209528463893
750,561.386108398,177.969970703,30.9910869598,72.0164108276,98.4595716
750,597.929992676,87.7546310425,27.2762203217,63.7818450928,12.6661375165
750,512.64239502,180.388442993,19.4826869965,53.5566291809,6.14274255931
750,604.320800781,177.217956543,23.9345188141,62.7618370056,5.68699613214
750,551.163024902,174.799621582,19.2480220795,62.989654541,5.20591884851
750,587.588562012,174.815185547,28.0074176788,67.6781845093,1.28671051934
750,617.179016113,102.994232178,16.5485420227,52.1774139404,0.266781821847
780,593.03717041,178.452026367,31.397069931,73.8426818848,99.7870564461
780,282.674285889,181.51802063,22.358259201,54.0134086609,56.8255066872
780,57.4118843079,206.075942993,21.6198825836,42.9907798767,10.5222098529
780,584.558227539,177.159957886,19.815410614,67.6887435913,9.20723751187
780,597.946228027,91.3670272827,26.5354290009,65.1058883667,7.4499219656
780,239.438766479,166.399703979,17.0405292511,52.7798156738,2.75020133704
780,117.759635925,161.016784668,20.8475456238,63.2302360535,0.991901848465
780,616.707336426,179.793563843,16.7859363556,59.3247413635,0.898759718984
780,93.446434021,170.573059082,19.4528026581,48.5961456299,0.839720387012
780,572.070373535,172.135879517,21.824552536,71.6494979858,0.70180715993
780,105.286643982,171.679031372,17.6280288696,45.4994812012,0.541850272566
780,501.499237061,183.757247925,26.8029937744,51.7598228455,0.472323317081
780,67.9181518555,196.658920288,21.8191280365,48.5288505554,0.467099249363
780,184.910583496,153.994247437,19.224199295,60.181842804,0.461371988058
780,128.841659546,151.284729004,22.9881572723,75.9073410034,0.395717518404
780,343.484130859,170.206436157,18.3759212494,52.7014274597,0.211370247416
780,617.149291992,103.112030029,16.2435016632,50.9888458252,0.210934132338
780,249.578674316,170.594833374,16.6762981415,49.4721565247,0.127589178737
780,196.232620239,152.648330688,18.6723880768,49.2392692566,0.0750871375203
780,120.053688049,101.96370697,29.4929828644,91.90209198,0.0308634684188
780,209.966003418,155.370544434,22.094247818,54.6448516846,0.0189310769201
810,597.629333496,173.435379028,29.1579036713,72.7173995972,63.7397646904
810,600.621765137,89.0889053345,20.9059333801,52.6770896912,10.1544030011
810,580.087890625,174.394607544,19.5715866089,50.0889701843,1.39807164669
810,515.496765137,180.615829468,21.8840770721,53.3513069153,0.881776027381
810,616.041992188,170.848007202,16.3150596619,52.9073371887,0.326009909622
810,120.590003967,106.168510437,26.4149341583,58.4864234924,0.228351028636
810,617.177185059,102.232963562,16.8019618988,53.1743164062,0.0961421930697
810,135.734420776,114.730262756,21.1429462433,53.1811332703,0.00783308496466
840,596.607543945,177.943466187,28.281829834,77.2547073364,99.5354473591
840,597.651916504,91.9767684937,26.8861846924,66.5866775513,5.5950652808
840,584.984191895,177.699203491,19.3704433441,62.2943153381,4.31661121547
840,122.343688965,167.143722534,20.7875213623,60.7148246765,2.08827778697
840,9.05536746979,190.723373413,18.2779483795,53.9238319397,1.92148648202
840,99.7638473511,173.965454102,17.3063316345,45.2561988831,1.28501197323
840,616.558654785,178.22442627,16.9193973541,62.5723838806,0.829521100968
840,200.399887085,162.668228149,31.1963977814,69.1592636108,0.787041522563
840,111.718040466,175.806564331,16.8693256378,46.6508979797,0.384872802533
840,15.1938858032,177.257797241,28.6010532379,61.036026001,0.169303524308
840,617.342956543,103.804756165,16.6398868561,50.6571311951,0.163261091802
840,118.469032288,119.630981445,33.4188423157,88.8456726074,0.108081602957
840,65.6646194458,96.4503097534,22.5954608917,59.1580352783,0.0110224136733
840,142.422988892,129.094863892,31.5174694061,76.9970397949,0.00279683954432
870,596.50970459,176.823974609,27.3694610596,77.2559127808,99.5118260384
870,599.311462402,91.3533706665,27.1188220978,59.4911994934,13.5623529553
870,614.562133789,178.532104492,17.425069809,70.3285140991,2.62794177979
870,578.122375488,175.42590332,23.0293426514,66.5782394409,2.50729415566
870,121.546386719,110.289855957,23.9353618622,65.6698074341,0.533959921449
870,616.765563965,103.564796448,16.8550376892,52.2583465576,0.176816061139
870,135.5962677,119.374137878,21.1014080048,53.6939086914,0.0282336055534
870,38.691318512,130.98223877,24.4891834259,57.0649299622,0.0240326815401
900,594.780090332,177.80140686,30.0773773193,75.6743850708,99.8307824135
900,602.027160645,94.6463088989,21.6516361237,57.5959510803,7.62723237276
900,580.10925293,179.112503052,20.9643535614,61.4575042725,3.39154452085
900,10.3415994644,199.482192993,18.8975715637,46.1749420166,2.00867019594
900,616.421020508,182.307678223,17.2952213287,61.0269927979,1.62114035338
900,122.066040039,172.078552246,19.7924175262,55.4796028137,1.29290511832
900,93.3020706177,170.91796875,19.4968547821,48.2449150085,1.12271644175
900,186.127624512,158.316452026,19.2329406738,58.1559562683,0.763884745538
900,104.933807373,172.09425354,17.9612865448,45.8479156494,0.613076658919
900,358.378997803,165.000259399,17.0658779144,49.5004768372,0.178388447966
900,617.148620605,103.23638916,16.7209148407,53.1876335144,0.160219089594
900,133.82170105,158.652404785,23.3964214325,66.2264404297,0.133573368657
900,501.537872314,180.470046997,26.7629013062,56.9024810791,0.0907859473955
900,120.554344177,111.779663086,30.0909347534,88.4280090332,0.0422357028583
930,596.398620605,175.239929199,28.1052303314,76.9496688843,99.5607554913
930,602.950256348,90.9546279907,21.0596141815,58.2677307129,14.5748659968
930,587.083190918,178.828720093,17.8890895844,64.7866363525,9.57755297422
930,11.1568632126,200.839096069,16.3429107666,43.9006004333,4.77725863457
930,616.851867676,179.814559937,17.0197353363,63.1941719055,1.8120823428
930,102.886024475,163.858016968,21.1562652588,54.0878410339,1.3258385472
930,125.395782471,158.914794922,23.6706218719,66.6712722778,1.19558665901
930,571.024719238,169.1484375,23.0761890411,72.1817321777,0.717900786549
930,616.069152832,95.6373977661,18.3095493317,48.5553855896,0.583326630294
930,88.8700866699,171.686294556,19.1630191803,47.5522575378,0.375017873012
930,187.860519409,161.135238647,17.7904014587,55.0384788513,0.247913622297
930,116.595115662,169.753067017,18.6390991211,55.0705108643,0.239329691976
930,591.346313477,83.8336715698,21.7695674896,58.0529518127,0.172291649505
930,502.526000977,183.009765625,25.2417736053,52.2101249695,0.156207906548
930,365.0050354,164.003799438,16.9123363495,50.1913909912,0.100588425994
930,140.936782837,164.555450439,19.4400138855,62.2111625671,0.0902034516912
930,14.6259794235,175.115066528,28.4686794281,63.318561554,0.0894143304322
930,470.486114502,154.440307617,28.5915584564,71.4421768188,0.0485650205519
930,270.977752686,173.43321228,19.5792675018,49.5671844482,0.00196072214749
960,598.600402832,177.643737793,29.2973957062,74.0886688232,99.5389997959
960,597.80645752,87.855796814,27.0848178864,62.2716636658,6.48912340403
960,11.2557401657,203.241622925,16.342924118,40.8536148071,4.7612156719
960,362.414276123,167.674575806,19.8977336884,54.330368042,3.31355892122
960,93.467338562,171.039260864,19.4030227661,48.6596260071,1.14535205066
960,340.99307251,166.162231445,28.1150722504,53.421585083,0.86211906746
960,111.2265625,167.058609009,17.6873836517,53.953792572,0.38017584011
960,19.0561199188,196.441116333,18.8596858978,45.6163215637,0.279326597229
960,621.01739502,173.916503906,18.3020057678,75.4786300659,0.185420922935
960,124.23551178,117.807624817,21.9975910187,68.8278579712,0.134930980857
960,616.835571289,102.832954407,16.6503200531,53.0832672119,0.109746528324
960,120.83505249,151.244766235,22.0076961517,75.016494751,0.0660826452076
960,68.758354187,96.7356491089,26.0932254791,63.6117744446,0.0194154374185
990,600.384338379,175.617492676,26.5422134399,74.2315826416,99.6073722839
990,602.365905762,94.5788803101,21.7341403961,57.2123985291,14.4556537271
990,585.47442627,179.058395386,21.0493106842,64.0842895508,6.37826025486
990,197.389419556,171.558670044,27.0821628571,65.3364944458,2.18251124024
990,120.738258362,109.746833801,27.7716369629,75.48021698,0.764145469293
990,510.739624023,178.070449829,21.7954082489,60.0758628845,0.710767926648
990,570.499084473,169.785629272,23.1123352051,68.8174209595,0.548575632274
990,616.455566406,95.5700683594,18.2602405548,47.111114502,0.438793608919
990,527.489562988,178.03692627,16.7123470306,47.0163269043,0.421120645478
990,364.531158447,164.769470215,18.6050834656,50.5752716064,0.15750201419
990,492.548980713,178.634841919,22.8329086304,57.2359886169,0.0211657999898
990,68.5009078979,98.7325210571,24.2577800751,60.8839836121,0.0162757045473
1020,600.765869141,178.000915527,26.4875717163,75.0751419067,99.6462404728
1020,600.29864502,89.4727249146,21.1187744141,53.5247383118,12.0568536222
1020,9.17467784882,198.230606079,19.0947170258,46.9989471436,10.2626033127
1020,586.366882324,179.041885376,20.2611370087,66.2812042236,6.16059117019
1020,242.859558105,169.692337036,19.0979099274,46.9523582458,2.4774832651
1020,365.474395752,165.827697754,16.918214798,47.9341621399,2.14267782867
1020,19.3029174805,186.768981934,25.5202178955,54.810344696,1.34494164959
1020,93.0923843384,171.63432312,19.6985759735,48.5919075012,0.910123065114
1020,122.276062012,164.860092163,19.6819438934,61.2632637024,0.670509692281
1020,111.500282288,168.039260864,17.6010494232,51.0572319031,0.629698159173
1020,616.539123535,96.0679397583,18.148481369,48.1511192322,0.405594706535
1020,519.358337402,175.182861328,18.9188499451,52.3108940125,0.382094527595
1020,186.499252319,158.708694458,17.7842082977,56.8589324951,0.382006424479
1020,570.062072754,168.331207275,23.5872268677,69.4310073853,0.264548743144
1020,119.1484375,110.561523438,31.0108547211,86.4132461548,0.204074010253
1020,502.766082764,181.845626831,24.9205036163,54.56300354,0.180437741801
1020,194.234329224,157.682266235,26.7427349091,61.3948402405,0.165583752096
1020,132.732254028,158.723571777,23.3727722168,67.6450119019,0.151870399714
1020,254.334732056,173.253433228,17.6575050354,43.5415992737,0.117503793444
1020,228.677444458,161.005187988,19.2126293182,53.2139778137,0.0281994027318
1050,596.859863281,89.9268188477,27.9982833862,87.1480026245,35.2265328169
1050,364.580566406,166.647399902,17.9066104889,44.0933799744,6.90979659557
1050,9.12658596039,201.524398804,18.2685222626,41.9366111755,3.67988087237
1050,93.5446853638,171.906723022,18.9716873169,46.7321929932,1.26573219895
1050,122.605712891,180.092224121,18.8571681976,49.2900810242,0.813449826092
1050,616.578369141,95.9005508423,17.6939525604,47.4673156738,0.714801531285
1050,105.222557068,172.443252563,17.5885982513,44.8487548828,0.654129730538
1050,129.107635498,150.271362305,22.2995281219,75.4244766235,0.473143300042
1050,238.18107605,166.377700806,17.792181015,49.1908073425,0.373511505313
1050,519.919250488,183.448043823,19.4158573151,47.5992279053,0.262486049905
1050,190.981521606,158.164794922,19.6453552246,60.9393768311,0.241216598079
1050,353.310577393,164.906784058,17.6705951691,46.6807899475,0.136275449768
1050,123.432609558,116.372032166,22.933965683,72.4608688354,0.132323568687
1050,589.260925293,64.1690673828,29.0698413849,72.1619491577,0.0407790968893
1050,63.7575378418,94.9028549194,25.4419937134,63.2975120544,0.0201685601496
1080,601.107421875,176.900146484,28.2998428345,76.337890625,99.5431005955
1080,587.557495117,178.15007019,23.3534603119,68.8390426636,6.34303316474
1080,598.162963867,89.3520736694,27.5902252197,67.0640640259,4.14523035288
1080,119.539665222,167.429672241,19.9783859253,59.3268165588,1.88424866647
1080,129.127182007,151.360977173,22.850730896,77.7986068726,0.552369933575
1080,509.884124756,179.625198364,20.6260452271,57.4921150208,0.407292041928
1080,103.748443604,173.642456055,21.3645076752,52.0255737305,0.395975681022
1080,616.693603516,102.642333984,16.8897304535,53.5652351379,0.160050403792
1080,569.610290527,169.735641479,23.8072681427,68.7641220093,0.139794533607
1080,141.649581909,167.401489258,18.5885505676,59.373500824,0.131003814749
1080,467.015594482,181.583374023,18.6908073425,50.2311553955,0.0914465053938
1080,124.00276947,117.027656555,22.111574173,69.9859466553,0.0836611085106
1080,364.584564209,167.742630005,17.7711391449,48.6546020508,0.0688640517183
1080,186.17640686,163.554931641,19.5701332092,53.7865409851,0.0582296517678
1080,207.557785034,157.884246826,25.0548171997,60.5594673157,0.0172602827661
1080,493.012786865,179.527938843,22.4273357391,56.0581321716,0.0121081029647
1110,599.589233398,175.952575684,26.9706516266,74.5535507202,99.5947599411
1110,602.83996582,91.9638061523,21.0763721466,57.7109870911,18.3195888996
1110,586.032104492,177.944458008,18.1239147186,54.9075775146,5.74493221939
1110,8.05488491058,202.858016968,14.7187957764,42.0896377563,4.5468788594
1110,96.4261779785,165.449035645,22.3764419556,55.947681427,1.7549764365
1110,238.453201294,165.475479126,17.8753662109,51.1767311096,1.35772479698
1110,121.834510803,171.050765991,20.0079536438,54.9146575928,1.26231992617
1110,111.406242371,169.138534546,17.8094825745,50.2097167969,0.742806121707
1110,508.585083008,183.601486206,20.0630760193,55.8625221252,0.517686968669
1110,616.466369629,97.0326919556,17.6828956604,48.1298828125,0.488910358399
1110,19.686296463,196.233901978,18.2937107086,46.2060508728,0.347898202017
1110,84.450843811,177.467590332,18.5168209076,48.3812675476,0.21452519577
1110,119.619018555,122.22013092,33.7910957336,94.5595092773,0.183205201756
1110,570.141174316,168.055038452,23.9089374542,69.0669784546,0.106164289173
1110,186.194503784,164.558029175,19.0402965546,52.55078125,0.100254663266
1110,462.082611084,179.373306274,21.1929607391,51.1300315857,0.078581192065
1110,140.54536438,162.576950073,20.5753955841,65.0522232056,0.0508407247253
1110,493.027130127,181.962387085,22.1657810211,53.9964141846,0.023418047931
1140,602.026000977,177.811721802,25.7774791718,74.3210830688,99.4928896427
1140,589.596252441,178.063552856,20.1425914764,65.6910934448,10.6099151075
1140,598.160461426,90.4219360352,26.9361724854,70.9368209839,9.32919830084
1140,9.14450931549,199.258712769,19.174577713,45.0994911194,5.47825209796
1140,102.478507996,164.35559082,21.8496570587,54.2283973694,1.67434643954
1140,122.173583984,150.485702515,24.6561985016,76.6964645386,1.35312024504
1140,191.12286377,165.777191162,18.2298431396,56.1603355408,1.05463042855
1140,513.399475098,182.057388306,19.7487697601,53.2202796936,0.839815754443
1140,617.329345703,181.922286987,16.5045490265,60.4200325012,0.486464193091
1140,200.370239258,161.87902832,21.6307048798,58.8627052307,0.208768807352
1140,123.765892029,115.491172791,22.5124969482,69.4539871216,0.20163715817
1140,570.081359863,169.050033569,23.2976207733,67.2987289429,0.119883648586
1140,140.021133423,166.398696899,21.4288311005,60.0971984863,0.114997848868
1140,617.080871582,103.705436707,16.2835521698,53.2709922791,0.111434957944
1170,597.391418457,89.0409164429,27.4582824707,66.2453689575,16.3344562054
1170,7.85978078842,203.754684448,15.2535171509,42.3055992126,5.11399954557
1170,93.4327926636,172.375366211,19.0056190491,46.1732788086,1.61584354937
1170,367.454345703,165.781112671,18.3728923798,47.4919700623,0.917325075716
1170,191.713821411,157.96812439,20.0702419281,59.969745636,0.870110839605
1170,239.588195801,170.582168579,17.2008857727,46.2033500671,0.643784971908
1170,122.337608337,151.615036011,22.5887355804,74.3698196411,0.602133246139
1170,105.630279541,172.061203003,17.6990451813,44.8673362732,0.54562180303
1170,80.7288589478,183.887008667,24.3764591217,51.6752738953,0.380425760522
1170,350.909088135,163.357757568,19.5803127289,47.030002594,0.179929111619
1170,616.885681152,103.031616211,16.6171894073,52.4343109131,0.153659982607
1170,124.488548279,117.718383789,21.7836360931,67.302772522,0.151193479542
1170,68.2333831787,94.8257446289,27.6819229126,66.5191497803,0.0205841875868
1170,141.66746521,126.807487488,33.8486366272,74.154045105,0.0139471332659
1200,599.715759277,177.464157104,26.6909351349,76.4822616577,99.3625700474
1200,602.663269043,90.599067688,21.404127121,57.04504776,14.0689536929
1200,586.395080566,178.597549438,22.4946346283,65.8774261475,7.99119323492
1200,616.368103027,96.5758972168,18.0082035065,48.3024749756,0.793165434152
1200,369.175170898,165.613021851,17.5225582123,50.2732696533,0.485270656645
1200,510.185882568,179.619918823,21.9378185272,57.0147705078,0.368985696696
1200,591.065368652,81.8218765259,21.5485534668,60.0138244629,0.326760555618
1200,570.255554199,167.332015991,23.5694904327,67.4528045654,0.212311651558
1200,124.024772644,117.16897583,21.9788570404,67.8620758057,0.200679828413
1200,129.664916992,150.413696289,22.8725261688,76.8557891846,0.0671042944305
1200,492.781982422,178.35105896,22.0378322601,55.8795471191,0.0219290712266
1200,143.047424316,126.256561279,33.03358078,76.5917739868,0.0161372619914
1230,600.550537109,176.95552063,26.5832290649,75.1432037354,99.7211396694
1230,599.648864746,88.4127120972,21.1153392792,54.482334137,14.421209693
1230,10.2681150436,203.044326782,16.8226089478,39.6927528381,5.9287134558
1230,587.808837891,179.925674438,22.8920459747,64.9149246216,4.07186746597
1230,98.8712463379,173.04864502,18.5434036255,45.8401641846,0.804756209254
1230,111.520141602,169.739822388,17.7952365875,50.1714439392,0.722788460553
1230,122.458770752,153.523330688,22.3025684357,72.1501235962,0.627074297518
1230,365.402252197,165.188186646,16.9994754791,47.7200965881,0.391046563163
1230,123.377403259,115.718910217,21.6385135651,70.1346664429,0.342163909227
1230,85.4083786011,170.870788574,18.5509319305,50.3882598877,0.285819079727
1230,191.770996094,158.1015625,19.8645572662,60.3358192444,0.271087000147
1230,617.13458252,102.589416504,16.6582202911,52.0260925293,0.214835279621
1230,569.607788086,167.773086548,23.1485919952,69.1861572266,0.178982736543
1230,501.465362549,183.002365112,24.2679309845,54.0970611572,0.140407029539
1230,43.1380729675,122.772071838,23.6643695831,77.0646438599,0.0970464141574
1230,70.141998291,98.1098861694,23.62840271,58.3944396973,0.0339908176102
1230,585.04699707,87.8745193481,24.2588577271,82.6652832031,0.0117028088425
1260,600.819519043,179.891357422,25.9270324707,73.9093093872,99.1542160511
1260,599.01361084,90.7515563965,22.1506099701,53.8806495667,12.6257315278
1260,7.19445466995,203.559463501,19.0948905945,47.1909141541,10.851444304
1260,617.668762207,177.252624512,18.6137695312,75.7786026001,2.74304784834
1260,122.778053284,156.89414978,22.419052124,71.0631484985,2.53197662532
1260,586.041320801,183.015182495,23.2585754395,62.8548240662,2.49479301274
1260,93.2883834839,171.498764038,19.507276535,47.9333992004,1.4092492871
1260,105.105125427,172.638931274,17.6247577667,44.5053367615,0.838959682733
1260,509.46484375,180.203475952,21.2400569916,57.9522590637,0.38442525547
1260,616.55090332,96.1698608398,17.9187755585,47.4156684875,0.376739865169
1260,191.121948242,160.812744141,19.0659542084,57.9913787842,0.222706678323
1260,497.330810547,188.430801392,22.1438674927,43.5595855713,0.118930335157
1260,142.597045898,167.052398682,18.4242153168,60.5015678406,0.111213896889
1260,568.31854248,170.683776855,25.7958908081,68.7938919067,0.0865393842105
1260,65.8468856812,96.2786941528,22.5795974731,59.8931427002,0.0221098336624
1290,601.664306641,178.553604126,26.4530277252,76.1544723511,99.450647831
1290,598.5390625,88.2738342285,27.6910324097,66.3788299561,11.0250480473
1290,592.343688965,180.924026489,17.8450527191,62.6826324463,9.33094248176
1290,579.428039551,179.109375,21.8353424072,58.7666168213,2.15175487101
1290,616.639465332,95.3975448608,17.8733692169,47.7934837341,0.626513315365
1290,191.762771606,157.869644165,20.2844371796,60.5449256897,0.608898932114
1290,123.789710999,118.382286072,22.4547481537,68.492401123,0.0596473284531
1320,600.592102051,177.522262573,29.2767944336,76.2507553101,99.4252741337
1320,366.818969727,164.430374146,17.0191860199,51.228351593,15.0916412473
1320,8.11900997162,202.325210571,15.178360939,43.2782325745,8.11655148864
1320,600.209289551,87.9833908081,20.8524284363,53.6326560974,6.60576447845
1320,592.245239258,185.998718262,19.3268413544,61.1888008118,3.31796854734
1320,616.028625488,96.1839828491,18.1997127533,48.0904045105,0.548083381727
1320,192.177078247,157.682342529,19.6971073151,60.2968902588,0.406911829486
1320,204.478088379,157.475860596,23.9712238312,59.9033050537,0.248854467645
1320,118.284584045,108.23361969,28.8461685181,76.8076477051,0.215616682544
1320,351.286895752,166.385848999,18.9557628632,47.3404426575,0.0741756579373
1350,601.686828613,176.469665527,27.8879261017,77.1898498535,99.8054802418
1350,591.142700195,182.194885254,20.5892467499,65.0705413818,6.3021466136
1350,600.121643066,87.7475357056,20.8014507294,54.561416626,6.19120188057
1350,10.6410942078,201.551376343,16.4185428619,41.9729652405,5.94776757061
1350,239.819137573,166.105148315,16.6251869202,50.1209983826,1.26161165535
1350,363.442474365,163.938308716,18.8472080231,50.7574768066,1.02607877925
1350,510.54586792,179.456283569,22.1050243378,58.1054115295,0.313378009014
1350,570.711181641,172.596054077,23.4572086334,63.4210166931,0.151175248902
1350,617.305969238,101.867103577,16.6082801819,53.8267059326,0.14396936167
1350,456.150360107,176.319656372,21.916261673,55.8937416077,0.0856045808177
1350,123.442573547,115.775993347,23.2748394012,68.4145278931,0.0584835885093
1350,585.855957031,78.5613098145,20.7338180542,58.4938926697,0.0301818625303
1350,493.081176758,180.408157349,22.7951431274,54.5119018555,0.0265139271505
1380,599.988708496,176.25428772,27.9563884735,77.8264160156,99.7878491879
1380,602.862121582,92.1964950562,20.8980998993,56.7384757996,9.54961627722
1380,8.89500713348,198.126968384,18.6970157623,47.5172271729,5.55890910327
1380,592.532958984,177.586364746,17.7552661896,67.1179733276,5.00900670886
1380,21.429977417,184.922012329,23.3762645721,52.5015525818,1.43768247217
1380,616.206054688,95.8009262085,18.300989151,46.9949226379,0.571674713865
1380,511.486907959,180.349411011,19.2048053741,55.8616447449,0.547013338655
1380,99.0424118042,172.015914917,18.344587326,46.1237297058,0.344886514358
1380,367.751495361,165.358428955,17.2199039459,49.7245826721,0.253736809827
1380,119.34563446,111.848701477,31.9473438263,93.2767715454,0.173181202263
1380,121.63583374,169.262405396,18.4547710419,54.4291114807,0.0495963380672
1410,600.46496582,176.883605957,26.4898071289,76.7791061401,99.6230840683
1410,602.969909668,91.9809951782,20.8177719116,56.5453948975,13.8420462608
1410,592.275634766,180.516586304,18.1308422089,63.8799934387,8.08916017413
1410,16.5547351837,190.129211426,21.8827152252,50.1278381348,3.32227163017
1410,9.91912078857,194.793136597,15.0055389404,48.7158088684,2.06203497946
1410,578.46081543,176.146896362,22.0352802277,57.8201789856,1.59642342478
1410,93.3802185059,171.432128906,19.2432594299,46.9950752258,0.733949057758
1410,519.872070312,178.617248535,17.7901439667,52.4421081543,0.699648773298
1410,502.783782959,183.000244141,24.7968463898,52.783870697,0.644784001634
1410,29.4894657135,188.27381897,19.746515274,50.1909637451,0.545793771744
1410,616.340759277,95.7594680786,18.2576389313,48.1281166077,0.514543289319
1410,105.015075684,171.169418335,17.8326911926,46.1832313538,0.438528042287
1410,125.895362854,138.544509888,22.6614456177,89.3752670288,0.422859704122
1410,616.98651123,177.083694458,17.8838405609,69.0435714722,0.374103267677
1410,591.480407715,83.3110122681,21.7770938873,60.1512336731,0.183297868352
1410,367.409759521,165.510971069,17.6871414185,50.0826377869,0.16574151814
1410,117.150215149,170.567001343,18.0347728729,54.0025482178,0.0859612890054
1410,117.878364563,105.100769043,27.5983886719,80.3205718994,0.0773169391323
1440,599.147277832,90.065864563,22.0522556305,53.0231971741,15.9352228045
1440,8.13598632812,201.854934692,14.0329027176,41.6820716858,2.06024944782
1440,93.1219482422,172.16065979,19.5036144257,47.8514976501,1.12518407404
1440,103.071166992,165.271957397,21.4571666718,52.9584693909,0.865673087537
1440,30.1079807281,186.21836853,19.9424915314,52.7587165833,0.818010699004
1440,17.8954296112,194.745803833,21.2609500885,44.299621582,0.653218710795
1440,125.396148682,162.948165894,23.7372055054,64.3299942017,0.641410285607
1440,615.881408691,95.6744003296,18.3117904663,47.4320640564,0.633184472099
1440,494.37612915,183.385421753,22.9167938232,52.6703071594,0.351602281444
1440,123.73690033,115.556243896,22.3661975861,70.4893417358,0.288140168414
1440,117.237159729,171.282943726,17.8553066254,53.9159698486,0.122951739468
1440,456.673858643,170.075195312,23.7030010223,61.0716667175,0.114453351125
1440,471.34475708,175.796096802,19.2474842072,52.6049041748,0.0618586607743
1470,606.807189941,176.183822632,25.1194019318,75.9916305542,97.9001641273
1470,597.843566895,178.506103516,17.8105144501,65.4462280273,7.17838779092
1470,599.379760742,88.6522598267,27.7954559326,61.8796882629,6.04736991227
1470,506.248321533,182.815719604,23.4369106293,57.5446739197,5.83823062479
1470,8.9686498642,202.42805481,17.0153770447,43.8474311829,5.28620965779
1470,92.7668762207,170.610336304,19.9147357941,49.235332489,2.67225112766
1470,122.317840576,171.331253052,19.9923992157,56.6631736755,2.33633946627
1470,27.815202713,179.90977478,25.2114925385,57.1067771912,1.61832533777
1470,583.701843262,173.041244507,22.7859897614,65.5012130737,1.06339156628
1470,365.104888916,165.332351685,22.2598495483,49.5775794983,0.955152790993
1470,109.781700134,165.578979492,17.7590808868,54.2099151611,0.937712658197
1470,119.405189514,118.985862732,32.535446167,93.0418395996,0.41599185206
1470,20.0595779419,195.46307373,18.0594539642,47.8065834045,0.326033844613
1470,131.66583252,162.908065796,26.1547908783,62.6353797913,0.320681231096
1470,616.776428223,103.091255188,16.8041534424,50.7135353088,0.117813341785
1470,201.065124512,155.344924927,22.6016769409,56.7685432434,0.0224558083573
1500,611.017272949,174.894729614,20.2867870331,79.0405502319,87.8213644028
1500,60.5914306641,194.314315796,21.9601383209,48.7752952576,8.59630554914
1500,597.994567871,171.713363647,24.8106365204,61.1915931702,7.76965469122
1500,9.66708278656,200.491455078,17.7573623657,44.6042823792,6.28778785467
1500,603.437255859,89.4533615112,20.580242157,55.759563446,2.26805061102
1500,557.996643066,164.358032227,18.8217144012,43.601852417,1.28049533814
1500,77.393989563,191.056838989,17.3235225677,45.5200920105,1.17147304118
1500,122.721870422,157.446243286,22.8874645233,68.71459198,0.705197220668
1500,616.404907227,95.1448287964,18.0952358246,47.4564628601,0.526335043833
1500,111.513298035,168.827758789,17.7489356995,51.7696838379,0.49540149048
1500,582.052124023,171.210342407,25.1092987061,67.3316574097,0.279848766513
1500,123.739562988,115.70450592,22.2587184906,71.9413070679,0.0993548310362
1500,590.991516113,80.6921310425,21.59740448,59.0690765381,0.073074985994
1500,370.512451172,174.457824707,23.116651535,54.7110290527,0.0615650555119
1500,185.715515137,161.676574707,18.9268112183,54.7239990234,0.0532365811523
1500,137.894317627,166.592758179,18.8097782135,60.1204719543,0.0515813473612
1530,611.547668457,184.94342041,21.1128749847,59.3442077637,32.1872621775
1530,598.820983887,87.8910446167,27.9730606079,64.6623916626,15.1177927852
1530,10.6857881546,195.877456665,20.7806949615,49.5613708496,2.10308339447
1530,601.662719727,181.253585815,19.5758190155,55.3949394226,1.68636441231
1530,617.265563965,90.4403915405,17.262758255,47.7115211487,1.51818916202
1530,515.527526855,177.843383789,22.5396327972,56.8911628723,1.19941830635
1530,122.538352966,180.097091675,18.0015144348,49.9827003479,1.08582293615
1530,563.035217285,162.092697144,19.5751914978,45.3271484375,0.812395941466
1530,112.089355469,176.120666504,19.1371822357,50.278629303,0.237986189313
1530,129.690353394,151.676513672,23.7025661469,76.8432693481,0.235604983754
1530,499.328887939,185.663757324,23.1474895477,50.729549408,0.142170221079
1530,124.061103821,118.043647766,22.0093631744,67.8904190063,0.130301865283
1530,37.0380401611,127.822807312,27.5828266144,88.1868286133,0.037584171514
1530,186.20173645,166.352706909,19.0913486481,51.8821563721,0.0353996845661
1530,67.281578064,97.0751037598,26.6418094635,67.4959106445,0.0206042648642
1560,605.099975586,191.241165161,18.7108135223,47.9950675964,11.9136586785
1560,557.973571777,159.494064331,20.1173458099,56.5889091492,2.42710132152
1560,579.962524414,154.380645752,19.688369751,56.719669342,1.84675920755
1560,9.20023345947,170.832901001,29.7276000977,72.6293106079,1.84130277485
1560,502.62789917,179.019470215,22.272485733,64.0358200073,1.63419749588
1560,476.500976562,179.556411743,19.6406574249,57.2383117676,1.35849202052
1560,610.643432617,82.1866989136,19.3818149567,56.8217048645,1.3072790578
1560,457.439971924,170.600097656,27.3239898682,67.4573669434,0.85672698915
1560,367.916870117,165.708557129,17.9413299561,55.3893127441,0.732305040583
1560,488.108154297,166.995605469,22.8945541382,68.5068054199,0.465549435467
1560,355.893890381,166.587661743,19.525270462,51.1071014404,0.332395592704
1560,254.966186523,171.730178833,18.3185482025,54.9622306824,0.202344055288
1560,185.14390564,167.772537231,18.9256763458,57.5324707031,0.102915277239
1560,143.861877441,136.49369812,32.9584312439,81.1901779175,0.0728100014385
1560,265.67678833,178.915512085,18.3981189728,53.3891601562,0.0264980306383
1560,119.274810791,118.24546051,32.7925376892,90.3355636597,0.00824716407806
1590,513.502380371,182.189193726,22.6464138031,64.0812530518,4.61856648326
1590,578.917480469,159.31086731,19.5433139801,47.7590522766,2.31865532696
1590,598.228759766,140.220291138,23.808347702,63.8571166992,2.13504526764
1590,13.2380418777,82.8824081421,23.49269104,65.5454711914,1.86832305044
1590,499.147064209,188.399597168,21.6610927582,52.4759407043,1.80343482643
1590,486.980102539,189.097427368,21.3683547974,49.7436676025,1.26118697226
1590,11.6834869385,183.298324585,20.8522891998,62.7640419006,0.68545145914
1590,248.712692261,171.737243652,18.7119522095,53.2160949707,0.389961875044
1590,358.076568604,165.341064453,19.015296936,53.3606414795,0.33877461683
1590,455.997650146,177.388381958,21.9346847534,61.2623901367,0.331856613047
1590,25.2345981598,191.606582642,22.9068279266,48.5231285095,0.298088928685
1590,237.249572754,168.452545166,17.4187812805,50.0990142822,0.0807299744338
1590,469.809967041,176.721725464,25.3820056915,60.8271789551,0.0460254232166
1590,84.5083084106,114.401672363,37.7535820007,99.2682189941,0.0422712328145
1590,222.782104492,166.197280884,16.0929508209,54.1724586487,0.0420380209107
1620,540.978942871,181.754455566,25.4298267365,72.6020889282,25.5065411329
1620,604.083190918,128.240188599,19.8868026733,70.6539230347,8.49605202675
1620,548.626037598,123.376159668,18.5645008087,66.7676849365,3.25021520257
1620,509.72366333,185.369674683,18.0830383301,52.2198219299,2.69661098719
1620,401.94519043,197.04057312,18.7204208374,52.8484687805,1.0543522425
1620,353.514862061,169.587142944,17.4873332977,45.0617637634,0.917268078774
1620,526.226135254,194.297363281,22.3560333252,57.6478462219,0.666966242716
1620,559.059326172,184.297531128,25.0762042999,66.8002090454,0.507164839655
1620,493.924591064,187.799560547,21.9389972687,58.8195037842,0.358104449697
1620,48.5548210144,91.2419433594,23.907907486,80.6916351318,0.0715672504157
1620,241.042251587,170.827941895,16.7798690796,50.1594963074,0.00614137170487
1650,606.897460938,193.055343628,23.379196167,70.329536438,27.6923835278
1650,549.76940918,132.617370605,42.0671730042,112.541503906,11.0365383327
1650,13.1715250015,162.191223145,22.7606582642,71.0806808472,4.80830781162
1650,601.862304688,99.346496582,28.5825519562,78.1962203979,3.63653413951
1650,575.512145996,176.489318848,21.06391716,63.603603363,2.56247706711
1650,544.024597168,180.65663147,27.4949893951,75.4719314575,2.42000091821
1650,511.929412842,182.400146484,23.0967102051,64.7304458618,2.17596199363
1650,617.327209473,124.685951233,17.9679889679,46.2066612244,2.07541882992
1650,356.983001709,151.984939575,18.3159885406,54.5089378357,0.8335147053
1650,422.427581787,184.06262207,26.3924331665,72.7608261108,0.803345721215
1650,2.39105606079,73.4429016113,19.6953296661,64.1690826416,0.639973487705
1650,7.85185623169,82.3353347778,34.9486732483,92.5579910278,0.411210162565
1650,588.049438477,174.090759277,25.2447738647,73.2513198853,0.403057178482
1650,524.848876953,169.108779907,18.4946956635,67.6081695557,0.161577807739
1650,28.0602359772,151.686386108,20.7532176971,59.3466339111,0.0965650542639
1650,70.3687362671,116.154640198,35.0523262024,90.0224304199,0.002541359936
1680,593.117553711,113.585327148,33.1531105042,106.452972412,12.1161937714
1680,485.438842773,179.953720093,32.9352264404,74.6672439575,5.3325407207
1680,617.533447266,185.689163208,16.058889389,52.6363639832,3.23013067245
1680,617.234863281,36.490070343,16.7603111267,46.6623420715,2.40127053112
1680,48.8213157654,132.234024048,22.9189853668,63.0974006653,1.84947233647
1680,604.562683105,29.0161056519,19.652721405,54.0711212158,0.90542929247
1680,226.239486694,144.065505981,25.6412258148,62.9417610168,0.825352594256
1680,507.616546631,181.36126709,27.622423172,61.1086082458,0.6223378703
1680,360.581420898,143.775085449,18.4936771393,50.1378822327,0.233930279501
1680,5.71583795547,186.675338745,15.6924133301,47.785823822,0.220569642261
1680,62.1598625183,111.799339294,21.3200778961,77.0884170532,0.128165679052
1680,243.658752441,152.738296509,20.1694278717,52.6829948425,0.113545812201
1680,589.047058105,30.1980514526,23.1090087891,52.5416107178,0.0333837990183
1680,132.584396362,128.831192017,30.2509021759,73.3575210571,0.00371031637769
1710,585.003112793,67.6584701538,23.4926433563,98.946937561,29.8625439405
1710,6.87621641159,101.601325989,20.5344371796,64.1940383911,8.66893306375
1710,444.762207031,186.479476929,20.3453140259,57.9164466858,7.02135339379
1710,606.089782715,74.9267501831,25.7417144775,76.6726989746,5.74522055686
1710,543.472473145,168.387664795,17.2699680328,63.9847259521,5.62294982374
1710,7.91311645508,174.452987671,19.0658473969,55.41173172,3.67585904896
1710,567.503479004,169.659622192,24.0029163361,58.8999519348,1.41649330035
1710,11.6701478958,121.679405212,26.4794769287,91.4855422974,0.565131520852
1710,612.147216797,52.2811470032,16.1581192017,57.5383872986,0.152485142462
1710,27.5066623688,125.132362366,27.1399536133,82.6616287231,0.0836202641949
1710,594.324401855,69.4887924194,21.0548801422,53.0130348206,0.0461175950477
1740,483.747833252,169.776611328,18.527639389,54.1724128723,7.92400315404
1740,10.1484727859,182.956436157,18.9063243866,50.524810791,0.60204337351
1740,492.717651367,166.571762085,20.0181770325,47.4245262146,0.46697659418
1740,182.038986206,177.933959961,17.2519664764,38.8485565186,0.449477834627
1740,124.568702698,115.633964539,28.5044841766,92.8658218384,0.168076390401
1770,538.045959473,165.125595093,20.9090061188,63.8639717102,47.3908782005
1770,604.749572754,164.848922729,24.5844860077,59.8703193665,27.9494225979
1770,550.499572754,155.94581604,21.8656902313,59.6379356384,2.22309716046
1770,427.031829834,168.363510132,21.2645225525,60.9385223389,1.21939228848
1770,8.33623695374,44.6474952698,15.4587745667,62.987903595,0.024260970531
1800,449.88659668,105.652137756,27.9161930084,94.8386154175,3.80529426038
1800,617.17755127,139.534240723,16.9066791534,40.2606315613,3.74342426658
1800,193.97467041,151.903152466,19.6758060455,50.7491340637,2.08712052554
1800,478.814727783,186.135559082,27.5617675781,73.4885635376,1.65506135672
1800,457.376556396,164.025726318,24.8971252441,61.8206634521,1.46913211793
1800,513.391540527,29.6504306793,35.4401168823,104.756896973,0.15967345098
1800,469.699920654,178.230285645,23.7927341461,56.7546272278,0.141775223892
1800,527.627929688,92.5552978516,31.7608547211,86.5992050171,0.141706154682
1800,434.974395752,99.0810623169,29.0369796753,84.8522338867,0.090831523994
1800,466.23739624,99.4969406128,20.5513477325,70.2323226929,0.0398916658014
1800,222.368423462,135.744644165,19.062664032,51.7858543396,0.00244602724706
1830,531.17956543,76.072807312,44.5793190002,152.846420288,20.1590999961
1830,571.10369873,54.0552062988,26.1426239014,72.8823623657,5.58043010533
1830,608.490661621,132.099746704,26.3430480957,55.9997749329,4.44997511804
1830,123.790763855,113.117553711,29.1209545135,90.1900558472,4.32531684637
1830,479.921875,54.567363739,30.5090122223,102.007324219,0.832691788673
1830,101.497581482,115.624824524,21.641746521,90.4908676147,0.820220354944
1830,164.433425903,154.228256226,19.5998363495,47.6816368103,0.579038448632
1830,471.431121826,58.8003044128,21.2389755249,66.3792266846,0.369801744819
1830,413.442626953,165.52243042,19.2007427216,58.1710777283,0.282680219971
1830,526.123718262,172.656494141,18.8647708893,56.9074897766,0.233323546126
1830,379.915496826,137.615524292,21.1128292084,55.6332206726,0.22908016108
1830,505.752807617,97.1637649536,18.600446701,61.6242332458,0.210332591087
1830,456.585205078,67.8126602173,32.9089698792,99.0455703735,0.192083569709
1830,495.093414307,169.653793335,17.7234268188,54.1282081604,0.161491846666
1830,245.134872437,127.227233887,19.6007156372,54.4364013672,0.108287460171
1830,411.378753662,123.430305481,28.1594543457,66.4273681641,0.0805651245173
1830,443.644927979,97.4247207642,23.8664035797,64.9066238403,0.0642603321467
1830,233.261672974,128.821792603,20.5728664398,60.637802124,0.0531471159775
