30,13.2621984482,106.963981628,23.4837360382,56.4175605774,11.8013076484
30,140.90625,163.916824341,31.339799881,88.5096969604,5.74925169349
30,55.6530723572,102.965110779,22.3891124725,63.3731689453,4.63178828359
30,480.726531982,138.024185181,21.5416564941,66.0809860229,0.156026135664
30,241.945510864,61.0369529724,25.0947360992,69.002494812,0.0112149311462
60,610.979431152,159.15234375,15.4777040482,54.367099762,4.550486058
60,19.4024333954,102.936279297,18.6175251007,58.3723945618,0.558921694756
60,581.737854004,109.366981506,24.4191665649,63.3617210388,0.250018131919
60,461.063446045,136.278396606,21.7110214233,56.2323722839,0.0645278894808
60,476.034576416,131.761825562,26.5252151489,63.2530937195,0.00497666660522
90,541.773620605,170.70123291,19.5414562225,49.3174743652,2.87362039089
90,610.23248291,98.5891799927,18.9391822815,50.7069511414,1.5943242237
90,4.39045715332,131.202438354,22.8703670502,66.0800857544,0.774671696126
90,513.901489258,112.342041016,25.2247028351,64.2308883667,0.629689358175
90,233.226150513,150.691543579,19.7017917633,55.5267906189,0.623296899721
90,251.05696106,144.441894531,27.6488246918,64.4306564331,0.574337784201
90,617.238586426,118.411865234,18.4319095612,51.7701263428,0.402854243293
90,618.378356934,81.7060241699,16.7685489655,52.724155426,0.137706787791
90,559.411315918,174.819900513,17.6719532013,44.3244972229,0.0554856436793
90,134.728225708,30.2238540649,41.5761451721,81.1431808472,0.0128318599309
120,223.605529785,146.481399536,20.5608844757,55.2156257629,7.9305537045
120,540.597961426,88.879486084,25.7731647491,89.9584960938,1.49293122813
120,575.03338623,169.186508179,19.2070922852,52.3969268799,0.599183375016
120,277.019775391,136.848495483,18.3108539581,57.4090461731,0.573106994852
120,447.026153564,156.775680542,17.5925483704,46.9938049316,0.149099400733
120,552.711364746,122.949157715,19.1763858795,59.3821907043,0.085764733376
120,290.795440674,134.880554199,22.0107746124,61.8915977478,0.0214822488488
150,14.749786377,213.880722046,58.1391296387,141.592666626,51.7252743244
150,592.655944824,84.2328567505,26.7394618988,77.9249038696,8.99202302098
150,560.840698242,115.47744751,33.546295166,77.72681427,2.19547264278
150,271.898345947,144.035079956,21.8549861908,54.060256958,0.901956949383
150,516.832214355,172.417480469,21.7614593506,54.5303688049,0.886140950024
150,246.583694458,111.038696289,29.2230930328,74.0801467896,0.617828965187
150,573.840942383,71.4589004517,29.2025737762,84.2959518433,0.492849014699
150,608.514709473,103.217987061,21.9820861816,58.5574760437,0.394195644185
150,451.04586792,153.541824341,20.4593009949,52.4462585449,0.121136964299
150,171.243850708,34.3943901062,19.3744182587,73.1401062012,0.120449264068
150,156.77180481,49.9032249451,31.7885513306,98.9219436646,0.028385722544
180,204.440734863,147.507644653,25.7111949921,81.2202987671,7.71019086242
180,3.076171875,272.275482178,19.9210891724,66.306350708,5.66514767706
180,270.919647217,151.682235718,19.2691230774,49.3174743652,1.01258344948
180,253.429504395,132.881835938,19.4498710632,56.7088317871,0.180663983338
210,142.431793213,137.270858765,27.7619018555,60.957901001,5.59519864619
210,105.690643311,199.298583984,21.7614154816,64.5463638306,3.0375931412
210,124.474220276,146.710617065,19.1015529633,53.7846031189,1.30631066859
210,158.911132812,139.876022339,26.4529209137,53.5617790222,0.869786459953
210,210.359390259,139.479934692,20.6420536041,47.2717704773,0.533383665606
210,222.608139038,139.081130981,18.7587985992,47.2464904785,0.360185094178
210,522.531677246,111.623405457,19.4370212555,45.4396362305,0.00347928871633
240,8.46667861938,123.409385681,21.018579483,69.3802871704,10.79820171
240,607.46685791,162.079376221,20.7724113464,46.7675590515,2.16276943684
240,187.989578247,143.83782959,20.1857204437,50.2942695618,1.69911626726
240,54.7279510498,235.850448608,22.6689529419,57.9184303284,0.664249667898
240,89.4310684204,151.642227173,18.3517456055,57.5246582031,0.645388057455
240,198.319076538,137.061538696,27.6241531372,55.8978538513,0.541768409312
270,608.159362793,160.190887451,23.1870555878,54.0301780701,8.69044139981
270,186.570007324,82.341758728,38.5181388855,103.798484802,3.01013235003
270,138.776687622,137.719833374,25.8595371246,64.1111831665,1.28065235913
270,156.622146606,146.341140747,19.4586181641,54.4923362732,0.475120171905
270,12.4463119507,137.635238647,24.722738266,61.5994682312,0.274707726203
270,40.2108955383,120.091468811,21.1962280273,61.7282524109,0.0933584175073
270,221.868881226,135.997360229,22.7086715698,65.8179321289,0.0480036571389
300,603.909362793,163.549118042,21.6968383789,53.1569328308,7.32854604721
300,580.585083008,90.7600631714,23.35430336,68.0634841919,1.92703865469
300,13.7354192734,107.061157227,24.3005542755,70.3126296997,1.39637943357
300,64.2378616333,146.676101685,21.0669879913,59.3639030457,0.571037549525
300,564.428344727,96.2035140991,22.8198471069,87.8821105957,0.141514942516
300,94.8487319946,144.647598267,23.9009094238,55.6089134216,0.122452282812
300,27.5265522003,109.690513611,23.722366333,56.7098236084,0.081085821148
300,175.905807495,134.791427612,30.2575244904,76.2531967163,0.0572841905523
300,604.604553223,80.4886169434,19.9386234283,47.9694862366,0.0487086479552
300,45.8253974915,116.622169495,19.5108547211,62.5617332458,0.0445817888249
300,592.90423584,92.9708786011,22.0485553741,54.469619751,0.0133610592457
300,196.551925659,97.1755447388,25.9697875977,104.349609375,0.0028542277505
330,24.5813694,123.457580566,30.127286911,89.5083389282,9.20594707131
330,606.766723633,75.9164962769,26.2227840424,77.9310379028,2.20131464303
330,615.453430176,127.881378174,18.6417541504,48.8853149414,1.97146385908
330,240.516174316,122.65776825,20.6440563202,73.8873977661,0.6583717186
330,142.578201294,114.410270691,30.7517948151,91.3705673218,0.437329988927
330,589.971984863,75.345703125,20.7190074921,65.2266464233,0.300275650807
330,7.49512624741,173.427001953,24.268995285,56.9130897522,0.245050620288
330,136.47605896,149.336456299,23.4232788086,68.4309234619,0.048537531984
330,409.774688721,162.074234009,24.5870819092,58.9334220886,0.0097829659353
330,535.716369629,129.984985352,19.5986881256,49.0715637207,0.0089155328169
330,282.661804199,158.573013306,18.890001297,61.3745765686,0.00706497448846
360,205.196960449,146.241088867,27.645401001,77.7759475708,4.68700490892
360,616.429321289,91.2279891968,19.1686382294,59.1768798828,1.77472699434
360,407.100738525,136.322250366,22.9695205688,67.6170425415,0.951299350709
360,472.97265625,154.242141724,20.8920307159,58.1063728333,0.114490033593
360,9.2464723587,179.145141602,23.0191326141,60.6066703796,0.048561845324
360,562.325866699,82.6260375977,20.4623279572,56.4520530701,0.0377565767849
360,168.567062378,102.23160553,20.2058887482,76.0708694458,0.0368030567188
360,145.524093628,161.423782349,30.5360279083,87.3211746216,0.013571153977
360,116.312988281,25.1331119537,37.3239402771,89.4735794067,0.00927676956053
360,135.739974976,28.6406002045,37.656337738,110.423500061,0.00841370492708
360,160.941192627,40.9251098633,34.8536567688,85.9421615601,3.88742993351e-07
390,22.2073040009,106.594696045,19.9181270599,57.8796043396,10.1267032325
390,237.399185181,148.21270752,18.7380237579,51.47423172,6.31655007601
390,99.1182632446,134.023986816,20.3726577759,53.3745231628,5.24478629231
390,604.864318848,83.6406860352,24.951417923,80.150352478,0.505160307512
390,8.84125137329,101.396614075,23.2616634369,59.8050689697,0.288355816156
390,55.9894294739,54.2926940918,31.7436447144,97.9228286743,0.240267883055
390,247.924789429,145.600631714,18.1368598938,51.535533905,0.0523872440681
390,587.660400391,98.0926742554,33.0279388428,97.8509521484,0.0151053594891
390,11.764251709,27.2006244659,31.3632602692,79.8837966919,0.000404239290219
420,533.516723633,172.530838013,26.8252182007,51.0041160583,13.635596633
420,230.872497559,150.196212769,26.3438186646,60.5903205872,1.78738310933
420,28.6715641022,88.5478820801,24.4769744873,79.5929794312,1.19158523157
420,201.297714233,169.252731323,21.8269329071,57.7511787415,0.150350038894
420,25.0034542084,34.2527198792,29.8499774933,68.880897522,1.48163266545e-05
450,442.740509033,169.377365112,21.4706954956,47.6151237488,1.41543904319
450,7.80141019821,71.5089645386,17.2951316833,54.0187072754,1.26528600231
450,144.608718872,168.223922729,21.7657413483,63.2668914795,0.406276341528
480,313.334259033,134.538101196,21.3309268951,56.1387329102,15.5269473791
480,33.6717262268,154.736862183,21.6109523773,44.4780426025,9.38298478723
480,7.23767995834,179.233215332,15.8726882935,55.1015510559,1.0892172344
480,458.283111572,174.227233887,21.12840271,49.778629303,0.39957142435
480,78.3602676392,79.154006958,37.2473258972,108.873954773,0.26301862672
480,165.122329712,144.681869507,16.3716754913,54.8806648254,0.236797868274
480,437.513946533,169.287155151,17.9785060883,52.2130393982,0.101454998367
510,485.588470459,213.871536255,18.8046340942,71.8823471069,6.46663978696
510,432.062347412,169.754379272,25.0410461426,56.2035102844,3.32490876317
510,473.587432861,218.569412231,18.9645004272,59.3470153809,0.335403392091
510,617.265686035,110.497596741,17.7548427582,51.4025382996,0.168680783827
510,55.0170707703,53.1668968201,28.1349506378,82.0525588989,0.0271825905656
540,413.04284668,257.068054199,37.6425056458,129.682617188,4.31094653904
540,391.814453125,237.564315796,30.8564071655,102.431312561,3.74654754996
540,416.863616943,252.028747559,22.3317241669,68.4322967529,1.03054279462
540,319.578369141,207.706497192,28.1063785553,91.1896133423,0.446897279471
540,239.469665527,152.244445801,19.2272930145,43.0225067139,0.354787847027
540,398.293945312,292.420776367,19.518491745,67.8673629761,0.0467825739179
540,289.47442627,98.0510787964,26.1018295288,104.984558105,0.0264944334049
570,217.805480957,202.979614258,27.2869205475,93.4611206055,4.81969155371
570,189.707748413,253.191574097,26.3737792969,64.7812423706,1.75994802266
570,122.658531189,142.910583496,16.9622535706,47.6541862488,0.398155301809
570,243.678451538,211.346862793,22.064994812,67.380317688,0.0798884488177
600,515.998168945,168.683181763,64.4907302856,155.568695068,35.6506973505
600,64.6318435669,143.267776489,16.7275714874,59.3498039246,14.606526494
600,496.131744385,53.7044677734,19.8342380524,70.5406265259,3.15932668746
600,133.312088013,148.175521851,20.0313301086,47.8592262268,2.97402720898
600,492.686889648,263.063720703,26.1082744598,74.3420181274,2.49155629426
600,544.216918945,255.339126587,24.3164215088,70.4667434692,2.13340744376
600,617.184753418,369.831085205,19.0782489777,46.7916603088,0.364821357653
600,580.656311035,157.442947388,35.6301841736,84.0670166016,0.318215624429
600,531.548583984,246.752487183,21.8208408356,63.9477424622,0.236454932019
600,523.260620117,117.912605286,21.4998455048,46.8196601868,0.0238805820118
600,505.926544189,47.0889701843,34.4309043884,71.5873031616,5.44505347477e-06
630,71.1990737915,142.469848633,17.0538234711,58.6612892151,17.5958320498
630,467.349975586,141.773590088,17.1249332428,56.985042572,1.84840429574
630,476.599456787,235.786865234,29.6795940399,73.040145874,1.58361997455
630,545.533752441,227.97076416,24.8612308502,70.3690338135,0.719863828272
630,559.149108887,269.049194336,23.1130218506,58.4189453125,0.315550877713
630,528.230224609,68.8018569946,22.621805191,60.6173744202,0.228419480845
630,534.801757812,225.530212402,21.8380413055,55.6719322205,0.126628298312
630,568.107299805,30.1763362885,35.305847168,113.814079285,0.00750112812966
660,494.520874023,132.085510254,23.8520145416,90.422454834,12.5933766365
660,75.3250961304,143.429702759,22.0352783203,74.1982650757,11.5369923413
660,471.612457275,138.460128784,28.7116451263,115.201087952,9.97352525592
660,576.086547852,264.427490234,38.7031326294,97.5327758789,5.63097819686
660,487.368621826,179.628097534,17.5063743591,50.0832939148,4.57310043275
660,86.3516845703,155.74281311,23.0690822601,106.967887878,2.82206889242
660,518.984680176,87.7424316406,26.5635433197,85.5772628784,0.832337513566
660,512.167053223,104.328552246,18.2638072968,62.1053161621,0.0980786862783
660,560.038391113,246.683410645,28.2899646759,89.3588790894,0.0700021570083
660,509.79385376,138.748641968,18.0824184418,55.7187461853,0.0483091687784
690,536.860717773,85.2628479004,20.9673061371,66.9368209839,5.35169802606
690,520.444702148,89.558013916,20.2172489166,66.8128662109,2.58383993059
690,549.954101562,83.7752685547,21.7933139801,62.3565254211,0.039434156497
720,13.4197912216,227.307632446,22.0789413452,56.1514549255,4.29801680148
720,537.360900879,81.207244873,20.7309474945,60.2843894958,3.42876389623
720,549.484863281,85.8051986694,21.2827854156,55.8128356934,1.63266826421
720,538.67755127,101.134918213,28.2833309174,87.392906189,1.34171638638
720,599.088867188,399.144012451,21.8282546997,45.9397163391,0.836557615548
720,9.63821697235,127.596435547,25.0574245453,70.3433914185,0.665528606623
720,552.495178223,157.319381714,18.4886226654,46.7385139465,0.206170137972
720,6.99588155746,214.706100464,17.8320903778,50.0283508301,0.171256484464
720,576.995056152,381.060791016,33.501411438,65.4851837158,0.00527273914486
750,4.99312925339,231.687057495,18.4401454926,51.9710693359,10.4854270816
750,543.937316895,78.4072647095,19.9972248077,69.6118927002,7.2538562119
750,555.464050293,76.4029312134,21.2461566925,57.8963623047,2.6292970404
750,548.367736816,156.29675293,17.9507656097,46.1150245667,1.59989185631
750,537.445068359,104.291786194,19.8981189728,63.5033226013,0.242564128712
750,586.108093262,380.339508057,38.8920059204,69.3951187134,0.00586499045312
780,548.282287598,81.2489700317,20.29829216,62.9715881348,8.47016423941
780,538.833190918,75.1065292358,17.9803237915,60.8135948181,0.362408906221
810,552.591003418,79.3868865967,20.4843502045,67.558807373,2.08208039403
810,538.620422363,274.321075439,19.283367157,51.8453521729,0.759779848158
810,616.78338623,401.730621338,17.5708713531,45.0616111755,0.211580214091
810,600.196289062,386.371704102,29.0957355499,62.2550201416,0.0215075982851
840,550.378173828,76.8841934204,23.8510112762,82.9855270386,1.38629153371
840,601.161804199,379.411010742,24.3933238983,48.8083381653,0.809721462429
870,551.335266113,77.2450561523,21.4523906708,70.5797576904,13.7401714921
870,540.057678223,283.127960205,18.2527713776,47.1171569824,1.92485079169
870,598.890075684,246.108764648,27.1277256012,55.2833862305,0.62183602713
870,589.345275879,375.211700439,39.3868522644,71.9561538696,0.00118923035188
870,608.39666748,404.699493408,20.9730262756,50.6232643127,0.000462777506982
900,550.029724121,79.0186843872,22.3516788483,65.9360046387,4.44135144353
900,539.205993652,281.202362061,19.2387676239,48.2633628845,1.12335793674
930,549.096862793,82.8622970581,19.7042636871,77.8040847778,12.134411186
930,387.000823975,260.683258057,19.4462890625,39.6860389709,5.26183918118
930,603.729675293,244.758850098,24.3894443512,56.9779052734,0.891618337482
930,538.136413574,278.535919189,20.4177303314,52.9227790833,0.823540519923
930,596.302062988,367.541992188,28.7281799316,57.7156105042,0.365168182179
930,611.461364746,357.57019043,16.9865055084,44.4622383118,0.17576237442
960,558.781311035,168.535552979,21.1621589661,48.5082855225,1.67938675731
960,539.740234375,281.661865234,18.5690231323,50.1966362,0.590098230168
960,597.996459961,245.725204468,27.2165241241,63.1859588623,0.328774610534
960,553.952941895,83.8958511353,23.3110790253,67.9105606079,0.144480122253
990,551.737548828,80.9473190308,21.5953292847,68.7543716431,4.90373522043
990,537.735229492,272.792114258,19.8824443817,56.082195282,0.830340478569
990,593.574890137,384.43850708,32.8350753784,65.8255310059,0.0115349110274
990,615.198181152,407.392791748,19.620923996,44.6885719299,0.000416987268181
1020,550.489440918,82.2911453247,19.539894104,80.9120101929,3.7446372211
1020,604.899475098,244.92036438,23.9534549713,57.9206695557,0.644463300705
1050,553.199035645,81.3491287231,20.8019638062,69.8841323853,1.86745394021
1050,536.612609863,240.856887817,28.2064685822,86.4309387207,0.465613417327
1050,599.431762695,242.330200195,24.1969432831,63.0675964355,0.15141738113
1050,608.931884766,401.330535889,20.6640148163,48.2241783142,0.00580734886171
1080,538.118347168,277.568511963,20.271320343,54.5198516846,0.79609612003
1080,604.108337402,245.643066406,23.4596328735,60.1996955872,0.683344481513
1080,555.367248535,80.8063430786,23.8908748627,80.6442642212,0.530009809881
1110,605.938415527,249.384292603,21.96185112,53.283870697,1.25648090616
1110,538.607116699,277.741363525,19.2341918945,52.8505401611,0.537000456825
1110,596.893981934,360.216918945,27.2794342041,52.747882843,0.442811101675
1110,617.616760254,366.62512207,17.3164100647,48.5601158142,0.231885630637
1110,551.482116699,83.1376647949,26.7728176117,67.5586166382,0.220467033796
1110,608.338928223,405.606445312,22.7606258392,47.5438995361,0.000357911312676
1140,604.735107422,249.338973999,23.0856533051,55.2522239685,2.25895438343
1140,538.513000488,276.656097412,19.4616641998,53.8321418762,1.24933430925
1140,549.804016113,83.1589736938,18.979309082,56.6825294495,0.348335923627
1140,548.225585938,156.056259155,24.8950443268,59.0909576416,0.0238735214225
1170,604.8125,249.293945312,22.2376480103,58.1162567139,1.61536876112
1170,530.953918457,114.546813965,20.6120433807,62.5519561768,1.4383142814
1170,599.287658691,402.911773682,22.041059494,47.9171867371,1.11372917891
1170,33.2302856445,226.774490356,22.9636058807,81.4293441772,0.397126050666
1170,615.757080078,402.141937256,19.2609100342,47.8878211975,0.0386407831684
1200,528.711853027,164.753631592,20.7712936401,62.7787513733,2.20718868077
1200,597.328918457,378.682006836,26.9558258057,60.1950683594,0.367753230967
1200,109.811248779,106.594085693,19.9092540741,59.3261451721,0.158776703756
1200,541.846435547,114.319755554,20.1396541595,66.9142837524,0.0557978753932
1230,537.173706055,158.197891235,22.5529632568,60.2796020508,38.6309951544
1230,117.548980713,162.529037476,20.5685710907,90.0905990601,0.826624687761
1230,76.5200576782,160.415359497,19.3625450134,52.9365959167,0.756147131324
1230,482.896514893,177.944412231,18.2427654266,42.7680854797,0.433836178854
1230,498.895751953,349.720336914,28.7732524872,58.6667175293,0.0587121758144
1230,551.371032715,100.831359863,25.6807556152,67.1095809937,0.0379977980629
1230,89.9289245605,162.936416626,16.2483177185,48.331287384,0.00297694405162
1260,134.374984741,151.02406311,19.5795135498,70.2055435181,9.55318361521
1260,558.361938477,156.32951355,20.3397083282,56.1959991455,8.71357247233
1260,579.786193848,180.133041382,17.3393535614,47.7672157288,2.8811506927
1260,482.24697876,211.590332031,27.5773029327,68.6316375732,1.22523680329
1260,142.403930664,165.130615234,25.7154026031,74.2885437012,0.660175830126
1260,526.46484375,71.9089431763,28.3585338593,61.4323921204,0.117597996723
1290,139.389556885,161.699584961,21.9795818329,55.5383758545,27.7030020952
1290,606.878234863,204.455886841,17.9694404602,39.5090560913,25.6803512573
1290,609.670349121,86.6319656372,20.3261814117,56.6319007874,6.96829482913
1290,34.2004508972,183.000778198,22.4244022369,50.4611091614,1.32624469697
1290,175.593688965,170.268814087,29.0203227997,94.6705245972,1.20189627632
1290,579.354064941,125.394050598,19.902973175,48.0621337891,0.0292936107144
1320,597.152526855,146.654067993,25.5038433075,68.6065216064,40.8295631409
1320,24.1720752716,167.850296021,20.2524814606,51.2336082458,7.78702646494
1320,585.577453613,146.300216675,21.3286399841,57.2574806213,3.63252907991
1320,499.419769287,168.669662476,20.2269515991,49.3329277039,1.81965027004
1320,172.78477478,147.251998901,22.9724578857,68.1592025757,1.1933545582
1320,611.014282227,126.564414978,17.5766429901,52.9485054016,1.06088267639
1320,617.018859863,150.120864868,17.0179595947,48.605632782,0.725662941113
1320,239.26411438,169.890487671,26.6718921661,77.8933181763,0.606237631291
1320,36.383731842,169.85345459,18.8945598602,52.0141296387,0.443461118266
1320,611.02130127,170.49067688,16.8462772369,50.50938797,0.365448440425
1320,73.1078796387,155.648193359,20.0876293182,52.2751502991,0.0842871959321
1320,82.4858627319,144.195495605,22.3514480591,55.0594177246,0.0233867525822
1350,609.228759766,72.7873535156,21.2122516632,61.318447113,3.21527272463
1350,8.87448978424,178.82460022,15.6705770493,52.1225624084,2.18321215361
1350,616.902404785,103.614532471,19.334487915,61.8124237061,2.10214070976
1350,598.875427246,294.538696289,27.3174762726,65.5928497314,1.97245031595
1350,64.3065567017,150.609283447,23.5051708221,55.4978675842,1.6508763656
1350,170.72605896,153.994415283,20.8412857056,65.9490356445,1.46471187472
1350,628.408752441,185.399917603,11.5912475586,51.6663551331,0.400796160102
1350,618.442016602,234.697219849,18.6710414886,48.1539916992,0.358231039718
1350,44.2213745117,151.101593018,25.5153751373,73.258605957,0.0842943263706
1380,447.28225708,177.239334106,18.8441638947,43.208984375,23.8383367658
1380,451.459014893,138.900848389,19.8509559631,68.3760452271,5.95171004534
1380,424.423950195,169.663879395,19.3642654419,49.681728363,3.70418131351
1380,437.153442383,174.513534546,17.9107646942,46.7286643982,1.55061595142
1380,9.73035240173,169.265274048,14.475060463,51.7546539307,0.981887988746
1380,148.688339233,151.228240967,21.7574520111,61.0143432617,0.336208567023
1380,462.344390869,169.108139038,17.2383575439,42.2903251648,0.0587900634855
1380,42.9856719971,145.766983032,22.4463100433,53.3729438782,0.0166794256074
1410,414.388031006,170.998962402,19.5540466309,45.140750885,8.63785594702
1410,98.8974838257,152.269470215,19.9350738525,59.5364112854,3.8795363158
1410,616.924255371,128.02293396,16.6049175262,50.5187988281,3.22649143636
1410,397.902801514,169.440628052,19.1080608368,47.2493133545,1.88097581267
1410,617.275939941,51.6576652527,16.9230194092,50.4585418701,0.793477613479
1410,359.560424805,136.894821167,19.6785869598,62.0739326477,0.597646599635
1410,425.738922119,154.069824219,21.1006832123,56.222454071,0.442346697673
1410,307.301361084,105.89516449,22.1550750732,79.7839660645,0.0392132787965
1410,593.874511719,51.2811393738,22.2974872589,58.1555671692,0.0147338883835
1440,606.101501465,124.375671387,22.3506336212,83.2830505371,32.0346802473
1440,485.068603516,145.190750122,25.1199092865,67.7764053345,13.6543273926
1440,603.98614502,103.143562317,21.1231937408,54.6457939148,11.1290052533
1440,387.317657471,171.45954895,20.837896347,50.8930854797,10.6554910541
1440,616.80291748,111.42603302,17.9221019745,49.2839355469,1.96895487607
1440,525.358337402,163.622528076,20.0824661255,49.3198051453,0.987946428359
1440,607.299621582,36.0729103088,18.9052829742,45.69090271,0.614872155711
1440,297.137390137,100.856651306,33.6684150696,91.8546447754,0.546641089022
1440,367.962646484,157.043289185,21.8961353302,60.822101593,0.468233041465
1440,402.823974609,160.086532593,18.8993034363,52.3259429932,0.380331045017
1440,8.65527534485,173.15411377,15.548377037,48.7850494385,0.200771586969
1440,616.687927246,55.0153808594,16.6395130157,50.5815010071,0.0296795187751
1470,454.354370117,155.198898315,20.8730449677,67.0067443848,49.5101124048
1470,587.277526855,142.475631714,23.7506961823,72.6735458374,17.6361277699
1470,607.797241211,176.06098938,20.4859027863,48.8143424988,10.7347413898
1470,359.544891357,166.64704895,23.0407238007,62.8538780212,6.41955584288
1470,583.075256348,100.550392151,22.8314743042,62.8884391785,3.44714745879
1470,611.293029785,94.2146987915,18.1125679016,55.6513214111,2.97925584018
1470,465.966522217,152.869400024,29.9799118042,70.0748977661,1.36425746605
1470,271.15133667,107.313331604,34.0934066772,86.8179626465,1.11636575311
1470,507.135498047,168.506973267,20.6651592255,51.3839874268,0.877489335835
1470,600.060852051,100.373512268,20.0122833252,54.0146064758,0.604426581413
1470,373.006622314,164.374008179,22.6201725006,56.8813171387,0.475043524057
1470,554.547424316,107.361885071,23.9870700836,71.8487548828,0.439356267452
1470,14.2083969116,136.865478516,21.7888851166,78.0213088989,0.376746687107
1470,289.793609619,129.078659058,23.5348987579,70.4944076538,0.352457398549
1470,47.719039917,153.20375061,24.8193035126,58.331577301,0.231614452787
1470,551.238708496,42.4003334045,24.9359436035,52.7475624084,0.195609382354
1470,558.195373535,170.684768677,18.095281601,46.5652122498,0.194113317411
1470,241.637573242,108.113342285,22.6016902924,80.7398986816,0.0587206508499
1470,281.058868408,149.065261841,18.2770309448,51.9005737305,0.0504986091983
1470,266.983673096,160.889007568,21.1678218842,57.6232299805,0.0494870590046
1470,279.298980713,42.7028656006,32.3055305481,98.0721130371,0.000973720307229
1470,539.791259766,25.1754074097,23.6381244659,49.6578216553,0.000368971655007
1470,582.77557373,36.903011322,32.1178894043,73.7467956543,0.000157388876687
1500,572.790222168,198.296920776,22.7355651855,49.8061332703,81.0181736946
1500,355.263519287,150.219009399,30.248916626,80.9342727661,36.6756737232
1500,151.570541382,173.23248291,20.2010669708,54.4376983643,19.8441520333
1500,248.778762817,168.149230957,25.2081127167,70.0491409302,5.98373487592
1500,221.940856934,115.826782227,20.1813907623,65.5634536743,5.70133961737
1500,511.492034912,178.678604126,25.7853317261,52.1922607422,5.20041435957
1500,219.616653442,179.180709839,20.7841777802,55.2193031311,3.60004156828
1500,579.759643555,23.877374649,31.0944004059,87.7749710083,3.15265767276
1500,489.221160889,101.471069336,20.9473781586,65.4206161499,2.19168961048
1500,519.923034668,87.3736953735,19.5646800995,65.4588088989,2.05422397703
1500,493.457977295,152.107589722,27.2905864716,69.2666473389,1.72638688236
1500,396.644744873,181.730728149,21.8426265717,50.7657966614,1.55065702274
1500,525.804626465,60.5878601074,28.4944972992,83.0930023193,1.46136954427
1500,191.644515991,157.72718811,27.9047489166,66.8632354736,1.35329160839
1500,611.295532227,43.6588020325,18.6463909149,50.5720977783,0.765829021111
1500,616.471252441,102.639770508,17.7638339996,54.4793968201,0.671082315966
1500,346.096466064,170.907211304,21.2397174835,58.0216026306,0.629453361034
1500,157.54927063,108.725318909,36.8347167969,98.7274780273,0.546429818496
1500,183.085159302,143.377304077,20.1548290253,65.8074798584,0.472290394828
1500,555.55279541,142.540893555,21.987411499,56.2731056213,0.204667565413
1500,520.537902832,34.3936958313,21.5131378174,56.620716095,0.03963818599
1500,178.076980591,46.9308357239,21.7072696686,64.7918548584,0.0359443452908
1500,209.582458496,52.9898071289,23.1973571777,70.1945571899,0.0317785947118
1500,169.714370728,156.886444092,17.4183769226,54.7326927185,0.00921909522731
1530,274.713806152,221.915298462,25.685918808,62.5283660889,74.4765043259
1530,34.0011558533,180.521469116,50.8689117432,84.1540679932,12.381888181
1530,188.953598022,166.444015503,30.6686534882,82.1758499146,7.2330519557
1530,69.0104370117,187.307006836,26.6248836517,69.7825241089,7.05631971359
1530,81.433807373,144.373428345,35.3630104065,111.935905457,4.74005118012
1530,278.462310791,23.7170333862,32.2857818604,71.4552841187,2.35240347683
1530,186.304580688,91.7534790039,26.2013168335,82.8667984009,1.50950700045
1530,254.834838867,218.782470703,19.9458637238,52.5328674316,1.37083968148
1530,290.388519287,225.647384644,18.4844036102,55.4690895081,1.28100737929
1530,85.8616409302,204.401168823,22.187833786,56.06457901,1.21146729216
1530,299.923034668,29.0321826935,19.9458789825,65.1923904419,0.80745043233
1530,197.045211792,74.1458206177,29.1960887909,70.6322402954,0.70997402072
1530,228.833694458,35.1212806702,27.4214248657,76.9201583862,0.606362428516
1530,90.4675216675,110.745483398,30.2028751373,77.9362335205,0.589595874771
1530,16.0393314362,190.94732666,25.501039505,70.8022232056,0.574539601803
1530,211.707946777,97.7509765625,31.9887714386,107.72756958,0.573115097359
1530,467.554443359,187.877334595,19.2773399353,53.5442390442,0.28776419349
1530,222.61328125,35.8567390442,19.7208347321,51.3695335388,0.186184945051
1530,581.690246582,130.097946167,35.6989631653,72.2684936523,0.180930492934
1530,96.9966049194,200.751815796,27.5907840729,56.594455719,0.146423524711
1530,446.987792969,183.271789551,27.6305103302,69.302696228,0.116699782666
1530,201.259872437,48.7560424805,26.5499744415,57.1064414978,0.096843164647
1530,229.559158325,109.732055664,29.6204357147,101.188751221,0.0699633208569
1560,66.8171539307,223.130004883,27.3867931366,60.4145698547,53.813457489
1560,405.874969482,185.04107666,26.3731842041,55.0155754089,13.4370833635
1560,174.422622681,227.296737671,22.1477451324,50.8625144958,3.98714356124
1560,617.671508789,175.937744141,16.0364894867,52.5000457764,1.63869932294
1560,58.9550971985,172.663314819,52.7160987854,104.25692749,0.172985321842
1590,242.264160156,177.705627441,23.0102596283,52.5169525146,24.642431736
1590,419.750732422,101.312049866,28.7783489227,107.704414368,22.5439786911
1620,605.548034668,132.510910034,21.1630458832,64.2241363525,10.933855176
1620,616.385864258,153.518844604,17.0822677612,51.4860038757,1.36402668431
1620,617.657775879,116.801200867,16.9758052826,51.9540596008,0.308877252974
1650,198.255874634,161.351760864,29.5606822968,72.1621780396,8.91447365284
1650,301.329620361,154.352890015,19.388381958,43.9832649231,2.65535824001
1650,104.682914734,160.058670044,29.1518268585,72.3062362671,2.52757724375
1650,452.868164062,166.363067627,20.9900302887,58.8390159607,1.97283811867
1650,557.062683105,81.0827560425,53.0037384033,155.143997192,1.02207288146
1650,472.03112793,173.940719604,21.6370105743,58.000667572,0.283706723712
1680,61.894115448,166.460525513,24.3306179047,64.5833206177,8.65036472678
1680,199.551879883,158.399490356,21.6612758636,61.212020874,4.41473349929
1680,473.913360596,133.253143311,30.9500350952,76.4706344604,0.998070463538
1680,223.343399048,149.375656128,21.722120285,45.8862495422,0.390574918129
1680,212.319778442,157.037689209,17.3538417816,48.5822906494,0.212371279486
1680,546.472717285,36.0071601868,20.2067260742,65.4574203491,0.0401777593652
1710,609.326843262,74.8126144409,24.5785751343,66.7118682861,9.02528837323
1710,7.02700281143,187.900161743,19.7277450562,58.3218994141,2.6293668896
1710,571.722412109,38.1473464966,24.4745502472,71.696762085,1.91383436322
1710,585.145629883,40.0465049744,29.1425113678,76.4565429688,0.76150870882
1710,603.015014648,113.498840332,26.6311187744,60.1593017578,0.316421338357
1710,465.978515625,87.3242797852,23.209821701,72.9156570435,0.0398489442887
1740,141.001678467,159.668380737,18.3877811432,45.647644043,1.86331067234
1740,604.206359863,45.2800102234,24.4285831451,73.6403579712,1.55132506043
1740,419.623565674,131.793548584,17.7699260712,59.014591217,0.407285429537
1740,453.888458252,152.923797607,25.5162792206,68.3186264038,0.328074302524
1740,490.700073242,89.4675674438,23.917798996,79.9035568237,0.120305654127
1770,477.28237915,149.109695435,27.4734745026,72.9515304565,42.3307567835
1770,394.647125244,148.279556274,18.3708095551,48.0335960388,5.7700753212
1770,440.438598633,160.445220947,21.7641086578,54.6364593506,0.849399343133
1770,492.3152771,153.939727783,19.9987239838,52.7824554443,0.393197545782
1770,404.341583252,135.182601929,23.1463184357,60.707824707,0.120565458201
1770,137.65296936,162.632675171,18.3284893036,46.1658782959,0.0335121585522
1800,550.632141113,134.643554688,36.5683822632,110.424690247,98.3846127987
1800,87.2728042603,158.988021851,18.7130889893,48.3541717529,11.6322301328
1800,451.57119751,124.258628845,25.0056552887,74.045791626,4.77768369019
1800,403.776519775,139.02293396,25.0726070404,53.2281227112,1.96680743247
1800,106.731292725,155.883743286,17.6170387268,50.0406684875,0.523068709299
1800,121.432182312,161.827774048,19.7970123291,52.3800926208,0.438506528735
1800,492.929656982,110.5911026,21.0848255157,59.2154045105,0.3729341086
1800,463.397827148,154.077651978,22.1234817505,52.5687599182,0.275503890589
1800,10.6124277115,154.279663086,20.5025081635,60.3022956848,0.200720853172
1800,483.157989502,143.558914185,24.4415206909,61.6619911194,0.0867636408657
1800,572.897644043,144.744384766,20.6070652008,63.9376220703,0.0111219058454
1830,552.436950684,35.7808227539,49.3473205566,178.141494751,49.3555486202
1830,429.992431641,124.153846741,24.2440185547,64.638420105,7.83190727234
1830,482.2137146,140.450637817,33.1015014648,63.7912139893,6.33129552007
1830,408.822875977,135.276657104,21.7671489716,55.3642234802,3.09288315475
1830,549.164001465,101.83972168,24.8286075592,85.3355636597,2.77219302952
1830,21.1113681793,146.666549683,23.9931735992,67.0604171753,1.73418521881
1830,445.476593018,137.879669189,18.7949295044,50.7730102539,0.63334768638
1830,611.513366699,116.554328918,15.9231863022,47.0584564209,0.590979587287
1830,550.964660645,50.0764808655,27.8876514435,82.4209289551,0.247507658787
1830,503.914428711,111.130310059,19.9184093475,52.2948112488,0.0514099141583
1830,8.30293273926,166.49621582,19.3630924225,55.4963035583,0.0379213190172
