30,384.286987305,182.448806763,23.7365207672,65.7629623413,12.1671594679
30,401.649261475,186.868545532,20.9752311707,62.9907951355,1.59712657332
30,23.3690185547,161.943115234,29.4816379547,70.3877029419,0.796555541456
30,601.559020996,67.0423278809,17.5446071625,59.922077179,0.4869769793
30,39.7698402405,177.140823364,29.5842990875,66.6521606445,0.0170625542523
30,416.469818115,189.286239624,19.3453350067,51.142364502,0.0161928706802
30,338.934051514,123.3671875,33.2993087769,75.1257553101,0.0135127935209
30,11.2560186386,176.438034058,22.5503978729,64.4226455688,0.0046441986342
60,539.581542969,203.548355103,35.1771583557,79.6383056641,0.44281068258
60,469.380218506,197.497116089,20.4335403442,60.353679657,0.333697372116
60,410.418457031,146.123458862,25.674987793,75.5789260864,0.114261358976
90,402.608398438,153.360427856,22.4594326019,58.917591095,37.930688262
90,576.150146484,215.518325806,38.5429267883,143.153884888,24.75887537
90,491.974700928,217.200317383,23.2462158203,72.1161804199,7.26849213243
90,15.6790237427,186.531738281,24.0488739014,58.6386299133,5.8424025774
90,517.098937988,172.194335938,46.3367462158,137.168258667,4.18792627752
90,441.808380127,174.097640991,16.9321117401,47.7273521423,4.16640155017
90,126.183898926,43.8366546631,31.5113010406,68.5406723022,2.84625403583
90,418.576873779,164.281112671,17.4599647522,50.0186004639,0.847094226629
90,580.981079102,227.540023804,22.7557754517,57.2349891663,0.785615295172
90,452.768280029,180.305221558,17.9466533661,48.3283119202,0.62814289704
90,596.386047363,238.723709106,40.6209526062,124.487701416,0.356364878826
90,430.217529297,151.968643188,21.9118480682,56.3008079529,0.256667612121
90,568.639648438,218.986328125,20.4397201538,52.2438850403,0.0162528216606
120,479.287628174,185.666091919,18.9866428375,42.7548217773,47.0454841852
120,490.472686768,183.120651245,17.3359928131,45.2912025452,10.4633145034
120,442.693084717,137.652908325,20.7272357941,64.9030075073,0.912380591035
120,565.810852051,231.990737915,41.4677238464,105.351470947,0.0314463686664
150,488.99118042,181.358779907,21.4680023193,52.8169746399,82.962679863
150,452.826934814,129.16178894,20.2407894135,68.5302505493,42.3281729221
150,502.662689209,181.679138184,22.5319976807,55.3246116638,17.7480190992
150,459.095489502,159.472396851,24.5659790039,72.1843795776,9.30810347199
150,473.144561768,176.625366211,19.2991199493,58.6681098938,4.51138392091
150,435.406036377,132.091598511,20.3549365997,56.38904953,0.0393225316657
150,100.618980408,35.6504707336,23.6558227539,59.5039710999,0.0129631691379
180,503.924041748,175.458129883,23.740644455,63.7753334045,90.2319431305
180,484.99987793,175.977920532,22.6840591431,64.4225234985,78.8957178593
180,458.727935791,176.207962036,18.4669094086,56.9345092773,75.2522110939
180,519.487548828,177.226379395,23.0932445526,61.4132385254,49.8855650425
180,468.880462646,159.350326538,19.003288269,76.9025650024,47.7261006832
180,459.332183838,86.3620910645,30.0368728638,119.821632385,25.6097018719
180,380.397674561,173.287460327,20.6697368622,51.7885284424,5.99683299661
180,457.35925293,168.342498779,76.63230896,73.0488433838,0.0564491201658
180,22.3532276154,107.591148376,25.1598262787,79.0793609619,0.0356813048711
180,416.754272461,105.277946472,25.7706699371,74.7303695679,0.034414647962
180,94.6339035034,117.598976135,29.2173786163,72.9689102173,0.00102499061541
210,553.794067383,160.995193481,31.7676677704,92.1675109863,95.3202188015
210,478.772949219,172.50718689,28.0716381073,67.4210510254,95.2367305756
210,582.818054199,172.466247559,22.8765354156,74.9396438599,84.1841042042
210,517.382385254,167.005233765,26.5790081024,83.4678115845,76.1220097542
210,359.825408936,162.219467163,21.6490497589,57.762928009,51.6434192657
210,388.819549561,171.124801636,19.1389160156,50.0036659241,22.4106669426
210,405.546020508,153.952270508,18.7311306,52.7876739502,20.4172462225
210,588.481262207,135.728469849,35.3056602478,98.6090774536,15.7395526767
210,505.815643311,172.684585571,18.4003658295,64.0797348022,9.27562043071
210,536.425231934,144.695220947,28.7153949738,124.923606873,9.19208526611
210,372.380889893,166.032608032,18.6450538635,51.17710495,1.76871251315
210,425.103759766,106.378135681,19.9961338043,61.5867500305,0.167429225985
240,547.549316406,165.345016479,45.3157310486,99.7959365845,98.8682866096
240,443.433135986,171.537124634,18.0606918335,57.6138114929,80.9367001057
240,395.438964844,169.877334595,21.0778312683,61.0120429993,80.3202152252
240,613.689758301,193.33656311,17.8597164154,61.9209785461,55.0306737423
240,596.510375977,184.913635254,26.2941837311,66.5318069458,9.82162281871
240,191.748535156,159.695373535,23.4136810303,61.8838653564,4.64617796242
240,19.8745670319,165.172241211,20.1745567322,49.2726707458,4.52104397118
240,576.473327637,158.438217163,38.1519775391,106.27746582,2.60221473873
240,1.80048620701,210.159957886,18.9722805023,50.0936470032,1.94339565933
240,422.142822266,158.264633179,25.9654998779,66.5795516968,1.82973556221
240,435.030883789,143.282821655,23.1890354156,58.4120597839,0.228901347145
240,413.517578125,159.609695435,19.9258613586,55.0077476501,0.2116919728
240,9.07399082184,167.768356323,20.1336956024,63.5557098389,0.162992405239
240,34.7391815186,164.983657837,18.2547512054,50.4779968262,0.114297913387
240,22.4610500336,34.4212684631,21.6715450287,60.3012199402,1.07092844814e-05
270,531.001159668,161.707000732,29.4694900513,80.4894866943,99.1798579693
270,451.080657959,152.223403931,35.7946434021,88.7365036011,68.1325793266
270,13.3487081528,150.450942993,20.3206615448,53.5690345764,22.0058277249
270,575.827331543,139.844680786,37.1767539978,142.676345825,11.4600136876
270,24.308889389,152.198410034,22.8096904755,55.1249809265,3.77787612379
270,395.000610352,140.213638306,18.7130851746,65.4589614868,1.13373622298
270,484.680389404,105.985694885,19.3911304474,64.8371810913,0.611763028428
270,475.437591553,151.005477905,21.0807590485,57.2517814636,0.577686401084
270,590.549133301,67.0903244019,24.669052124,67.393699646,0.52801631391
270,206.460525513,166.365585327,21.9330158234,55.9011116028,0.32852741424
270,487.030181885,140.912155151,23.4280071259,65.3768005371,0.146325386595
270,546.207336426,158.840103149,37.3426094055,82.6906967163,0.0372548529413
270,526.843566895,79.9852523804,31.6584262848,81.4835128784,0.0360970268957
300,585.258605957,152.388961792,38.5536689758,130.60017395,67.7885115147
300,471.523468018,143.061141968,27.6034088135,80.5733032227,15.8799543977
300,433.260742188,128.808670044,20.6912746429,73.9385604858,9.59923118353
300,498.810882568,145.119491577,27.3642425537,70.3613739014,8.76396819949
300,7.91334962845,155.639297485,17.2582263947,51.0738067627,8.17412883043
300,582.876464844,102.049751282,28.9066333771,77.7750701904,4.98357266188
300,489.700042725,152.132492065,20.3187618256,54.5350608826,3.70432063937
300,466.545440674,128.83215332,18.0072231293,61.2312927246,0.772899668664
300,598.70526123,220.651229858,22.4709091187,63.097454071,0.732107507065
300,534.18927002,45.3414573669,28.1321392059,92.1883239746,0.672893971205
300,510.441131592,121.138816833,18.7820529938,57.938709259,0.520669994876
300,18.5668182373,155.422515869,19.5710124969,46.7827758789,0.310024782084
300,521.771057129,104.526374817,24.8723602295,70.6044921875,0.215729838237
300,93.0461730957,132.352783203,25.0588321686,65.3880081177,0.211715046316
300,472.404876709,88.3075790405,25.2346591949,85.5252990723,0.1283368445
300,548.622680664,123.869873047,18.9993629456,56.8487586975,0.0523153634276
330,530.935974121,204.20942688,28.6803722382,66.4896774292,31.4762473106
330,445.419830322,141.700088501,25.4327297211,84.4478912354,4.56485040486
330,39.7356376648,138.824417114,22.9731578827,65.4292526245,4.29875850677
330,458.881347656,135.201416016,27.2245407104,86.2383346558,3.68119888008
330,58.536151886,146.057449341,19.3721294403,54.2909698486,3.38097885251
330,521.137451172,147.16444397,49.5752105713,112.517829895,2.26162690669
330,70.4161758423,139.787612915,19.8725910187,61.581451416,1.49415833876
330,521.686889648,109.662513733,20.3095264435,56.5349311829,0.70469356142
330,461.572113037,182.485458374,18.7294101715,49.0905609131,0.128586811479
330,82.7474365234,139.841934204,17.8937168121,59.7941322327,0.0345842301613
360,27.2447891235,130.089096069,20.8194561005,76.7668533325,23.7807378173
360,561.799865723,178.27482605,20.5454616547,61.6094017029,5.61201795936
360,11.9846115112,129.690414429,22.2473049164,75.3849716187,0.389889115468
360,487.895721436,174.20501709,20.4879627228,54.1538658142,0.109698774759
360,571.745788574,64.9064712524,31.2462158203,85.7234573364,0.0267075985903
390,12.1604194641,149.578933716,22.4133739471,68.1082000732,16.4747878909
420,88.9813613892,162.358154297,24.0983867645,64.5988082886,6.43705129623
420,108.75125885,178.591781616,20.8552036285,54.3389320374,0.316767464392
420,387.492156982,31.6521320343,21.3200283051,54.9961891174,0.164365582168
420,562.897399902,187.894104004,21.1533603668,59.6459503174,0.0941078353208
450,73.3604888916,179.2162323,20.5190944672,59.760684967,8.11681076884
450,82.4105529785,196.244064331,20.9279003143,52.2139892578,0.786877050996
450,607.341125488,103.21421051,29.5581531525,87.2585678101,0.70692487061
450,129.004623413,165.683837891,30.3327770233,65.5717773438,0.287642981857
450,439.370330811,71.1996765137,21.3829040527,69.3900985718,0.00930550231715
480,11.9537763596,198.901672363,17.9958381653,42.8753204346,4.9390129745
480,112.397956848,182.522659302,22.4631958008,67.4292526245,1.2125483714
480,70.5747299194,175.423233032,36.5489425659,77.3541183472,1.12602747977
480,450.493621826,173.328201294,19.6291294098,58.9605293274,1.09123932198
480,49.4013671875,166.896224976,25.8002071381,76.7272262573,0.208264566027
480,136.705200195,192.610961914,16.0459480286,45.6349334717,0.0982085592113
510,484.067016602,174.631286621,18.6065616608,51.6410675049,80.1728248596
510,495.30166626,175.668258667,19.4276580811,50.0785102844,4.39204648137
510,14.1883859634,175.25541687,31.2105026245,91.3815078735,3.6124818027
510,520.842468262,70.8729400635,62.8474121094,141.970413208,0.214328058064
510,66.8120880127,195.585952759,19.2411441803,63.2884941101,0.0230298232054
540,550.908935547,167.353546143,31.1640014648,69.7406234741,85.2177023888
540,583.516052246,172.494552612,25.8838176727,61.2147483826,13.0963519216
540,49.9198799133,187.95892334,20.2948360443,70.5907821655,9.32394489646
540,594.563720703,187.359512329,26.2340641022,57.8588905334,2.98147071153
540,97.5397949219,200.27192688,18.5399246216,46.2745628357,0.75232735835
540,483.156707764,186.157104492,25.4050769806,62.4123268127,0.271592126228
570,19.9926548004,190.912597656,22.9949111938,61.7395820618,41.8896704912
570,68.7426986694,196.470336914,17.8958072662,52.19008255,0.287180696614
570,118.572937012,160.625167847,23.6351680756,65.2069320679,0.0960497243796
570,6.57601594925,182.514266968,18.3865394592,50.0046653748,0.0755288521759
570,295.226898193,189.579055786,22.4245624542,52.6773262024,0.0362204678822
600,424.61038208,152.484542847,20.3069381714,69.3052368164,2.70515587181
600,462.882476807,113.623924255,29.769536972,83.1020278931,0.937121827155
600,503.593231201,133.448654175,23.9874477386,74.7059860229,0.881882291287
600,447.255737305,183.301223755,16.8889541626,43.8786048889,0.660719070584
600,434.177581787,181.191390991,18.6322441101,49.9108085632,0.249637733214
600,459.026153564,182.096542358,15.8450431824,48.3230133057,0.125696451869
600,41.0096931458,195.313186646,18.9763240814,60.2891807556,0.0424891855801
630,570.950866699,141.310180664,23.750120163,108.776725769,24.9634250998
630,473.043121338,182.28187561,16.6726741791,53.6575050354,14.9248272181
630,599.71887207,144.22668457,26.8927383423,75.9312210083,4.41369786859
630,619.988830566,190.904983521,15.3592786789,54.1632537842,4.07516472042
630,484.654571533,181.242874146,16.6798534393,48.7425231934,0.039909692714
660,539.060119629,37.2607917786,30.0165119171,76.3260192871,1.54713904485
660,5.90436792374,179.984542847,17.9987697601,50.572769165,0.284800445661
690,611.969421387,193.940185547,16.9767627716,45.1824798584,25.6560593843
690,466.893463135,163.198135376,19.2447853088,52.7391624451,9.10324603319
690,596.292114258,193.982116699,22.2077045441,54.485660553,0.419516535476
690,416.939971924,110.02923584,28.1524562836,73.1901168823,0.101434625685
690,513.182006836,174.07019043,21.8554210663,56.5982322693,0.0953640264925
720,539.776489258,190.133865356,27.9181747437,62.8906440735,20.2351823449
720,520.480041504,137.130615234,23.5060195923,71.8124694824,9.90923419595
720,502.913330078,130.480697632,24.9545307159,62.0711326599,2.42413394153
750,418.428344727,79.3733825684,32.9733772278,72.9593734741,0.148851273116
750,452.866546631,205.95262146,19.8203411102,38.5215530396,0.138998881448
750,463.8097229,203.454544067,23.3169193268,39.0886726379,0.0020429795768
780,120.996940613,162.650894165,22.1279125214,59.8622703552,0.748516386375
780,427.372650146,57.3834724426,36.9061470032,74.5439071655,0.215566647239
840,609.998352051,191.618606567,18.0665378571,44.4859313965,0.874198693782
870,7.02873039246,194.984329224,20.1456642151,55.6581420898,43.6311602592
870,558.72454834,183.540847778,19.8045902252,57.8929023743,1.46384015679
900,608.573547363,102.204307556,17.4999542236,52.0371856689,33.4107905626
930,602.469238281,233.097610474,26.4395675659,55.3259887695,3.99600714445
960,0.272802352905,207.620407104,13.8687868118,61.6847953796,9.46999639273
960,10.3599176407,207.648513794,18.8273067474,45.7265663147,0.521691143513
960,432.605560303,196.895248413,27.5783081055,64.946937561,0.043786939932
990,410.24520874,198.436401367,20.3050289154,56.4220581055,0.775612192228
1020,592.488708496,242.731018066,35.0234565735,85.8829345703,24.5314404368
1020,493.72177124,223.250976562,30.4372386932,76.6303405762,16.6340619326
1020,513.239929199,232.389144897,21.5388736725,67.0446853638,8.40386375785
1020,58.8386535645,174.95501709,19.2799777985,58.7062950134,1.76390185952
1020,552.84979248,245.900314331,33.8616523743,73.1382827759,0.220023561269
1050,89.0478439331,154.190444946,19.7141399384,59.2476615906,2.27534491569
1050,25.1698665619,132.296127319,20.9557647705,62.652633667,0.038062792737
1050,273.877502441,182.420898438,21.3389911652,49.3108520508,0.0298440922052
1080,611.808532715,47.0009269714,20.984046936,61.9762229919,2.59846951813
1080,10.1360254288,169.917678833,21.1326198578,58.3551635742,2.29439754039
1080,29.1053009033,154.923706055,21.8679523468,66.5257034302,0.462032249197
1080,271.992401123,177.231628418,21.7980518341,51.7237091064,0.0440914009232
1110,14.8345146179,159.87059021,20.2921829224,57.3053283691,0.107551796827
1110,27.9347305298,161.940078735,22.8124389648,58.2991790771,0.0348233501427
1110,567.680114746,94.0366744995,29.913942337,83.7210083008,0.000799021654529
1140,571.65625,191.773010254,25.4854335785,65.393196106,14.5512968302
1140,593.498779297,203.033462524,18.498254776,44.488986969,0.783853232861
1140,609.741027832,195.097610474,19.7803916931,51.485622406,0.524895777926
1140,279.196807861,180.84375,21.2504844666,48.310962677,0.31594869215
1170,13.1844244003,230.651855469,39.7164802551,154.774353027,49.7788906097
1170,91.2484436035,169.433425903,18.6327495575,57.3964271545,39.1373217106
1170,481.760009766,226.820571899,26.7969417572,65.1292877197,3.60101610422
1170,410.935699463,169.825698853,20.5568256378,52.234249115,0.099183130078
1200,432.760131836,142.686798096,23.8099956512,65.1390228271,0.563951116055
1200,17.8838253021,180.357116699,20.8137149811,57.4837532043,0.0840398366563
1230,47.9774055481,181.970275879,29.5712661743,88.5664367676,15.2574524283
1230,451.252593994,179.825439453,24.3287372589,67.6738739014,12.0461657643
1230,565.377380371,179.325790405,29.5077610016,73.8558731079,0.543724140152
1230,64.7625961304,186.214401245,21.6125621796,51.1483001709,0.230899476446
1230,465.1534729,137.507583618,21.3957691193,57.7175178528,0.178853154648
1230,541.916015625,111.151649475,22.7908229828,83.9243240356,0.0551141158212
1260,506.829956055,180.567276001,19.0128498077,52.7871360779,61.0879540443
1260,5.64264678955,246.557113647,44.4335784912,122.553627014,25.805953145
1260,532.079040527,190.70652771,27.4053707123,58.923740387,17.6131844521
1260,92.5028305054,189.544509888,25.1389770508,64.1820907593,4.04755175114
1260,70.6148529053,169.989120483,24.6720046997,76.4710769653,3.94914038479
1260,526.459899902,117.489326477,22.3515911102,69.1094741821,3.4394081682
1260,415.634674072,192.844116211,29.043302536,58.8921089172,2.64150630683
1260,497.906005859,135.980422974,27.1315765381,81.5010986328,0.870654731989
1260,573.458129883,148.155838013,17.8284320831,50.5776100159,0.248338934034
1260,584.171936035,154.509735107,24.7586307526,74.3203277588,0.158098177053
1260,443.351165771,100.050415039,29.1747665405,60.6538696289,0.0373550341465
1290,50.6502723694,240.394210815,22.0973682404,63.488368988,0.478148693219
1290,0.0,313.367095947,16.6501560211,53.6305885315,0.0862569140736
1320,153.302230835,207.247314453,26.9457454681,64.0762481689,0.922350026667
1320,181.190872192,177.694137573,19.4746608734,53.9744529724,0.777288293466
1320,561.521972656,231.80027771,29.3204040527,100.497245789,0.254263426177
1320,516.356872559,133.226196289,19.6444759369,59.1294441223,0.157682783902
1320,576.207214355,252.209182739,42.8625068665,86.6346435547,0.143374386244
1320,523.971862793,116.272483826,25.5903110504,83.388999939,0.0609489390627
1350,533.563537598,176.492797852,35.2721061707,95.1407775879,1.49074876681
1350,553.58001709,207.857955933,21.7816390991,67.1504974365,0.335276825354
1350,577.235656738,125.66809845,32.6829185486,71.3976821899,0.11807770934
1350,26.7437591553,266.976196289,17.5167350769,40.8179969788,0.0585585017689
1380,581.001220703,203.523574829,37.561164856,74.9309921265,6.53210505843
1410,452.681793213,196.445007324,31.0780124664,76.4465255737,23.5883489251
1410,34.7470970154,170.557266235,22.0106735229,59.3332176208,0.645841471851
1410,14.0880355835,170.578903198,24.2508945465,72.4416351318,0.231381179765
1440,595.38092041,209.809341431,29.9700012207,74.6191711426,35.3719621897
1440,46.42029953,195.319458008,20.4486579895,46.9136505127,0.980430003256
1440,209.926956177,90.46875,22.6543121338,74.3473815918,0.0540432694834
1440,516.43939209,172.350479126,27.3423900604,78.1115646362,0.0508758588694
1470,477.631744385,185.029220581,21.1747989655,47.9179534912,19.4927319884
1470,155.329483032,185.212875366,41.5689926147,88.1529922485,0.0928629015107
1500,594.191040039,175.163803101,29.2934360504,74.5004959106,82.5178086758
1530,127.858695984,205.015380859,21.2196846008,56.1892280579,1.41631020233
1560,123.240699768,211.306030273,21.8522357941,59.5596313477,5.40203303099
1590,18.4862346649,180.157653809,23.0281505585,61.1957969666,0.113380420953
1590,10.3640098572,188.946960449,17.4284820557,56.0608863831,0.0651879759971
1590,458.449462891,183.284591675,26.8239917755,75.2020111084,0.00290180578304
1620,593.333984375,184.890731812,33.2724113464,78.9906692505,0.719566829503
1680,404.523895264,170.220336914,22.9742736816,56.7612304688,0.303220446222
1680,570.120178223,90.1410751343,34.4701347351,91.5191955566,0.184453360271
1680,597.887329102,36.6839904785,33.0092124939,74.8211669922,5.78793506179e-09
1680,574.904846191,42.2620544434,38.6347846985,74.2858047485,2.85748313032e-11
1710,604.041442871,39.956363678,28.8230800629,98.4905319214,1.02134924382
1710,125.359680176,205.147277832,19.788482666,48.032989502,0.0126013634144
1710,601.602966309,30.5806427002,20.4287204742,56.8387641907,0.00244957645918
1740,503.116119385,253.040267944,22.142332077,50.64220047,0.0475606822874
1740,213.889328003,181.746383667,31.6586818695,78.8277435303,0.0270879041636
1740,566.69342041,232.856063843,32.2058143616,74.5026168823,0.0213299586903
1770,66.1822280884,211.462295532,20.4139118195,41.6308860779,3.60575467348
1770,452.906585693,170.784194946,28.3259487152,68.839881897,0.662574591115
1770,24.4449462891,201.835083008,20.190120697,47.0969047546,0.101190060377
1800,9.18855381012,209.027664185,18.6532020569,44.977558136,47.2296953201
1800,7.54650688171,139.37789917,18.2178325653,48.9860687256,1.09182996675
1800,24.0016555786,203.958633423,17.690820694,44.4477577209,0.0716827635188
1830,611.658447266,157.848342896,18.8951740265,49.6358299255,2.40602549165
1830,55.9272193909,197.7787323,18.7659702301,48.1103515625,0.86807096377
1830,184.230331421,303.031921387,21.8227062225,45.5569114685,0.00246489016718
