30,171.355880737,152.632156372,20.7147026062,59.0497016907,0.212368951179
60,617.186340332,217.703048706,16.4263286591,45.8922462463,1.5305747278
60,503.671295166,388.841827393,21.4318161011,49.3999290466,1.32042327896
60,482.533111572,388.844940186,21.4541454315,48.0361442566,0.838635582477
60,465.778778076,388.862304688,22.1908245087,50.8254890442,0.376220443286
60,447.512481689,129.695846558,21.4433765411,61.9519691467,0.0490317353979
60,51.8386993408,226.805496216,25.7539978027,65.1623458862,0.00690633969498
90,253.220108032,359.204559326,22.2060451508,52.2051048279,2.74112746119
90,321.751678467,358.882354736,21.3257770538,52.4793739319,1.65842026472
90,258.070220947,334.58114624,22.3781356812,53.6733131409,0.87599446997
90,242.725708008,373.798065186,22.7950878143,55.3026390076,0.767102371901
90,302.89239502,363.664642334,30.7735958099,63.9398841858,0.462096510455
90,109.611213684,132.0650177,19.9700469971,55.3082466125,0.0185115059139
90,69.9643096924,111.435302734,22.2472705841,53.8496704102,0.0103283280623
90,13.6947860718,120.388328552,30.435918808,88.4973449707,0.00554874968657
150,569.18170166,40.714302063,31.0116024017,81.7899398804,2.0139304921
150,4.01589584351,64.7579574585,32.5128631592,87.636680603,1.6200421378
150,599.327331543,22.9459381104,26.4026317596,69.9383239746,0.242534349672
150,614.137329102,27.2289886475,20.0676555634,56.7353401184,0.0114050810225
180,464.903594971,113.174476624,28.3089752197,71.0180969238,0.07469553384
240,355.576171875,138.557159424,19.0555553436,48.9252128601,8.07716399431
240,395.592407227,143.608413696,19.3233356476,50.2685394287,0.0862833985593
270,361.326629639,141.527313232,21.8258132935,53.1323814392,12.3574919999
270,291.179656982,156.66368103,16.8352622986,47.0990715027,0.0203638119274
300,364.148681641,147.517349243,24.6806316376,58.1809577942,6.22858814895
330,365.085418701,147.780395508,21.2394351959,57.2308235168,33.991470933
330,285.690490723,165.786209106,16.1310977936,47.8529472351,12.2157514095
330,502.567718506,120.781608582,21.4838199615,61.7050323486,6.03832192719
330,299.918029785,166.292572021,14.9757165909,45.5331878662,1.22632998973
360,371.381591797,134.921218872,26.1147003174,66.8653945923,18.3173447847
360,517.56036377,109.951148987,21.7473011017,55.4025154114,7.47988298535
390,369.217254639,142.022567749,25.0327072144,56.3342590332,9.46808159351
420,110.524497986,174.972229004,20.9700145721,52.1494865417,3.91067266464
420,247.453720093,142.321487427,21.2818050385,58.8576545715,3.60191687942
420,274.204803467,152.413375854,20.3398780823,57.0339775085,2.39962022752
420,11.1762857437,151.520721436,26.0982227325,70.680809021,0.329272798263
450,230.981933594,150.057937622,20.9392662048,59.1871299744,10.8176104724
450,259.074127197,148.966415405,23.6912708282,60.7488517761,9.01335328817
450,610.268127441,158.126831055,16.3665447235,44.6508750916,0.141198793426
450,351.209716797,131.931625366,26.5350799561,66.3359298706,0.0715573667549
510,231.777038574,140.104476929,26.9936599731,67.5138931274,16.6161805391
510,547.821105957,137.601715088,17.4922599792,50.743434906,0.186394120101
510,558.556274414,125.410247803,22.212480545,64.221534729,0.0318558857543
540,16.7628803253,160.276168823,21.8959197998,58.800403595,6.73217400908
540,181.13230896,121.692993164,33.170009613,84.6070175171,0.337226735428
570,14.383898735,111.021125793,25.9255008698,105.073814392,17.9489582777
570,45.2961540222,158.263320923,23.6456661224,63.7306518555,5.10136410594
570,9.93871212006,161.325668335,19.1290378571,57.9744224548,4.02897335589
570,316.971923828,93.8213500977,28.0909748077,88.7193984985,0.291182263754
600,527.045471191,132.278335571,22.9064559937,51.1000328064,15.6774178147
600,263.418609619,114.500854492,22.6524906158,66.6890716553,2.71621067077
600,516.323791504,132.823287964,19.6768398285,51.2029380798,1.94974746555
600,189.231445312,160.796356201,18.9027004242,47.0628089905,0.56588537991
600,69.9319076538,160.78314209,27.7186126709,64.4192657471,0.239025312476
600,285.630706787,89.3282241821,22.2659301758,49.3093261719,0.0609087641351
600,371.840087891,115.31162262,20.6248474121,49.2971076965,0.0577473605517
630,10.8373060226,162.823623657,22.4869232178,55.3596038818,42.9571956396
630,241.984237671,108.371032715,26.8883075714,68.2174758911,19.8778793216
630,69.6549758911,124.669044495,26.4062824249,64.0099182129,0.615004776046
630,52.1887969971,126.991844177,24.163602829,64.6894760132,0.147174438462
630,259.494293213,109.122581482,17.6688213348,48.1238975525,0.0959620054346
630,432.915802002,130.410202026,19.6423168182,58.4850502014,0.0234052349697
660,615.660583496,131.67137146,18.3497028351,52.4888954163,1.08570475131
660,342.106323242,132.387741089,25.8045101166,57.2161750793,0.686274422333
660,261.589935303,75.3699188232,25.9453811646,89.3780822754,0.0800171284936
660,594.990661621,122.592590332,29.1395053864,68.9246749878,0.0414189271396
660,97.0551147461,107.395866394,27.3917064667,77.4174575806,0.0364463659935
690,14.517832756,180.991317749,18.8848285675,46.768787384,23.708075285
690,9.49729824066,67.6460266113,27.24360466,67.766708374,2.22204197198
690,2.65277862549,176.196212769,14.0583047867,52.7018013,0.182705395855
690,503.857055664,125.41683197,24.4433956146,65.777923584,0.0916345161386
690,565.534301758,122.077964783,27.78931427,75.6301956177,0.0260069122305
690,177.219223022,78.4220504761,33.7123451233,81.1298904419,0.0103735888842
720,97.2890014648,70.5069656372,22.3584308624,67.2600784302,7.23756402731
720,616.752380371,118.747131348,17.7398471832,53.031627655,1.23351970688
720,113.023216248,73.5897750854,19.9072360992,57.3425178528,0.154121918604
720,600.03137207,118.02217865,24.1886005402,76.5036239624,0.016142061213
750,500.439575195,183.730789185,18.0222873688,58.6435279846,13.0368024111
750,473.896697998,186.908004761,19.2088508606,43.0834350586,6.03392869234
750,123.581581116,149.180038452,19.0153808594,50.8113861084,3.90946008265
750,9.70010375977,183.788925171,16.9750118256,50.2945518494,1.45963570103
750,429.337432861,85.6498413086,21.5451946259,49.0385093689,0.680553913116
750,83.4603500366,168.91456604,22.75248909,56.747253418,0.525412196293
750,62.6930809021,170.479721069,23.2514362335,59.7534599304,0.330493459478
750,418.460418701,102.472862244,33.0920562744,77.0603790283,0.16965464456
750,435.002807617,167.789474487,19.7346172333,56.2060203552,0.169477902818
780,432.144195557,117.533325195,34.3081512451,103.121673584,1.70826800168
780,401.462982178,178.465499878,20.3918018341,51.5354614258,0.889185909182
780,572.956115723,87.7214584351,21.4161701202,55.5165748596,0.689765810966
780,454.410552979,50.2502632141,23.187417984,56.0394744873,0.295886490494
780,476.287811279,175.665298462,20.1692905426,53.2122001648,0.181551766582
780,414.026031494,173.636001587,19.0178928375,58.1722717285,0.150248617865
780,10.8897829056,194.407470703,16.8717365265,49.3048820496,0.0704687321559
780,464.374969482,175.682785034,20.2621555328,49.2382469177,0.0259855325567
810,561.378601074,170.431594849,20.1036663055,53.8474273682,98.1725394726
810,458.742919922,177.746398926,20.5571880341,47.6472892761,15.0816425681
810,592.194458008,178.682983398,24.6551761627,57.8117675781,11.9818829
810,472.088287354,173.943908691,16.1626930237,55.3721008301,7.33521729708
810,523.70123291,129.483276367,29.2669296265,105.205574036,2.89719738066
810,582.136474609,175.83152771,17.011713028,52.923992157,1.48911708966
810,549.46295166,165.715316772,19.173620224,54.257144928,0.562349474058
840,556.478942871,153.778060913,43.7311706543,76.7804336548,76.9759714603
840,500.936401367,175.266784668,23.2099609375,56.4049377441,19.0540134907
840,530.101867676,36.2472801208,20.294500351,58.7597503662,4.76900562644
840,612.930603027,199.265869141,15.6080980301,46.7403106689,4.32042442262
840,616.274475098,46.4504508972,16.5626735687,48.1409263611,1.53496768326
840,475.125396729,159.44581604,22.7171554565,53.951751709,0.766554754227
840,490.163726807,166.903442383,21.6821537018,56.4541931152,0.620520301163
840,50.910785675,149.368911743,20.2976665497,57.0875053406,0.602341489866
840,548.559692383,40.3825035095,19.0343914032,55.4257469177,0.505665317178
840,457.123260498,160.150817871,16.2145004272,51.02917099,0.236077327281
840,29.1842556,190.422073364,22.6570148468,59.5304527283,0.124499353115
840,415.478057861,130.001022339,19.694486618,61.6345405579,0.00693709444022
870,531.792114258,175.415405273,16.8678531647,46.8003883362,16.4584040642
870,56.582824707,155.967605591,21.8223648071,57.1846656799,12.7440050244
870,383.686401367,163.811233521,20.5996551514,54.8453178406,2.71876268089
870,34.2388420105,198.037704468,20.580039978,51.4456367493,1.1039041914
870,26.3126602173,127.444786072,29.4123630524,88.1412887573,0.574278878048
870,540.531066895,167.776611328,19.1735630035,58.3055725098,0.13089220738
900,615.374206543,130.641220093,18.1189651489,57.0910072327,5.85932843387
900,564.981201172,99.2180252075,30.8188323975,89.4873886108,0.643379706889
900,530.420043945,147.63218689,22.1669559479,56.6337738037,0.51631052047
900,130.507369995,118.477905273,21.1004829407,56.3797874451,0.498768407851
900,489.784667969,169.274307251,17.9847011566,59.8817939758,0.250066956505
900,504.985137939,140.587600708,27.3055400848,84.4831314087,0.160801876336
930,367.928833008,142.196472168,20.6888847351,62.8735389709,1.07470331714
930,445.291625977,195.360717773,21.7890720367,50.84973526,0.672403210774
930,617.654724121,207.701965332,15.1787071228,47.9309120178,0.577067025006
930,565.598937988,143.923812866,28.7990264893,81.6749954224,0.519964797422
930,423.344818115,140.182662964,19.9832401276,64.142036438,0.0259368476691
930,88.7520446777,104.158226013,25.0993022919,77.4165344238,0.0118852323794
930,465.573516846,70.3425369263,39.1409034729,96.0577392578,0.0110523447802
960,15.7851791382,125.103309631,24.0264339447,93.6944046021,24.6794253588
960,562.072814941,165.510437012,19.1932926178,60.9874763489,13.7099757791
960,529.854614258,177.234390259,32.2001571655,73.2154006958,10.4472108185
960,416.585357666,148.273391724,21.9760513306,80.6352539062,8.20532739162
960,594.816894531,180.31892395,33.1810379028,69.088142395,7.18716233969
960,10.2333698273,214.561477661,18.621843338,48.45936203,5.34268990159
960,468.375152588,32.820514679,36.7668075562,79.6501464844,4.93208728731
960,30.405714035,123.750953674,28.5390472412,92.8163986206,0.771190365776
960,403.779388428,186.433776855,19.0565948486,54.3461494446,0.147971767001
960,473.456878662,198.530502319,26.3366527557,70.810295105,0.0453391316114
990,602.246459961,253.162841797,29.8592834473,103.388061523,5.2399020642
990,412.502319336,182.770751953,25.5767593384,60.856918335,2.14384533465
990,445.739715576,190.577819824,27.3926334381,75.6924667358,0.0805613701232
990,362.287719727,120.321510315,28.9467906952,87.3393554688,0.00774681175244
1020,588.799804688,262.393341064,32.0614700317,84.8203964233,2.54605337977
1020,454.74105835,188.582443237,23.3408794403,54.8415260315,0.586905516684
1020,441.244506836,185.872299194,22.7145061493,56.2282752991,0.285370345227
1050,447.648162842,166.517272949,34.1201667786,91.241859436,68.3625280857
1050,95.0326766968,196.669372559,20.8366832733,57.7577209473,23.0778172612
1050,199.926879883,161.480117798,19.6045722961,57.1411247253,11.6822376847
1050,613.023071289,124.80456543,19.1451377869,69.2103347778,5.23853600025
1050,217.780380249,161.7212677,18.0674743652,50.0360412598,3.16734053195
1050,554.797119141,169.018859863,26.271774292,64.2253341675,0.15082891332
1050,543.135375977,24.5613117218,21.9780349731,73.8984146118,0.00825131355668
1050,584.580932617,43.3028564453,34.2961463928,80.7643432617,0.00161146726896
1080,208.313919067,159.813552856,20.2289409637,50.7893981934,7.99287855625
1080,589.101501465,40.7208747864,27.3808307648,61.0843963623,4.7055285424
1080,389.206756592,96.0165405273,20.5138263702,57.0918083191,2.36621107906
1080,89.0976028442,207.343887329,19.8091144562,57.4618492126,0.557031529024
1080,580.321411133,175.6796875,19.947763443,46.6698493958,0.361027801409
1080,577.651794434,54.8991699219,25.881439209,59.1203804016,0.115088769235
1080,616.076599121,55.730052948,18.8801250458,48.0594291687,0.0837399857119
1110,194.691818237,159.757125854,18.9119586945,53.0422363281,2.95035969466
1110,212.418930054,158.421554565,16.8551425934,47.0468139648,0.458776671439
1110,125.53301239,185.623214722,21.150850296,51.9036979675,0.240014912561
1140,44.0139350891,210.893478394,32.6474876404,110.357872009,16.5229633451
1140,57.9646606445,216.467712402,23.4596195221,58.3069801331,2.33523100615
1140,169.301681519,175.115524292,18.0846767426,44.9633369446,0.532204611227
1170,1.27298164368,237.307388306,17.5810375214,81.9056472778,0.25831067469
1200,138.078964233,159.212265015,24.1668300629,56.7333183289,1.09914364293
1200,123.213340759,170.001174927,21.8838024139,50.9023628235,0.693386606872
1200,8.1765832901,112.902709961,27.5453205109,65.6659317017,0.0722182099707
1230,492.27255249,172.832870483,23.8143596649,48.4782562256,17.5003185868
1230,557.773071289,172.811141968,22.2269001007,56.0287590027,12.0671950281
1230,115.077629089,159.737213135,23.1429386139,53.3570709229,2.64524649829
1230,70.9693069458,165.968795776,21.7840137482,56.3364753723,0.961877778172
1230,510.270904541,174.499252319,18.6463909149,45.7238426208,0.499669741839
1230,338.511016846,144.003417969,25.4659061432,60.2897148132,0.137930072378
1260,531.963684082,165.368621826,21.3449115753,56.1991233826,78.2196819782
1260,52.9424552917,172.897750854,17.5969867706,53.2487754822,4.01855558157
1260,35.2713737488,168.971725464,21.2676410675,58.6879234314,3.9898276329
1260,67.8191375732,176.241500854,19.6403675079,52.1304512024,0.806744210422
1290,591.963562012,163.009841919,24.9137115479,59.1391105652,89.0953481197
1290,610.68560791,162.431274414,17.1610813141,53.4095573425,3.98155786097
1320,396.017822266,138.578933716,22.9799728394,57.4073181152,0.040164438542
1320,421.194976807,185.530685425,18.3276939392,52.8625640869,0.0261470355326
1350,16.0527820587,156.706161499,24.5981750488,56.9739990234,7.33237341046
1350,475.232177734,57.626159668,20.3279895782,76.3432617188,3.61400358379
1350,599.825439453,141.915924072,25.3407154083,62.1058921814,0.399130117148
1350,515.338867188,201.043701172,30.6840763092,78.1861953735,0.047760567395
1350,37.9096488953,225.472045898,26.3679199219,91.0192489624,0.000874948182172
1380,10.1297864914,180.194107056,21.4289455414,57.3049888611,3.6610212177
1380,203.865539551,182.140563965,20.5308837891,57.9339332581,3.40208113194
1380,26.0026073456,174.066604614,23.5509033203,59.5465202332,1.38068189844
1380,611.241821289,303.478118896,18.0517311096,57.9373474121,1.21635627002
1380,475.830078125,142.678268433,17.5172252655,43.9068412781,0.228199921548
1410,164.765991211,183.357192993,21.550989151,61.4103279114,2.24880445749
1410,470.654541016,155.160507202,17.8079013824,49.6113166809,0.727981049567
1440,567.17767334,80.6158370972,18.5294532776,47.5068359375,2.48972214758
1440,100.222320557,163.856994629,26.4668502808,59.3812255859,1.11129330471
1440,471.380523682,163.105636597,15.1391677856,39.6046218872,0.766703952104
1440,457.904022217,158.124923706,20.0939102173,52.4637413025,0.239730044268
1440,220.368148804,163.396942139,27.9452457428,68.3778610229,0.0717565300874
1470,549.713317871,132.007751465,19.8015518188,52.5623893738,4.97168116271
1470,12.0319623947,77.954826355,16.7067451477,41.1850090027,0.941044930369
1470,432.687469482,146.689071655,18.445274353,41.9357795715,0.538518326357
1470,616.277770996,312.162261963,17.5185832977,45.7874183655,0.357161345892
1470,464.034423828,147.267959595,17.405538559,52.5848426819,0.167499890085
1470,445.122558594,131.546798706,18.6792163849,49.3027000427,0.109422125388
1500,7.41861724854,276.751495361,20.0738201141,74.5491256714,1.71475335956
1500,468.933227539,161.357254028,16.5190448761,46.6685295105,1.61012522876
1500,566.17388916,86.3966445923,17.0604305267,58.8273162842,0.122723192908
1500,194.527282715,179.146286011,20.1361083984,59.9258995056,0.0232030506595
1530,486.30770874,158.604751587,20.3391895294,51.6340637207,16.2051796913
1530,473.409667969,161.761322021,17.3233356476,49.9445152283,10.2093115449
1530,151.021682739,192.419692993,19.2496051788,61.8466339111,3.18748913705
1530,516.314819336,167.328277588,24.496673584,55.0015678406,1.92662905902
1530,499.050323486,166.055236816,18.3737812042,52.1359825134,0.255018076859
1560,482.973480225,157.31060791,16.9022274017,53.0636291504,16.2891998887
1560,496.051269531,160.815689087,15.8229551315,47.2552375793,3.11068128794
1560,506.588623047,161.820388794,16.4667987823,51.5107421875,1.64574552327
1560,569.864440918,144.398513794,16.5472946167,47.6656684875,0.216794549488
1560,94.2694396973,197.572006226,29.5729427338,69.5977478027,0.18124737544
1560,17.5649414062,220.165344238,33.7367553711,114.217681885,0.115315627772
1560,118.42325592,175.708068848,21.6467437744,48.279296875,0.0708173552994
1590,511.5859375,156.8802948,15.8886795044,50.1679725647,33.8088095188
1590,500.716583252,157.667984009,16.0788192749,49.4158782959,26.5019148588
1590,452.378082275,125.191589355,20.3564834595,61.956817627,22.1036791801
1590,525.886535645,160.673095703,17.0243091583,58.8801383972,8.89782011509
1590,69.8011627197,171.082199097,21.9502277374,51.7583770752,8.63719955087
1590,563.299377441,186.736190796,20.2367687225,46.2773780823,3.03064566106
1590,441.723297119,131.791122437,20.1529369354,56.8709373474,0.540322065353
1590,465.732940674,132.253356934,18.0114421844,55.8163642883,0.362316402607
1590,485.962738037,148.004959106,21.1998882294,57.7325248718,0.147108209785
1620,537.602539062,155.285171509,18.0073947906,51.1290473938,72.2351312637
1620,551.97845459,152.49559021,17.9935245514,65.8601150513,41.8872475624
1620,522.507019043,153.073684692,17.4992446899,56.0071983337,26.890796423
1620,427.88961792,155.523635864,18.4621715546,45.956363678,2.83036995679
1620,595.114807129,190.658996582,20.6028175354,49.4034996033,1.79347749799
1620,8.26981067657,178.629623413,30.4934139252,73.6331710815,1.76674202085
1620,561.00213623,170.729980469,19.7594966888,55.8047447205,1.41327409074
1620,460.474945068,118.715812683,19.5735645294,69.5853347778,0.280789309181
1620,580.472412109,190.165039062,17.6673030853,45.1972045898,0.218145083636
1650,547.673950195,150.685653687,19.2719097137,60.6765785217,61.7364168167
1650,565.641540527,151.012084961,16.1506233215,60.2421836853,40.6212568283
1650,580.629211426,149.553817749,19.8655204773,71.2795181274,18.7181770802
1650,464.23059082,122.813865662,20.5809230804,64.3172836304,17.0781299472
1650,480.264434814,120.062156677,20.8313732147,70.2088546753,9.03070196509
1650,439.652862549,155.393508911,23.288022995,53.0743598938,1.82458180934
1650,616.452087402,67.8418731689,17.0017471313,45.8353157043,0.866401568055
1680,565.256103516,151.613708496,18.9136695862,60.4046173096,74.5951890945
1680,416.436553955,156.271453857,23.8751678467,51.7125434875,68.6211049557
1680,582.491210938,151.524673462,17.5606212616,60.9637947083,54.7036170959
1680,442.645721436,162.793777466,21.3806171417,50.2856941223,48.7503528595
1680,600.510253906,144.285598755,22.3618793488,81.0961227417,23.4391331673
1680,486.979888916,121.371337891,21.2284145355,69.7465057373,12.293933332
1680,542.524108887,149.599563599,16.0251979828,52.6085662842,10.080601275
1680,472.307891846,115.276397705,24.7783279419,77.0240097046,3.63413318992
1710,574.583007812,150.146682739,19.9135036469,64.0937576294,77.0681977272
1710,593.020446777,152.682632446,18.2730884552,58.6276664734,71.4943945408
1710,446.916473389,170.88684082,20.673658371,46.8235588074,60.9209001064
1710,611.704406738,151.015823364,17.2521247864,68.9433059692,34.926828742
1710,617.588256836,182.67930603,16.7912406921,54.1062927246,8.64839926362
1710,557.527893066,143.500152588,21.9387130737,63.0355796814,0.426129018888
1740,584.161560059,147.599624634,19.1529598236,71.113822937,48.5795766115
1740,604.582702637,152.594512939,17.9949398041,60.5551109314,28.558960557
1740,545.03338623,158.049468994,20.3942222595,45.2288551331,1.81352868676
1740,527.634460449,155.060821533,17.2784557343,49.3002738953,0.307138869539
1740,195.759597778,168.903396606,20.4828948975,60.5156059265,0.181774538942
1740,407.897735596,154.33821106,18.0039081573,46.1402587891,0.134189228993
1770,596.74041748,146.564956665,20.7369594574,71.6780853271,58.5924386978
1770,616.788085938,151.724227905,16.2771720886,63.903301239,50.120806694
1770,557.656494141,151.200439453,20.7300662994,54.0783348083,14.7314429283
1770,483.173248291,139.459732056,19.4924564362,58.4235115051,0.444614049047
1770,493.001708984,99.7617797852,27.1891765594,70.6863555908,0.0608637288678
1800,609.720153809,147.059738159,21.4185390472,77.3338699341,57.7549934387
1800,562.956604004,148.150161743,22.2969646454,59.9350776672,3.58639732003
1800,493.089324951,117.049263,24.5689411163,80.9387054443,0.58999597095
1830,469.673553467,165.195785522,19.8037452698,58.7750663757,1.47605892271
1830,617.359741211,221.560913086,16.9073104858,47.2917671204,0.985944271088
1830,494.575836182,152.922698975,18.7985038757,53.1125679016,0.847583077848
1830,502.872192383,108.798919678,25.7817745209,78.5018768311,0.117308972403
