30,184.112533569,175.746902466,19.3156280518,48.5830497742,22.1929058433
30,156.962280273,171.279968262,16.7895126343,54.7535438538,4.32235635817
30,172.526367188,172.477050781,14.7921056747,49.2236747742,0.515293935314
30,43.910900116,168.684036255,21.0424633026,53.61951828,0.0675975752529
60,599.765319824,193.516845703,23.9850463867,63.1820259094,5.61519935727
60,535.587585449,160.957229614,25.1546840668,64.4663391113,1.86284668744
90,357.058258057,162.33052063,18.2417087555,50.645980835,1.43835088238
120,359.770477295,159.729019165,20.5734214783,54.7279930115,60.8285903931
120,611.218017578,186.33140564,17.9838809967,52.0660743713,7.55734592676
120,66.0293197632,175.028488159,19.6763153076,57.6729927063,1.41192143783
120,458.498565674,189.075180054,18.1444988251,45.906829834,0.151056272443
120,444.363433838,173.01776123,24.6175556183,56.4030265808,0.0237390268012
120,425.290496826,161.893722534,20.591796875,51.4986000061,0.0171977662831
150,617.649658203,63.2396354675,17.610244751,59.578918457,8.57415571809
150,608.297058105,140.20765686,25.0850372314,89.1286392212,2.09313519299
150,552.675415039,190.927749634,22.9466762543,54.0383872986,1.50143997744
150,287.951812744,152.776550293,25.3863372803,60.2522773743,1.38328336179
150,596.281311035,118.881736755,27.1941833496,89.0558547974,1.11676659435
210,593.855407715,87.1798477173,25.1929988861,64.2661437988,31.8521380424
210,608.100280762,183.116516113,22.3884220123,58.6496315002,23.4746813774
210,592.905944824,183.868209839,25.1059398651,57.1267700195,0.650954525918
210,439.305053711,137.033752441,20.9527702332,63.3086853027,0.0687468796968
210,254.947128296,150.858764648,18.7217311859,61.8952331543,0.0381887861295
240,614.380981445,156.955123901,17.8026771545,59.993106842,18.799559772
240,62.6170654297,167.131729126,19.9992523193,50.3250579834,7.14942738414
240,369.409942627,120.5546875,23.493019104,78.4887924194,0.0820260553155
330,7.57938957214,128.629608154,18.8955955505,68.491355896,0.467376224697
420,616.060974121,132.737411499,18.6180210114,70.4950408936,3.41840833426
420,204.582992554,169.903457642,23.6213703156,49.4315986633,0.339439767413
450,610.791320801,175.568740845,18.8923664093,61.7485847473,2.46005095541
450,593.536254883,188.793685913,22.0084762573,52.7166595459,1.48148210719
480,551.611022949,153.034713745,22.4778671265,60.7403068542,1.52898160741
510,269.468963623,328.815002441,19.4541664124,50.937286377,1.90804656595
510,279.924285889,316.243255615,20.6454582214,52.4682426453,0.217738444917
540,397.48059082,187.631942749,24.9949893951,68.9855575562,14.3366396427
540,525.082885742,187.153198242,22.4966812134,56.7211151123,0.00239575492742
570,435.168243408,201.623947144,23.7293758392,54.908290863,2.49181222171
570,447.861083984,193.239624023,23.9534091949,62.3927116394,0.0166055964655
600,417.128936768,180.147842407,21.3080482483,60.616985321,41.3402915001
600,459.100708008,181.426193237,20.4553470612,57.564666748,4.17538322508
600,434.070526123,169.924331665,21.8052997589,71.0236282349,0.0394825852709
630,435.023101807,165.021682739,22.519536972,67.7748336792,76.045024395
630,492.691192627,159.87260437,20.3988819122,68.7256240845,22.3680317402
630,608.606262207,175.060897827,21.6268863678,63.2813224792,8.52816402912
630,448.737945557,152.435531616,24.8260631561,77.1744308472,2.51010041684
630,420.698638916,166.009048462,25.5142765045,60.404296875,1.35711533949
630,11.174120903,200.264343262,36.183467865,104.505462646,0.232702447101
630,478.783538818,164.603561401,22.2187347412,69.3949356079,0.180321233347
660,457.581542969,140.959396362,29.745300293,87.4423828125,54.3969452381
660,476.241546631,159.233016968,21.3021640778,58.3838653564,1.16952853277
660,428.17855835,121.89239502,47.349811554,97.4639358521,0.277660577558
660,495.763885498,173.191757202,19.2272758484,54.9306945801,0.210259947926
690,554.676879883,115.724060059,56.6313362122,120.354743958,22.1635222435
690,210.027053833,157.636398315,18.9966506958,43.8847084045,22.0879718661
690,583.917480469,154.583053589,34.8953514099,76.0991287231,17.7973657846
690,507.914825439,105.658592224,77.2468414307,125.101676941,9.72030684352
690,611.595153809,145.916275024,16.5661830902,72.0699386597,5.84590993822
690,546.604187012,168.3074646,25.7020778656,69.177230835,5.33667914569
690,445.04385376,125.73374176,21.1495990753,62.4446372986,4.02782410383
690,368.164093018,173.359146118,24.1717395782,48.967086792,0.372974574566
720,268.562286377,155.232559204,20.9254245758,51.4099884033,46.7776983976
720,554.126708984,52.8148345947,63.6847648621,152.097320557,35.3525549173
720,449.066986084,167.22869873,37.7308273315,62.5140838623,20.4578727484
720,546.813903809,128.429443359,28.4385128021,76.9821014404,10.2489635348
720,440.581085205,178.325073242,20.3416843414,48.788608551,1.48447044194
720,524.696472168,60.2379112244,26.9751815796,63.9385261536,0.365453423001
750,327.13381958,153.028457642,18.8589305878,51.0283203125,65.9586369991
750,595.84173584,156.898269653,26.8255023956,76.6123123169,3.7697352469
750,238.778671265,165.857971191,26.0114307404,56.0339355469,2.1498631686
780,378.005645752,144.662155151,19.9745044708,54.9512825012,65.031349659
780,390.652557373,144.671585083,20.4035148621,53.5947380066,16.2236973643
780,445.937469482,47.3946075439,30.9227600098,86.505241394,0.0444461067673
810,432.119049072,123.451477051,22.7532119751,74.6827163696,43.4208750725
810,415.80758667,127.433998108,18.8021011353,55.1924095154,6.99471831322
840,444.528686523,150.585128784,22.0721206665,51.5555877686,0.342236226425
870,498.204467773,174.385620117,20.0553379059,48.3748817444,1.13889118657
900,558.84588623,133.893707275,31.0659198761,91.3915786743,14.185360074
900,548.159240723,146.71434021,21.4360256195,74.1014099121,0.219822139479
930,241.502365112,179.586380005,20.707824707,49.5480957031,65.2451634407
930,599.991455078,57.9773254395,28.5219955444,70.1985931396,0.428074924275
960,316.624908447,344.464355469,23.0618305206,61.8912696838,1.05147091672
960,79.6197891235,209.17401123,19.4159297943,47.5423126221,0.951317045838
960,34.4738922119,289.047271729,22.2549915314,49.1977081299,0.762791745365
960,313.235015869,287.992950439,22.5570430756,54.1223449707,0.535014970228
990,25.5682697296,213.655380249,16.6822547913,48.5812110901,6.52263388038
990,604.815246582,207.184692383,18.7824649811,51.9911613464,4.62677627802
990,616.498352051,205.860946655,17.1962871552,52.2107849121,4.41189967096
990,461.534332275,217.89680481,25.623292923,49.2837944031,3.55197899044
990,494.652679443,188.967651367,27.3930644989,67.2464370728,0.0627245462965
1020,454.558746338,196.475814819,25.8011875153,60.9458808899,0.0405491911806
1050,605.00177002,159.626541138,26.3177547455,71.780921936,0.530661595985
1050,486.029449463,156.388000488,26.4622879028,80.6906051636,0.0562433328014
1050,457.31552124,182.734970093,21.1614189148,63.8400726318,0.0366270251106
1050,519.493286133,208.514526367,22.1799926758,50.1962890625,0.0190384729649
1080,557.774719238,187.478134155,25.7019290924,78.3703536987,2.04792451113
1080,539.338256836,185.85333252,30.8861103058,73.291633606,1.49729158729
1080,73.4222335815,172.003463745,26.9655895233,67.2575912476,1.36964945123
1080,486.557861328,168.08454895,21.8557720184,51.5170021057,1.07081644237
1110,579.179138184,169.038391113,22.0443344116,53.5166358948,2.70108822733
1110,545.157531738,146.178390503,33.9036102295,70.1476821899,1.79728008807
1110,9.36037826538,159.738616943,23.1922512054,65.6941452026,0.0817683758214
1140,529.229797363,153.550643921,21.8216114044,57.3645172119,0.595692638308
1140,511.610076904,151.054855347,26.418844223,56.496006012,0.100912782364
1170,616.223693848,130.807785034,17.9689083099,54.0267448425,4.88920621574
1200,312.946960449,131.266784668,22.5205593109,48.4739723206,1.30951376632
1200,591.185913086,39.3137283325,34.4424095154,55.0155906677,2.05651971147e-09
1230,488.979858398,132.239852905,25.3564434052,67.5451126099,15.1503741741
1290,88.0609741211,112.923439026,20.4189281464,44.3561973572,0.0367207481759
1410,45.6675262451,100.895210266,33.5971870422,55.3915672302,22.2613677382
1410,10.0637559891,102.167175293,19.7576694489,51.5821495056,17.2458320856
1410,279.485748291,93.1906051636,28.7510223389,54.8698997498,1.70291438699
1410,66.9636154175,91.0593185425,18.7388782501,57.8515586853,0.210515386425
1410,25.7515621185,88.1724243164,27.1461791992,66.2933120728,0.156387360767
1440,118.80355835,92.8588562012,17.6921596527,52.6608009338,2.21615601331
1470,54.5204124451,130.413375854,21.6154003143,51.4204292297,3.04645653814
1470,69.1755447388,129.617050171,21.2278614044,50.2330207825,0.662686536089
1500,23.9053287506,157.049942017,21.8130645752,50.3508300781,1.77106894553
1530,3.48001098633,148.905090332,11.8684310913,60.3050994873,0.781445577741
1560,365.588104248,156.036819458,35.3499641418,52.9730262756,19.0367490053
1560,359.774749756,153.88848877,19.3921298981,46.8030281067,1.81829985231
1560,46.5243492126,138.739974976,19.917142868,62.1290550232,0.407733255997
1560,307.495025635,65.2842483521,23.0385742188,66.4781265259,0.030624284409
1560,338.837310791,153.543136597,17.0979423523,39.7182159424,0.0090539942903
1590,24.2086582184,130.715652466,24.6427593231,90.9440689087,6.56456425786
1590,108.299194336,156.21257019,20.7741794586,55.5168304443,5.01801110804
1590,432.164916992,169.940078735,16.4895076752,48.6207389832,1.22520113364
1590,359.428436279,160.265945435,23.5341510773,56.2712860107,0.98534245044
1590,462.831512451,165.559753418,18.0130138397,52.1459922791,0.682425033301
1590,4.2434592247,160.635375977,13.6554441452,62.7532653809,0.593122653663
1590,76.4582290649,166.562164307,20.4619655609,47.5182495117,0.564740831032
1590,434.945800781,104.344024658,24.3162384033,69.493019104,0.00316454752465
1620,436.034820557,174.412338257,20.2678623199,50.3423194885,90.5110001564
1620,501.439910889,179.919265747,28.6427288055,55.7192993164,12.2977226973
1620,491.784088135,33.1461410522,21.5735607147,65.8290176392,4.45082858205
1620,44.4576759338,161.370056152,21.148853302,58.4380645752,0.566561007872
1620,449.338165283,157.964935303,24.3362579346,64.4307632446,0.322605064139
1620,31.2178497314,161.546234131,19.5097332001,54.9439849854,0.179377745371
1650,469.88760376,162.232223511,19.5731754303,59.9594726562,92.247325182
1650,545.830444336,154.075622559,21.9498691559,64.7699050903,89.6576821804
1650,598.799743652,187.144821167,26.0826034546,79.5413513184,65.6883895397
1650,493.367218018,163.015808105,18.1413154602,54.199344635,5.09789586067
1650,406.131011963,152.191162109,26.1417942047,85.6809616089,0.641547329724
1650,423.025756836,99.1145019531,22.7360134125,61.2345161438,0.0706544320565
1650,283.609069824,153.496932983,23.4919185638,65.2346572876,0.0588081951719
1680,525.821838379,162.153076172,26.0028209686,64.6330947876,97.7411270142
1680,559.81829834,152.484085083,23.1088199615,71.9563827515,92.0152664185
1680,541.863708496,156.681060791,23.2744445801,68.6902389526,0.549430865794
1680,481.701019287,164.537628174,29.0741596222,78.0102310181,0.176385242958
1710,177.600753784,185.710037231,20.4976959229,56.7933197021,10.1971626282
1710,580.644470215,162.506668091,33.5777626038,65.6747360229,6.79699704051
1710,538.766906738,178.539123535,30.838804245,84.4565048218,4.75885793567
1710,165.489089966,180.746444702,18.9033546448,50.903591156,0.327250733972
1740,604.082946777,182.854019165,24.4141235352,54.3827667236,44.2063301802
1740,214.896118164,176.423477173,18.781961441,65.6211471558,3.58513556421
1740,14.9269294739,43.0971488953,31.2479076385,65.4098739624,0.399907585233
1740,9.08567714691,145.439315796,29.2567768097,77.7692184448,0.281433924101
1770,59.9298858643,176.768737793,20.9049263,56.9153785706,1.53673831373
1770,39.0477485657,176.355117798,22.3349227905,62.9687767029,1.51046514511
1770,428.179473877,95.4771499634,20.1997966766,53.6365203857,0.875806901604
1770,72.9750823975,178.908752441,18.31848526,51.6658172607,0.166422361508
1770,84.8545837402,182.763839722,18.8380737305,50.6676330566,0.0809945398942
1770,454.421844482,184.359390259,27.4713973999,56.6988945007,0.0495501735713
1800,330.34085083,51.8531341553,27.0124835968,61.6718444824,9.06113758683
1830,603.364501953,35.2209091187,29.2673549652,71.802482605,44.6522474289
