30,155.044021606,178.571426392,24.4219207764,62.0040397644,0.0211284670513
60,108.347015381,120.993263245,21.8382339478,71.8389205933,1.52363935485
60,425.494628906,197.042297363,17.1268558502,44.6974334717,0.0128654850414
90,556.383178711,179.817260742,27.0816726685,70.8139266968,16.6457489133
90,534.985534668,161.870040894,26.5764408112,73.6690597534,3.45475822687
90,64.2132797241,179.653182983,30.5345840454,61.0597496033,0.201177923009
90,9.90282726288,159.196746826,26.2744655609,82.4322280884,0.10817067232
90,122.799743652,187.513916016,26.5441055298,50.1038475037,0.0722319062334
120,13.6568956375,203.482116699,19.0871620178,46.9324455261,5.23786619306
120,593.205932617,152.737487793,19.2889232635,65.3574523926,4.64524887502
120,83.9114532471,157.86579895,19.017124176,70.7362442017,0.49803503789
120,28.9417972565,197.030563354,19.8969345093,46.16664505,0.198673876002
120,40.8000030518,190.891601562,17.96027565,50.3748016357,0.055127160158
150,585.678405762,203.307632446,32.3755378723,53.6992950439,8.11723321676
150,605.195739746,165.150802612,22.6426868439,61.0557975769,0.744679570198
150,162.123535156,152.476638794,21.2355136871,57.3093757629,0.126764853485
150,17.8069171906,191.753707886,21.473739624,50.2629814148,0.0492036226206
180,604.350463867,108.225318909,21.6151752472,69.8107528687,0.400014733896
210,615.073852539,121.059822083,16.0825557709,53.8358955383,10.5429500341
210,96.0230789185,141.384216309,22.1748981476,58.8169441223,8.9773081243
210,69.9717407227,148.40864563,14.9720907211,44.9703521729,2.37220525742
210,562.896850586,200.141052246,21.6276550293,58.3066749573,0.367828365415
210,107.992851257,130.315994263,20.7195072174,62.5518493652,0.343062006868
240,132.981567383,110.316734314,18.1390800476,50.1914863586,0.304114562459
240,512.117553711,209.773742676,33.7188529968,62.3872642517,0.00228991884796
270,5.83807992935,157.213256836,23.7509689331,78.0399932861,26.1813372374
270,195.839187622,98.7191543579,19.4206943512,49.4402580261,0.427810894325
390,583.601318359,162.687759399,34.8342323303,92.1862182617,28.7342965603
390,573.119750977,174.866088867,25.5799694061,67.7593078613,1.57347600907
390,319.73260498,143.696487427,26.646402359,77.6357040405,0.275706895627
390,171.90447998,141.466140747,20.7989940643,53.8362884521,0.0116865499876
450,165.978240967,148.421340942,18.5600013733,55.5044822693,0.727782119066
450,347.659545898,163.202453613,29.8502864838,76.0839004517,0.282091740519
480,428.958618164,162.856018066,20.5597782135,54.2639274597,20.9476530552
480,532.879760742,194.611404419,29.0356369019,64.4121322632,0.142908317503
480,22.5866336823,146.483108521,27.7506790161,68.8374252319,0.00230302484852
510,327.920837402,263.593475342,21.181722641,47.8101348877,1.61045789719
510,352.527008057,270.722442627,25.8603038788,61.5123138428,1.29977604374
510,541.195373535,153.298995972,21.6586380005,76.4304275513,1.09598608688
510,374.888702393,252.817077637,25.5294704437,55.8632316589,0.799803435802
510,339.044616699,254.631668091,21.0098247528,48.1914482117,0.38994261995
510,556.411193848,176.281204224,20.5530872345,64.104675293,0.192782620434
510,220.026611328,153.564208984,20.1876716614,57.2449226379,0.133269513026
540,182.520080566,163.549194336,21.7877445221,57.7106018066,9.62001532316
540,199.297042847,169.989761353,15.9135274887,45.9140586853,3.3120661974
540,526.270263672,197.125778198,32.6652107239,91.9814834595,2.29519549757
540,450.239257812,321.151702881,22.616645813,56.0158576965,2.053222619
540,210.674682617,168.524612427,17.375453949,48.0433921814,1.46206533536
540,7.95022344589,191.725692749,23.439163208,55.5059509277,0.785207934678
540,440.797729492,261.813079834,21.0143890381,51.8644561768,0.224963831715
540,434.470184326,161.864578247,24.2624263763,52.2894935608,0.0187518744497
570,204.373397827,161.238388062,18.7400245667,51.3370628357,0.541179487482
630,72.0438461304,153.389770508,25.5264720917,59.8760871887,0.169350812212
660,146.520431519,159.564224243,18.174407959,45.4557304382,0.135152530856
690,290.033172607,181.665817261,21.4048938751,53.785358429,0.00908346119104
720,567.834289551,163.992935181,19.3228282928,58.7525482178,1.16759119555
720,482.30078125,127.788230896,18.9995288849,54.1307830811,0.213455595076
750,245.434036255,169.491943359,24.7976760864,71.8548965454,42.7414536476
750,519.287475586,167.699188232,16.9158439636,42.4302864075,2.83470489085
750,563.226989746,210.679321289,23.7546005249,74.0734024048,0.916620716453
750,528.012878418,167.926834106,25.8189983368,66.363899231,0.103319180198
780,514.63458252,163.406509399,24.3638381958,42.6703186035,21.609210968
780,215.684326172,161.624008179,28.346944809,88.6296310425,15.3798207641
810,515.155212402,160.052368164,20.4382572174,39.7895545959,33.9326620102
810,552.451965332,155.419052124,18.9407749176,45.6003265381,4.1808668524
810,186.095199585,160.614883423,32.9727745056,105.560050964,0.565216876566
840,510.543609619,165.967269897,18.2228012085,43.0031242371,21.2008416653
840,176.624526978,173.001998901,35.1784248352,101.506568909,9.42627713084
840,524.420349121,165.549835205,18.5486965179,45.9586029053,1.71765051782
870,504.358886719,169.539382935,17.9103031158,47.325958252,5.53631484509
870,175.268692017,167.885574341,38.8885574341,111.724845886,5.21906800568
870,521.025817871,173.8228302,18.9844532013,43.8599891663,3.03403548896
900,498.419403076,176.459411621,16.9340324402,44.4552345276,11.9521461427
900,174.496810913,171.912033081,39.1135749817,93.1467056274,1.91451143473
900,521.590637207,177.595718384,18.1389865875,47.11095047,1.72378756106
930,175.979980469,179.467834473,34.6627578735,87.3041687012,0.0355498603312
960,521.132019043,180.909194946,18.7185935974,43.0918922424,0.96444087103
960,175.013076782,186.293029785,36.2236671448,82.9941329956,0.419947411865
990,177.700241089,188.343490601,30.9809951782,87.2421188354,5.01485839486
990,520.934448242,182.63520813,18.2321186066,43.5598335266,1.52994729578
990,466.802612305,227.91734314,24.9822292328,58.1916465759,0.292240967974
1020,175.845657349,187.985107422,37.5263328552,100.899993896,7.44732618332
1020,463.116210938,165.362442017,29.3693618774,66.1630401611,0.909051392227
1050,188.783981323,185.409606934,34.6684379578,116.08706665,27.1313905716
1050,556.394897461,185.081863403,18.5547485352,46.5503387451,1.35021293536
1050,546.197814941,121.377952576,18.4679775238,56.628692627,0.0332223047735
1080,215.032272339,197.377761841,27.0113162994,74.7015991211,51.3271152973
1080,563.388122559,193.317123413,19.1200275421,43.4370765686,3.81385870278
1080,544.888977051,128.524673462,21.8393478394,58.7182922363,0.461490033194
1110,246.315917969,211.601028442,25.8536987305,54.3821754456,28.8346499205
1110,560.498840332,135.12802124,19.9643268585,56.3678131104,1.46225215867
1110,189.914382935,317.852020264,21.050409317,49.6782188416,0.309786945581
1110,7.23024320602,162.12171936,19.3111610413,61.0474510193,0.127480307128
1140,260.924163818,197.249816895,24.9139652252,59.2916259766,24.7908964753
1140,599.322021484,81.6343612671,24.2492218018,79.8662796021,9.77837070823
1140,587.478088379,207.330810547,20.3863391876,38.2899475098,2.71210130304
1140,349.773345947,358.076141357,20.9296379089,48.0710487366,1.41867632046
1140,609.87298584,120.131492615,20.767950058,62.3429870605,0.886875670403
1140,526.75982666,360.10534668,31.8746776581,62.805267334,0.357483350672
1140,578.319030762,353.712127686,21.6104202271,49.9915046692,0.332344300114
1140,359.260498047,349.464874268,22.2446613312,48.3932762146,0.189597869758
1140,593.49432373,130.233551025,20.3298358917,53.4607505798,0.108399789315
1170,259.366363525,202.889175415,19.9974822998,53.2723236084,8.09035152197
1170,576.063293457,122.863098145,22.6328678131,52.2136421204,4.3742928654
1170,222.327148438,171.789489746,19.1403827667,59.1147956848,0.72513143532
1200,180.316772461,169.020431519,20.0466403961,56.7746162415,10.4694925249
1200,165.487564087,184.298843384,24.9275283813,66.3663406372,1.40284132212
1200,610.981506348,63.2785148621,22.5392532349,70.3834075928,0.798478722572
1200,252.962661743,202.417480469,19.5381889343,48.1876411438,0.532638141885
1200,328.615478516,338.104187012,20.783208847,47.7961997986,0.401424057782
1200,537.151733398,195.673019409,18.9523124695,53.8316230774,0.199655676261
1200,200.349182129,166.298095703,21.0431060791,53.3237266541,0.161603162996
1230,612.840148926,211.036270142,19.9153690338,56.0023651123,4.85961437225
1230,509.564727783,282.216461182,20.7780170441,50.1863365173,1.0639234446
1230,567.833740234,301.305847168,20.9992656708,46.8227577209,0.858527701348
1230,243.395767212,194.158737183,20.3077831268,51.3589744568,0.603301357478
1230,597.871154785,111.052436829,24.2630310059,61.9960899353,0.567067693919
1230,551.702697754,300.427703857,20.7635326385,46.6763801575,0.29122477863
1230,524.305297852,287.234344482,21.4943714142,49.3505439758,0.259334151633
1230,535.715515137,297.990234375,21.4073162079,49.1073646545,0.190592138097
1230,614.744567871,131.284011841,17.1679515839,48.8139457703,0.0468505808385
1230,369.816772461,158.326141357,23.715303421,56.9888267517,0.00496715038025
1260,615.821899414,109.560493469,17.6116580963,61.5916290283,3.231202811
1260,618.973999023,193.841918945,16.5937232971,54.9643135071,1.26305669546
1260,226.423843384,184.895309448,22.5974445343,48.4082984924,0.872802734375
1260,151.214736938,158.913619995,21.8946094513,58.5540733337,0.856531225145
1260,239.570083618,199.089172363,18.9710292816,46.7965660095,0.291146803647
1290,134.220977783,152.793624878,20.012544632,64.3420181274,3.86250466108
1290,503.656494141,311.249755859,20.742433548,51.3869819641,2.31603682041
1290,488.827026367,309.516204834,20.5310401917,51.7648010254,1.82834677398
1290,525.59161377,304.684265137,20.5434856415,48.7778282166,1.51267675683
1290,516.250183105,325.642242432,28.4027118683,57.7913856506,1.43190287054
1290,212.203811646,197.654098511,20.4235553741,50.6674499512,0.822526495904
1290,169.678756714,182.422744751,17.3321075439,41.4218254089,0.720281852409
1290,476.775848389,287.241729736,21.1677875519,51.3355674744,0.649786554277
1290,466.210357666,277.918273926,21.3115825653,49.6308479309,0.576402479783
1290,568.144897461,196.332885742,28.1930294037,60.4749298096,0.422217138112
1290,455.894866943,285.671783447,21.3517894745,48.9503326416,0.307170674205
1290,546.787902832,351.130126953,20.2643165588,50.1321678162,0.20150707569
1290,439.975219727,277.380737305,21.7058334351,53.6135673523,0.0878404767718
1290,147.420547485,153.122665405,18.17445755,60.1075744629,0.0472954008728
1290,197.715759277,193.055847168,20.2934741974,45.8918418884,0.0182966716238
1320,97.5919418335,147.369689941,27.4183254242,71.2690963745,13.150562346
1320,397.728240967,282.932006836,19.9085445404,47.8342437744,8.28115046024
1320,419.077362061,310.332489014,19.8003692627,48.2889060974,7.46617019176
1320,413.798339844,282.966827393,20.0614337921,50.067691803,6.50985315442
1320,402.913116455,302.825866699,20.4852352142,50.5057258606,4.90978956223
1320,430.007446289,324.963348389,19.5560512543,49.9210205078,3.67811769247
1320,381.898406982,291.336853027,20.526556015,49.9669494629,2.96651348472
1320,157.703567505,194.719039917,19.8829250336,54.8815765381,0.777577562258
1320,137.662811279,167.541519165,17.3745059967,51.5241088867,0.487647019327
1320,270.112182617,182.741378784,20.8601055145,54.001083374,0.374255958013
1320,456.215454102,192.012710571,18.4230136871,44.669254303,0.0576667895075
1350,607.686950684,79.4777832031,19.5358390808,57.537311554,11.0621705651
1350,99.1772079468,173.570022583,24.6972904205,60.9368247986,4.1011698544
1350,47.5039672852,145.840011597,20.6221084595,57.6967010498,1.82760264724
1350,86.5829238892,145.062164307,23.2820949554,62.1884155273,0.613203458488
1350,494.154815674,187.37739563,22.1122722626,60.8381538391,0.00438309070887
1380,22.3859577179,140.120239258,20.6157741547,53.8052482605,4.91902865469
1380,34.3591804504,142.514785767,19.6842155457,53.7544059753,2.64646168798
1380,44.0709838867,157.652435303,24.1583843231,65.3314056396,1.18738729507
1380,4.76241827011,142.326950073,19.2332229614,61.0051422119,0.942372903228
1380,490.862426758,197.655349731,23.9352016449,52.0983848572,0.0765138422139
1380,517.807922363,193.369338989,15.9454946518,46.3314552307,0.075798277976
1380,471.970916748,193.070922852,20.1000728607,53.2106781006,0.0170597893884
1410,586.154602051,199.447387695,30.2180233002,68.0005111694,0.19040008774
1410,199.945556641,137.857727051,24.5993938446,64.6694107056,0.0419403542764
1410,5.57292985916,122.899147034,18.5274543762,55.7034416199,0.0175588953425
1410,18.0523891449,133.600311279,21.2345428467,53.3920326233,0.00471779203508
1440,478.33480835,159.771987915,19.6097164154,63.1468391418,19.9386328459
1440,207.764755249,120.994651794,23.7482910156,70.6542739868,2.97484975308
1440,339.486358643,293.335571289,19.7151737213,48.5036811829,1.25380856916
1440,5.96307516098,175.662368774,16.1548671722,47.0355186462,0.366382696666
1440,20.0749645233,174.34413147,17.8395271301,49.6666755676,0.270627182908
1440,194.341964722,135.470840454,23.8460845947,58.4338188171,0.209317402914
1440,507.125030518,173.376266479,26.1687107086,63.4400444031,0.0636452576146
1470,432.163726807,147.040023804,18.494600296,62.3258857727,8.95129814744
1470,479.344360352,200.49861145,25.8790206909,68.5222625732,2.96655595303
1470,192.526779175,126.988311768,27.0425109863,79.3031768799,0.939679238945
1470,583.617614746,199.732589722,30.7492523193,78.7176742554,0.0137740382343
1470,606.856506348,33.649471283,21.8022899628,62.6441497803,0.000582149050388
1500,441.944000244,159.986587524,19.0795345306,49.4794464111,43.7036275864
1500,114.466117859,202.668624878,21.6382465363,76.5939712524,0.416302494705
1500,504.497070312,170.265808105,20.3669490814,52.1057891846,0.334450043738
1500,104.037841797,246.588912964,20.6388282776,57.8040466309,0.1208663336
1500,184.999588013,129.12437439,22.9603748322,58.9067726135,0.0503788993228
1530,411.148223877,159.027084351,17.4897060394,49.7865409851,11.9005396962
1530,351.941040039,176.665267944,24.5255222321,51.7249755859,6.16483613849
1530,63.9048881531,137.66003418,41.6319694519,115.250724792,3.70958931744
1530,64.7161331177,121.718315125,19.668680191,67.8755874634,1.85340549797
1530,0.0,211.579025269,28.9776477814,85.9477539062,1.7961261794
1530,507.928833008,103.675292969,28.926279068,100.747810364,0.423514051363
1530,480.191986084,149.787353516,24.3882369995,50.1783943176,0.310155446641
1530,82.0106811523,151.278274536,21.8412246704,51.3428153992,0.211648130789
1530,136.621490479,123.64957428,22.0815448761,53.3276634216,0.102524459362
1560,404.141937256,158.550643921,17.6761016846,47.5792655945,62.5193417072
1560,484.215057373,151.447418213,23.4350833893,45.671081543,5.22838197649
1560,525.063171387,89.3212966919,38.059879303,78.7370834351,3.06473113596
1560,9.89847660065,149.988143921,15.9881029129,48.8711891174,1.92114673555
1560,326.201202393,163.85206604,32.977558136,63.7965278625,0.428778957576
1560,67.7309036255,99.7289657593,33.284526825,70.9551086426,0.0702718331013
1560,110.335289001,117.964820862,21.8952083588,55.5322608948,0.0328288442688
1560,11.0875053406,101.180053711,26.8974437714,79.2872009277,0.00293000939564
1590,590.680419922,149.867446899,19.1548748016,57.6720542908,32.2001636028
1590,435.665527344,145.893539429,20.856546402,56.5365600586,28.9371311665
1590,121.380149841,112.721496582,22.4509792328,59.1308250427,4.39025759697
1590,393.338989258,150.690567017,18.171377182,49.2687225342,0.453138258308
1590,78.8814468384,96.8414535522,31.894493103,74.7882995605,0.306639820337
1590,574.260314941,145.064453125,23.5633831024,57.2091064453,0.241438276134
1590,599.358215332,66.9114456177,27.3974761963,81.9771270752,0.173699541483
1590,379.818878174,69.3527145386,22.7276554108,61.2799186707,0.0461885560071
1620,381.933868408,128.861434937,20.6312999725,57.5166625977,5.93976564705
1620,40.0531959534,96.4774169922,20.619852066,61.8850288391,1.97348166257
1620,367.646392822,131.595565796,22.334312439,54.1192054749,1.86776518822
1620,557.364807129,139.321044922,21.7568283081,47.8891029358,1.79397165775
1620,410.703460693,149.2212677,18.8730926514,46.7642402649,1.23807592317
1620,460.31161499,138.233169556,21.8932342529,62.6459693909,0.533292908221
1620,86.221321106,77.4177627563,28.2062549591,86.5666732788,0.107749854214
1650,480.63394165,138.936965942,24.4286060333,83.3096313477,31.3922524452
1650,427.874847412,176.463546753,18.8514690399,44.7290763855,4.0733024478
1650,448.741973877,130.606155396,20.6951599121,59.9023170471,3.03909853101
1650,389.074584961,151.40007019,21.5156326294,54.2607383728,2.9429115355
1650,375.666046143,144.243652344,20.7452888489,60.652179718,0.775632588193
1650,589.557312012,162.950515747,17.6801319122,44.2252044678,0.730368960649
1650,87.4395446777,86.7549972534,36.5473594666,105.658302307,0.279625458643
1650,458.536987305,126.364189148,25.9953975677,75.793006897,0.17783351941
1650,130.754043579,128.536087036,23.5052490234,66.6692962646,0.107871135697
1650,107.34526825,120.569915771,23.1398715973,64.9111480713,0.00784355725045
1680,456.819610596,147.231201172,30.358833313,90.8478164673,43.5307353735
1680,615.105773926,190.490722656,18.9429187775,45.978515625,40.4906362295
1680,406.655670166,177.141784668,17.9479236603,56.9811592102,1.54686281458
1680,446.205291748,199.061218262,19.7597866058,46.1898345947,0.872737076133
1680,501.938476562,171.203994751,28.5063171387,77.9619064331,0.45067537576
1680,13.9368066788,204.003616333,21.4755535126,45.5940856934,0.241781165823
1680,25.7261142731,153.746231079,29.2909374237,64.9448852539,0.197368604131
1680,136.894638062,150.239929199,21.6792583466,56.8191719055,0.161050038878
1680,116.48575592,143.97505188,27.653137207,64.8960952759,0.0359231373295
1680,83.1997756958,133.068862915,22.8320941925,65.232093811,0.0226595497224
1710,415.609771729,185.878494263,17.7675476074,49.6561889648,10.4947626591
1710,15.5100603104,149.192855835,21.2734489441,67.7239837646,6.81224241853
1710,479.298431396,156.091156006,27.0266723633,90.7046127319,5.57315982878
1710,525.923339844,83.9740829468,37.9819107056,134.931381226,4.47692647576
1710,38.2099914551,174.344909668,25.4171829224,56.891708374,2.52069812268
1710,394.711151123,189.959854126,20.0779094696,45.947845459,2.39486657083
1710,450.601959229,84.9983901978,22.4983139038,72.1228408813,1.03139476851
1710,465.432128906,205.110031128,18.879076004,48.3055229187,0.499921105802
1710,146.072219849,152.961105347,22.0384654999,59.8754882812,0.407585082576
1710,22.4975795746,183.982009888,23.6330184937,56.7875061035,0.159578386229
1710,77.3283004761,114.570167542,35.2374229431,88.2088928223,0.0601042469498
1710,132.717269897,153.610946655,21.6412754059,59.176235199,0.0200623995624
1740,418.667755127,185.389587402,24.4105606079,59.1211357117,24.132090807
1740,594.835754395,226.008163452,20.6882152557,44.6507110596,9.42030027509
1740,538.678405762,209.501419067,17.6806545258,53.6047019958,0.297054182738
1740,513.281494141,206.85319519,23.4226856232,55.5437355042,0.229876046069
1740,611.157653809,239.038635254,17.9372081757,47.4881744385,0.17435895279
1740,467.787628174,62.2494010925,20.7791252136,63.1874237061,0.116746779531
1740,477.001434326,202.989974976,17.0045490265,46.6109580994,0.104491063394
1740,117.32736969,155.086654663,22.3579502106,59.4978485107,0.0827914453112
1740,131.843200684,155.767333984,21.4554805756,57.36561203,0.0122661309433
1740,103.239173889,153.213150024,20.6446781158,59.5909538269,0.0055742013501
1740,454.679656982,68.3468322754,22.4135837555,73.1359024048,0.00284493653453
1770,13.8345918655,199.23274231,30.3683929443,81.2801742554,47.641530633
1770,537.141235352,195.439376831,23.3115329742,65.3985519409,11.7079570889
1770,573.598144531,217.965148926,19.3123970032,50.6094551086,11.2599536777
1770,437.7684021,196.610244751,19.0852947235,44.9271125793,10.1623542607
1770,516.710021973,197.511032104,25.8515300751,55.1622657776,5.19211292267
1770,449.762329102,195.154464722,18.8514232635,47.3680877686,4.98932227492
1770,478.342010498,204.929580688,17.7549037933,41.0991897583,1.50239048526
1770,547.972839355,210.055847168,25.0506076813,58.0725364685,0.854034628719
1770,120.226318359,145.30821228,25.1534347534,69.5909805298,0.251827249303
1770,486.49911499,41.4641952515,22.4921417236,72.3933029175,0.115593557712
1770,29.4154758453,247.661178589,17.9929027557,51.87840271,0.0557243416552
1770,79.5996246338,138.43901062,23.5259494781,69.4017868042,0.0275838450762
1770,43.4116363525,132.288192749,24.7293930054,69.662651062,0.0210712125408
1770,25.0871887207,107.408332825,33.0978050232,89.9110946655,0.00876118792803
1800,527.835754395,207.264053345,20.1364574432,48.5792121887,64.5967543125
1800,483.694610596,197.348068237,24.0272445679,50.9248657227,26.3762921095
1800,602.849182129,214.193725586,19.1736488342,52.2503814697,18.2356342673
1800,585.920898438,108.456138611,20.5318202972,61.9693412781,7.17246904969
1800,586.153991699,158.556594849,31.8612976074,94.4508590698,3.73855084181
1800,218.636779785,172.481994629,19.1770687103,53.0462226868,2.67332717776
1800,5.53784894943,199.110458374,17.2194194794,55.7877502441,0.932107679546
1800,12.9988479614,112.402503967,20.9764232635,67.5922470093,0.835110805929
1800,602.725646973,149.430633545,25.5231246948,63.7538452148,0.510249566287
1800,66.1907730103,129.967697144,30.6686496735,93.5768051147,0.214953976683
1800,101.706092834,140.556671143,21.7657833099,58.4778251648,0.195151765365
1800,581.360473633,147.705505371,21.6005554199,67.0703964233,0.181328109466
1800,5.05112075806,101.200538635,14.2732009888,69.2777023315,0.0935578776989
1800,553.951721191,13.7026519775,23.6920032501,70.3519515991,0.0137850627652
1800,124.057037354,145.556030273,25.4382705688,64.204460144,0.0130794738652
1800,24.6235523224,113.75868988,31.5352478027,93.152671814,0.0100998673588
1830,554.700439453,176.669204712,25.4812831879,70.3801193237,85.4411959648
1830,114.245170593,132.106811523,25.3688831329,63.6444091797,10.6558382511
1830,230.517700195,146.379547119,20.0953159332,63.9970550537,10.4668103158
1830,592.219665527,196.828689575,18.8849086761,45.3407325745,4.01001907885
1830,93.3948898315,129.890701294,21.3946781158,66.2750701904,0.846653059125
1830,538.421813965,178.058731079,26.5457630157,65.381401062,0.396887073293
1830,8.83357906342,134.993530273,28.2290019989,96.6558761597,0.24784905836
1830,69.7097549438,132.251647949,38.4245796204,94.2767333984,0.21353601478
1830,568.186096191,179.535110474,24.5764446259,59.4945526123,0.17940296093
