30,58.1703681946,186.65776062,19.7562789917,51.8683013916,19.4194659591
30,600.361816406,179.161315918,22.4241943359,60.460521698,6.09706714749
30,145.949234009,182.218017578,20.941450119,47.5028533936,5.63576482236
30,611.605651855,169.440139771,25.6310367584,63.7714729309,2.46129389852
30,157.838394165,174.253967285,19.3557376862,55.8954772949,0.747804995626
30,541.283874512,128.59336853,22.815322876,83.0010070801,0.0448717357358
30,532.185791016,29.5653591156,24.4475460052,64.1104202271,1.85248449913e-07
60,21.039686203,185.281448364,19.4222011566,51.0618247986,12.9728853703
60,61.7598724365,195.500488281,20.625585556,41.2119941711,6.09077401459
60,444.606109619,188.809890747,20.3236179352,81.1166763306,4.40853461623
60,150.519256592,151.697219849,24.6821880341,73.2483978271,3.47499027848
60,134.27482605,168.961486816,22.283241272,57.2515449524,1.0156811215
60,607.537780762,34.4724845886,26.3290920258,82.8148117065,0.944809708744
60,458.175140381,202.748535156,26.4710445404,73.466178894,0.529876770452
90,109.550544739,182.214431763,22.0731277466,48.3852958679,68.9491927624
90,9.07105350494,185.844100952,14.50370121,49.6618156433,2.62058582157
90,246.314193726,84.6249771118,23.1881198883,50.3497810364,0.947672501206
90,126.671020508,170.306213379,16.7143497467,54.1717987061,0.57605127804
90,75.3599014282,170.774703979,20.2990207672,57.4036254883,0.319101219065
90,524.33972168,46.4177703857,30.9841251373,100.115486145,0.118270842358
90,421.282623291,189.595275879,24.8048648834,64.8387374878,0.117277575191
90,439.648956299,190.897445679,32.0148887634,69.548614502,0.0886402674951
90,497.796234131,69.0352554321,32.4395523071,99.3150024414,0.0250784505624
90,23.5529384613,107.02620697,27.8105335236,63.3514289856,0.00688365544192
90,513.604492188,28.9690628052,25.4605922699,82.0468215942,0.00403136655223
120,11.3839035034,182.202774048,18.6245174408,52.1107215881,10.5256691575
120,469.92868042,189.281066895,32.3132095337,76.1299209595,5.44359311461
120,470.5284729,37.3739280701,22.6268138885,70.6727218628,2.55363099277
120,4.48965787888,179.482589722,11.8606729507,53.6133995056,1.09921405092
120,625.415466309,123.814483643,14.5845336914,70.166519165,0.786036532372
120,615.431640625,53.3248291016,18.2922801971,51.3268470764,0.175714259967
120,486.969818115,42.0808563232,18.4834804535,59.5934143066,0.163461000193
150,74.9585800171,176.643051147,20.6192893982,51.3612098694,23.0034559965
150,562.468994141,29.9977054596,21.5820407867,81.8412857056,17.7663937211
150,172.096008301,173.652694702,18.7571487427,51.7019042969,1.68392397463
150,28.8174228668,188.548522949,23.963388443,46.6796760559,1.44291250035
150,9.34074687958,185.304916382,17.9900970459,49.4983062744,1.43848983571
150,583.852111816,75.9355010986,53.9837532043,136.884918213,0.611553387716
150,521.71697998,198.808761597,23.5534305573,58.0227661133,0.583171099424
150,185.454284668,176.616317749,17.3351154327,47.1040496826,0.504993787035
150,545.541259766,17.2028217316,22.92461586,59.0508460999,4.89641706736e-05
180,483.141815186,187.083023071,19.3175945282,53.9457969666,8.64467322826
180,497.436401367,58.1122131348,19.7759933472,57.5358428955,0.749690039083
180,498.377563477,188.293945312,18.3799190521,54.9805717468,0.128604623023
180,535.303161621,128.403274536,31.4470272064,95.5862350464,0.0286391441477
210,530.18762207,187.350143433,18.1842556,59.0598602295,58.5602521896
210,615.485229492,199.343139648,15.743347168,52.4266242981,4.70598749816
210,8.17982006073,171.179458618,23.2070465088,60.2047996521,2.4208586663
210,518.385559082,188.706115723,20.2896327972,60.4301757812,1.26461805776
210,587.594177246,36.948184967,23.7710266113,89.5712966919,0.986908003688
210,586.942382812,185.774673462,17.7008876801,51.3450279236,0.147415522952
210,42.3151664734,167.929626465,19.3659744263,55.6161613464,0.101514114067
210,442.152954102,151.166976929,26.9747390747,76.1756515503,0.0312108139042
240,527.068786621,188.906845093,22.8885955811,60.5485115051,87.6334369183
240,504.620697021,176.203857422,18.0416622162,63.0374755859,67.5046265125
240,515.054260254,183.872360229,21.1962223053,67.7374954224,11.4893525839
240,601.601013184,180.081298828,25.7570343018,87.5329284668,10.3195652366
240,8.8189163208,165.564956665,21.5161151886,56.6601867676,8.46722945571
240,534.013427734,42.0013885498,29.9149265289,95.8983230591,5.36601878703
240,616.133972168,226.98500061,15.3131217957,46.4335174561,1.02379405871
240,20.5291156769,178.206100464,20.4573554993,48.5290679932,0.168869493064
240,598.396972656,174.73815918,18.8211631775,48.887462616,0.051395437913
270,587.718933105,181.520751953,27.340883255,70.3037567139,96.0183918476
270,542.762512207,173.663208008,26.9785900116,77.3729476929,43.2697921991
270,478.691253662,160.60395813,24.8266582489,59.6357421875,1.70772429556
300,614.354553223,186.064468384,24.1320743561,63.3879699707,96.5446710587
300,590.914245605,110.381866455,25.6472530365,57.9093017578,6.53313398361
300,228.171630859,56.0615577698,21.6870479584,61.4813957214,0.717591354623
300,205.820373535,80.5908508301,21.2882385254,53.0288696289,0.108400068711
330,156.749710083,171.947952271,24.9833297729,62.3721046448,18.6108142138
330,472.353393555,191.459609985,21.0190105438,41.5770149231,5.87372779846
330,413.926544189,160.297775269,19.9732112885,52.9346046448,0.56545836851
330,426.39151001,171.377380371,22.4370803833,51.7050895691,0.379109894857
330,225.522140503,43.048915863,29.8462352753,58.6069946289,0.0516909349244
330,508.002441406,39.2536621094,25.0339374542,53.5163269043,0.0299645180348
360,542.140686035,196.902770996,25.4157428741,55.3677177429,35.5270594358
360,447.504974365,154.34223938,19.8142318726,58.5029792786,10.0367181003
360,229.218093872,40.667224884,22.2377090454,46.3029212952,0.286441156641
390,437.878875732,164.091720581,21.0636806488,58.7434272766,18.6044156551
390,453.650024414,170.17829895,20.2555370331,57.3172645569,12.9225373268
390,534.86505127,175.863098145,20.9654636383,58.5935554504,1.8219569698
390,466.89755249,166.457687378,20.5076084137,55.3301124573,1.6289524734
390,597.954528809,193.52166748,30.35455513,66.6091690063,1.46797616035
390,221.239089966,36.6220436096,29.0505981445,49.2055969238,1.07101304457
390,507.780395508,152.853744507,26.1534786224,78.9179840088,0.538234366104
390,245.874328613,83.5438461304,21.1123962402,59.0336952209,0.498347822577
390,479.604034424,159.305343628,19.0070514679,58.0588951111,0.20376201719
390,538.673034668,143.41267395,21.3148365021,66.7113723755,0.0889322895091
420,507.801147461,179.738632202,18.9251880646,49.5750236511,69.282913208
420,490.377655029,179.703659058,17.7462253571,52.7933082581,25.7469713688
420,11.8852739334,119.137390137,23.7784824371,57.1737556458,2.5149974972
420,528.836364746,172.375534058,21.2704868317,57.7035675049,1.43058784306
420,219.751052856,38.3689880371,28.6868228912,45.4215888977,0.4469698295
420,406.732757568,179.326049805,17.5662326813,50.7808189392,0.0050644041039
450,554.824157715,168.864395142,19.2023563385,56.3857269287,58.5537850857
450,212.319076538,37.2620811462,33.9424476624,53.470790863,0.640916498378
450,555.867858887,121.489501953,20.6110267639,60.8328857422,0.406052451581
450,603.76373291,87.3591690063,24.7852706909,59.3047981262,0.274640717544
450,581.997314453,187.389770508,23.4161834717,61.5422477722,0.259926030412
450,241.88923645,77.431022644,28.3446044922,94.922454834,0.052083254559
450,494.962738037,116.641929626,28.6293392181,74.0580215454,0.0180752715096
480,589.644226074,146.432312012,25.4512767792,75.2082595825,19.3160027266
480,577.506408691,80.3560409546,33.7521476746,110.068565369,2.92538609356
480,530.941589355,60.6313285828,18.6570034027,53.4087982178,2.49957982451
480,231.357162476,71.5114059448,32.4688224792,86.8516769409,0.271490495652
480,203.284973145,34.2489128113,29.2240467072,58.3227653503,0.101425021421
510,552.32989502,126.777549744,32.0477409363,78.1993942261,25.9623110294
510,34.9386100769,127.863746643,28.8725261688,90.2049026489,1.18607217446
510,61.1631584167,162.746871948,18.9977149963,61.9573669434,0.76070157811
510,15.525595665,125.835655212,33.4077262878,92.6430282593,0.524101778865
510,72.8478546143,161.8931427,16.8669567108,57.259552002,0.0816031126305
510,542.807189941,124.86075592,22.4395618439,65.2977905273,0.0529498036485
510,224.41835022,74.0989227295,30.7524013519,85.0975418091,0.0166059602634
510,435.265777588,48.673034668,26.6920490265,68.2283859253,0.014014550834
540,513.875732422,201.606613159,37.6567497253,92.4067382812,10.6598436832
540,12.6726446152,133.779556274,29.0212631226,99.2537612915,8.98237079382
540,19.0421066284,179.839767456,15.8822374344,50.3263244629,5.68382591009
540,28.3515262604,137.048751831,28.4540538788,84.5944824219,1.67572367936
540,5.45915842056,184.305557251,12.8556032181,49.1782875061,1.16552049294
540,7.46876716614,128.026367188,16.7729511261,71.7561569214,0.155462382827
540,76.2002792358,159.855575562,19.7933769226,65.4801177979,0.15194300795
540,151.569610596,42.2446784973,18.8601970673,57.2609901428,0.102339847945
540,365.660980225,178.806564331,20.0073490143,51.7785072327,0.0905720226001
570,564.329711914,204.001174927,36.0932846069,104.903358459,18.8293278217
570,585.959533691,190.817977905,37.0272254944,96.6092605591,2.45900508016
570,421.175811768,62.9109954834,27.9204425812,63.3364143372,1.52628198266
600,71.4054718018,122.304237366,27.669626236,86.2981185913,8.19580107927
600,453.0,41.7475090027,20.4038486481,57.863117218,2.94680297375
600,469.526580811,40.2897186279,21.7171840668,57.5766296387,1.0126597248
600,83.3296127319,80.709602356,20.607383728,72.897644043,0.559324445203
630,145.015670776,148.818771362,20.437746048,63.8440971375,12.2200980783
630,39.9239845276,64.0367584229,21.3039836884,72.3668899536,6.82757869363
630,50.1322174072,180.39982605,20.1479358673,39.468914032,4.66744974256
630,41.3191833496,114.174079895,32.8111801147,102.262390137,1.88734810799
630,404.954833984,158.46685791,31.2051792145,80.2349014282,0.393379619345
630,72.8181228638,72.9260482788,24.3876419067,74.1262817383,0.0725615420379
630,486.038909912,14.1678390503,23.7861118317,61.5445823669,0.000103363936432
630,508.544891357,20.8083553314,23.9775676727,62.0842475891,1.56188431077e-06
660,25.5184230804,175.716796875,24.6190395355,48.8085594177,9.29021090269
660,137.364547729,157.682373047,24.2317657471,58.4642295837,5.70811629295
660,426.98046875,153.675216675,21.9278240204,61.5581092834,3.63687798381
660,24.3878326416,99.440864563,27.3158397675,93.73046875,2.13713161647
660,8.34771347046,34.2441444397,17.6455287933,58.3699798584,0.514539238065
660,180.300964355,67.3163757324,26.5675449371,68.4778671265,0.10532354936
660,46.1457099915,100.503295898,18.5056781769,53.1239433289,0.087628851179
690,36.8938102722,153.385787964,23.4330596924,68.6310424805,11.7476150393
690,8.83751010895,168.25239563,15.4310445786,56.9681587219,7.35559910536
690,438.122314453,155.366516113,19.4442920685,63.3332176208,0.555585511029
690,126.228233337,154.865310669,26.6066741943,68.8568191528,0.449246447533
720,29.3311767578,185.864883423,20.7586746216,41.1227989197,11.4403665066
720,519.897460938,189.672592163,20.5857639313,43.1205406189,1.22207263485
720,236.813720703,168.480239868,18.1844406128,52.5130615234,0.630165822804
720,62.9855766296,76.1920471191,19.8149662018,63.0795135498,0.524921156466
720,51.091960907,177.381713867,18.8935604095,48.8177757263,0.189997663256
750,29.5336456299,98.3193969727,50.220287323,136.714370728,13.2991179824
750,489.368896484,166.729293823,16.002571106,50.6212425232,10.045119375
750,10.9039335251,182.433853149,18.3574848175,45.2505187988,3.01886294037
750,37.6562156677,166.463058472,25.7599697113,63.9664611816,2.10635177791
750,566.739562988,52.121471405,18.7153606415,63.2404937744,0.436003459617
750,540.566955566,48.8350219727,28.934677124,83.2945632935,0.313450233079
750,18.7770214081,159.876144409,22.8584747314,63.2792053223,0.212025875226
750,560.415710449,144.741165161,24.1419525146,66.9189529419,0.0636059383396
780,498.647918701,160.35093689,19.0804538727,55.1609039307,41.9495433569
780,580.420227051,167.095626831,19.1115913391,51.517578125,20.1201185584
780,616.698059082,201.136962891,17.3638515472,50.5882377625,5.53219653666
780,586.935913086,177.201477051,23.6202030182,60.0101280212,2.32077445835
780,433.386199951,146.702102661,19.9576892853,67.4195480347,2.31521055102
780,603.107910156,178.255432129,26.3573303223,66.4515304565,0.386810023338
780,565.391906738,155.85357666,20.1054553986,54.3138008118,0.287006306462
780,445.263916016,161.091262817,19.4438724518,54.7195739746,0.266442773864
780,421.40713501,167.138946533,17.8470439911,49.2173500061,0.0161781499628
810,162.972000122,178.673904419,23.3741474152,41.5430641174,91.8573081493
810,511.582794189,151.957229614,19.1294612885,58.305480957,55.9892296791
810,606.558654785,151.644699097,24.3555526733,62.0290107727,37.4545663595
810,580.001281738,153.443954468,20.4655017853,54.0131988525,2.20065768808
810,538.896728516,38.4068984985,19.9003658295,56.776473999,2.03193090856
810,525.830993652,31.3584880829,22.9517345428,68.5631942749,0.364523939788
810,597.185180664,161.123153687,18.5042057037,50.9049797058,0.205797865056
840,189.311340332,166.34223938,22.3785076141,51.7921485901,85.0706458092
840,514.660888672,147.249710083,18.8727722168,60.843372345,58.1173300743
840,617.906188965,158.251113892,18.0281505585,52.3390388489,21.4750215411
840,590.340026855,153.31036377,19.2303333282,51.2051696777,1.65455173701
840,542.360961914,33.2905082703,21.9546279907,57.9676017761,1.23655684292
840,479.247314453,158.018615723,17.5193424225,52.3387870789,0.764627568424
840,616.463806152,118.266174316,18.6059265137,60.5682868958,0.633460469544
840,604.041381836,139.375976562,20.8901309967,63.3671531677,0.320144020952
840,88.4962539673,148.061889648,20.6126079559,55.2222938538,0.205228105187
840,504.743652344,73.2933807373,24.8084545135,69.6953811646,0.000923687184695
870,519.639038086,155.99319458,17.6233100891,56.1775512695,47.3344564438
870,548.567138672,28.440826416,19.4917564392,50.6555786133,2.4331850931
870,608.278503418,98.1859512329,23.1421031952,76.9706420898,1.81717257947
870,600.094787598,157.354705811,19.1156291962,48.5475921631,1.05113387108
870,535.045410156,40.6022605896,36.105178833,74.7091140747,5.86533595026e-06
900,613.774719238,133.206848145,19.1354541779,69.9334640503,12.4414935708
900,516.282165527,163.568389893,19.3010349274,52.6297340393,10.0669659674
900,600.689819336,169.149459839,18.0942211151,46.1241416931,2.72176135331
900,548.985656738,32.3381385803,19.903055191,54.0247840881,1.58001799136
900,444.791778564,160.24961853,18.9572792053,60.2842140198,0.0334465818014
930,517.328796387,165.804214478,18.3685741425,58.7840881348,58.8700294495
930,544.981750488,37.811378479,23.5064144135,60.1994781494,8.28232914209
930,601.07635498,173.476821899,17.6199359894,47.0937156677,2.2558093071
930,616.84197998,168.961547852,16.4853687286,49.1940155029,0.590206310153
960,516.361755371,170.378540039,20.4935665131,57.3190116882,29.5295327902
960,600.834838867,179.419433594,17.7260437012,45.9909362793,1.71610396355
960,534.686889648,39.1307563782,29.9590625763,73.0436477661,1.26532977447
960,616.171936035,169.249053955,17.7296104431,50.1347808838,0.711912987754
990,539.394714355,47.4544487,25.8451633453,59.5769386292,24.41175282
990,519.878234863,174.55291748,18.1040267944,54.2397727966,13.5235950351
990,601.083007812,181.685134888,16.935136795,44.8394622803,1.30482455716
990,611.119750977,178.241531372,15.991104126,46.792224884,0.315092294477
990,555.143981934,48.9143409729,18.4439220428,51.7837409973,0.151198171079
990,131.258239746,102.424110413,20.6873722076,45.0238227844,0.0874734192621
990,445.208251953,176.410720825,18.501077652,56.6862487793,0.0544615904801
1020,518.57019043,170.799514771,18.8141613007,60.1105918884,56.7727744579
1020,546.112731934,39.4362411499,25.3201961517,67.0902938843,6.38360008597
1020,597.459106445,185.394104004,16.8603687286,42.882976532,3.06340027601
1020,616.42767334,171.438491821,17.4259471893,51.966960907,0.835370458663
1020,444.461090088,186.774169922,20.9462165833,51.4400215149,0.773860001937
1020,52.6025390625,139.284133911,28.7574977875,75.1838302612,0.00928115405259
1050,481.927764893,185.765701294,20.0062618256,60.3938941956,97.2599327564
1050,540.803771973,41.690372467,29.1693172455,74.3588790894,14.4565328956
1050,597.303833008,181.67817688,17.056432724,47.5871009827,6.54281899333
1050,520.10925293,176.932495117,18.431974411,52.5909919739,3.65874320269
1050,616.043823242,171.231994629,17.9510097504,53.8347167969,1.09592434019
1050,440.960205078,178.954147339,23.8886489868,55.4103393555,0.187908892985
1050,465.716949463,181.275924683,19.3111190796,54.145778656,0.143647228833
1050,49.5172233582,143.999923706,23.0371723175,64.1278305054,0.0100222525361
1080,519.948791504,193.92817688,23.8392772675,56.2478637695,97.4196314812
1080,538.755065918,41.1643257141,28.9664173126,74.843963623,17.935693264
1080,597.631835938,183.882461548,17.3362979889,47.007976532,5.87894283235
1080,603.383789062,159.303634644,21.3094272614,65.235824585,4.40118946135
1080,617.516906738,170.008834839,17.5348300934,53.4676856995,3.2967120409
1080,554.782043457,46.8724555969,18.6080417633,52.7427635193,0.310598337092
1080,440.902099609,179.538528442,23.7203540802,56.9087524414,0.0620732840616
1110,553.247375488,195.577133179,21.2168445587,48.6506385803,90.9170985222
1110,518.580810547,176.214309692,19.8762264252,57.3134117126,27.1584510803
1110,548.575073242,50.086933136,20.1298561096,52.87109375,3.62089797854
1110,600.675109863,183.49798584,17.7681102753,46.2466545105,2.54330039024
1110,442.098175049,183.462020874,22.1783275604,54.3805999756,0.0541727815289
1140,579.940734863,186.848495483,20.4969329834,53.6044921875,86.8484020233
1140,518.818664551,172.797683716,17.3847942352,58.6339111328,69.1741526127
1140,543.917663574,48.2237739563,23.8895778656,58.7325897217,18.3157995343
1140,600.765258789,185.869689941,17.288028717,48.1881256104,6.94193169475
1140,571.047790527,185.723129272,17.8741493225,47.8040885925,2.58256215602
1140,609.952209473,175.617263794,16.3065700531,52.6370201111,1.26491161063
1140,446.322418213,137.397994995,31.8368930817,94.4799499512,0.665687210858
1140,616.129882812,147.762634277,16.6262397766,61.8965339661,0.110150757246
1140,440.646972656,180.532592773,24.5566501617,56.4322319031,0.0952822039835
1170,595.791564941,182.406555176,23.7976608276,61.2835655212,92.7283287048
1170,520.674865723,175.880447388,18.9195652008,58.006816864,35.7064306736
1170,536.633300781,44.5699768066,29.8779125214,69.1651535034,17.4353942275
1170,613.883483887,174.065795898,20.739030838,63.7574653625,0.548235466704
1170,554.88458252,48.1835746765,19.0091190338,53.3848228455,0.475562410429
1170,447.012237549,176.588546753,25.0713272095,56.5557975769,0.172456249129
1200,599.763000488,185.960494995,23.7980041504,59.6832008362,95.8919405937
1200,519.39666748,178.465759277,19.6244068146,53.7955360413,10.5250224471
1200,548.796142578,47.8772850037,20.4059314728,52.3283500671,4.26928959787
1200,615.966918945,188.239334106,17.027589798,50.7919616699,2.64307204634
1200,126.358642578,99.6137161255,20.4826126099,47.4069404602,0.13113723835
1200,608.442321777,208.969619751,23.2735271454,58.5908203125,0.084539805539
1230,599.649780273,185.926559448,24.3942432404,61.9955444336,97.2289681435
1230,520.27923584,175.400039673,19.2061061859,58.4965820312,24.015212059
1230,542.105651855,42.6313819885,28.4243984222,73.5968399048,13.478320837
1230,614.264770508,185.531478882,18.7605724335,51.9729957581,1.6146177426
1230,442.430023193,181.247009277,22.3972244263,54.5948638916,0.542472954839
1230,135.721054077,95.7639389038,21.1908435822,47.9987754822,0.208674557507
1230,615.236877441,147.924880981,17.5408535004,57.4262580872,0.0600383442361
1230,50.4220161438,142.396591187,21.3863887787,61.9168434143,0.0162293072208
1260,600.440124512,185.108505249,25.1359176636,61.4870567322,98.0156540871
1260,521.100097656,173.188064575,18.0382099152,59.2291107178,55.4664134979
1260,549.658569336,48.61145401,19.1692180634,50.8597412109,7.12693557143
1260,533.560974121,41.0427131653,26.8510951996,69.8511734009,2.43748649955
1260,614.662475586,179.541381836,19.4045352936,54.1077690125,0.780217023566
1260,131.22492981,101.572410583,21.3796596527,48.3975410461,0.196434673853
1260,448.714508057,166.17880249,23.200334549,69.008644104,0.0982029014267
1260,609.624084473,209.075180054,20.5859069824,60.9633750916,0.0312361604301
1290,601.66418457,183.917480469,24.2604999542,59.2128105164,94.341468811
1290,539.632202148,41.44140625,30.3140583038,73.1936645508,14.4224852324
1290,519.520568848,174.860824585,19.6877422333,59.0537109375,8.52214246988
1290,130.961273193,101.530883789,20.1326198578,42.2857093811,0.0391490728362
1290,50.7081108093,143.686279297,21.8019351959,60.6704521179,0.0242200272623
1320,603.548400879,186.550231934,22.5741119385,58.2682762146,98.3410835266
1320,519.238586426,173.587142944,19.6565876007,58.2383079529,18.9898252487
1320,548.336364746,51.2250061035,20.4432697296,50.7374420166,11.9943387806
1320,615.887084961,173.658218384,18.7833099365,58.7898750305,0.309098791331
1320,613.90423584,87.4058227539,18.0347881317,58.8020935059,0.27276952751
1320,130.49180603,101.493614197,21.3728790283,48.7456169128,0.0340674974723
1320,43.728805542,130.273544312,27.1720256805,68.1899490356,0.0170324667124
1320,59.8555030823,143.151565552,21.2018756866,59.1841926575,0.00120642207548
1320,511.473114014,91.8826370239,20.916261673,73.0901107788,0.000478630363432
1350,614.61895752,196.980911255,18.3062095642,51.2824401855,66.7299568653
1350,517.909484863,174.767333984,18.8728942871,59.7580566406,64.3541574478
1350,545.229064941,52.0977134705,23.8159427643,59.4025268555,13.2525920868
1350,599.19354248,189.824295044,15.8885450363,45.5837974548,5.74018023908
1350,135.395248413,105.069206238,21.7292404175,43.0126075745,0.15829479089
1350,442.032928467,185.309768677,17.5316047668,54.8892478943,0.0782678718679
1350,66.9882736206,157.070724487,20.8851585388,52.9734382629,0.006517766451
1380,519.863769531,183.052841187,20.4017772675,55.4468231201,7.81037583947
1380,540.836364746,47.2207603455,30.0284633636,76.8087844849,3.22851799428
1380,602.758789062,191.389022827,17.632806778,46.1488685608,2.47732345015
1380,616.016906738,189.243835449,16.8599224091,45.1596031189,1.1546837166
1380,616.50592041,152.188049316,17.2216434479,60.5992927551,0.365429790691
1380,456.225921631,195.364257812,18.8898944855,47.7085418701,0.314025115222
1380,445.116729736,186.19732666,19.1404705048,53.4720954895,0.0474999833386
1410,525.252502441,184.095779419,19.4002437592,56.8942108154,8.34993198514
1410,611.227478027,196.324295044,16.3725986481,42.9427032471,5.64530491829
1410,450.568603516,195.937149048,18.719991684,49.7492332458,1.05131370947
1410,84.2828445435,232.569229126,36.9504432678,109.739837646,0.253834016621
1410,504.627288818,110.855079651,31.6896743774,94.1369628906,0.000300357010019
1440,459.966186523,192.329666138,20.1542873383,53.3810157776,49.5234072208
1440,460.758789062,132.597091675,21.501871109,69.069480896,0.375055009499
1440,66.6851654053,93.8177871704,20.3508167267,55.0017585754,0.299736880697
1440,478.362182617,200.445007324,18.0108356476,53.8663024902,0.284965336323
1440,41.0168952942,91.1211166382,25.7933521271,94.0597229004,0.225585652515
1440,529.299743652,99.9358215332,24.5989151001,84.6318435669,0.0664710474666
1470,564.88873291,179.716720581,21.3132076263,68.7766647339,35.9734505415
1470,234.842971802,213.553421021,17.6810493469,48.1854438782,12.5455245376
1470,613.885681152,33.0998497009,17.8317985535,49.7154693604,5.73659799993
1470,509.000823975,209.981643677,19.3070068359,52.5686378479,1.34889762849
1470,596.265136719,34.1758155823,30.9988689423,70.137046814,1.24275647104
1470,472.71395874,199.552978516,18.2659282684,50.8057594299,0.104149209801
1470,555.286315918,77.7651367188,27.9180049896,92.1127700806,0.00640191574348
1500,591.60760498,194.256271362,21.0408000946,56.9637145996,1.80312078446
1500,506.51184082,205.893569946,16.8676319122,49.6863746643,1.71778537333
1500,494.005462646,206.527587891,18.5944976807,55.22706604,1.32166938856
1500,416.367431641,185.212051392,21.1241874695,63.4508018494,1.08244335279
1500,524.688659668,219.168106079,23.3692951202,49.4584159851,0.892181880772
1500,540.479553223,217.555099487,20.2329559326,52.2514076233,0.528499111533
1500,405.716796875,193.623947144,18.3441143036,51.0350189209,0.250542699359
1500,491.569915771,93.1248168945,21.4890518188,61.8064994812,0.152737367898
1500,476.002716064,99.1751174927,23.1793498993,73.1592254639,0.0549308897462
1500,577.961486816,65.3828048706,31.359331131,107.345115662,0.00163752774824
1530,617.045227051,226.63671875,18.5470542908,50.282409668,10.7784353197
1530,521.891723633,197.837966919,26.3791561127,69.6169509888,2.68033426255
1530,537.136169434,197.301879883,18.9170589447,57.1162719727,0.633587827906
1530,501.555664062,41.620136261,20.9759788513,71.182800293,0.399908563122
1530,418.160186768,204.675125122,21.499830246,49.543094635,0.238611595705
1530,564.698303223,124.018089294,23.5821990967,59.8511619568,0.199681241065
1530,492.392181396,61.8319396973,21.802986145,72.4528579712,0.189898279496
1530,511.423797607,215.337844849,18.9901790619,54.5966758728,0.12568050297
1530,539.611755371,134.36340332,30.2506999969,77.3620071411,0.0666376436129
1560,587.990600586,186.64213562,26.1502666473,90.9446411133,21.7399254441
1560,541.382568359,11.827041626,23.2333583832,64.1230392456,12.978310883
1560,615.464538574,206.141708374,18.4170513153,55.5730895996,12.8344148397
1560,522.959289551,223.468429565,19.5303115845,51.6137084961,6.40532448888
1560,612.899963379,108.430046082,19.3834667206,55.1584434509,4.98647131026
1560,433.733001709,202.932876587,19.1037902832,53.0730285645,2.00756378472
1560,597.316894531,60.8145294189,30.0726566315,84.5870437622,1.97620764375
1560,97.0087814331,98.8453445435,19.8461360931,57.9381866455,1.53273819014
1560,542.163085938,220.192398071,18.9258003235,52.1732673645,0.925275776535
1560,525.866882324,33.2587623596,21.5257816315,65.4070663452,0.382229313254
1560,538.62310791,80.2200546265,28.9450149536,90.7651290894,0.259298388846
1560,443.779937744,208.335494995,21.9108753204,53.2814216614,0.158575910609
1560,589.64630127,82.6676559448,21.1983089447,70.4311599731,0.14741338091
1560,564.072998047,88.2881240845,30.6661224365,91.1121902466,0.0503563031089
1560,585.433898926,26.7100582123,36.4121360779,85.1331253052,0.00100132392618
1590,616.528564453,227.987838745,17.9012985229,55.0509643555,33.4962576628
1590,574.506164551,213.533325195,23.407377243,56.9540748596,22.1497669816
1590,470.515777588,202.085372925,20.0508136749,60.7956237793,10.1417310536
1590,616.774658203,147.932479858,19.0850658417,60.7562904358,9.58309024572
1590,481.771850586,181.938491821,21.4631958008,61.4613456726,2.15810928494
1590,592.604675293,226.962890625,20.5690059662,55.0675811768,0.855868123472
1590,493.14440918,158.542938232,19.0616664886,56.8062591553,0.29918178916
1620,423.118988037,170.188323975,24.5712203979,83.2008285522,1.96495633572
1620,539.413818359,160.098144531,27.7745456696,86.5303039551,0.924765039235
1620,521.460449219,142.947113037,21.421081543,69.7138137817,0.745589425787
1650,388.444549561,198.07661438,19.4376106262,50.5355491638,5.99116533995
1650,150.677566528,184.722671509,18.4793148041,50.5365791321,4.88375350833
1650,456.430206299,206.079299927,23.0006465912,74.8788375854,4.31373864412
1650,476.243988037,211.626525879,21.4882488251,67.9017868042,3.63551527262
1650,594.14251709,223.93913269,36.8281745911,79.3389205933,1.95039436221
1650,435.929718018,219.495651245,19.2266235352,48.2636604309,0.57813837193
1650,399.842926025,195.211303711,24.6806240082,66.3034667969,0.294899777509
1650,509.763061523,185.268875122,37.0799674988,89.5570297241,0.234210933559
1650,418.194702148,195.903137207,28.2733001709,66.6236495972,0.152672152035
1650,96.7261352539,192.807922363,20.9073925018,47.6857032776,0.0509451085236
1680,142.699279785,181.608276367,17.4827842712,46.0105857849,10.552701354
1680,463.362335205,216.209945679,19.7145385742,59.4269142151,0.0825094000902
1680,432.736938477,146.146774292,26.7929973602,67.5492324829,0.0668871914968
1680,442.984954834,198.870285034,26.3446655273,67.2511978149,0.0556342361961
