30,453.357788086,137.948348999,19.4304561615,51.1526679993,1.71772819012
30,427.921417236,108.363098145,20.3370952606,63.5051574707,0.0608843634836
30,9.55891704559,42.3473968506,39.5484008789,86.9791183472,3.52998658082e-08
60,43.5627326965,131.848007202,27.7705230713,65.3461990356,1.35344071314
60,153.16557312,125.735771179,23.900976181,58.8625640869,0.0277167506283
90,463.497283936,121.129615784,23.5281352997,74.3501968384,32.3614656925
90,388.230957031,129.203536987,24.3735809326,62.4261665344,16.6258275509
90,611.085327148,142.740081787,16.4006023407,46.062625885,4.44010831416
90,488.067871094,125.881774902,22.8039245605,68.1004180908,1.37254940346
90,136.871658325,129.663009644,16.6665325165,53.098033905,0.521557405591
120,516.083007812,124.345176697,18.2243518829,61.2283630371,5.67891038954
120,121.600364685,137.168563843,21.5490818024,59.6669654846,0.91200126335
120,92.2948074341,135.411605835,23.3138809204,62.414264679,0.397805729881
120,111.238838196,145.780593872,18.7905864716,50.1879119873,0.232808571309
120,525.578552246,130.17616272,19.7594184875,58.7056732178,0.221997569315
120,505.622192383,143.861282349,21.302318573,55.8469963074,0.0307730544591
150,595.614379883,107.374549866,30.8406276703,94.634185791,40.4537260532
150,106.617897034,137.635467529,23.8663158417,64.7948379517,6.68307170272
150,614.523132324,111.545921326,20.0173168182,60.1255226135,4.35957200825
150,95.1056518555,155.224502563,21.5987377167,53.7573394775,1.25573370606
150,612.090637207,171.328262329,16.79596138,49.1851806641,0.985949393362
150,87.6787185669,112.886711121,18.7532100677,62.3481636047,0.965090002865
150,581.535217285,166.042770386,18.0047016144,48.1453094482,0.0813326681964
150,493.942626953,161.794540405,18.6367206573,49.2792816162,0.0438134447904
150,84.0259094238,167.973205566,19.2717075348,43.4832649231,0.0365052197594
150,570.851135254,167.528030396,17.0953044891,45.1224021912,0.0108463616925
180,47.0563011169,124.170661926,20.421125412,63.7533149719,3.94319854677
180,13.1265258789,66.5658950806,18.4769630432,66.224861145,3.32440212369
180,41.4010047913,157.324951172,20.6765727997,58.9610137939,0.240186345764
180,24.2201786041,117.764007568,19.7281208038,57.0481147766,0.170316873118
180,87.7302932739,164.479293823,18.8814296722,46.3395996094,0.151196436491
180,36.6073570251,111.944236755,20.9596138,55.8842010498,0.0786084216088
210,50.6258811951,140.374237061,29.7922954559,77.7428512573,0.609889812768
210,611.404418945,182.865844727,16.8624629974,52.3071784973,0.541885476559
210,16.0924263,156.828018188,21.5888290405,50.7237243652,0.0317984842695
240,140.245056152,154.593093872,19.0669307709,53.2143554688,0.296204793267
240,20.8041667938,106.959129333,24.306350708,62.7315673828,0.0422177196015
270,98.3969726562,163.990493774,22.9105529785,55.8126220703,23.0036392808
300,515.569580078,180.676773071,32.4911460876,81.7667236328,0.168411585037
300,13.2543382645,166.403686523,21.0084266663,61.220123291,0.161028257571
300,615.847229004,95.7099075317,19.4695129395,55.78515625,0.150591274723
300,586.208740234,44.5555610657,30.9915485382,94.5619277954,0.141995225567
300,483.625457764,150.892150879,18.5031833649,51.2889404297,0.0453406421002
330,67.002784729,157.088562012,21.8181591034,61.3434638977,6.44178763032
330,7.90013313293,166.77784729,17.0957679749,49.1923866272,0.491072889417
360,218.543533325,171.594467163,32.686000824,62.7266845703,0.761869736016
390,97.373260498,176.365905762,27.6397571564,87.6933670044,4.17004227638
390,75.1890945435,198.266769409,32.513835907,88.9649276733,1.54076330364
390,42.201789856,117.422019958,33.1748313904,81.5720291138,0.0558756350074
390,118.562492371,207.731628418,24.6599807739,70.6979217529,0.0436570117017
420,497.485107422,170.702896118,24.3978710175,53.113658905,23.0245620012
420,370.934326172,146.443145752,17.6772232056,45.6676673889,1.38973630965
450,367.64440918,149.147109985,18.9335632324,49.4878692627,27.7206212282
450,110.678794861,161.369018555,26.1726779938,57.6338233948,1.08235199004
450,30.6103687286,206.492141724,45.10206604,96.8454666138,0.336926919408
450,5.35096025467,160.326919556,19.2034111023,51.8613014221,0.240459339693
480,396.718994141,61.0585365295,26.4475421906,79.4022293091,0.372673780657
480,466.476196289,97.3848648071,22.4703826904,55.4105491638,0.151223735884
480,403.253051758,25.2101211548,22.7602748871,59.5068092346,0.000600346857027
510,604.792663574,35.0678443909,21.4319438934,48.3856468201,87.9442691803
510,417.071044922,129.079818726,22.859621048,66.9666442871,3.56941632926
510,520.75958252,73.5763244629,27.1590576172,63.625164032,2.66148038208
510,440.523406982,132.970947266,23.1756916046,56.086517334,1.46223576739
540,602.008117676,73.912109375,23.0676326752,59.8150901794,55.7167351246
540,480.856414795,134.882003784,23.1498813629,63.2457313538,3.61546687782
540,582.974914551,68.0296859741,27.7414722443,63.2503662109,2.69612558186
540,438.087158203,138.145858765,22.0994167328,45.7252807617,1.18234697729
570,458.82522583,144.750839233,22.9496459961,52.7158050537,23.9975944161
570,541.158996582,129.709762573,27.3194274902,91.4833297729,0.548147084191
570,259.746429443,100.108482361,28.4583492279,64.4339294434,0.192529463675
570,514.881713867,69.9601745605,25.1695480347,84.3498764038,0.0492215855047
570,117.330780029,129.835800171,19.3280086517,44.8379249573,0.00271687040367
600,499.045623779,151.350540161,21.4522628784,52.8775482178,41.8705791235
600,523.693786621,151.178359985,21.6743106842,57.9968147278,4.51468639076
600,513.797485352,160.630447388,20.4424552917,53.8766174316,0.817457027733
600,153.609161377,140.401138306,16.1558265686,44.0327758789,0.118871196173
630,564.111999512,127.034729004,29.5399475098,80.0916824341,18.2120725513
630,579.087890625,155.552703857,20.8679161072,52.129535675,4.30153496563
630,516.749328613,150.573379517,22.4732608795,47.9118652344,0.632937159389
630,501.749969482,152.470169067,18.1854953766,44.7844963074,0.215422036126
660,581.218566895,161.265563965,19.8177909851,53.7036132812,0.500244926661
660,554.277648926,130.188491821,25.7766036987,76.9965438843,0.484765088186
660,408.078338623,165.107192993,19.2035980225,48.2626609802,0.324725615792
690,502.031097412,160.00617981,24.9014263153,66.6917800903,10.1106405258
690,455.315551758,163.716552734,23.563867569,57.1696777344,0.605078507215
690,126.599182129,155.693878174,22.2431087494,56.2578315735,0.485544558614
690,110.045593262,150.090698242,23.63306427,64.5792160034,0.310817360878
690,13.7944107056,133.469863892,27.5514469147,79.7767715454,0.198026304133
690,381.037475586,158.234191895,18.0117969513,45.0752372742,0.105081195943
690,6.63535881042,138.36857605,17.5396137238,60.6022911072,0.102392781992
690,311.276580811,27.6715221405,22.4314556122,47.1781463623,0.00482717696286
720,392.671173096,160.475357056,17.5596599579,46.0492515564,1.45895378664
720,368.783935547,140.828292847,28.0202121735,63.423084259,1.43758282065
720,3.39745593071,200.679977417,22.2161922455,48.8715934753,0.605306914076
720,108.793579102,183.391830444,20.155544281,40.8540763855,0.212488370016
720,441.224243164,154.873077393,17.3127002716,52.360004425,0.151197379455
750,68.8972396851,174.151794434,20.6972637177,46.9761695862,0.748786143959
750,407.52456665,163.691375732,17.8478794098,47.4840660095,0.284191500396
750,537.545532227,146.328262329,22.9795093536,47.9168586731,0.221614865586
780,413.548858643,170.955307007,21.5108566284,46.3887672424,76.7450392246
780,389.043792725,156.765335083,24.9098892212,55.2213478088,16.0017922521
780,605.661987305,137.092575073,23.431180954,57.1555786133,1.04815643281
780,429.48336792,158.429168701,19.6959247589,48.411239624,0.132331612986
810,525.897827148,167.011459351,27.0734882355,89.7249145508,64.5375907421
810,427.872436523,169.177108765,19.1946811676,51.6731719971,58.6311995983
810,406.591278076,168.051193237,32.1521911621,51.6431159973,26.0419279337
810,168.129302979,152.715255737,18.753446579,53.7710151672,0.0793245155364
840,602.210266113,171.911361694,24.8505764008,68.9811325073,99.5136082172
840,435.695281982,168.824386597,20.4097709656,54.1222877502,84.9093735218
840,404.756134033,159.923080444,24.0053100586,60.5565490723,67.1165287495
840,423.356689453,167.037658691,17.5322227478,54.7502479553,24.4067907333
840,393.780914307,142.402664185,20.4707584381,56.7240180969,1.0228889063
840,139.435958862,131.601638794,22.6977005005,61.5572624207,0.469447625801
840,619.010620117,170.870071411,19.7130775452,71.301612854,0.208336138166
840,455.727935791,151.230407715,22.9569091797,58.7356719971,0.131849769969
840,384.431762695,139.722579956,18.3135814667,47.8316459656,0.121992710046
840,131.914932251,182.62713623,20.7055435181,42.7578544617,0.107372261118
840,582.766967773,169.905334473,23.4072723389,48.2027130127,0.0464946846478
870,446.124481201,161.28024292,26.4148845673,69.7343597412,97.9438126087
870,412.934448242,159.341918945,21.62525177,62.7017707825,97.5248098373
870,567.351257324,97.067199707,26.9532184601,70.7407150269,5.68686500192
870,435.199249268,166.506469727,17.628200531,56.3000068665,5.3012534976
870,466.317993164,161.653640747,18.7214584351,54.5652885437,0.674910238013
870,547.644165039,89.5585098267,30.86277771,87.3494338989,0.0997238443233
900,502.580047607,155.224990845,28.4671382904,94.139793396,98.7333834171
900,435.961273193,150.668823242,32.01795578,90.9613418579,94.8117673397
900,479.903564453,163.045211792,25.7091884613,69.4642868042,92.8305923939
900,15.6802549362,175.900985718,18.0525188446,46.1988792419,37.7065300941
900,430.179718018,160.858154297,17.6000003815,46.7418556213,7.48739540577
900,451.621826172,161.79776001,43.8633155823,74.0352630615,5.54824061692
900,29.9523410797,169.887054443,18.702293396,46.9592895508,5.05946576595
900,468.725372314,160.455917358,17.3743591309,52.1863861084,1.76699049771
900,530.87322998,159.694656372,21.5166549683,59.4097938538,0.123314303346
900,601.90625,40.4358100891,27.8587646484,63.7199211121,0.00333708776452
930,545.314331055,157.123947144,39.3265914917,111.857673645,98.7944185734
930,499.22265625,153.038238525,39.8662910461,122.465110779,83.8223993778
930,491.947631836,156.195861816,24.2236328125,64.6242294312,35.2764248848
930,522.69128418,157.250442505,22.8768386841,73.7224884033,23.3045786619
930,515.567199707,220.161453247,23.1044635773,58.9165229797,14.6018207073
930,536.001586914,156.512863159,19.0610256195,56.5270576477,4.04119901359
930,476.307403564,155.447402954,15.9277067184,50.9330444336,2.30427160859
930,557.135314941,212.436904907,22.1573047638,60.3192901611,1.1935849674
930,410.056365967,147.197311401,19.1052322388,53.1550788879,0.594905251637
930,397.458374023,151.360839844,18.4814758301,46.4937324524,0.385422213003
930,515.83215332,145.290756226,21.3664264679,56.4800224304,0.0916928518564
960,490.676513672,94.3368530273,21.8283138275,66.0647277832,1.55535563827
960,386.76473999,151.415267944,18.6249828339,45.8039894104,0.172829499934
960,11.848277092,105.887428284,33.1415977478,95.0562438965,0.0435316702351
960,503.086639404,94.4288024902,21.491973877,65.5185165405,0.0220451285713
960,55.8363342285,143.767028809,20.8843746185,66.9021072388,0.0212401864701
990,432.629730225,143.955947876,20.2968559265,61.8068847656,0.624351622537
990,565.962036133,73.5821533203,26.5909748077,89.8740234375,0.607670610771
990,562.514221191,185.672775269,19.4934597015,46.4248085022,0.512555707246
990,458.978881836,96.9134902954,29.6031093597,81.7008285522,0.414619827643
990,552.579528809,79.1267929077,20.4135608673,63.4678688049,0.236928812228
990,531.769348145,70.8416442871,28.2160396576,72.5442352295,0.0945731473621
990,591.138366699,38.671459198,36.5269546509,94.7569580078,0.00016777557903
1020,434.740600586,136.917114258,21.3136768341,73.3396377563,23.605223
1020,424.693847656,129.604171753,20.4612636566,56.0117835999,0.408614100888
1020,408.189239502,121.654975891,26.7860126495,76.5275878906,0.264216121286
1050,598.082458496,62.3904304504,33.6667060852,95.2332382202,8.05747956038
1050,568.627319336,141.472640991,26.7317504883,61.0497741699,1.1843255721
1050,616.527038574,36.5565948486,17.7111434937,56.3149719238,0.997834000736
1050,557.877807617,141.657608032,21.3639068604,53.2554588318,0.593266589567
1050,347.867584229,139.731582642,21.7763595581,61.2119598389,0.356720178388
1050,615.027160645,100.724601746,20.495721817,64.327003479,0.236612162553
1050,418.324951172,108.255859375,21.5668334961,73.9644393921,0.128341361415
1050,600.94342041,30.1409893036,20.7974510193,72.8569107056,0.121874595061
1050,6.16089010239,51.3390922546,18.6553707123,61.3963737488,0.0120228156447
1050,577.444396973,29.1796264648,37.9247512817,91.3055953979,8.47596037801e-07
1080,449.105987549,155.332717896,20.8288726807,56.7139587402,0.517064752057
1080,30.6147174835,112.631370544,20.0773296356,50.7658538818,0.172231264878
1080,20.762670517,119.075775146,17.8177642822,50.1985931396,0.0410802516853
1080,449.059814453,109.262153625,21.4702148438,67.3599472046,0.0286462862277
1080,334.241607666,157.508255005,18.9298610687,45.8066558838,0.0236524720094
1110,453.351959229,58.935710907,23.549697876,65.2173843384,1.05118295178
1110,302.623413086,164.436050415,24.4509677887,42.9215545654,0.0188854173757
1110,10.0034894943,37.490940094,30.9978847504,76.5020065308,0.00552895326109
1140,298.179656982,161.420852661,19.2784442902,41.4743423462,3.74382585287
1140,308.360900879,155.144805908,23.5928859711,46.1553764343,0.0279105152003
1170,348.173828125,156.100524902,22.1934204102,49.617023468,0.0298416242003
1200,375.757354736,166.645324707,21.9309997559,46.0927619934,0.199057045393
1200,343.779815674,148.639724731,21.3362731934,47.1353263855,0.0259011663729
1200,367.267120361,151.266464233,20.0818996429,50.4474220276,0.00588615330344
1230,506.054046631,246.259811401,21.5676059723,44.9029388428,1.48290740326
1230,360.552703857,95.7255630493,31.0856761932,92.3744735718,0.232661655173
1230,356.329742432,152.062362671,17.883846283,42.2616844177,0.027593629784
1260,5.32947874069,138.17024231,15.9024925232,50.3467254639,0.665549468249
1260,366.971099854,147.950775146,18.2164440155,47.0730552673,0.0520689471159
1260,12.9674196243,140.227645874,19.7988128662,56.0434455872,0.0391947804019
1260,355.460540771,154.493240356,18.635881424,43.4160728455,0.0238850421738
1290,3.92076873779,131.915710449,14.0766706467,51.7430419922,1.40357324854
1290,367.883575439,147.828674316,15.6226377487,45.8783683777,0.181138620246
1290,361.235961914,82.9571838379,43.5180778503,105.684486389,0.0297342718113
1290,377.588531494,146.002502441,16.2991867065,48.3281593323,0.00446864869446
1320,359.154663086,127.919059753,24.6960659027,65.0890274048,0.705260504037
1320,346.156463623,153.979385376,18.513217926,48.1404571533,0.123058469035
1320,456.003997803,96.5020217896,19.5571155548,60.046787262,0.0503918505274
1320,466.254058838,59.8270721436,24.907125473,74.1483078003,0.0413665897213
1350,343.719604492,157.526245117,18.2998886108,45.956287384,1.57818179578
1350,361.975189209,151.668441772,17.6498889923,47.4961547852,0.151693448424
1350,439.732635498,86.7110290527,28.172296524,78.6595230103,0.14532225905
1350,460.556152344,106.662475586,19.3275165558,62.7687683105,0.132983061485
1350,9.11497211456,142.783126831,20.5208206177,51.4786376953,0.0179446331458
1380,462.009002686,106.126106262,19.3262519836,57.9155082703,0.196968414821
1380,434.1300354,89.9184951782,29.3615856171,73.1119003296,0.183359684888
1380,362.59375,153.182022095,18.7622127533,48.3985862732,0.167005241383
1380,344.882659912,160.131332397,17.7898616791,45.2801475525,0.0772138941102
1380,367.534637451,102.375236511,48.4245414734,116.863365173,0.0474226428196
1410,462.68637085,119.289772034,17.6333065033,60.6111946106,0.640405900776
1410,438.008453369,91.9158859253,28.5582351685,89.7086410522,0.476546492428
1410,438.955657959,29.6197147369,36.2253112793,94.7349319458,0.000798207565822
1440,437.732513428,97.1232376099,27.3270244598,72.4039306641,1.50944320485
1440,346.107910156,160.756454468,17.546754837,46.4660453796,0.669137528166
1440,355.634552002,156.866149902,18.9779987335,48.8760261536,0.471973977983
1440,463.541137695,107.14655304,19.6254138947,56.2192115784,0.465021235868
1440,360.092498779,88.5690917969,32.3043823242,80.5589294434,0.285512045957
1440,366.942901611,100.995094299,46.6694068909,115.41104126,0.134899665136
1470,336.941223145,168.958084106,17.4137630463,44.6683158875,5.04035353661
1470,461.435272217,167.241897583,19.3212032318,62.2915534973,2.67342217267
1470,358.119354248,153.940170288,18.5180072784,52.0238685608,1.36633859947
1470,465.14553833,114.301551819,17.0950641632,66.5655822754,0.985579192638
1470,34.9243774414,179.513015747,24.3838100433,52.6905708313,0.108954554889
1470,370.094604492,138.562072754,19.0050563812,65.5144424438,0.0100878271041
1500,330.589416504,170.437088013,23.3467884064,43.6909637451,15.5793741345
1500,350.240631104,166.306106567,19.3595218658,47.7332611084,1.15435291082
1500,462.260528564,64.4308853149,29.7696170807,82.6249694824,0.776447122917
1500,5.60494565964,158.864242554,13.5106239319,50.5676841736,0.398765644059
1500,452.403656006,183.262069702,18.46925354,50.971786499,0.143037585076
1500,482.067871094,72.8528823853,18.938325882,60.207485199,0.0685977225658
1500,365.472747803,103.495727539,49.6155967712,128.457901001,0.0683543097693
1500,363.75302124,78.9144363403,24.4434261322,74.6443557739,0.0309243128868
1530,419.077850342,63.1252250671,21.3174133301,63.5046806335,6.83727860451
1530,338.285430908,161.417633057,21.0362701416,58.2390403748,6.13405220211
1530,351.219970703,169.679382324,19.1498298645,48.8374023438,0.510932225734
1530,509.280303955,34.3464393616,20.4744510651,59.0254402161,0.149880931713
1530,365.791778564,72.1912460327,33.2487487793,87.1636352539,0.0528083881363
1530,526.768005371,39.8483695984,21.2968635559,59.1265563965,0.0250958401011
1530,492.792877197,31.6745147705,24.4127197266,59.9224739075,0.000397764824811
1560,343.955474854,145.198013306,26.9359111786,70.5811691284,55.5176258087
1560,372.918121338,165.407653809,20.2291927338,55.0981903076,30.2756607533
1560,597.262634277,228.293701172,28.6476306915,65.1414413452,19.8445886374
1560,359.909179688,154.645370483,22.1987686157,56.2844390869,14.9063229561
1560,411.244415283,167.169052124,18.4335193634,53.3365516663,0.188932497986
1590,402.475250244,156.617996216,23.1673107147,62.5342521667,22.706361115
1590,377.573150635,134.860961914,21.6313610077,69.2316741943,5.30597008765
1590,483.520843506,136.065536499,42.5768966675,112.147521973,2.62292250991
1590,7.49686670303,137.096725464,17.9245052338,51.3741760254,1.91590078175
1590,391.622467041,142.870376587,20.8993854523,54.4872283936,1.21966227889
1590,415.721313477,143.132598877,20.1195201874,49.5994911194,0.0592864758801
1620,444.95199585,155.960098267,18.4081439972,57.102771759,1.02330483496
1620,436.927825928,144.773788452,17.6974582672,51.5226020813,0.487444642931
1650,560.424560547,155.658401489,28.8306941986,89.803062439,9.14704874158
1650,597.392822266,164.06086731,18.4032497406,41.5559425354,2.56253425032
1650,521.904724121,80.5354690552,21.9951496124,67.1776885986,0.952043849975
1650,5.49463653564,155.166473389,17.1405258179,49.041721344,0.36320220679
1650,451.615234375,155.285476685,16.6876277924,52.8998222351,0.199854653329
1650,464.053741455,156.315307617,17.8081569672,48.352142334,0.101673963945
1650,510.236816406,90.879699707,19.1362552643,60.0923500061,0.0336728757247
1650,490.293609619,104.333892822,30.0811100006,75.0703353882,0.00756412773626
1650,612.702209473,28.7510910034,19.3964519501,55.9503135681,0.000701371709511
1680,546.865356445,80.8246002197,18.5304698944,52.1990470886,2.106638439
1680,69.8814620972,99.2591552734,21.8421630859,52.2901725769,0.261304760352
1710,614.522338867,142.69682312,16.5586223602,59.4944801331,0.341261527501
1710,266.954742432,171.279403687,20.0445766449,43.5442962646,0.00301221643895
1710,339.153167725,140.858139038,22.4929046631,59.8660316467,0.000437789458374
1740,491.224700928,142.368453979,16.3639831543,50.5661315918,4.40460257232
1740,501.942871094,142.123825073,24.3705444336,53.0772438049,2.15825326741
1740,363.647003174,156.876754761,21.5009002686,51.6681175232,1.82705782354
1740,135.956161499,167.043701172,17.1341285706,48.1894073486,1.17912832648
1740,324.551116943,171.383850098,17.6953144073,41.1181182861,0.816996768117
1740,245.446838379,124.654876709,18.2495746613,47.1064872742,0.28759255074
1740,383.508178711,129.017532349,27.1529388428,72.7213058472,0.0619329628535
1770,547.764099121,145.458358765,20.5170154572,53.3217124939,5.38137219846
1770,560.553710938,147.684158325,18.407043457,51.8517150879,1.84681005776
1770,243.13470459,124.837341309,25.2333850861,65.7819519043,0.847365520895
1770,355.951080322,169.845718384,16.8757610321,43.0978393555,0.568832410499
1770,397.691802979,76.8681335449,29.7137088776,74.1317825317,0.0243795773713
1770,444.793792725,125.672019958,18.9686107635,59.8062019348,0.00807848919067
1800,380.156219482,172.461196899,17.9209403992,47.5468177795,1.95826906711
1800,461.154144287,44.0127754211,23.6245326996,67.1055374146,1.34600549936
1800,608.147888184,139.888442993,24.8146381378,62.5207977295,0.760861299932
1800,1.32289123535,182.0415802,15.0421991348,48.6010131836,0.494948495179
1800,443.172485352,42.8052482605,30.9193515778,88.7881469727,0.378762348555
1800,383.739532471,78.2908325195,27.0478649139,74.0374755859,0.199613510631
1830,423.286254883,165.807266235,18.3838481903,48.4630584717,37.9730194807
1830,518.899902344,137.553909302,24.7649784088,65.256980896,19.6895360947
1830,606.758789062,72.2361679077,21.6104125977,68.1195602417,5.57187907398
1830,28.0892963409,169.79737854,19.1467285156,44.3487701416,2.70547326654
1830,481.249725342,174.671386719,22.2472133636,59.6566009521,0.672477856278
1830,481.670410156,69.5443725586,20.1032733917,61.9505653381,0.217758887447
1830,513.264343262,61.3976593018,20.9755954742,67.2596740723,0.206879060715
1830,559.372802734,96.8977432251,30.1251544952,63.3996887207,0.0735680980142
1830,617.18572998,104.863365173,17.2486171722,55.559009552,0.045740781934
1830,490.958862305,43.5533103943,38.9004249573,127.469718933,0.0310639297822
1830,505.320404053,147.896118164,26.7309799194,70.6170120239,0.0143740820931
1830,511.431976318,28.2061061859,20.9758625031,49.7246398926,1.63321145497e-07
1830,525.608825684,30.316778183,31.0271091461,68.9036560059,1.53152282523e-08
1860,466.769256592,164.822265625,26.4801807404,69.8964767456,97.040605545
1860,458.912017822,168.445922852,18.632686615,54.2616271973,10.8426906168
1860,610.457702637,137.863769531,22.0007457733,54.1832084656,2.37345099449
1860,449.609283447,166.678939819,16.2969532013,43.4905204773,0.429120985791
1860,512.930480957,116.590995789,19.1275272369,64.6503448486,0.0958168064244
1860,532.669311523,95.8529281616,31.0396022797,102.997261047,0.00911573588382
