30,517.503417969,94.0656967163,23.181520462,54.1780052185,0.410995585844
60,605.576843262,79.9938735962,21.2246437073,61.3688163757,27.9519706964
60,470.858886719,95.346824646,21.2237491608,58.7703132629,0.118061213288
60,434.330841064,80.691947937,26.4909515381,58.333820343,0.0308829970891
60,451.123382568,101.138671875,20.9975185394,51.054107666,0.010109199502
90,11.5737495422,140.143859863,21.3172225952,47.5280609131,0.737926037982
90,288.994903564,155.909378052,23.1604309082,50.5364837646,0.644274242222
90,168.809158325,158.699356079,17.4602718353,38.8504714966,0.060933426721
120,610.44732666,74.3409805298,17.3909358978,57.5914001465,0.346190063283
120,179.44493103,138.945114136,17.350522995,53.1210975647,0.0932284863666
120,458.557159424,146.853164673,25.4586277008,64.4418029785,0.0624288804829
120,419.148101807,132.972640991,27.4182910919,72.8776550293,0.0248795811785
120,265.252655029,139.769973755,24.3706150055,62.8619842529,0.00214436804526
150,481.36831665,128.292373657,23.0628566742,45.195186615,3.5700045526
150,412.270874023,145.925964355,16.7248764038,51.0698356628,2.26964503527
150,420.435302734,150.981872559,18.6228027344,56.062084198,1.14144263789
150,231.186447144,146.246414185,24.8690319061,64.5644836426,0.410721777007
150,399.872039795,145.614730835,18.2980556488,48.296245575,0.290588452481
150,175.204696655,164.56010437,27.4643096924,56.3481750488,0.257060443982
150,262.066741943,147.636947632,19.315290451,47.5695533752,0.180723401718
150,431.447509766,150.693908691,18.9820957184,61.5586280823,0.0545547634829
180,421.117919922,151.440612793,19.7875461578,47.8208312988,3.56566496193
180,471.048980713,118.82106781,22.405424118,52.6573295593,2.33020167798
180,440.907226562,143.074066162,24.5121917725,58.3877220154,1.20483580977
180,466.353607178,139.671447754,20.2828083038,77.4742431641,0.309420563281
180,409.900604248,145.746612549,19.7970962524,50.6536254883,0.215281848796
180,244.496994019,140.288238525,19.8435306549,48.7083091736,0.186359044164
180,199.692306519,159.300643921,18.3815326691,50.8598823547,0.0388387474231
210,431.598846436,148.83732605,25.8129024506,53.8790168762,18.2893916965
210,497.196502686,146.232711792,19.2126216888,50.9688262939,9.46073979139
210,517.453613281,101.433601379,30.740655899,73.7525634766,9.15539413691
210,56.4737739563,97.2385635376,20.1116275787,48.6389884949,7.76936635375
210,532.574157715,143.373764038,36.6413536072,82.8644638062,5.86468502879
210,420.303588867,131.883880615,24.948179245,64.2787399292,1.32828149945
210,105.272285461,156.764190674,29.8082714081,85.2579574585,0.765225477517
240,594.930480957,72.2337036133,38.5369262695,84.1700057983,47.4125891924
240,607.840026855,120.441314697,20.6026096344,75.4308624268,26.2867867947
240,280.012756348,297.24609375,23.4772891998,53.6071968079,20.5631166697
240,482.693878174,159.815124512,18.1938285828,46.14453125,20.2464103699
240,461.359619141,154.233398438,16.8244533539,48.4928703308,19.698010385
240,519.785461426,145.09866333,14.6705446243,51.0903892517,1.41895841807
240,271.310516357,318.273406982,22.2534332275,55.6701812744,0.888218265027
240,425.178955078,151.051345825,17.9057292938,50.3065681458,0.20138034597
240,64.4585189819,164.234024048,28.5438785553,70.8543624878,0.141212856397
240,413.782714844,150.356567383,18.4043292999,47.8474884033,0.11705289362
270,538.447143555,157.554519653,22.8941955566,58.083694458,96.0159301758
270,515.524597168,155.172317505,19.4180297852,61.3750762939,37.9344344139
270,530.103881836,161.891952515,16.9846286774,52.9914703369,14.7306889296
270,616.637207031,147.392166138,17.6351032257,47.6539039612,8.24659913778
270,456.571685791,164.982666016,18.3959102631,47.5284881592,6.95675387979
270,479.2784729,156.307067871,18.2465229034,51.9464225769,3.33027616143
270,467.857696533,162.539489746,20.9237041473,51.9175567627,2.0360507071
270,221.626846313,142.988052368,17.6592311859,49.2773399353,0.337398820557
270,441.513824463,165.480926514,23.3830051422,45.031955719,0.0746424135286
300,531.475280762,154.81867981,21.0402412415,59.1458244324,76.0364115238
300,452.094696045,152.17779541,17.8368778229,48.4121818542,45.9325879812
300,519.430969238,158.690643311,21.7411975861,58.2277679443,22.6611122489
300,617.097595215,173.401351929,16.309425354,57.1026191711,19.662104547
300,559.398498535,173.020004272,16.5661811829,45.566192627,16.7203173041
300,219.423522949,145.421630859,24.5012607574,63.9810333252,10.5756640434
300,603.04119873,155.583389282,23.7345485687,77.7243728638,8.07949006557
300,544.512817383,160.119949341,21.2442398071,59.3905220032,7.11175873876
300,595.350891113,184.700668335,20.444562912,49.5182380676,3.76519486308
300,616.549194336,146.240341187,18.9349193573,53.37266922,3.03785540164
300,500.721435547,165.348632812,17.6478004456,49.2032775879,2.80669815838
300,480.162322998,27.2132949829,18.3786754608,64.7588424683,2.62643024325
300,590.23236084,134.631439209,29.8860492706,71.4770278931,0.195611221716
300,580.155639648,174.250167847,23.9921035767,54.2291069031,0.0984171638265
330,482.830688477,149.462966919,18.67710495,47.6888084412,70.4799413681
330,613.091125488,145.367935181,20.5334072113,84.6432571411,49.2995113134
330,232.814926147,133.476593018,18.5006847382,60.5777778625,7.11920186877
330,579.462524414,156.759521484,24.2337627411,69.65209198,6.72737881541
330,570.547912598,160.139709473,17.9296016693,56.3347511292,3.08122802526
330,506.946289062,158.871231079,17.6231880188,48.6256866455,1.84233915061
330,216.315719604,125.781349182,24.8556232452,68.9573974609,0.567089067772
330,176.817581177,135.666946411,19.0663452148,42.5425987244,0.457940157503
330,557.511108398,160.750106812,21.4488601685,53.84897995,0.361141026951
330,7.59032201767,121.66003418,16.9525966644,61.9483337402,0.149515015073
330,389.53414917,32.5967903137,28.2154560089,59.2573547363,8.49231810207e-05
360,521.656433105,153.243270874,17.6966266632,52.9534645081,48.666074872
360,564.48223877,150.605606079,17.3954334259,52.8269538879,1.34422825649
360,537.052429199,158.527816772,17.1622486115,46.6781768799,1.29918185994
360,210.383239746,132.621292114,24.3568897247,57.1867179871,0.585092278197
360,572.639709473,144.873474121,24.8070659637,60.8918800354,0.268253893591
360,232.078842163,136.302719116,18.1100749969,49.9055328369,0.0759872607887
360,7.71097517014,91.0085525513,15.2008094788,64.7781143188,0.0379538862035
360,378.295532227,46.2173309326,30.2161083221,61.2365226746,0.0208887155168
390,195.416946411,137.571273804,19.4020729065,54.0427894592,1.28307752311
390,21.8167037964,176.604187012,19.6181144714,39.2073249817,0.556333130226
390,155.854446411,92.5383834839,21.2655181885,58.590007782,0.396491773427
390,602.060241699,151.186767578,23.075920105,53.3066444397,0.364247569814
390,221.629867554,142.17817688,19.1000461578,56.7769432068,0.2840597881
390,206.24861145,129.23487854,21.6735744476,71.6484832764,0.14876332134
390,37.5037574768,174.656677246,14.6041650772,36.7266731262,0.0430503947427
390,7.36096811295,27.4847049713,23.5479869843,70.1274337769,0.0102288686321
420,211.985671997,151.766342163,20.6139678955,52.0292854309,2.35159229487
420,19.147813797,85.500213623,21.0733089447,62.4816474915,1.49863660336
420,62.4643096924,137.455978394,19.6481838226,55.8873100281,1.40300579369
420,52.4668159485,133.445526123,19.5595989227,49.5672416687,0.443074386567
420,445.178985596,159.283798218,24.1732273102,68.7858963013,0.325482850894
420,181.163711548,138.546173096,19.7139530182,47.6987724304,0.14844823163
420,461.121490479,168.552932739,17.8216991425,53.2137451172,0.0482077797642
420,481.738677979,76.475730896,20.755115509,62.2051086426,0.0311220384901
420,40.8597412109,127.34702301,19.7116699219,58.0654182434,0.0108630680188
420,488.121582031,157.494415283,24.458480835,73.692237854,0.00331427218043
450,34.7103538513,127.776023865,23.146894455,63.0420646667,31.9410860538
450,9.97556400299,128.629714966,18.0356960297,55.0365638733,0.836344901472
450,211.353500366,158.020401001,20.1089096069,51.1222648621,0.595678389072
450,175.257553101,128.409744263,20.578163147,60.9310188293,0.336004747078
450,565.434143066,161.83605957,26.1500167847,66.9006271362,0.13227352174
480,610.112487793,148.893249512,17.898399353,53.3435935974,7.57449939847
480,562.242553711,162.37171936,19.7500476837,48.4239692688,2.90693771094
480,538.996154785,166.913070679,17.573392868,48.5890655518,2.22660042346
480,547.516540527,162.881027222,21.9592723846,54.2432518005,1.4789916575
480,157.068222046,112.110961914,20.7504749298,67.8367843628,0.524887675419
480,200.700073242,160.565460205,20.5635471344,66.6841812134,0.479243882
480,515.954467773,157.841659546,18.8363437653,50.9773101807,0.422552507371
480,573.784851074,159.744674683,16.7104892731,46.076385498,0.276940944605
480,523.305603027,173.174026489,19.9265613556,52.5812988281,0.0361894810339
510,187.989746094,159.532119751,20.2237625122,56.8172340393,7.92565792799
510,47.6317405701,113.40473175,21.5344028473,66.1438369751,1.73372253776
510,127.521484375,107.02671051,29.3320617676,76.2287063599,0.650874339044
510,368.17199707,156.762329102,19.0476379395,52.3898200989,0.0947435793933
510,10.9568328857,165.704025269,14.857749939,49.1620521545,0.065271963831
510,5.62870788574,104.010749817,18.8878917694,59.2164306641,0.0594013836235
510,488.337310791,168.367904663,24.4413204193,68.7918167114,0.00792535574874
540,615.823547363,144.553390503,16.6988296509,47.27684021,8.58683288097
540,175.158981323,150.760848999,25.8356189728,81.4758682251,4.90756519139
540,97.9273681641,97.8262710571,29.3227844238,71.1117172241,0.751707935706
540,408.09777832,150.246231079,19.0855770111,55.4887084961,0.18815061776
540,88.4814834595,89.1166610718,20.9960079193,52.8175506592,0.159861741122
540,606.172668457,74.0431594849,19.5627918243,50.3936042786,0.124921137467
540,96.5693359375,150.558792114,20.794342041,57.7250213623,0.0941091391724
540,110.448173523,164.613525391,17.0924472809,48.2235908508,0.0630506314337
570,70.5300979614,170.272796631,20.7244319916,48.3605003357,0.717518478632
570,84.0662536621,173.120544434,18.8635845184,52.7691001892,0.332785234787
570,5.01015043259,160.717376709,17.3348636627,47.3395729065,0.204690918326
570,65.0759735107,83.8737869263,24.2781085968,72.4082107544,0.19975467585
600,9.6702337265,85.1831130981,28.0320453644,65.3915481567,6.3392020762
600,1.24638748169,153.242446899,16.3724422455,60.1608543396,1.39231430367
600,395.90524292,157.579879761,16.779214859,45.2002220154,0.699850963429
600,180.117385864,154.211654663,18.7256717682,42.802532196,0.558307720348
600,68.4015884399,165.798416138,25.0667419434,53.0803031921,0.464675063267
600,169.562301636,143.92779541,21.166261673,46.6677742004,0.118289270904
600,84.2307662964,175.156616211,19.339017868,56.9487953186,0.0834190344904
600,586.223510742,84.0619125366,17.9016399384,55.0011787415,0.0587096554227
630,66.1798324585,85.5850524902,22.879365921,60.2943725586,4.71414364874
630,84.7650527954,180.347732544,22.9465484619,50.8529663086,3.6970179528
630,56.5467071533,76.6326293945,20.981054306,50.3444366455,0.591133115813
630,79.7204818726,70.7653198242,28.1551761627,83.2746353149,0.36490005441
630,12.6267576218,158.055709839,22.2929229736,56.9570159912,0.329934572801
630,22.3877563477,86.7517089844,23.4113483429,77.9638748169,0.308548891917
630,99.9999771118,184.367477417,17.4014987946,53.095500946,0.162693834864
630,438.824371338,173.12677002,18.1396369934,56.8926124573,0.0299807783449
660,108.485816956,179.937988281,23.7744522095,50.4641265869,11.5408495069
660,590.898742676,46.8809089661,26.7180614471,70.6765670776,9.24430340528
660,46.1435966492,94.9842453003,21.4779205322,67.9982910156,3.95950824022
660,416.057739258,161.255996704,18.8958358765,50.520816803,2.54723969847
660,127.73625946,183.350646973,15.8667173386,47.1470832825,2.08689309657
660,439.019897461,179.785232544,18.7927894592,53.3787879944,1.72741748393
660,135.818664551,186.579223633,19.1861724854,55.5268287659,0.878866575658
660,609.307495117,49.1645393372,17.435716629,64.2878189087,0.315947434865
660,471.337127686,166.489089966,22.4027042389,57.628993988,0.114855309948
660,426.655487061,172.462600708,19.8270301819,57.0752410889,0.10771593079
660,453.186737061,172.35748291,22.1589813232,67.0607681274,0.0930141657591
660,112.192138672,85.3547744751,27.0875015259,75.104927063,0.0632324488834
660,590.266540527,82.6450271606,29.4995975494,104.675132751,0.00159761839313
690,153.768447876,175.040847778,19.0956821442,50.0522270203,4.95116114616
690,125.741508484,74.3380355835,25.452507019,72.6537780762,1.98974031955
690,421.073577881,155.975296021,19.4668292999,49.545879364,1.10823884606
690,146.720321655,85.5797805786,30.707868576,64.8329086304,0.359397311695
690,166.928939819,181.407699585,23.6200084686,70.3921432495,0.352184963413
690,476.087768555,178.984573364,18.5123081207,67.3357772827,0.342513970099
690,436.683135986,166.709472656,29.7271671295,57.7969055176,0.283976201899
690,452.379486084,171.523513794,26.3427505493,73.4156723022,0.0130519722006
720,428.615814209,146.063400269,23.2259693146,60.3649902344,30.820786953
720,505.991577148,183.149734497,21.5835132599,67.6376800537,10.3570118546
720,1.97334039211,185.785110474,16.4532146454,46.3349189758,10.3100329638
720,194.930053711,168.649307251,21.2077598572,50.1669464111,4.79047559202
720,290.97756958,162.675292969,25.8888378143,81.7979354858,4.24410589039
720,493.264678955,175.852478027,22.4428634644,64.3741989136,0.527145061642
720,212.562057495,176.276168823,17.2190208435,49.8756217957,0.402918132022
720,199.535079956,85.8311538696,27.1256637573,70.0378036499,0.296690035611
720,177.103012085,82.270149231,22.0462017059,64.5790786743,0.278700212948
720,296.464324951,145.183120728,27.5650100708,58.2943458557,0.112143682782
720,53.6755828857,78.294090271,31.9723300934,83.8607635498,0.0938165001571
720,457.116119385,168.051010132,29.9100399017,70.8686218262,0.0849764910527
720,486.010223389,112.769386292,24.9591579437,85.400932312,0.0673888251185
720,442.092773438,153.771682739,26.2629795074,66.2918014526,0.0468778482173
720,418.160522461,157.163482666,17.0277996063,52.6139564514,0.00459375114588
750,245.932998657,168.824172974,23.1501903534,53.6322898865,4.50948104262
750,57.4023132324,167.951370239,20.7812538147,46.39661026,3.13402712345
750,36.6445198059,172.066696167,14.7625083923,43.3339805603,2.33136396855
750,265.82635498,182.207214355,19.3617210388,51.1238212585,2.26822644472
750,113.423332214,89.2272949219,26.8343524933,105.037376404,0.287138228305
750,48.0081367493,172.52911377,16.0495967865,41.1837043762,0.164816167671
750,247.739028931,93.1470413208,28.6571025848,78.1839599609,0.164546724409
750,8.73080921173,104.749176025,19.2025413513,55.3417358398,0.0549328513443
750,352.203582764,172.283309937,20.1883182526,49.7455177307,0.025630206801
750,434.799926758,152.882736206,21.5863208771,58.584777832,0.0178590387804
750,496.129150391,183.562667847,31.9310512543,84.7312240601,0.011038716184
750,604.662902832,153.552322388,22.5100021362,46.9278144836,0.0101832731161
750,27.4491958618,105.519142151,34.3954811096,88.6952590942,0.00275425991276
780,574.055847168,202.415847778,21.0274467468,59.9382171631,26.1152982712
780,139.675582886,97.1970443726,24.2801876068,94.6052627563,20.1002538204
780,7.31504249573,176.406799316,15.3308496475,44.4689788818,10.1907156408
780,25.983549118,173.033859253,16.2392787933,44.1324615479,3.15108671784
780,277.896026611,172.61857605,25.3222732544,54.2403717041,2.03862953931
780,43.5378837585,173.57824707,17.0824832916,45.6391296387,1.12578691915
780,434.401763916,156.845169067,22.566160202,58.9210472107,0.96349036321
780,582.259277344,209.002075195,28.1697692871,75.3882751465,0.881748087704
780,50.9196472168,154.842910767,21.8487186432,56.5376319885,0.504342652857
780,257.468658447,85.8036727905,32.9380264282,106.248710632,0.432801339775
780,178.642471313,97.3150024414,23.9672298431,70.2430648804,0.123382557649
780,297.663787842,183.382217407,16.6621189117,56.046962738,0.0657789583784
780,16.2784824371,109.92855072,24.562959671,68.9052963257,0.0273623445537
810,300.654327393,179.416320801,19.6537322998,51.9652252197,17.3914954066
810,14.1405878067,171.751876831,15.4105558395,43.7866020203,12.529720366
810,460.053985596,156.304168701,22.6677036285,58.9875640869,1.27066634595
810,355.027801514,169.723358154,20.6189785004,59.1454124451,0.837041996419
810,289.895843506,175.97605896,18.7235469818,54.3545646667,0.644771475345
810,271.836517334,82.420173645,18.7960357666,62.7692375183,0.569196650758
810,5.66876840591,168.761535645,12.3585281372,48.0908088684,0.404464500025
810,284.371551514,74.224319458,25.6031665802,63.8842658997,0.322252581827
810,46.7930297852,129.800674438,21.7331562042,70.8147277832,0.248176325113
810,439.516143799,155.549133301,22.9477596283,66.4684524536,0.140815612394
810,193.259155273,113.529296875,20.6601352692,70.2258987427,0.139133946504
810,311.120605469,162.931289673,22.512254715,69.4068908691,0.0263012421783
840,347.553375244,246.079818726,24.0274658203,58.8245582581,15.7724753022
840,598.761108398,90.367149353,19.1406002045,55.3677024841,7.44085013866
840,300.755889893,171.806518555,22.0493335724,56.5030670166,6.19037747383
840,312.909851074,182.637878418,18.4777126312,47.4859962463,2.75875292718
840,8.22630119324,77.4476699829,17.6575508118,62.4343566895,0.585566787049
840,143.952835083,118.917419434,24.7340621948,69.787322998,0.349459494464
840,175.105880737,82.3359603882,33.7299537659,97.8188400269,0.288673629984
840,290.183563232,80.0381393433,31.1185741425,81.0074005127,0.185674172826
840,475.131256104,143.74546814,23.6103973389,71.5925979614,0.105813588016
840,276.686431885,81.4486846924,21.1860675812,58.2145271301,0.0899218546692
840,173.208053589,123.48563385,20.118265152,67.1408615112,0.0515325635206
870,311.147064209,179.260452271,22.2552261353,51.0712394714,21.3997021317
870,285.155761719,67.2597579956,35.872592926,98.4476699829,0.867315009236
870,13.2176942825,171.701660156,14.7616376877,45.8827552795,0.855010095984
870,427.974731445,173.356018066,22.1337337494,62.8995475769,0.646147364751
870,353.827148438,244.246658325,19.8667411804,48.5034751892,0.528706470504
870,2.54839634895,168.663513184,12.3240766525,48.7845954895,0.377082871273
870,177.599472046,78.662651062,35.4864730835,92.5518188477,0.126651523169
870,329.040008545,187.892562866,18.1227169037,52.7632484436,0.0463019619929
900,317.802642822,178.690353394,20.7527179718,51.7914428711,12.8273129463
900,555.719482422,79.7326965332,23.1946849823,60.6754760742,5.14297299087
900,290.083435059,71.7105484009,34.0381584167,110.546775818,4.61737178266
900,329.369903564,186.464126587,17.3448467255,45.493850708,3.15018668771
900,18.9228916168,121.368751526,26.3047542572,88.4482116699,1.46444113925
900,7.62446165085,168.969009399,14.903845787,49.4132995605,1.07290474698
900,319.006500244,70.9995574951,31.2834835052,75.7989425659,0.923952646554
900,186.722549438,76.037109375,32.0583534241,95.1327896118,0.40809251368
900,287.006744385,79.8851242065,20.3516921997,61.0571899414,0.400616414845
900,274.184967041,97.5484619141,22.7984619141,66.433303833,0.358502194285
900,307.903289795,65.5741500854,20.2816143036,63.8618125916,0.241247355007
900,408.586578369,70.489616394,23.1513195038,61.9405937195,0.203023687936
900,554.105651855,159.433319092,37.1725845337,76.1415481567,0.141242914833
900,572.455322266,80.116355896,21.0791454315,55.3272666931,0.0555198290385
900,7.79510498047,136.518661499,22.6332263947,58.0339813232,0.0426930462709
900,339.314910889,186.938766479,16.5763607025,51.8565788269,0.0196614477318
930,611.786499023,186.067947388,19.2214012146,41.771194458,13.674031198
930,327.276153564,180.322341919,21.3274974823,52.1144752502,6.82898536325
930,197.910705566,82.3006057739,31.8000125885,82.8382568359,3.64035815001
930,13.7855157852,129.060668945,22.1149272919,61.5971870422,2.75864247233
930,343.296295166,185.866653442,18.7183494568,46.0821342468,1.48299178109
930,293.902191162,106.260353088,27.0365505219,88.6441879272,1.03615829721
930,561.662414551,79.0560684204,27.0176105499,76.2847366333,0.880814436823
930,199.698989868,136.204605103,18.9296970367,52.8530006409,0.860712770373
930,328.269012451,76.5037841797,32.0527915955,80.9140701294,0.825341697782
930,272.295166016,93.826423645,23.7161464691,65.147315979,0.458340393379
930,10.3020582199,157.214614868,18.8088665009,50.360874176,0.32251237426
930,504.935699463,133.276062012,30.632194519,82.9998092651,0.191257195547
930,165.501724243,105.990455627,28.5474376678,80.9838104248,0.173295172863
930,6.98828554153,114.741111755,16.8420162201,58.6900367737,0.0488181860419
930,576.387268066,81.0553665161,22.0806598663,56.330280304,0.0179138965905
930,215.553588867,141.576339722,20.4912414551,51.3260192871,0.0115548093163
960,187.973937988,97.8324584961,37.9365386963,98.8592834473,13.2205411792
960,332.378540039,172.205810547,23.3023891449,59.4347991943,2.40015108138
960,12.4680776596,141.762802124,23.3209247589,62.2888641357,1.1763734743
960,323.572601318,101.710548401,29.7410106659,91.4739303589,1.03391064331
960,209.364212036,130.396530151,22.5609283447,64.8291473389,0.0303100823658
990,546.211975098,200.250610352,19.3000125885,57.7896080017,17.0914903283
990,13.8580436707,173.576965332,20.2282238007,51.3581199646,3.9704028517
990,609.100952148,79.9922866821,19.3439617157,52.7301292419,2.92008947581
990,318.097381592,184.922531128,19.6288299561,45.1789741516,1.36035094038
990,37.8219871521,169.541488647,16.4805812836,46.885055542,0.174300558865
990,23.6053218842,156.336181641,17.7330093384,59.0589561462,0.132246944122
1020,613.249145508,220.127151489,19.1369457245,63.9738044739,48.6444562674
1020,8.4297876358,186.167312622,14.8266906738,41.0271186829,10.2565959096
1020,178.594833374,108.797058105,19.1890659332,52.7207527161,1.04602752253
1020,92.7916488647,138.507904053,24.6318340302,63.2669219971,0.655476097018
1020,289.64755249,178.152893066,18.5255584717,48.2448272705,0.134430383332
1020,444.995574951,89.8503417969,34.6130828857,75.9228668213,0.00419299722125
1020,111.835151672,132.233383179,18.8676166534,61.2353858948,0.00279840151052
1020,465.30770874,101.127418518,22.7203807831,57.0496482849,0.00206077129405
1050,238.896362305,128.708114624,29.7790088654,94.9816970825,1.52661809698
1050,618.356872559,175.986877441,16.3507709503,40.8854484558,0.751565117389
1050,425.628509521,170.972045898,18.7572631836,45.6902503967,0.114689557813
1050,151.443664551,121.595115662,25.8177890778,59.2940979004,0.0664730090648
1050,472.705291748,90.6188659668,22.1111392975,65.516456604,0.0603034219239
1050,251.704269409,173.690490723,20.3149719238,50.867061615,0.0533166865353
1050,95.3712768555,128.081787109,26.3628940582,70.0190963745,0.0251322606346
1080,434.753417969,171.712173462,20.844373703,58.8006095886,22.9618623853
1080,446.443328857,178.466659546,23.1379089355,71.0860671997,12.170381844
1080,574.579223633,59.3663215637,19.4268093109,46.8100776672,6.93738535047
1080,428.369232178,165.846450806,15.6112213135,45.8044281006,1.38829043135
1080,388.563262939,161.277328491,23.3231811523,55.1496124268,0.931531190872
1080,193.513626099,113.774513245,28.6912460327,91.2724609375,0.895869731903
1080,180.035263062,119.424560547,25.513010025,76.2850875854,0.22925932426
1080,551.872009277,47.0887756348,20.7515106201,54.0952301025,0.226771645248
1080,192.555587769,174.897018433,18.8491382599,47.8351745605,0.0139710129588
1080,123.390724182,135.945205688,23.0667285919,52.1682090759,0.0104462757008
1110,36.0543479919,112.773963928,26.1207675934,89.2239456177,30.7703912258
1110,441.416473389,170.51751709,15.881901741,40.3160896301,4.30285669863
1110,140.842681885,172.751815796,21.8901596069,48.5137786865,0.322306109592
1110,134.344192505,120.577064514,26.0566997528,84.5906143188,0.266884732991
1110,451.611541748,167.956985474,15.5019798279,41.2767791748,0.195702770725
1110,146.344894409,114.187042236,32.9479675293,83.9390106201,0.154885835946
1110,50.8280448914,116.752494812,25.9154129028,69.7481842041,0.123163452372
1110,334.20413208,170.876235962,19.9969043732,46.0827522278,0.0614190415945
1140,591.828918457,164.954284668,23.369146347,67.9709472656,72.6902008057
1140,450.579742432,168.608810425,20.2090854645,42.8942871094,67.6619231701
1140,149.844161987,169.302993774,31.4626331329,95.2945632935,3.67516316473
1140,425.482635498,146.250473022,16.7197113037,54.9547271729,2.02372968197
1140,80.9960403442,110.72971344,21.9983062744,62.4925422668,1.99799071997
1140,384.994293213,162.262405396,21.900270462,46.0083503723,1.56243573874
1140,531.426635742,93.2896347046,21.0951213837,58.6597290039,0.863052811474
1140,414.271575928,157.350830078,17.9757671356,53.021648407,0.849157664925
1140,96.3199462891,111.758964539,27.1403255463,70.9572372437,0.847278535366
1140,399.111846924,161.921020508,21.6454391479,51.5540771484,0.595129607245
1140,437.494873047,151.741424561,13.9000520706,48.1723442078,0.382126588374
1140,521.977661133,188.829406738,18.6309585571,49.9488830566,0.203067366965
1140,542.951049805,180.395858765,18.2071228027,55.998249054,0.172120973002
1140,100.247825623,175.314041138,20.2416973114,51.7400817871,0.129434512928
1140,17.5076446533,110.614280701,28.7026367188,71.6451950073,0.111447705422
1140,467.365722656,162.787521362,17.0575504303,43.3218421936,0.0873013050295
1140,120.851829529,117.99054718,26.6585597992,53.0586128235,0.0223640687182
1140,576.180480957,30.0175075531,26.3066883087,56.5308036804,0.000640459484202
1170,471.936248779,164.570892334,22.2594909668,52.256729126,97.1603870392
1170,56.1493415833,100.582008362,26.5368595123,103.404541016,23.5378652811
1170,430.31350708,142.947280884,20.7544078827,68.537902832,13.5015562177
1170,155.84967041,161.827896118,19.1212654114,46.2108726501,7.32826516032
1170,388.281494141,156.877868652,17.2931842804,46.0531768799,5.14354482293
1170,4.83101606369,108.932777405,20.3259620667,68.2144851685,4.12586405873
1170,413.969848633,148.760482788,26.0024414062,65.8458175659,3.64235192537
1170,73.850189209,105.411376953,24.299621582,65.1399765015,1.42974667251
1170,574.249816895,188.233459473,30.216714859,66.8106307983,1.01354271173
1170,89.0711288452,186.396072388,17.6409435272,52.8998298645,0.987552758306
1170,601.610534668,178.224777222,27.4614334106,82.8263931274,0.904968008399
1170,79.6065750122,181.325500488,16.6089572906,47.4114227295,0.369958695956
1170,406.010894775,161.359741211,19.1779594421,51.9744529724,0.364005030133
1170,62.9509239197,153.699523926,26.5002880096,69.3312683105,0.208275113255
1170,406.219482422,100.414772034,23.7176818848,79.7243118286,0.0963850179687
1170,510.29699707,166.523269653,18.3384513855,45.5802192688,0.0938468845561
1170,544.198059082,35.2643737793,24.2641201019,72.1201095581,0.000315014995067
1200,517.330749512,154.540939331,25.9006729126,65.7454299927,99.4552373886
1200,3.15882229805,97.5154037476,15.1602144241,65.6816711426,22.2747728229
1200,455.116363525,147.671920776,27.1339969635,66.0375976562,18.2202070951
1200,49.228679657,96.685508728,28.351808548,99.8962936401,14.8432716727
1200,429.583374023,155.99067688,23.1218738556,62.2884368896,6.48448616266
1200,412.978149414,150.826675415,17.4093990326,47.7362937927,5.32305426896
1200,69.3851013184,171.777511597,22.5905742645,52.8520507812,3.9623208344
1200,43.3996276855,125.40032196,19.2773838043,62.4598655701,2.3405071348
1200,90.1341018677,185.323471069,17.3446712494,54.0309410095,1.96162480861
1200,464.446044922,80.1117553711,26.3760356903,84.6376876831,1.76283083856
1200,3.01222872734,152.549209595,21.4330749512,59.0376930237,0.978667847812
1200,64.0330963135,94.9740600586,28.9772415161,73.3195800781,0.809754803777
1200,579.60357666,167.351593018,19.3490982056,45.6951713562,0.282327737659
1200,119.892791748,109.451293945,29.5183849335,72.5778121948,0.238533760421
1200,400.388885498,146.49029541,19.4744682312,48.8512687683,0.112703512423
1200,90.2500534058,215.106018066,34.9864730835,74.3564071655,0.0366704014596
1200,420.554321289,94.2228775024,21.0544910431,63.6190452576,0.0096657393442
1230,583.028503418,128.82170105,34.2355690002,80.7683181763,99.9329864979
1230,464.669067383,126.259857178,16.4606189728,50.8263969421,52.6957690716
1230,445.27053833,127.713867188,17.1125011444,50.1077537537,37.8273844719
1230,470.653411865,122.247154236,25.4357891083,69.0554275513,15.4711231589
1230,153.446609497,134.598800659,28.8860416412,95.3267593384,4.68897260725
1230,610.690124512,124.090690613,17.4506587982,52.9566917419,3.13887447119
1230,425.885864258,128.500549316,16.3951244354,49.3637580872,2.60181371123
1230,486.574920654,114.549049377,26.4220352173,78.3281326294,2.53145489842
1230,146.450881958,129.647689819,21.0211353302,61.9423866272,1.94777399302
1230,68.2655944824,152.827957153,17.4965057373,49.3403282166,1.69529560953
1230,78.5876312256,155.236465454,18.4960441589,57.5648384094,0.245258049108
1230,53.4928321838,128.017288208,26.9999694824,76.2430038452,0.144567829557
1230,278.724945068,63.5723075867,21.9354553223,47.791721344,0.112152390648
1230,409.04586792,126.606544495,19.5470180511,50.0216522217,0.109296455048
1230,52.4496307373,57.9672889709,29.8962993622,80.0995788574,0.108696694952
1230,456.223175049,40.9909934998,18.4106960297,62.402759552,0.0448285893071
1230,441.965118408,52.7293281555,20.8205490112,62.9821205139,0.00742037082091
1260,475.120269775,126.891113281,18.4318523407,55.0760765076,95.7231581211
1260,511.219238281,127.630409241,20.868478775,53.5763893127,85.0771427155
1260,541.281677246,122.695915222,36.1493682861,97.3930435181,29.646551609
1260,538.86138916,128.625579834,19.6996936798,52.5411720276,18.1028097868
1260,453.587982178,132.704910278,17.7258434296,51.9958839417,16.7829111218
1260,465.31552124,129.735046387,16.1395397186,54.5438728333,8.93464758992
1260,597.939025879,131.121185303,22.4853591919,72.9536590576,7.93935582042
1260,151.256118774,122.124481201,21.8767642975,72.9018173218,4.23308797181
1260,57.1934242249,154.337905884,18.8119735718,50.452747345,3.12829241157
1260,430.415435791,134.706283569,19.4143695831,50.8197212219,2.06542089581
1260,491.665863037,126.549858093,15.7536201477,60.3001861572,1.80876404047
1260,71.9157562256,153.077453613,17.738368988,57.8585968018,1.13266846165
1260,541.682800293,96.0090713501,26.5453128815,71.1399841309,1.00459083915
1260,611.537902832,54.9616241455,19.132194519,49.7643432617,0.802737288177
1260,154.022186279,129.779190063,36.743473053,115.233612061,0.713128736243
1260,5.18688344955,70.1567611694,17.2264118195,53.2393531799,0.187322369311
1260,526.443359375,133.62336731,18.3503723145,52.4335746765,0.14349273406
1260,99.5405273438,179.464248657,23.3117084503,73.3128814697,0.0789380050264
1290,508.127838135,137.079483032,20.0715694427,63.5959472656,96.2333619595
1290,533.944091797,136.605178833,18.4122714996,57.3883857727,93.4931397438
1290,546.210510254,135.623794556,21.0339012146,61.2433204651,81.7059874535
1290,472.514038086,139.900375366,18.7219944,61.2020072937,76.2754797935
1290,494.483001709,139.979415894,18.4771537781,66.8122329712,39.4300609827
1290,605.695495605,150.886749268,19.6647548676,45.313785553,25.378420949
1290,52.9559211731,171.045272827,25.5911960602,52.7653160095,15.7028406858
1290,455.543701172,147.136795044,16.9383354187,49.6363372803,10.9768293798
1290,523.779724121,136.047958374,15.5089597702,59.8012542725,4.08669896424
1290,72.5642166138,178.208175659,17.8253879547,48.0169372559,3.30281294882
1290,482.968994141,142.519088745,19.5627231598,58.1996574402,2.59262472391
1290,440.554901123,150.157974243,17.8631343842,46.5328636169,1.55581543222
1290,50.1701202393,52.9798774719,31.139213562,78.6163101196,0.79312492162
1290,33.883731842,45.8670043945,22.7333984375,65.5436935425,0.325044384226
1290,15.4089326859,94.3351821899,24.8109493256,87.6257095337,0.260163471103
1290,568.733398438,138.30267334,23.7319393158,73.883430481,0.254665012471
1290,103.341804504,199.239868164,33.7740745544,82.5956802368,0.223447103053
1290,478.009429932,85.6053085327,18.310968399,52.7606315613,0.194744940381
1290,5.67186403275,76.1075820923,17.010351181,52.6093444824,0.142212898936
1290,154.395950317,159.904373169,33.7246398926,108.469078064,0.108765531331
1290,425.886871338,142.964950562,18.2800922394,50.5385322571,0.00303238903143
1320,561.276184082,128.305252075,23.328119278,88.7032699585,91.6566371918
1320,511.817993164,150.194900513,19.8566360474,58.0355644226,87.7703428268
1320,587.741882324,132.274032593,32.0023651123,94.8868637085,85.084605217
1320,488.730621338,141.597015381,19.6561317444,58.577205658,78.3195137978
1320,544.114685059,160.006759644,20.3936100006,56.4856147766,27.7082920074
1320,609.763671875,136.32434082,17.8678760529,68.6995773315,19.9476927519
1320,40.5264892578,170.71661377,23.3051242828,55.0992927551,17.2138661146
1320,56.786075592,174.126358032,18.3971195221,52.8601837158,8.55397880077
1320,579.278869629,137.708450317,20.673915863,75.5993881226,7.70451352
1320,521.939819336,139.872848511,32.9104766846,73.4973983765,2.44075078517
1320,10.0021505356,61.3649406433,21.2728099823,54.1828269958,0.672060111538
1320,23.973493576,49.4768562317,30.1103610992,76.24559021,0.398656353354
1320,39.5190315247,46.9538269043,35.6554756165,84.4305038452,0.160532991868
1320,67.6587905884,171.528244019,18.0817756653,58.3680458069,0.16025431687
1350,557.199523926,137.451202393,26.4902877808,86.2920913696,58.3607792854
1350,571.874084473,129.408065796,18.7084636688,65.677192688,26.9286900759
1350,19.6052417755,186.368972778,18.9207344055,50.9022483826,11.4975422621
1350,8.83173751831,187.724243164,18.8849544525,48.0351829529,5.90062923729
1350,9.81870365143,62.2286376953,28.8268871307,73.1807479858,5.04869036376
1350,122.879943848,160.235702515,33.5124320984,108.489463806,4.55212071538
1350,595.446594238,165.542404175,27.0676422119,74.8005371094,3.81287373602
1350,36.0882492065,188.102783203,17.3451404572,52.1242218018,2.54946239293
1350,68.7426834106,213.0599823,30.27409935,89.8013916016,0.448443088681
1350,615.781921387,53.0889015198,17.6904468536,48.6963996887,0.276802992448
1380,480.705932617,171.53352356,18.425321579,43.6906089783,54.6289920807
1380,508.233673096,166.812545776,18.4301700592,52.9820404053,8.78733769059
1380,529.426574707,174.261657715,18.3237133026,52.2158660889,2.95607857406
1380,549.927429199,141.632293701,18.8813610077,55.5106811523,2.08874195814
1380,583.608520508,150.217697144,28.7378635406,69.3965835571,1.04850511998
1380,579.745178223,196.945114136,19.0375976562,50.4978942871,0.481871934608
1380,17.9390544891,211.985855103,35.9058952332,92.806022644,0.451958458871
1380,499.04800415,169.463363647,16.395772934,49.3092384338,0.397241674364
1380,492.917022705,33.9296302795,23.5089950562,59.6341514587,9.51532880267e-09
1410,530.5625,151.789993286,29.0713481903,77.2438430786,68.6006546021
1410,592.99810791,188.736572266,18.4408130646,52.2746315002,66.8146550655
1410,600.313903809,169.069351196,25.8460330963,75.9754562378,31.4815968275
1410,606.768615723,137.192001343,22.6427154541,67.527961731,25.2898663282
1410,415.614349365,163.416976929,18.6024856567,52.7408447266,3.68244759738
1410,565.284118652,167.047286987,20.1919116974,68.521194458,0.562962703407
1410,579.017089844,178.03125,25.0244808197,59.0088920593,0.550561770797
1410,552.656677246,172.255111694,19.0120067596,55.6319732666,0.241412082687
1410,64.729347229,180.282791138,33.7996063232,106.87412262,0.177902774885
1440,616.987060547,193.459777832,20.0643444061,58.6287956238,17.8618609905
1440,607.31262207,182.031387329,19.7513065338,62.3017120361,4.36184592545
1440,307.115020752,87.7301712036,20.1936035156,47.6473655701,0.224812142551
1470,599.850524902,212.610656738,26.9506454468,83.2178573608,2.58034970611
1470,174.428039551,150.351730347,21.7935638428,53.8362693787,0.734330294654
1470,433.762176514,146.510437012,20.8150844574,56.1601448059,0.57028811425
1470,62.3770446777,183.539306641,29.3918933868,86.7264785767,0.204177619889
1470,415.355834961,28.2027187347,24.7595043182,49.6171989441,0.00181961167982
1500,467.434539795,164.680297852,17.6722126007,50.4983711243,1.00918924436
1500,445.422332764,137.701538086,21.3851089478,66.1734924316,0.883835554123
1500,280.033691406,74.6563491821,24.0630702972,50.9327888489,0.328807719052
1530,175.01914978,151.966888428,23.2368221283,50.1685142517,4.25982773304
1530,482.159423828,158.831069946,19.7924785614,54.4472999573,2.48923208565
1530,607.62677002,181.514038086,18.5006771088,40.8916969299,1.76986847073
1530,41.5806007385,180.524276733,39.0301094055,118.956474304,0.558343529701
1530,194.807495117,146.591201782,24.4418888092,53.8833885193,0.506387883797
1530,586.814697266,177.040817261,22.2855396271,42.8976020813,0.438248831779
1530,269.523132324,78.9305267334,21.0058498383,50.7200813293,0.11355370516
1530,461.495483398,123.560310364,21.4885616302,76.8655014038,0.0306223082589
1560,520.460144043,144.316345215,21.1574764252,70.4712295532,63.3070707321
1560,489.994628906,156.107406616,18.7589206696,51.8049125671,54.6919763088
1560,14.4513502121,156.108306885,36.5515594482,139.497909546,9.14081409574
1560,501.437286377,149.338729858,19.96783638,62.0038909912,2.0780486986
1560,589.578918457,97.2218322754,21.927904129,66.8568725586,1.32365878671
1560,474.866455078,155.182632446,15.6103219986,46.8477973938,0.63638901338
1560,267.789764404,78.5202255249,22.618970871,48.8917388916,0.345114641823
1560,608.954772949,184.709732056,20.1020374298,63.6247673035,0.245015369728
1560,131.457382202,40.5996932983,19.606710434,56.0604286194,0.184535828885
1560,354.13269043,160.486907959,18.7623958588,43.0583229065,0.1792389201
1590,601.689331055,140.403503418,28.1645793915,85.7709960938,99.6030807495
1590,535.833190918,142.712295532,17.820482254,62.4814033508,18.8000395894
1590,591.250671387,169.696731567,23.0208759308,69.7605438232,6.76285624504
1590,418.321929932,148.092712402,25.3847122192,58.906047821,0.324697210453
1590,41.7059364319,162.558486938,17.4079494476,48.2540931702,0.0997454742901
1620,456.316192627,153.290237427,20.2603969574,63.7402648926,4.02454845607
1620,394.265411377,156.69468689,17.8800868988,46.4476623535,0.624294858426
1620,437.547607422,146.231826782,22.3542785645,61.1350364685,0.398572953418
1620,472.875579834,50.4216156006,21.5118732452,52.2850646973,0.382336438634
1620,10.4848566055,166.473495483,17.0823955536,44.9273338318,0.318876840174
1620,373.357299805,159.249053955,18.1773910522,42.5634231567,0.307366298512
1620,19.9971141815,162.077560425,18.1906108856,46.481502533,0.00140494066727
1650,551.960021973,159.268661499,29.2978210449,64.7470092773,47.0392554998
1650,515.949157715,170.132247925,19.6506175995,55.2413024902,23.3641907573
1650,493.713256836,167.942626953,23.551322937,56.7141075134,13.3788242936
1650,602.217163086,41.2535552979,19.9889240265,64.1268234253,4.35828380287
1650,536.74041748,168.273910522,17.8850154877,56.5710144043,2.16825418174
1650,355.164459229,167.614151001,20.112241745,48.0511054993,1.87115017325
1650,411.770141602,154.434356689,21.2547740936,51.5195503235,0.390995526686
1650,371.652587891,163.221084595,21.3401641846,41.5434455872,0.133860716596
1650,511.174438477,98.9466018677,22.64453125,62.5488624573,0.0894986093044
1680,507.411895752,168.598114014,22.6240844727,55.6587867737,88.4615957737
1680,571.161254883,178.3306427,23.1546649933,63.6584587097,30.7175248861
1680,423.236297607,146.687133789,22.5442371368,60.6759910583,30.0785899162
1680,21.2377586365,169.447387695,17.0974597931,47.9133758545,15.8340930939
1680,382.561065674,157.205749512,18.6228790283,45.1654968262,6.19237758219
1680,530.407958984,175.488265991,20.2202453613,53.1153259277,2.02122181654
1680,359.122558594,162.532791138,19.5830364227,48.52967453,0.780570041388
1680,515.978942871,35.3249855042,22.4803161621,60.0558815002,0.661165965721
1680,540.655029297,170.718261719,23.6784381866,61.9623413086,0.399870658293
1680,32.9216079712,165.143295288,17.3621768951,49.1668395996,0.28051987756
1680,520.834228516,124.34551239,25.0398464203,78.1911392212,0.274650473148
1680,52.8038024902,167.13949585,19.0453853607,46.93699646,0.239075743593
1680,594.948669434,162.40625,19.8183765411,48.9406738281,0.219244323671
1680,372.628295898,158.82572937,16.1306591034,44.2856864929,0.17466431018
1680,439.367034912,143.973892212,19.8379421234,59.6009063721,0.135610671714
1710,547.549682617,162.780792236,23.8345279694,63.6996040344,97.9563713074
1710,580.792602539,167.152191162,19.0494403839,59.4284095764,84.9701106548
1710,598.457458496,170.601959229,23.8755817413,74.0216598511,58.9146256447
1710,444.296173096,157.893783569,23.1008148193,56.401599884,46.6885477304
1710,569.476074219,168.694564819,16.8786811829,55.1758079529,1.99744179845
1710,616.420166016,174.473068237,16.3872413635,51.1475791931,0.858697108924
1710,495.511016846,164.078781128,18.3030643463,46.7550048828,0.40417634882
1710,471.813110352,236.701461792,20.6983623505,46.3845977783,0.306623149663
1710,510.312896729,150.826065063,18.4488105774,52.4861183167,0.304852612317
1710,461.617828369,152.698135376,17.8537960052,51.2821083069,0.142457603943
1710,70.0516891479,179.604751587,20.4382762909,55.3978385925,0.10780581506
1710,366.69430542,165.193054199,18.6629829407,41.0366516113,0.0751022947952
1740,612.557983398,159.513763428,21.0531673431,72.9417953491,64.4096255302
1740,462.857635498,148.040908813,25.4609298706,65.5920028687,58.0128073692
1740,626.245666504,155.321762085,13.0607500076,55.0291557312,4.49939966202
1740,422.577880859,166.042175293,16.2392272949,41.9409294128,3.65704186261
1740,545.116271973,37.322353363,20.0039768219,45.816608429,3.11843678355
1740,432.610015869,162.358016968,21.5013046265,42.610370636,1.30188623443
1740,599.055725098,162.222351074,23.970205307,56.7345733643,0.386104662903
1740,476.229522705,142.456375122,25.7441196442,64.9670333862,0.0910200702492
1740,453.918365479,154.076797485,17.3714542389,53.2991790771,0.0754422217142
1770,449.886260986,159.757827759,18.9098415375,50.8332481384,37.5178277493
1770,394.658172607,167.833816528,22.5998382568,42.8069801331,15.4831424356
1770,524.440002441,165.197433472,22.9164505005,60.7617797852,9.09523889422
1770,489.882415771,110.528236389,28.9672870636,66.5058898926,8.44437107444
1770,615.750549316,137.535949707,17.6160068512,48.1956672668,5.09870015085
1770,462.292755127,162.835922241,16.3362102509,46.9323120117,3.98067682981
1770,414.20703125,158.784942627,17.4386482239,46.8016548157,0.975584145635
1800,501.049041748,150.713577271,23.8535614014,59.1104240417,75.0093638897
1800,422.994018555,163.276397705,18.0842018127,46.518863678,48.098385334
1800,437.99520874,164.571792603,17.2780685425,44.497592926,11.3510973752
1800,516.261352539,156.099975586,18.1282787323,54.3581581116,10.6105327606
1800,616.933227539,186.105636597,17.3476104736,48.2235107422,4.69973273575
1800,492.224761963,166.90272522,17.9308986664,50.1733818054,4.1344769299
1800,407.894317627,166.771606445,19.5008468628,49.2445983887,4.09585274756
1800,616.361877441,154.481933594,19.2849712372,53.8527832031,3.38386893272
1800,543.112060547,100.335296631,26.8799152374,95.2609634399,1.00932382047
1800,466.289428711,178.530822754,21.7006759644,42.7588539124,0.689856335521
1800,479.77633667,177.767318726,18.2354450226,43.1278076172,0.315373856574
1800,451.665649414,166.257614136,17.8549671173,44.5932312012,0.312747666612
1800,284.237548828,55.5156860352,22.0689792633,47.6409759521,0.225760089234
1830,448.762542725,159.953414917,18.5094928741,52.4702949524,91.4436340332
1830,424.89453125,167.078689575,21.2090892792,45.7080993652,80.5057883263
1830,559.461242676,151.867706299,24.6293125153,78.6509399414,77.3508608341
1830,605.666320801,73.6243209839,29.0918331146,116.046203613,24.1544619203
1830,573.575866699,156.101165771,19.2859554291,54.3364448547,8.73130112886
1830,591.078430176,155.107345581,18.4706401825,53.3609733582,6.68681412935
1830,534.636169434,145.985092163,18.9886837006,64.7276153564,3.24981547892
1830,7.90774536133,156.164321899,22.7012081146,52.8066902161,3.02029084414
1830,525.724731445,168.574234009,19.4621448517,49.5869026184,2.36120913178
1830,505.163665771,168.860671997,18.9261932373,48.3915596008,1.88509207219
1830,463.203765869,157.566940308,18.6001377106,51.361907959,1.5175640583
1830,516.767822266,166.774856567,17.5231685638,46.8085746765,1.10368188471
1830,540.201293945,48.2863006592,23.5098247528,78.8274459839,0.881469994783
1830,22.3660583496,149.114746094,26.9044342041,60.1094093323,0.853461679071
1830,547.570617676,155.25970459,19.1030216217,60.1025390625,0.526775512844
1830,289.5652771,47.3080940247,22.6016597748,49.8489379883,0.0732698419597
