30,403.134277344,161.736679077,19.4152870178,49.6208190918,7.4779830873
30,488.093902588,164.914138794,36.3355903625,92.5626602173,3.88424545527
30,433.822143555,152.366897583,21.138885498,52.5533409119,2.19898112118
30,422.074188232,157.152770996,16.6747932434,47.9752082825,1.21479965746
30,519.216674805,142.066390991,27.3217182159,58.2435913086,1.14681152627
30,320.832855225,36.3620185852,19.1454219818,51.2935905457,1.07289683074
30,446.208862305,154.158538818,18.8542137146,57.3429222107,0.800799764693
60,403.027435303,165.982406616,19.1537227631,48.782333374,1.18870586157
60,463.62512207,134.364700317,24.8073139191,83.288848877,0.461194152012
60,434.771759033,154.167785645,19.6618118286,52.2313194275,0.295480154455
60,421.36819458,157.756591797,17.9306507111,49.3980369568,0.0182277857675
60,322.179107666,29.0280303955,22.2206363678,52.6420593262,0.0100771743746
60,548.507141113,35.8696861267,31.1751728058,67.825553894,0.00710850290488
90,604.187255859,85.5198440552,27.3442134857,70.2918167114,1.20431343094
90,352.677978516,37.3675346375,31.6391925812,74.4868621826,0.734921591356
90,282.203277588,116.946899414,18.3137359619,51.7999000549,0.120913318824
90,476.363037109,153.316055298,27.1317195892,61.5295600891,0.0190861319425
90,335.004608154,34.0889930725,30.155960083,68.3459625244,0.000297077963296
120,535.118713379,143.705703735,27.38813591,68.2384185791,1.73337291926
120,453.212524414,146.763870239,18.4178218842,50.3479728699,0.60106087476
120,462.826751709,149.409866333,21.0231990814,55.395450592,0.0684288330376
120,573.187561035,154.273498535,25.1446552277,62.9157714844,0.0558990403078
120,481.872406006,143.045440674,21.4627246857,51.0811805725,0.0084737999714
150,524.158630371,134.761352539,22.3136310577,68.1547164917,11.8963748217
150,329.53793335,158.922042847,21.6137619019,47.301235199,0.810675416142
150,498.536590576,139.39781189,21.8488445282,62.7745933533,0.0334177282639
150,536.667358398,133.712310791,23.5325183868,78.2657699585,0.025358988205
180,528.418884277,141.038009644,25.20662117,60.3005409241,2.21636947244
180,595.143493652,111.517250061,32.0681343079,98.2417221069,1.13840261474
180,47.47265625,165.309249878,18.3623256683,52.4385108948,0.78379008919
180,610.699157715,155.907699585,16.487695694,55.3579406738,0.743664149195
180,302.114532471,114.343421936,18.412820816,51.8894042969,0.598671473563
210,606.757751465,186.720535278,21.1935348511,48.3997535706,11.5793660283
210,331.748168945,154.929702759,20.7350234985,52.0646247864,0.788310356438
210,280.723358154,112.985054016,20.6340847015,48.397403717,0.472147064283
210,169.470870972,159.234329224,26.5583572388,54.5089378357,0.111695798114
240,327.00668335,159.644515991,20.7238483429,46.794418335,0.79531185329
240,274.793670654,113.822898865,18.6036148071,46.475818634,0.477062212303
270,490.35144043,176.601379395,20.6838474274,48.3065185547,70.4946041107
270,322.732666016,157.63835144,20.4315261841,50.4447288513,0.782136805356
270,269.548309326,101.874763489,18.5999488831,51.796875,0.658396491781
270,616.26940918,78.2227325439,16.8264160156,51.1344299316,0.381622533314
270,308.352050781,159.934280396,24.0595149994,49.5082092285,0.136449513957
270,292.926239014,105.553131104,18.3400821686,51.8012275696,0.0838861858938
300,577.981750488,175.333023071,29.5922489166,65.0019607544,97.6559340954
300,546.988830566,177.468032837,23.2886123657,59.8738250732,2.29858774692
300,153.818054199,182.840042114,19.4138736725,41.6384277344,1.92167721689
300,264.659332275,103.091377258,20.2549877167,48.0376586914,1.24251376837
300,561.630432129,177.200622559,26.6355075836,57.4649085999,0.814241915941
300,430.288787842,183.21534729,20.9700565338,57.3163108826,0.587406428531
300,312.459625244,146.358200073,28.7434101105,60.1132164001,0.508087826893
300,600.797424316,181.298339844,20.2713985443,52.4952583313,0.362905557267
300,274.124694824,88.2050170898,19.4380970001,50.519744873,0.205455115065
300,232.912948608,112.966575623,28.8218898773,64.419380188,0.191535812337
300,445.430206299,174.716812134,28.542673111,77.9154510498,0.0187975951121
330,309.328613281,141.024642944,28.229642868,62.4313240051,1.80761124939
330,108.322715759,191.260635376,21.3733768463,42.485660553,1.44793093204
330,549.409423828,212.300094604,37.7339134216,111.702934265,0.633612647653
330,292.738739014,67.6408615112,18.4372806549,47.2675666809,0.486345216632
330,258.009002686,95.0536727905,19.2514076233,50.1540222168,0.284075830132
330,327.914764404,159.078231812,18.530122757,48.020198822,0.222885399126
330,230.621627808,113.174278259,26.7173442841,55.7561950684,0.0594596669544
330,297.307037354,84.9960479736,19.3321018219,54.5031433105,0.0530725752469
360,504.878662109,151.343429565,22.2600879669,69.6215896606,1.72144528478
360,249.199523926,88.7722549438,20.2653808594,46.4336280823,0.78523857519
360,441.542114258,160.690963745,20.0509681702,52.2335014343,0.642454670742
360,328.720245361,154.620986938,17.1132297516,48.9756813049,0.441009039059
360,287.132843018,80.4975891113,18.7462787628,51.4689369202,0.0669695378747
390,566.616271973,152.472488403,22.4278316498,65.8897781372,5.13228960335
390,591.248718262,145.110275269,27.7286758423,63.7981414795,0.814431905746
390,326.504058838,146.383926392,18.6024799347,53.0349311829,0.600508553907
390,280.769714355,57.8891296387,21.0714225769,51.9265861511,0.273394491524
390,286.650695801,89.7135543823,19.7843875885,50.6038856506,0.180849677417
390,94.2923660278,167.592269897,21.8155651093,50.2231140137,0.164664059412
390,382.092559814,179.457260132,17.7152557373,42.8692474365,0.0730438623577
390,442.105712891,137.298156738,19.7157344818,56.0297660828,0.0724392419215
390,305.419677734,137.24961853,26.3216381073,60.1854820251,0.0621198734734
390,240.497970581,59.7234687805,25.6512508392,52.1275672913,0.0572673452552
390,339.878265381,147.945495605,17.3073596954,46.9378204346,0.0408002233598
390,284.777099609,28.9265842438,21.5038356781,49.1738586426,0.0100130055216
420,326.382629395,136.549087524,19.0965366364,53.5602264404,65.5634999275
420,484.306793213,208.138870239,21.39777565,67.7360534668,2.47014798224
420,307.735412598,126.484985352,28.9206180573,64.7645187378,1.4746921137
420,410.790985107,179.042800903,21.3672332764,52.3350028992,1.06541616842
420,276.853393555,30.2282104492,19.2871303558,49.5190849304,0.261204247363
420,279.716918945,90.5899887085,20.9399318695,52.2712898254,0.259526004083
420,286.112030029,70.6642227173,19.2127552032,50.3876914978,0.188626314048
420,338.378417969,134.666763306,18.8796405792,51.7536315918,0.0892826996278
420,518.256774902,136.774307251,19.8261566162,54.8522033691,0.018306907441
450,324.962738037,129.092163086,20.6910896301,58.8926048279,69.3487524986
450,471.616485596,171.366989136,30.1391506195,69.8448028564,5.0803527236
450,301.563690186,121.4973526,29.1068782806,65.3915252686,2.83415857702
450,337.571411133,131.21395874,19.1600780487,53.8336219788,0.202753092162
450,537.808044434,89.4079818726,31.9684448242,88.7444763184,0.013481885253
480,324.312347412,122.785614014,23.2272548676,68.1056747437,74.0151107311
480,525.778137207,160.959884644,20.7208042145,43.2970695496,8.08965340257
480,306.536010742,126.689025879,30.1921977997,60.7916259766,4.19232919812
480,224.408706665,53.5548286438,25.546628952,55.255657196,1.16747617722
480,504.16519165,156.546447754,18.2687358856,51.9558563232,0.445311237127
480,339.035522461,127.875518799,17.7376308441,56.2163505554,0.435195444152
480,262.205230713,61.0754852295,17.9870433807,55.9207038879,0.182198372204
510,317.871765137,117.273353577,23.6095199585,73.1931686401,45.6137090921
510,382.42868042,79.5335083008,28.7754974365,70.6222915649,0.879281107336
510,583.156311035,164.690124512,19.3249454498,52.8985710144,0.636411691085
510,333.262939453,132.741592407,17.5589160919,53.7846336365,0.142488302663
540,319.740722656,117.982337952,23.5510997772,70.299407959,26.3826459646
540,333.139678955,131.845108032,17.9659805298,52.9965629578,3.28376702964
540,198.41229248,29.5700740814,22.1289386749,55.4654541016,0.60804146342
540,536.02154541,57.5710029602,21.0410308838,67.8848419189,0.253091286868
540,248.553970337,56.0845146179,19.4682216644,50.2696800232,0.0554936588742
570,342.302337646,100.153564453,27.4607448578,89.3689804077,71.2445497513
570,604.219299316,147.896621704,18.5849666595,54.9396018982,6.44518658519
570,18.7627506256,128.773376465,24.2790145874,53.3891181946,6.18005283177
570,412.485809326,124.827156067,25.5258560181,66.987159729,3.30772101879
570,114.940132141,99.8194503784,27.4129867554,72.7155380249,2.31967326254
570,356.381744385,135.744720459,19.1669006348,54.2636528015,2.13850773871
570,423.253265381,107.457679749,21.477355957,52.4882698059,0.228506326675
570,503.284881592,62.5182685852,18.3436870575,58.4434356689,0.0830197473988
570,404.222045898,120.156654358,20.7651691437,48.960193634,0.0747436191887
570,369.123199463,136.529937744,17.0182781219,52.6578216553,0.0672327994835
570,206.320388794,36.7656822205,20.7297687531,56.7842140198,0.0473978754599
570,392.486206055,122.829795837,20.740190506,45.8311882019,0.00279302403214
600,403.384246826,92.9065628052,28.4794864655,103.942626953,76.1116087437
600,431.292358398,123.098304749,19.8911132812,70.1967315674,13.4408771992
600,418.362762451,132.202896118,18.9941062927,60.8931312561,5.39554692805
600,576.923828125,109.479316711,30.7168655396,80.1105117798,4.69803512096
600,519.740234375,124.183921814,23.7841491699,71.5072250366,2.47708559036
600,415.134185791,85.7197647095,21.9052371979,64.3211135864,0.890749134123
600,43.8488044739,132.886001587,22.3366317749,49.3561897278,0.866183917969
600,596.031921387,114.441856384,28.0675945282,72.9785461426,0.317014963366
600,264.494873047,26.3416900635,20.5311107635,51.0942497253,0.197613798082
600,541.985473633,113.811485291,20.0954227448,60.6068267822,0.176188652404
600,610.091552734,105.1354599,18.3380775452,52.3146476746,0.142264110036
600,429.421722412,79.9125137329,23.4505825043,77.8221282959,0.0925192725845
600,181.372070312,82.6376647949,20.4204750061,56.8144569397,0.0745925121009
600,238.061889648,31.911239624,19.8306179047,58.6859130859,0.0573113560677
600,501.32321167,131.902618408,28.0101413727,71.7397232056,0.0552985467948
600,557.860656738,105.669372559,21.2659397125,62.9391326904,0.0418358045863
600,316.987670898,68.0000686646,29.8639755249,69.9048843384,0.0160348383361
630,542.226135254,120.480354309,28.6565151215,80.8753509521,73.2233464718
630,527.790710449,95.7516860962,29.4895401001,104.8699646,4.02784720063
630,328.838165283,29.3024044037,21.0379314423,47.6559028625,1.3401940465
630,533.324035645,158.154190063,17.3406467438,51.3550720215,1.33101250976
630,522.290405273,152.192764282,18.8199748993,52.9874763489,1.10174044967
630,306.067047119,32.6603126526,20.7039356232,52.1261634827,0.526703381911
630,527.919067383,29.4782314301,33.1353340149,115.365196228,0.021592345729
630,316.230773926,25.5648479462,21.2284412384,51.9076576233,0.0015616964447
660,397.944580078,27.8362731934,20.4375190735,50.8763313293,0.37623133976
660,407.194854736,21.007478714,23.2783298492,49.8512420654,0.0690964807291
660,227.417785645,90.7403030396,22.0311641693,50.925868988,0.00265926864813
660,429.018096924,16.4623661041,22.5773792267,50.0691413879,3.72258853076e-05
690,234.94909668,126.708610535,24.3178348541,57.907207489,1.01707810536
690,219.674484253,132.771255493,19.3301258087,52.8386192322,0.526258070022
690,252.530273438,140.749923706,16.4265327454,44.7781028748,0.218903040513
720,447.053741455,100.609169006,28.6800632477,87.5016403198,10.3622563183
720,473.585571289,71.594543457,21.5476913452,56.1307373047,1.03009501472
720,559.445373535,174.514328003,18.2133388519,38.1333808899,0.307432748377
720,522.346801758,153.29927063,16.4583148956,48.2471466064,0.0288257200737
750,483.727996826,87.5735702515,21.7473163605,57.7862739563,0.702282506973
750,317.382415771,146.412918091,18.738237381,52.7836952209,0.61422646977
750,261.207489014,157.718276978,19.5255126953,54.390045166,0.127549632452
750,537.068908691,52.5572929382,22.2843723297,66.2935409546,0.0884112610947
780,17.539056778,152.700592041,18.4551143646,57.7806243896,8.06259438396
780,84.0096054077,176.927246094,19.1653003693,39.6919136047,4.74553443491
780,610.839538574,172.742752075,16.7860202789,52.9829101562,3.5032749176
780,162.145401001,158.088973999,19.6201457977,54.834072113,1.70302595943
780,607.978027344,64.0512313843,20.287027359,60.0990943909,0.994295068085
780,526.508605957,94.275177002,25.1895084381,78.1519241333,0.538449641317
780,29.77684021,159.960083008,16.7936286926,51.2799568176,0.0748073274735
780,549.087585449,34.1006546021,37.6797370911,71.6173324585,0.0439607771114
780,170.361526489,118.271217346,23.8003368378,62.1695404053,0.0176523579285
810,11.2227487564,185.124801636,18.89777565,47.5324134827,23.1968358159
810,3.4148414135,187.510635376,14.5186548233,49.747543335,1.57129243016
810,137.170181274,133.791549683,20.9197330475,53.8967704773,0.718690548092
810,65.4030456543,108.111793518,32.7367553711,103.566101074,0.631749816239
810,23.9588756561,186.883056641,19.1038303375,46.9981994629,0.603022892028
810,306.307037354,140.72517395,17.1779747009,56.8815612793,0.407804222777
810,157.880187988,110.681098938,24.011762619,51.6989173889,0.0674422481097
810,316.669403076,144.389785767,24.9647388458,59.1909446716,0.0267858093139
810,243.042312622,177.107284546,17.3034954071,46.9020118713,0.0049427831982
840,8.47435760498,151.343338013,24.8342189789,73.8686065674,8.36684629321
840,239.278915405,135.981994629,29.2326526642,75.9818572998,3.41863371432
840,450.095458984,66.0069503784,20.9853305817,58.1811408997,2.53163874149
840,162.324356079,161.679336548,18.3127307892,54.7642250061,1.47099178284
840,12.7854833603,110.420570374,19.6553058624,53.4100341797,0.983270443976
840,154.538040161,175.948486328,16.1569271088,45.4281196594,0.374170998111
840,170.49949646,141.004547119,22.7468700409,70.5956039429,0.350072630681
840,24.1796016693,109.021850586,19.6053218842,51.5770263672,0.151995941997
840,269.784606934,167.893875122,19.350561142,45.3055152893,0.0856634578668
840,45.6807746887,120.155601501,22.1741256714,54.4513816833,0.000452264112027
870,35.6857643127,166.046096802,26.7791213989,60.0581932068,72.2912073135
870,137.783416748,149.855484009,20.9732284546,66.1031112671,49.493381381
870,146.258422852,126.241844177,28.5667591095,88.3645324707,26.7340004444
870,44.5785827637,113.944358826,40.5592956543,115.296562195,8.9394107461
870,396.173217773,58.7797241211,18.779378891,53.2738075256,4.00215275586
870,501.867340088,168.067932129,18.2498378754,41.6146354675,3.62813547254
870,176.914627075,155.302703857,21.8610839844,59.3588600159,1.60394944251
870,491.038238525,166.867172241,16.9937477112,40.848575592,1.3975228183
870,364.775787354,47.3323974609,30.3882675171,80.6683807373,0.164617109112
900,314.127410889,50.7248649597,20.2948970795,74.0580596924,1.55068943277
900,613.270080566,139.175567627,14.3467597961,40.7764778137,1.36061375961
900,324.196258545,58.2063179016,27.7012042999,71.5083770752,0.828650314361
900,601.588134766,140.67225647,19.258972168,50.051864624,0.753514841199
900,217.460037231,65.9145431519,21.8677654266,53.8356018066,0.600356422365
900,205.408981323,161.063705444,18.9015045166,47.6364784241,0.473798345774
900,360.686126709,57.1559867859,23.164855957,64.1752700806,0.433301366866
900,527.572143555,90.9208602905,28.1832256317,78.7039871216,0.0823623035103
900,217.104980469,163.697280884,17.1606674194,43.5709838867,0.0813042512164
900,559.068237305,126.085823059,20.3845233917,58.8755683899,0.0691214343533
900,492.117645264,170.155807495,21.4311294556,42.2530479431,0.0179626164027
930,576.71295166,157.38520813,21.1107749939,42.5239944458,54.6498596668
930,502.823120117,163.841323853,18.8199729919,52.1516609192,1.03367632255
930,349.099761963,44.3258857727,37.1683273315,69.308883667,0.584394996986
930,274.285400391,37.137424469,22.8937854767,69.6100921631,0.317648262717
930,57.4050712585,171.296524048,18.2748012543,45.3928489685,0.267129088752
930,14.9246072769,163.99168396,21.7575454712,49.8663597107,0.181329122279
930,461.673187256,167.938858032,26.4620304108,52.746509552,0.0336714932928
960,555.269775391,178.756591797,42.878818512,96.4403381348,46.42329216
960,192.71105957,29.1081619263,22.4916915894,72.1743927002,12.551727891
960,218.063186646,31.3953781128,20.8362636566,61.1503639221,10.6150761247
960,260.13671875,33.2346534729,21.2162265778,57.1233634949,4.93880584836
960,98.3009719849,146.35798645,25.6893253326,61.8311576843,1.65147297084
960,229.241134644,30.465555191,31.1277065277,83.2600708008,1.25187709928
960,526.570800781,95.9220352173,23.9337978363,74.2493209839,1.10412565991
960,76.744972229,166.909301758,21.7440471649,45.2572822571,0.953447539359
960,203.614746094,40.1021842957,23.1783065796,70.1766967773,0.565504608676
960,21.3312664032,176.890762329,16.9955806732,40.5537376404,0.369457621127
960,29.8891735077,170.422424316,17.800825119,40.5566711426,0.2998707816
960,554.822021484,119.357368469,21.6444950104,69.8586349487,0.142202957068
960,312.536224365,49.348651886,26.7653903961,61.1086082458,0.0682731566485
960,174.702209473,32.9478416443,28.0860004425,57.6525993347,9.75637015621e-08
990,453.714111328,160.795730591,19.6829624176,49.7415428162,7.57679492235
990,599.362976074,107.720558167,30.3035354614,89.0595932007,0.999033823609
990,440.314117432,158.176834106,18.9256706238,49.3438415527,0.495186215267
990,156.408737183,39.6610717773,21.6649627686,58.2552490234,0.471740821376
990,132.374099731,27.933221817,24.6620311737,70.8722457886,0.100947974715
990,274.78237915,39.2665748596,26.3986129761,62.1692314148,0.0534086721018
1020,557.17401123,137.517868042,19.7592868805,51.6994438171,30.1921099424
1020,574.34375,131.585891724,19.3148365021,49.3928489685,11.0846929252
1020,510.059295654,149.35723877,23.7073955536,80.5005264282,0.425325194374
1020,175.010421753,20.2981109619,23.7065734863,61.8930549622,0.012267861166
1020,473.5,95.7840576172,23.6972522736,59.9969596863,0.00455105218862
1020,100.666473389,27.3852310181,25.6317005157,67.9399337769,0.0023537351808
1050,465.539703369,162.794494629,15.0278892517,44.5206642151,4.99168150127
1050,118.556877136,26.9257583618,22.0041217804,65.4335098267,2.1123290062
1050,150.239822388,33.1954841614,19.4898605347,62.8122253418,1.3718219474
1050,594.155395508,122.538200378,27.6179275513,84.5040206909,1.09125953168
1050,368.662261963,129.131027222,21.3406982422,55.2765617371,0.728142540902
1050,132.328308105,148.870666504,20.7450313568,60.4004364014,0.489415647462
1050,236.011474609,29.9964122772,26.1427631378,62.4884796143,0.277617806569
1050,446.563232422,169.822418213,18.499622345,48.8331489563,0.235735950992
1050,90.4124145508,150.38520813,16.9320106506,50.3339691162,0.204264209606
1050,144.286361694,160.694198608,19.6957702637,48.1159172058,0.13313224772
1050,584.43951416,129.509231567,18.8833675385,64.8691482544,0.0267303606961
1050,159.149597168,26.5013790131,23.0750656128,54.2629890442,1.9572955523e-05
1080,72.3662414551,158.203811646,21.0376968384,57.7179107666,45.0783789158
1080,501.757293701,169.060928345,21.9531459808,62.3883209229,39.3501579762
1080,23.5903701782,154.252365112,19.8574466705,59.6089134216,4.12367768586
1080,84.7875442505,163.542114258,19.7890605927,53.2312736511,3.67519147694
1080,473.452972412,168.563461304,18.9108867645,53.5138053894,2.09948047996
1080,357.505767822,121.985191345,21.5178375244,56.0200500488,1.21996337548
1080,463.857208252,176.355880737,16.4851093292,46.6275444031,0.721036596224
1080,23.2940692902,30.7158298492,23.0277309418,57.4004325867,0.554954214022
1080,47.1970062256,36.6953163147,27.2393875122,71.8882446289,0.370308128186
1080,491.220550537,177.643676758,20.0201244354,56.5293388367,0.351123465225
1080,37.9732933044,169.347488403,24.1925640106,48.174407959,0.349890091456
1080,513.857116699,183.386764526,19.359960556,50.1276245117,0.127720099408
1080,16.4186458588,49.2194671631,37.8418083191,72.1192016602,1.16454190735e-07
1110,605.092773438,159.522766113,30.0583820343,94.3004074097,87.0869934559
1110,536.21282959,181.543823242,26.3496551514,65.0214233398,29.6674102545
1110,478.053375244,175.156677246,20.9464015961,57.9948234558,1.24785453081
1110,614.935058594,210.974502563,18.9724636078,55.5803260803,0.204187165946
1110,334.498321533,102.070556641,31.4422931671,76.1257858276,0.150405534077
1110,155.510147095,22.8240337372,26.2943935394,59.7898712158,2.0870405848e-06
1110,166.917785645,25.5727481842,31.5601806641,74.2641906738,3.60460584992e-09
1140,609.296203613,127.459037781,25.8136348724,81.0586090088,8.2137696445
1140,509.778198242,189.091995239,30.5254764557,63.9356231689,7.83290490508
1140,445.046386719,147.922653198,22.8339595795,54.3813323975,3.39789316058
1140,610.869567871,175.325881958,27.3635654449,67.7190322876,1.67333111167
1140,19.1622638702,156.655166626,21.3689022064,45.4033164978,0.139269430656
1140,458.306030273,142.323196411,22.0740184784,57.8892822266,0.05221258034
1170,609.235290527,82.5127258301,18.341917038,57.0377197266,2.15959381312
1170,475.640594482,150.866500854,27.4680919647,47.9005012512,0.871956627816
1200,385.983032227,124.278053284,18.7512264252,53.4873962402,4.88262921572
1200,493.609222412,140.279815674,22.4859714508,55.7941474915,0.335784675553
1200,397.694580078,126.554786682,16.5223484039,49.7854652405,0.279919081368
1200,506.040679932,127.164970398,24.9666461945,58.6733398438,0.0692326168064
1200,462.029327393,41.664855957,24.6605548859,59.718952179,0.000562492232348
1230,504.114471436,130.471191406,28.2019329071,96.527923584,5.01192435622
1230,10.03150177,130.001251221,17.9827423096,48.9261207581,2.0070169121
1230,519.593566895,158.296630859,18.2549304962,52.7796516418,1.32627384737
1230,422.59362793,132.377929688,21.3483791351,65.9847488403,1.28131872043
1230,537.344543457,143.906295776,21.3810501099,60.2352790833,0.400465587154
1230,403.783935547,113.39768219,24.1537837982,65.8976135254,0.0601504172664
1230,434.57800293,131.986984253,18.9284572601,50.9731941223,0.0227987984545
1260,603.990966797,107.719322205,23.2067642212,65.1980438232,29.6132266521
1260,457.070678711,93.9633789062,17.4114532471,61.155002594,2.31720916927
1260,614.782897949,130.642547607,19.2697315216,46.0668945312,1.22118676081
1260,85.7289505005,130.83203125,17.955904007,47.7823600769,0.260769203305
1260,32.0570678711,128.219894409,18.9899291992,57.0276069641,0.0749936501961
1290,6.65990495682,139.948379517,16.2538852692,52.0147438049,0.848241522908
1290,80.4441070557,66.1381149292,25.2201004028,91.0771560669,0.0104734303022
1320,56.1092529297,80.7961807251,29.1551609039,80.7831497192,6.7317135632
1320,485.331420898,148.227966309,21.24958992,60.3959960938,4.22701574862
1320,510.094940186,125.905517578,20.3846206665,63.8311462402,0.0342660205206
1320,17.1712989807,78.0333251953,21.5543956757,57.5374336243,0.0329964648699
1320,414.707641602,37.8380851746,40.4899597168,80.6067733765,4.96800760252e-09
1350,578.95111084,162.897354126,27.3818664551,78.6738815308,55.1145136356
1350,485.355194092,167.71685791,16.9856319427,46.0362129211,7.7378615737
1350,10.6926412582,140.481552124,22.1966114044,58.1636009216,0.615555560216
1350,594.449523926,152.745849609,35.6812400818,79.9668884277,0.357923354022
1350,476.179534912,166.218795776,16.6980342865,44.687625885,0.160138658248
1350,27.1135425568,148.835006714,23.3344516754,63.1873130798,0.0308735703584
1350,424.764129639,89.7734375,30.7187728882,80.8421554565,0.0255054794252
1380,516.684020996,177.841171265,16.65974617,45.4564971924,0.711124390364
1380,538.53137207,24.7140331268,22.984079361,51.6386871338,9.5341190498e-08
1410,590.680541992,167.520187378,24.8663539886,75.6856918335,4.89945374429
1410,484.716522217,164.512786865,15.9313821793,44.6199378967,1.16366213188
1440,413.568878174,127.17325592,26.9967556,64.5976791382,0.585651863366
1440,196.404785156,162.777297974,25.5917739868,49.9352836609,0.111313292291
1470,576.68182373,172.20300293,20.2199478149,60.7438316345,7.95385912061
1470,388.306884766,121.70879364,20.1386451721,44.7181854248,3.32328230143
1500,349.583526611,116.450195312,21.3382205963,52.3314208984,1.5791784972
1500,492.214630127,174.945388794,29.6343002319,79.1171264648,0.00179736434802
1530,446.865081787,179.407409668,19.2956695557,42.0834999084,3.84734161198
1530,455.440887451,163.340438843,17.6598033905,46.4997596741,0.213513802737
1530,435.53527832,161.541290283,18.2276058197,47.1698951721,0.0145070967847
1560,483.893798828,176.198974609,24.125535965,51.9916267395,19.8073357344
1560,564.74786377,164.44392395,17.5554523468,45.6323356628,1.98083091527
1560,583.142456055,157.601028442,19.6815662384,53.8178710938,1.0986559093
1560,473.646026611,172.859970093,20.1994190216,46.3216438293,0.717626838014
1560,444.69644165,155.213638306,20.6456775665,52.9777336121,0.555945001543
1560,303.056671143,115.727806091,22.1028690338,53.5589332581,0.0663558777887
1590,558.682495117,178.579299927,50.9644927979,75.5378265381,24.9625757337
1590,297.460510254,101.025970459,21.9705657959,54.9019927979,16.888011992
1590,453.082275391,127.995697021,24.8913040161,76.9470825195,1.20335957035
1590,441.342559814,129.282089233,18.3943691254,68.9109191895,0.380169507116
1590,9.45572948456,179.533096313,18.1942539215,43.4972496033,0.309266080149
1590,72.2726974487,164.329360962,17.4560127258,43.690196991,0.291035999544
1590,285.035797119,115.951438904,20.9960098267,53.2174377441,0.0497856701259
1620,287.505157471,104.354774475,29.8600826263,84.6956939697,9.65597182512
1620,505.440917969,108.818138123,17.9151725769,60.5431556702,6.62869811058
1620,608.041748047,150.665908813,19.1825637817,67.385093689,2.80300024897
1620,572.543579102,103.714988708,38.1736488342,108.460502625,2.6630403474
1620,503.625335693,167.659378052,24.4442119598,62.5980834961,1.58554539084
1620,427.923248291,149.040023804,22.0089645386,60.2775268555,1.18271354586
1620,21.242565155,166.808227539,18.9525585175,43.7610664368,0.866918824613
1620,271.559234619,116.025543213,22.4102840424,58.7618370056,0.564079964533
1620,34.7584342957,164.285003662,17.9351348877,44.0976371765,0.520010991022
1620,400.365325928,159.522445679,17.9727859497,44.2956886292,0.309713976458
1620,494.886383057,107.139854431,19.1999588013,53.5790748596,0.116884103045
1620,8.31634521484,84.8041305542,29.6421508789,85.4273452759,0.106884317938
1620,388.111358643,162.171142578,19.806016922,41.8689880371,0.0960442121141
1620,416.773101807,157.72227478,16.683347702,46.8609771729,0.0731380830985
1650,51.325881958,162.346923828,17.8745365143,47.3199501038,37.592330575
1650,404.886749268,150.429672241,19.2731590271,52.1247749329,14.613763988
1650,271.593231201,101.834312439,35.0775794983,97.6140670776,2.94783711433
1650,600.930847168,130.025588989,26.6178798676,69.0835876465,2.69179232419
1650,561.314025879,183.491439819,18.6081867218,40.5718040466,1.27566670999
1650,610.822265625,172.434829712,17.2469177246,49.9799499512,0.32166428864
1650,173.561279297,147.662841797,20.206029892,48.7298927307,0.270895427093
1650,61.0096549988,141.020355225,19.4269161224,64.7786254883,0.0967338623013
1650,281.863433838,164.377304077,19.691526413,44.405582428,0.0235370360315
1680,393.870025635,152.478179932,19.1796016693,58.9669456482,33.1432551146
1680,408.250518799,152.924057007,19.0351543427,58.0955085754,16.5223658085
1680,240.52935791,132.886184692,22.8844089508,71.2049179077,5.92971332371
1680,609.687194824,146.10194397,20.863243103,57.2834663391,1.71648208052
1680,354.611602783,164.110092163,24.4155883789,44.1758460999,0.45249806717
1680,585.432922363,137.077575684,21.7869548798,55.6904602051,0.0228753997362
1710,224.628646851,152.78767395,19.0194797516,51.1256256104,10.2272294462
1710,259.61050415,87.8840942383,18.7548389435,47.9158668518,9.35207530856
1710,423.942504883,140.236419678,24.8394374847,71.1103668213,3.76809835434
1710,369.043579102,166.773040771,21.9914989471,47.9995727539,1.81264393032
1710,214.524368286,146.685379028,19.0183010101,59.0804176331,0.525713944808
1710,403.285766602,168.877853394,25.6116504669,56.2337799072,0.335445115343
1710,434.065551758,161.963790894,23.1734905243,65.3710250854,0.202602287754
1710,418.751617432,174.54675293,20.160030365,52.6280555725,0.021505447512
1710,233.91166687,91.1686782837,35.2276039124,79.4829483032,0.0107459149149
1740,413.736694336,149.381607056,39.2266120911,60.9126243591,67.9032921791
1740,522.718078613,166.80708313,17.8806209564,38.1109733582,6.74621537328
1740,224.239074707,148.564880371,18.0183162689,55.8014221191,4.55022975802
1740,605.220397949,226.583557129,20.7900047302,56.0646018982,1.63867603987
1740,589.202819824,198.549484253,28.6418628693,77.198890686,0.673773046583
1740,403.324249268,156.333602905,26.1289539337,57.0924377441,0.388733902946
1740,513.832336426,162.000564575,17.1630992889,53.1695594788,0.350568233989
1740,483.04385376,148.649276733,20.3401508331,58.580242157,0.324682006612
1740,22.9868087769,120.138801575,22.2745513916,62.1256523132,0.0732224201784
1770,528.191223145,127.47983551,51.1527900696,127.050262451,13.1187751889
1770,490.275756836,139.985580444,24.7625751495,60.5906982422,2.71317977458
1770,88.8098678589,169.533035278,22.9208660126,49.991771698,0.745657179505
1770,610.163208008,161.998596191,16.9554195404,58.086151123,0.569356838241
1770,20.2691516876,103.600013733,30.9020080566,84.1116409302,0.542173301801
1770,600.700195312,87.8125915527,24.5434436798,65.5589370728,0.425113737583
1800,447.000976562,28.5201873779,26.4883213043,71.7817001343,42.0172482729
1800,475.84475708,29.6787281036,20.149805069,54.9242897034,10.1097397506
1800,332.79699707,81.4716339111,22.6662502289,59.5700569153,0.138732441701
1800,89.8596420288,134.977462769,19.7568759918,55.9401092529,0.0858217303175
1830,477.329498291,14.098780632,25.4487476349,70.5342483521,12.613491714
1830,437.457611084,35.0122795105,30.2237682343,81.3347167969,4.53222692013
1830,508.76675415,18.054353714,22.7112865448,75.1648712158,2.44007948786
1830,439.809112549,176.313796997,20.0380058289,53.7357521057,2.3082613945
1830,152.550094604,192.654602051,21.2249927521,41.6157875061,1.86551436782
1830,407.615234375,191.173461914,18.8316516876,42.9161987305,1.49184335023
1830,49.1777648926,193.841598511,22.9225215912,49.4412727356,1.04122534394
1830,88.7239761353,135.178237915,19.8471984863,58.7919197083,0.62245936133
1830,504.115478516,61.9530944824,18.9080562592,56.5010566711,0.1877114526
1830,356.718658447,174.076187134,24.371175766,57.0487518311,0.1370192389
1830,25.3118267059,98.7904891968,28.3230743408,74.2303695679,0.0213644190808
1830,368.095306396,141.829849243,29.7114238739,64.9573364258,0.00806182433735
1860,519.721496582,199.611434937,27.1964130402,70.7315292358,24.8664692044
1860,392.429199219,57.4813079834,21.0447711945,54.5467224121,19.5148989558
1860,364.943267822,192.662521362,22.5465450287,53.2781867981,4.92327995598
1860,376.855682373,95.6904907227,29.1606655121,74.7886047363,3.86594794691
1860,536.246276855,193.193740845,19.0916843414,54.0751190186,3.28296646476
1860,494.561798096,210.453735352,17.5442504883,50.1122436523,2.39047873765
1860,604.05267334,195.684860229,22.3221969604,50.2394828796,1.73891168088
1860,95.7934188843,125.7579422,36.0604667664,77.8490447998,1.48439239711
1860,502.485839844,93.7131576538,25.8459243774,93.127204895,0.891068018973
1860,406.780975342,197.691818237,20.5985736847,50.3140869141,0.741720804945
1860,27.348449707,58.3848762512,25.9293842316,86.058631897,0.657368870452
1860,83.8262405396,120.157264709,20.3784160614,55.0249137878,0.55712852627
1860,428.02432251,154.8072052,20.1084384918,52.2196846008,0.531235989183
1860,470.985748291,230.2318573,24.2369842529,45.3610725403,0.368871772662
1860,72.4456253052,111.269927979,19.1596107483,56.2249183655,0.355111365207
1860,531.199279785,234.095214844,21.8316707611,54.7913513184,0.0236246953136
1860,51.2566413879,83.1614608765,29.2445297241,82.0259475708,0.00409888671129
1860,595.567810059,21.0541324615,23.4229202271,71.2658615112,0.000282086853076
1890,399.640136719,29.8275585175,20.4274501801,57.1570701599,20.6651300192
1890,377.668334961,52.0076255798,32.911781311,86.3061828613,4.71292883158
1890,188.976547241,203.749710083,19.3922748566,40.6929512024,3.37571799755
1890,478.742675781,211.704025269,19.4291973114,45.3910369873,0.244683888741
1890,383.402435303,30.4406871796,21.3000907898,56.1551551819,0.166627403814
1890,122.071716309,103.601196289,18.0397796631,55.0070457458,0.0898157188203
1920,381.87991333,38.4877319336,21.8111171722,68.7705001831,1.97202395648
1920,564.213806152,67.9899368286,20.2797927856,47.1942863464,1.20433131233
1920,66.8707962036,95.4515075684,19.1805324554,48.3326683044,0.389629718848
1920,56.4903564453,99.8617019653,20.3507862091,55.6141548157,0.220961426385
1920,44.934967041,112.118080139,22.2293338776,56.7488098145,0.131359242368
1920,549.745300293,68.5562438965,25.3775253296,53.9341697693,0.0292287179036
1950,575.574768066,204.138504028,27.8931484222,73.5707015991,27.4049848318
1950,134.879455566,195.251342773,19.2087726593,55.2652778625,3.59244197607
1950,5.78785705566,206.281936646,19.189781189,56.5425224304,2.82860677689
1950,535.959899902,105.847007751,21.987165451,60.9888114929,2.12485026568
1950,102.275947571,225.430664062,22.5219593048,42.4039115906,1.16893714294
1950,123.473426819,200.299438477,18.991941452,52.1467704773,0.984060019255
1950,526.423034668,118.515708923,20.9693508148,60.9299964905,0.368522503413
1950,114.493217468,68.825592041,20.2538280487,56.2799720764,0.00636778204353
1980,374.677154541,206.653366089,19.8526477814,43.0319099426,30.9611618519
1980,17.0171089172,205.558105469,20.5197429657,53.2114257812,17.4649819732
1980,474.490325928,214.700805664,20.5556125641,46.6114311218,13.7408152223
1980,466.625030518,229.38710022,22.1253967285,49.2603340149,4.85313907266
1980,83.2086105347,218.586853027,22.2302684784,54.6697998047,2.44068074971
1980,66.1452560425,215.210678101,19.7485790253,41.3908729553,1.77552737296
1980,108.086479187,187.617111206,25.8670520782,58.3667030334,0.463525112718
1980,20.9732151031,88.6799850464,25.9962978363,65.3622665405,0.318394531496
1980,66.2751541138,89.9837341309,21.1944656372,60.9004096985,0.191243411973
1980,34.2578010559,204.378158569,24.757856369,55.3251533508,0.187735375948
1980,223.05897522,51.8495597839,16.183965683,52.3378868103,0.0982325640507
1980,20.4737014771,58.8538703918,20.0002193451,50.2704124451,0.0811331381556
1980,237.452407837,46.2581291199,20.738527298,48.2577323914,0.0465272139991
1980,609.973205566,24.5842685699,19.9324893951,48.9753303528,0.0456728797872
1980,109.284706116,59.9214286804,20.6431217194,56.4003486633,0.0256521831034
