30,521.43939209,171.970962524,20.0676898956,77.6805038452,96.5691328049
30,469.600738525,171.353439331,19.4041061401,67.8976821899,95.353615284
30,504.397918701,175.788314819,19.9356517792,74.4142379761,91.67522192
30,148.201980591,168.499893188,18.7945041656,52.7016296387,76.7927885056
30,480.240447998,172.951049805,18.9727344513,77.8849029541,9.64031592011
30,428.816070557,166.587875366,19.9840068817,63.3874359131,2.88537796587
30,461.407989502,175.352157593,16.146314621,62.5177001953,0.993975065649
30,440.354278564,176.229553223,16.6632843018,56.3381843567,0.0754113891162
30,415.475952148,177.711547852,19.2998409271,54.5510063171,0.0488325196784
30,459.346099854,70.7780227661,23.718542099,74.1021881104,0.0442968303105
30,327.421234131,149.165222168,31.977186203,90.4855575562,0.0318644393701
30,437.961456299,61.2557830811,30.7452640533,96.8396911621,0.00459112779936
60,464.59854126,169.312606812,24.5293827057,74.3907089233,98.1878221035
60,512.413269043,172.936019897,23.9853210449,70.8152313232,93.6454951763
60,502.125457764,176.600601196,20.9450378418,59.9842414856,60.2401256561
60,430.946533203,171.277160645,17.5865421295,57.2809562683,7.79550820589
60,481.635650635,177.422973633,19.6134757996,70.8961257935,5.45439906418
60,119.983314514,185.685791016,22.5743713379,43.5036315918,2.60211750865
60,402.014129639,95.6138076782,65.1455230713,150.742538452,0.692264409736
60,459.308227539,60.8316383362,22.767660141,59.9809265137,0.598993944004
60,455.976531982,176.236068726,15.9856462479,62.374622345,0.171108497307
60,447.572540283,179.259887695,15.3239297867,55.022441864,0.0866917602252
60,415.795928955,178.583557129,18.6126194,53.2416038513,0.058773678029
60,444.512481689,66.3101959229,31.6342334747,92.88256073,0.0402188190492
60,322.401794434,149.647399902,33.8096885681,90.2546768188,0.0286094465991
60,146.930801392,177.993713379,21.5630817413,45.6517906189,0.0202459967113
60,527.059265137,177.719314575,27.550699234,59.5377006531,0.0120674732898
90,461.62109375,165.120758057,26.8394622803,78.7467651367,98.0106830597
90,506.529266357,169.061447144,21.7972545624,72.6742858887,93.8681721687
90,434.066558838,177.80480957,18.2797718048,52.4746246338,38.6043399572
90,479.586547852,159.74281311,26.5944271088,96.3445358276,5.89434839785
90,497.880157471,185.440917969,19.250743866,65.2541275024,2.76212207973
90,424.009063721,84.9267044067,61.0490531921,165.098770142,1.51569107547
90,447.064788818,179.549057007,15.7934532166,56.1245422363,0.65284576267
90,422.077514648,177.095718384,16.031999588,53.6737709045,0.163247890305
90,418.821289062,56.1387825012,38.6587791443,120.598266602,0.104180024937
90,10.8903884888,218.881088257,18.1021251678,47.56407547,0.0694918096997
90,450.076263428,65.7690582275,31.3917598724,94.7646179199,0.0307996524498
90,332.618133545,163.171661377,30.8637142181,79.3147964478,0.0111691733764
90,500.341278076,41.4158973694,23.2966060638,59.8580055237,0.0106883140688
120,502.679901123,175.157669067,25.1210403442,74.3701477051,97.8949606419
120,468.58215332,171.843063354,22.7791595459,77.8970413208,97.8457570076
120,436.483428955,180.465744019,16.8793315887,50.5212593079,80.5646598339
120,479.201690674,166.909729004,33.2040367126,91.9607849121,13.0756780505
120,421.626983643,172.081253052,17.281496048,56.4180450439,0.42885215953
120,179.401870728,184.049484253,27.9010906219,72.1991043091,0.332124531269
120,453.2918396,182.714828491,16.3815822601,55.0563392639,0.30131037347
120,452.303710938,57.0655250549,29.5535964966,100.124725342,0.0537293788511
120,427.767181396,47.4937782288,32.9187889099,113.853034973,0.0227360927965
120,330.294830322,162.881729126,31.1335353851,79.0194244385,0.0167545265867
120,515.530090332,177.273971558,31.4969158173,63.215713501,0.00650047004456
150,513.41015625,176.673049927,30.9438076019,74.6422576904,98.981821537
150,472.048919678,179.429092407,20.338848114,63.0427131653,86.1661732197
150,483.664672852,181.556884766,23.5473308563,74.8657989502,5.22370040417
150,460.410644531,184.712341309,16.4864253998,53.699054718,2.96896398067
150,503.368988037,184.833816528,19.2234325409,54.8225898743,1.92670449615
150,423.187225342,50.397354126,33.4502983093,95.4622497559,0.0205695614568
150,447.500030518,61.3959503174,33.0665664673,104.88469696,0.0203755058465
150,329.390960693,158.934616089,34.0011177063,82.8892288208,0.016771092487
180,529.751831055,178.296386719,30.119140625,78.4191055298,99.7375011444
180,474.3019104,167.73109436,21.8822422028,74.1269454956,88.5861873627
180,513.570068359,182.624191284,19.3799762726,61.8768348694,54.1583955288
180,399.558502197,181.06477356,19.2045555115,53.0957794189,50.0128448009
180,399.970184326,148.035186768,39.680847168,89.0698013306,9.23739820719
180,483.52722168,167.176132202,31.2417697906,92.285118103,7.88873359561
180,465.779998779,182.773925781,17.4577445984,54.4682044983,1.50527916849
180,502.509643555,184.012496948,17.8579502106,62.3476371765,0.845115073025
180,463.505249023,43.2691040039,20.1693382263,68.1960525513,0.68305330351
180,418.079589844,82.0535049438,68.2762985229,162.197235107,0.213583745062
180,332.563812256,168.998840332,27.6103820801,75.5267715454,0.0172594503965
180,436.578338623,43.8431739807,26.2948303223,88.4837341309,0.00737804220989
210,550.411254883,169.728927612,39.6382217407,97.0780334473,99.4852721691
210,520.389221191,172.010864258,31.4842224121,97.1884841919,99.4557440281
210,476.793579102,180.002090454,22.3638057709,62.1147918701,96.6166138649
210,393.333862305,180.488723755,22.0766468048,54.8923149109,39.8732751608
210,492.305145264,180.128234863,19.216753006,57.3599586487,4.21671308577
210,207.61706543,180.511184692,25.6960659027,61.4187736511,3.46497744322
210,541.76171875,184.174423218,22.2779083252,72.2755203247,1.69377326965
210,384.155639648,190.429855347,18.5708599091,44.7208900452,1.02925309911
210,462.709625244,176.089004517,18.2168750763,67.685760498,1.0263630189
210,508.354370117,176.831359863,24.1068267822,79.6351394653,0.482938904315
210,407.849975586,168.61529541,18.9038581848,63.5507087708,0.324584706686
210,408.655151367,94.1958312988,42.2588577271,117.931739807,0.0779592839535
210,170.725326538,203.689193726,21.0801467896,49.3233070374,0.0305175461108
210,462.575439453,38.7275695801,35.5443611145,103.275245667,0.0204343290534
210,332.871917725,166.22706604,31.2679843903,77.6753158569,0.00464218428533
210,426.3543396,43.0578193665,36.1932411194,81.2320709229,2.31198001188e-05
240,557.464904785,166.293334961,33.425075531,106.689491272,99.9265491962
240,593.474304199,163.924728394,36.6816749573,105.60559082,99.5797753334
240,410.138793945,173.184341431,21.2518234253,63.0635719299,83.0903053284
240,462.196258545,188.212112427,18.6191959381,52.5959625244,22.2882181406
240,396.838531494,83.771987915,54.7382392883,162.215042114,5.84813468158
240,578.43145752,177.098220825,20.6623039246,76.8748397827,2.08571534604
240,543.66394043,184.989822388,25.3776836395,83.176322937,1.72387305647
240,614.948059082,197.144836426,17.9506855011,59.9421234131,0.984053872526
240,462.811920166,50.7370185852,28.8241786957,95.0943222046,0.925603788346
240,490.239532471,148.544509888,16.7468471527,60.7273597717,0.894532259554
240,351.465057373,183.510665894,28.754196167,78.7907028198,0.455226004124
240,613.981872559,164.203094482,18.0223865509,58.1439056396,0.296993949451
240,332.671356201,155.543045044,30.6212158203,94.1423568726,0.0668732274789
240,435.182373047,49.0009346008,56.2545509338,179.251480103,0.063473492628
240,458.0652771,34.8843955994,20.6010379791,70.3937911987,0.0505847216118
240,481.70803833,53.3655357361,32.0604553223,99.033454895,0.00484543161292
240,428.630950928,37.682598114,34.2359733582,82.9011688232,8.84881112828e-08
270,437.586395264,168.335891724,28.5752029419,68.6252822876,98.2573986053
270,614.330810547,152.851516724,25.6691894531,133.275161743,96.2733089924
270,469.365112305,175.016174316,21.9496898651,61.6079368591,94.343149662
270,426.221191406,107.359558105,56.5183677673,135.265411377,2.9425881803
270,194.501724243,194.402587891,22.4924545288,65.7407073975,1.11405979842
270,456.724945068,174.17199707,18.8645210266,62.1877288818,1.09891500324
270,605.523986816,154.580490112,24.7661437988,71.082244873,0.777770066634
270,488.940063477,186.103164673,18.8074150085,58.3578033447,0.0455747212982
270,208.69593811,203.018051147,21.6155109406,54.839931488,0.011428410653
270,502.114013672,24.8211727142,31.7071552277,100.65410614,0.00836169929244
270,476.148529053,35.1669158936,43.2424926758,103.4034729,5.56812729258e-06
300,474.290924072,170.066268921,31.9362392426,73.3628311157,92.5410032272
300,465.244049072,171.338119507,19.0857028961,67.1747055054,11.0980674624
300,620.178100586,45.2284545898,19.8218994141,60.0906677246,8.49165692925
300,604.221679688,258.606231689,19.3051967621,44.8256874084,1.12868957222
300,423.46585083,57.9447631836,69.8874816895,180.784561157,0.64455922693
300,159.997039795,181.146011353,31.3401546478,74.0644378662,0.308259786107
300,350.934326172,183.267211914,25.9857540131,81.0451278687,0.276622828096
300,446.854644775,30.711938858,32.5438728333,126.812980652,0.189909851179
300,454.871124268,180.1900177,17.5175418854,55.9602165222,0.0884915061761
300,406.799560547,63.8909912109,33.8231658936,102.752075195,0.0584402529057
330,490.385009766,159.831466675,30.5485553741,92.4608078003,75.2432703972
330,471.608886719,171.020950317,19.3839855194,66.6206512451,43.2328104973
330,484.388336182,164.240280151,18.1387958527,71.7641983032,29.457038641
330,506.806152344,190.811904907,18.5404148102,66.3022460938,1.78906600922
330,538.071716309,182.065567017,19.6499519348,64.7902679443,0.519014056772
330,455.455230713,44.3890380859,22.6231689453,75.4164199829,0.40456391871
330,424.650177002,54.9197845459,20.2105426788,53.6164665222,0.078567082528
360,466.305145264,160.71647644,46.0048484802,110.154808044,93.102067709
360,431.982086182,79.2822265625,80.7684631348,177.863601685,2.35491916537
360,571.99041748,309.294830322,33.463809967,64.3870162964,2.00269129127
360,15.8770456314,240.076583862,18.9729785919,56.9167442322,1.84814333916
360,494.516265869,173.511672974,20.7023925781,71.5811080933,1.25984810293
360,176.207962036,160.60899353,26.3227901459,57.1302642822,0.951221585274
360,611.087463379,117.630332947,16.4615345001,47.6235237122,0.68312655203
360,491.866577148,57.8621826172,22.9595108032,66.3004989624,0.579555612057
360,377.142303467,49.3258476257,36.8074913025,99.036781311,0.496372906491
360,464.101348877,174.038223267,21.5551319122,64.9811096191,0.193583173677
360,407.264190674,69.134979248,36.5523872375,100.185508728,0.114478368778
360,372.11605835,59.9562187195,22.6044559479,61.0488471985,0.0900619081222
360,572.29473877,201.70475769,27.1312255859,68.9061889648,0.0612516654655
360,22.4297580719,222.941726685,29.0522232056,75.8760910034,0.0334812822985
360,444.454315186,45.5344810486,21.0604915619,56.8683776855,0.024916883558
360,423.616607666,39.9415779114,24.2507648468,65.8833084106,0.00132749546538
390,382.411956787,155.706680298,64.8787307739,154.872085571,88.6008918285
390,467.351348877,187.602249146,24.2034702301,70.103805542,29.4260382652
390,382.373657227,161.667892456,32.7777748108,87.4299926758,24.5916843414
390,496.497161865,174.221542358,28.6304855347,76.8221054077,11.297121644
390,369.064361572,189.94190979,22.3647384644,58.1071052551,9.41364392638
390,427.067138672,65.4010925293,87.007194519,210.509017944,2.44261454791
390,33.1556816101,201.019607544,46.9600067139,98.2815551758,0.925384648144
390,481.749298096,199.278518677,18.6395282745,57.5670623779,0.393955549225
390,572.46472168,33.8222236633,24.3768024445,64.8307037354,0.0188170059118
420,237.059585571,152.551864624,72.3221282959,180.542404175,95.6397533417
420,500.440887451,162.428466797,36.001499176,92.9608154297,89.6886885166
420,213.193832397,155.67767334,53.1180076599,137.357421875,12.1201887727
420,121.335472107,206.329055786,39.4177360535,100.334266663,10.1039282978
420,526.942810059,202.804214478,19.4865818024,58.0278625488,8.36143642664
420,363.95300293,191.332168579,19.1449451447,48.8467559814,6.61579370499
420,283.094604492,178.196884155,26.3014984131,80.543586731,5.11167906225
420,481.686920166,68.5035018921,66.6644363403,179.134353638,2.22665779293
420,238.245117188,144.122848511,32.4153671265,94.2762756348,1.11309122294
420,223.641189575,184.920410156,22.7895355225,86.2864303589,0.65933750011
420,535.60333252,219.922164917,19.2288761139,49.9508934021,0.299084745347
420,266.313934326,266.459655762,28.0221862793,72.8590316772,0.215334654786
420,489.668182373,179.968688965,24.8050994873,65.5231933594,0.113617267925
450,528.741088867,170.39201355,28.2800216675,90.347618103,96.5819776058
450,557.907348633,174.512161255,32.1735725403,86.4536743164,93.7249422073
450,5.96379089355,161.563873291,63.2658081055,217.572158813,35.6237918139
450,522.450622559,77.6820373535,76.6595611572,195.590591431,16.982614994
450,610.456665039,234.489822388,19.0482673645,43.6092224121,12.9338517785
450,459.358734131,217.936264038,28.7654743195,49.2944488525,12.8790229559
450,12.3462457657,287.57699585,32.3830986023,85.3653564453,9.02378037572
450,36.8471336365,156.533920288,39.966506958,125.31829071,4.70370613039
450,543.4375,178.371826172,28.3879718781,76.2136764526,4.25792001188
450,380.628326416,192.022720337,17.9163036346,48.2412109375,1.8886975944
450,268.238830566,182.542724609,20.9033489227,63.6478996277,0.85882153362
450,579.516052246,210.671401978,17.8574199677,58.7240638733,0.750713422894
450,584.055847168,174.635879517,27.6996364594,101.803413391,0.268625188619
450,476.821136475,59.321521759,62.2502593994,196.579452515,0.238328776322
450,514.761108398,185.79069519,17.0318851471,63.997127533,0.125614926219
480,580.219665527,174.479431152,31.1184387207,92.1627731323,97.38753438
480,550.237976074,170.855789185,30.8548355103,97.5187759399,97.3624765873
480,489.158538818,28.7472743988,73.93384552,223.172729492,13.7223958969
480,433.845825195,192.634399414,19.7099132538,44.18516922,4.43387441337
480,533.114196777,77.8126296997,72.6055221558,202.049621582,3.66898365319
480,567.585510254,185.280761719,19.8401107788,71.6831741333,3.57001759112
480,308.085174561,215.369445801,19.4127044678,68.3935470581,1.91609784961
480,481.869720459,224.970596313,26.988035202,59.5910682678,1.35169150308
480,561.325073242,32.2249412537,39.1179656982,81.6618728638,1.20754102245
480,599.840087891,188.204650879,27.502779007,75.2481613159,0.623994925991
480,542.749511719,192.867126465,20.5164394379,66.2674331665,0.412325188518
480,594.127990723,129.996200562,23.9411830902,65.893447876,0.149887753651
480,444.614959717,189.809875488,19.0016784668,52.1726341248,0.0380838377168
480,448.503509521,33.3773536682,26.7281341553,62.4243125916,9.59470753514e-05
480,464.452545166,37.2994651794,28.4576740265,68.7761459351,1.25743341073e-05
510,590.505126953,162.024795532,35.4450111389,100.395477295,95.564353466
510,567.01373291,150.905166626,37.1105613708,111.391456604,91.2739217281
510,441.586578369,185.228515625,17.0500278473,57.8584480286,20.4519182444
510,559.055541992,187.02734375,22.2045879364,74.3453598022,18.3921203017
510,493.864257812,220.122634888,30.8408946991,63.4895896912,5.73559068143
510,67.9286270142,183.945022583,17.0200958252,43.5953826904,1.94260682911
510,423.024871826,192.171936035,19.9035778046,50.2400360107,0.640135677531
510,51.8561592102,152.544845581,22.6081848145,65.751121521,0.638792524114
540,593.757507324,150.095474243,27.91680336,121.158752441,89.0954256058
540,52.4828529358,190.049209595,17.7051410675,38.3427009583,17.1874269843
540,616.839294434,169.242599487,22.850725174,91.8556900024,12.7286583185
540,615.321716309,36.2557830811,17.5043125153,51.7162780762,5.61692789197
540,366.649871826,181.684570312,33.6444816589,76.5606842041,1.67055670172
540,19.3124790192,161.334640503,20.7164936066,64.0012283325,0.338620762341
540,611.822692871,157.433288574,19.1090240479,63.7978172302,0.160860118922
540,618.63482666,117.789978027,18.3357791901,62.2197875977,0.106174824759
540,592.561828613,216.064407349,18.6065406799,57.3119812012,0.0188757665455
570,583.22265625,164.741088867,42.7948265076,138.765365601,89.1219317913
570,460.235687256,185.116043091,18.17877388,52.7015724182,78.7234008312
570,613.979187012,211.97013855,19.0743846893,62.9576377869,8.11532884836
570,39.6880683899,191.002151489,16.7479095459,36.6442756653,4.85636740923
570,594.929870605,159.092697144,22.879655838,55.7373390198,2.94734686613
570,587.998718262,238.924804688,21.7652339935,66.4516983032,1.57198440284
570,608.786621094,147.940734863,21.1457118988,61.9176330566,0.85129449144
570,581.79083252,197.167526245,25.5608577728,63.0173225403,0.751146487892
570,613.386047363,170.070297241,24.7505111694,76.8881530762,0.252414727584
600,25.6650695801,193.453369141,17.3371200562,37.9595298767,35.7097774744
600,534.773925781,95.8346252441,24.451751709,82.857170105,7.90592953563
600,624.828125,204.687576294,15.171875,52.330947876,4.45601530373
600,610.794616699,200.824050903,20.2336788177,50.407787323,3.44249494374
600,570.960510254,188.515182495,19.8811988831,48.8224906921,0.925491377711
600,540.3828125,189.339828491,19.4047050476,61.2292137146,0.460486393422
630,529.661682129,174.229232788,25.724527359,65.4356307983,99.1537094116
630,432.107666016,182.609817505,17.4047546387,48.6479949951,22.0440506935
630,451.183746338,186.534347534,19.0295295715,50.1518058777,17.9432779551
630,340.626678467,88.8282241821,22.489692688,63.9919166565,2.08827964962
630,514.771911621,187.152145386,16.0346012115,48.2768974304,1.60963460803
630,65.2177810669,177.913406372,15.5106973648,44.6980133057,0.217443006113
630,487.096679688,193.034988403,14.2076940536,45.3336524963,0.137018354144
660,599.23614502,172.096939087,22.9440631866,79.0221786499,96.7615127563
660,24.7311096191,194.571899414,22.0066165924,48.5843048096,44.8129296303
660,618.43170166,173.793777466,19.9148960114,73.9287338257,9.63714122772
660,537.166259766,191.499313354,19.2474079132,53.5351982117,8.83043557405
660,518.216247559,192.958755493,18.8747806549,49.5541496277,1.97749622166
660,465.113677979,113.522544861,22.4093151093,58.5324440002,0.142877129838
690,212.571273804,172.706970215,20.7554759979,52.4814872742,0.0649925321341
720,608.631530762,197.64503479,30.8806324005,104.733680725,3.72610837221
720,348.783294678,157.492599487,17.9583053589,47.647151947,1.38025712222
720,206.83732605,176.184371948,28.7746486664,66.0377120972,0.373384845443
720,614.900634766,179.541915894,19.1030750275,60.7334136963,0.349087594077
720,227.781982422,168.67388916,19.2449569702,52.4031105042,0.221379077993
750,344.316680908,165.515808105,19.2154769897,51.2873077393,0.434347940609
750,371.380249023,177.286331177,17.3186836243,45.3330383301,0.3077020403
750,387.887359619,184.258804321,19.7100124359,51.5684509277,0.0630353286397
780,446.75289917,165.395065308,18.381685257,72.2987213135,78.9216518402
780,428.656494141,170.922607422,20.2679309845,67.0685501099,69.5770204067
780,418.095367432,186.289306641,19.0090045929,49.8671226501,3.80447469652
780,451.353637695,91.3231811523,29.0469379425,92.5136032104,1.42214354128
780,398.235626221,160.149353027,27.783864975,68.1360168457,1.29475733265
780,392.074798584,130.163284302,23.6385478973,75.237449646,1.26896677539
780,457.752807617,163.119979858,23.3726100922,76.2414779663,0.10828957893
780,392.906860352,188.673690796,19.7887744904,47.3584442139,0.0453026441392
780,448.992675781,139.052108765,21.4355564117,57.0737762451,0.0247272808338
810,439.100952148,166.038696289,21.6847915649,77.4508514404,92.0807182789
810,473.261688232,178.649337769,23.7389583588,69.2349624634,70.9889292717
810,424.087432861,179.149978638,19.5248012543,61.5787200928,67.7652478218
810,462.740203857,177.10319519,19.173538208,66.9545822144,38.1954669952
810,507.321746826,181.356063843,22.7318973541,64.7587432861,38.0381911993
810,490.643035889,176.14680481,21.2397880554,70.3205108643,32.784730196
810,525.361816406,185.793151855,18.542257309,60.7094688416,8.00007581711
810,410.827850342,191.621871948,19.4280261993,50.1729469299,4.11379858851
810,452.549407959,183.265380859,17.9922618866,60.9722328186,2.4630298838
810,392.638183594,158.107131958,26.580406189,75.3282546997,2.24404707551
810,435.149200439,178.995040894,78.2723770142,73.7362594604,0.746116042137
810,330.054779053,174.883743286,19.5621623993,50.3286170959,0.692883878946
810,538.434814453,179.91355896,17.4717998505,65.0392303467,0.250468519516
810,19.2796573639,202.822677612,23.1900177002,54.2190742493,0.0937442411669
810,386.874389648,197.950393677,20.207113266,44.0025634766,0.054610427469
810,379.779937744,114.81552887,32.6806678772,101.211204529,0.0484488293296
840,582.455505371,186.569473267,25.5335292816,66.7060852051,95.6185936928
840,434.95324707,181.956787109,27.6654663086,77.7310638428,94.2316651344
840,501.826690674,190.859970093,29.1329879761,69.2597961426,81.0743391514
840,409.691040039,185.603149414,19.2658634186,69.7075424194,69.6956992149
840,464.623809814,192.762573242,23.7486724854,67.7089920044,56.6938519478
840,523.047180176,190.5521698,23.1218204498,68.6372833252,25.6646752357
840,480.000518799,183.354110718,22.2373332977,71.4797744751,23.6219197512
840,107.687965393,204.870803833,20.6623897552,59.66588974,22.5965499878
840,428.873291016,186.007736206,15.7813024521,75.5960464478,10.1051561534
840,395.243896484,202.101211548,16.6911144257,45.4826812744,8.27244818211
840,452.011627197,181.309936523,19.8655910492,62.7041168213,7.17203468084
840,63.8840904236,187.892837524,33.4634590149,81.4972305298,5.32229244709
840,379.05557251,193.02331543,17.8209438324,49.2920875549,1.52605902404
840,443.931488037,181.920211792,94.3308105469,79.57396698,1.32290786132
840,124.862083435,204.197891235,28.301076889,62.3344688416,0.811866205186
840,367.69833374,137.097595215,30.2052898407,103.629547119,0.639072759077
840,431.013275146,93.5562973022,30.2427520752,109.192619324,0.00226764514082
870,555.499572754,196.186706543,30.0370693207,70.3554000854,97.5830316544
870,426.048126221,185.361953735,40.5156974792,87.2709960938,91.4873838425
870,420.099945068,192.229354858,22.0233097076,69.0077056885,75.8100748062
870,382.371582031,195.813674927,24.9844436646,67.2714004517,75.3292441368
870,477.914764404,201.406784058,26.2130260468,70.1601028442,69.2054271698
870,498.760284424,197.332229614,22.2266235352,71.4545669556,35.9832972288
870,110.902412415,203.712341309,23.2684192657,67.6974563599,4.46288213134
870,372.511627197,207.30039978,19.3195419312,51.9355163574,3.90766523778
870,460.832763672,190.82170105,26.3426208496,83.6929473877,2.04994156957
870,449.605438232,188.398391724,20.6219768524,58.5602722168,1.37180555612
870,403.740325928,198.794265747,18.5416202545,61.0790557861,1.3122218661
870,359.7628479,200.872451782,21.4129638672,52.2021179199,0.348802120425
870,347.123321533,151.922622681,24.7961177826,70.0235900879,0.228587794118
870,450.039093018,228.209350586,19.3755302429,45.7388191223,0.165924464818
870,548.003479004,239.192550659,25.4121761322,47.5676078796,0.151087634731
870,307.109680176,203.80255127,19.8029384613,48.6054801941,0.145612435881
870,382.552734375,128.973800659,21.7601242065,82.7741699219,0.115160795394
870,405.993408203,101.186378479,26.7355213165,91.451499939,0.025090330746
900,347.705047607,198.636062622,24.69947052,75.4864578247,85.836148262
900,485.829376221,199.863967896,32.9451217651,79.4819564819,85.4322552681
900,395.849395752,192.337280273,27.4743118286,95.063873291,81.9129049778
900,306.841094971,201.319198608,24.5529174805,74.1176528931,74.4578957558
900,413.508453369,199.898605347,26.5880813599,82.616897583,73.5545277596
900,442.258056641,208.59324646,23.2380065918,71.5034255981,69.7835624218
900,368.060821533,217.059692383,20.5677814484,64.3448638916,60.7520639896
900,373.048217773,196.191848755,35.6545677185,92.5708999634,36.5977346897
900,428.901885986,208.070541382,20.9329032898,71.4735641479,20.8192124963
900,293.695465088,216.993667603,18.7668800354,54.5929298401,4.8321235925
900,326.444244385,195.879043579,33.5747947693,80.5361557007,3.59779819846
900,315.270965576,106.862388611,27.9718647003,86.9505081177,2.52490509301
900,392.791351318,195.520385742,103.04309845,88.2385635376,1.85310281813
900,232.045776367,221.729293823,20.7267074585,55.1245384216,0.304302130826
900,310.314117432,137.974365234,19.9244251251,66.3588943481,0.23083339911
900,364.857025146,190.99407959,20.9237785339,55.4253196716,0.164528156165
900,277.984985352,205.734863281,25.1091632843,62.1275291443,0.143312942237
900,336.03414917,107.5703125,26.9079189301,83.9230117798,0.0456146954093
900,460.81362915,203.520019531,25.3696498871,74.325340271,0.0172561354702
900,507.240386963,199.623962402,32.4969139099,80.7733917236,0.00498395929753
930,117.850105286,190.573730469,42.5340576172,103.030906677,91.7449831963
930,199.951904297,196.94732666,30.1998767853,88.1556015015,84.4100475311
930,158.818313599,207.726791382,26.4413509369,76.4456939697,76.4701008797
930,18.1712932587,196.461135864,29.7130680084,77.2156524658,69.5485055447
930,70.5229415894,187.674316406,38.3738937378,107.394432068,60.6357395649
930,44.6291007996,192.118118286,33.9253463745,90.8975601196,39.4754379988
930,96.0397338867,190.344421387,37.1714820862,101.33405304,15.4183700681
930,413.460693359,221.239379883,25.6275463104,65.7788009644,11.6832442582
930,10.4881086349,198.542098999,21.1988563538,53.6084022522,9.75999832153
930,143.379562378,192.732528687,29.7854537964,82.4472579956,8.79666954279
930,32.5460205078,179.011398315,28.9016551971,84.1691665649,3.27922515571
930,214.772262573,195.794265747,21.4419155121,51.0043945312,0.969683472067
930,404.411590576,192.080886841,23.2639827728,62.9831047058,0.683746626601
930,25.494977951,88.0520553589,29.9484710693,104.555381775,0.623579183593
930,7.01460647583,151.10194397,26.7157058716,78.8958282471,0.39305575192
930,66.136138916,188.880310059,22.8208675385,56.6574859619,0.318319164217
930,135.017700195,237.553161621,21.2188663483,59.8142662048,0.175214512274
930,203.733322144,255.813720703,28.2398548126,58.738735199,0.0584688270465
930,56.949420929,173.192642212,21.2889957428,59.6828460693,0.0167489852174
960,125.049003601,166.560440063,52.7028770447,114.459411621,98.716801405
960,614.931030273,31.4838027954,18.5146636963,53.5375518799,0.00722928380128
990,600.541137695,200.357299805,22.1271800995,47.8094444275,35.4217678308
990,192.868103027,140.503540039,36.2310371399,108.61113739,25.2751350403
990,137.134231567,76.9393920898,91.3777236938,181.270401001,12.3514659703
990,295.150177002,144.110671997,33.6042900085,96.9227218628,10.1888760924
990,262.988342285,121.605224609,45.5636940002,118.024055481,5.25657199323
990,73.5022659302,89.4935073853,38.2687454224,113.57006073,2.24232040346
990,257.880554199,130.014221191,23.5676422119,66.1679611206,1.44858602434
990,280.419281006,204.691482544,25.6233844757,52.2261695862,0.9331503883
990,137.75038147,213.293807983,25.9508190155,49.1617698669,0.19937234465
990,52.0351982117,44.4818000793,27.5392894745,69.8154220581,0.161587784532
1020,565.791137695,209.059753418,32.3697776794,81.3374557495,61.4929437637
1020,535.536743164,200.055709839,21.315114975,65.8313293457,57.5992405415
1020,589.29864502,220.72795105,30.8221683502,80.3926315308,24.8154178262
1020,558.585266113,131.311355591,55.117275238,167.163772583,21.8309879303
1020,546.741577148,216.947891235,17.1876621246,52.8399085999,13.2708579302
1020,557.921386719,219.681228638,21.0748291016,64.7703704834,12.9297584295
1020,465.224517822,167.464706421,23.1926898956,80.8730239868,11.3681100309
1020,504.706176758,199.787918091,18.0583934784,62.0398712158,10.9503932297
1020,406.417633057,197.737716675,25.91132164,50.8609428406,7.2648473084
1020,519.647033691,155.338363647,52.6320381165,120.18737793,7.24301561713
1020,427.795013428,153.96496582,20.3805484772,51.7702140808,4.62757609785
1020,3.54538464546,85.2246856689,15.4812059402,61.1117858887,4.10090684891
1020,10.6095380783,83.3393249512,30.2168216705,83.3487472534,2.69793067127
1020,484.013641357,192.304367065,27.9851284027,69.5399398804,1.8006529659
1020,509.014892578,122.28188324,20.4349594116,62.6377906799,1.47699126974
1020,139.288391113,185.252365112,24.4148464203,58.0691986084,0.606244197115
1020,477.719848633,171.977111816,19.2814044952,61.053817749,0.604457315058
1020,528.749084473,118.764671326,35.6983985901,95.2885437012,0.542167760432
1020,499.908966064,129.392654419,18.0106067657,60.2953643799,0.470121530816
1020,532.157470703,167.104629517,19.935218811,71.468170166,0.255887792446
1020,563.464294434,98.6308517456,38.0336036682,110.694923401,0.19149373984
1020,485.805267334,143.737319946,26.7114257812,77.8170776367,0.10863468051
1020,473.533905029,211.683334351,20.9034938812,50.2709655762,0.0853642530274
1020,439.390380859,148.565933228,19.2303543091,53.0577964783,0.00316431360261
1050,603.491271973,221.123031616,28.4568347931,70.671836853,22.5417420268
1050,533.677429199,189.998123169,21.2570724487,64.9899749756,12.4208748341
1050,417.562103271,191.7709198,24.8047809601,51.6950378418,11.6729304194
1050,562.540039062,202.076217651,33.421333313,74.3407592773,11.32055372
1050,516.165222168,190.550338745,26.3450374603,76.2738571167,7.95233473182
1050,543.385498047,185.45904541,24.8705005646,57.2829284668,0.881803501397
1050,5.4813170433,132.383041382,19.7301273346,70.3891525269,0.683649722487
1050,109.45135498,188.468795776,17.2276763916,51.3837432861,0.166354817338
1050,19.2067279816,148.455184937,30.343252182,67.2272415161,0.0179659386049
1050,4.63559865952,198.73651123,16.3209533691,50.822429657,0.0121645432955
1050,506.490753174,101.592628479,35.4911117554,94.0180587769,0.00561634806218
1080,441.718139648,186.754257202,18.9637432098,53.1319732666,44.2416578531
1080,433.004852295,187.501998901,16.4270801544,45.6629829407,3.55848744512
1080,15.2666749954,191.368850708,20.2054386139,57.081451416,3.00060492009
1080,611.533630371,40.1484870911,20.3079395294,62.8939552307,1.8393477425
1080,28.582616806,186.243270874,20.8227672577,60.8273010254,1.59735623747
1080,549.718933105,64.6877441406,25.2017974854,63.4309425354,0.19146198174
1080,563.482116699,69.6498336792,26.7171344757,53.4828605652,0.100377539638
1080,42.5464897156,195.507675171,22.3475131989,53.2589988708,0.0965563405771
1080,458.283905029,132.848403931,29.5736370087,75.1196289062,0.00738997841836
1110,469.149078369,182.033691406,21.8971004486,54.312210083,95.1050698757
1110,601.129821777,58.422252655,25.9450759888,52.9378623962,13.1457656622
1110,503.430511475,172.990341187,20.7003116608,49.9588775635,8.05614665151
1110,462.912261963,179.763977051,11.6279878616,52.7986755371,3.09381391853
1110,616.636291504,74.9441299438,16.7442111969,44.6600990295,1.40196047723
1110,173.548950195,185.150192261,21.5323028564,48.1737976074,1.20512899011
1110,445.911407471,169.984436035,21.155828476,55.0733680725,0.80941291526
1110,546.047912598,152.030838013,23.4927959442,62.4345283508,0.577115872875
1110,518.780639648,32.7697181702,21.7182979584,65.2995758057,0.498641002923
1110,497.651580811,61.1577262878,22.5714244843,60.654460907,0.394693622366
1110,13.1406860352,162.055084229,23.5177059174,68.5656967163,0.0971618690528
1110,24.0661621094,134.404006958,30.0555782318,83.0169677734,0.002480679359
1140,492.645507812,180.757446289,23.3175506592,60.8606987,96.6608703136
1140,512.676635742,175.764938354,19.0707645416,53.4003334045,10.1990431547
1140,590.073608398,137.102539062,30.4055652618,69.6853790283,3.40874642134
1140,615.191894531,259.134796143,20.1552639008,59.7667732239,3.17826494575
1140,2.33098602295,116.743431091,19.7199001312,48.6453132629,2.33829598874
1140,417.023406982,180.636642456,25.8566036224,63.0387611389,1.73672344536
1140,432.73840332,175.165176392,20.9819221497,58.0870361328,1.63131002337
1140,534.981567383,177.050842285,17.8013629913,55.2614746094,1.41138816252
1140,611.157348633,181.596633911,16.6136722565,55.4419136047,1.27360597253
1140,451.006347656,166.916030884,18.9322719574,58.43957901,0.499406456947
1140,571.072021484,149.366012573,35.8799476624,73.9353256226,0.336980447173
1140,545.876647949,179.884094238,19.9151115417,54.9092597961,0.267632934265
1140,176.96446228,177.533035278,15.226143837,52.3296546936,0.111838348676
1140,530.750915527,29.1659183502,24.0485992432,70.6058731079,0.105518999044
1140,558.843566895,179.713867188,17.8997554779,54.0912513733,0.0225845651585
1170,537.511657715,171.819824219,28.4815597534,77.0071792603,98.2170164585
1170,522.344055176,178.508560181,16.4014205933,54.3232841492,76.5239298344
1170,582.207824707,164.824890137,19.1003437042,65.9565048218,41.8934166431
1170,565.523864746,174.184829712,18.0322628021,48.0173606873,27.7560770512
1170,449.27633667,177.076828003,24.7331314087,68.6745223999,10.5250969529
1170,130.111709595,156.100997925,22.3182811737,64.2958984375,3.085440211
1170,599.976745605,156.91027832,26.9635944366,86.1067199707,1.90504789352
1170,509.515625,180.156066895,16.5032482147,57.0568122864,1.8714170903
1170,162.289459229,171.079116821,17.8802680969,50.9795722961,1.54407229275
1170,474.255523682,86.1758728027,18.7483196259,65.5561447144,1.29449805245
1170,616.506774902,206.658676147,16.9449729919,45.4692687988,0.990151520818
1170,477.793548584,157.317932129,20.8111209869,75.1077041626,0.342585449107
1170,112.279594421,158.723937988,25.3263072968,67.2328414917,0.176744058263
1170,562.427307129,37.9020118713,31.1069660187,70.5687637329,0.0483663228806
1170,466.834503174,135.889480591,21.3045406342,64.2836685181,0.0475049047964
1170,550.998840332,29.1395244598,24.3299331665,67.7971878052,0.00494352534588
1170,602.346374512,41.8925056458,27.2802753448,67.3993301392,9.57855164074e-06
1200,570.020690918,166.927902222,24.8310012817,70.1872177124,95.5215930939
1200,612.413879395,159.188934326,27.5039157867,89.9688491821,68.1743741035
1200,602.391662598,167.385055542,17.0139255524,47.6063117981,51.2415349483
1200,8.42562580109,168.345291138,17.9640407562,73.5879669189,28.7762850523
1200,498.845977783,163.609115601,28.967130661,97.3204421997,12.0243944228
1200,76.8998947144,171.438064575,22.0547618866,54.0845794678,6.58036395907
1200,556.751403809,162.792480469,22.1550598145,69.2386398315,6.4203441143
1200,514.577819824,89.4999465942,20.589056015,61.5123939514,5.9585865587
1200,583.575683594,159.403915405,45.5677604675,72.8883590698,4.15733382106
1200,519.559631348,91.4314651489,30.4086322784,98.0962753296,3.55224236846
1200,517.691955566,206.084793091,23.0689182281,58.1887321472,0.877813994884
1200,114.802680969,168.855194092,18.5758037567,52.5281410217,0.865745451301
1200,91.3869628906,167.134475708,23.3268947601,56.7544555664,0.72631216608
1200,125.282775879,166.565689087,22.4858322144,58.0635185242,0.660072779283
1200,526.374450684,77.7571334839,19.0439777374,55.7342948914,0.626167561859
1200,61.3603515625,162.663970947,22.4376983643,64.255027771,0.570901064202
1200,549.790649414,177.155654907,16.5677776337,59.7001953125,0.424778368324
1200,23.1854877472,171.793212891,21.4152679443,60.430721283,0.346862152219
1200,544.111206055,115.224754333,29.6725082397,102.433403015,0.185435579624
1200,530.992248535,192.795043945,17.6481723785,56.1982307434,0.15665240353
1200,505.311981201,134.313461304,22.3557567596,57.2866668701,0.134827161673
1200,43.4978485107,156.823379517,19.9080982208,60.1550483704,0.10003130883
1200,487.421020508,145.963241577,24.6447143555,68.880355835,0.0107457715785
1230,616.540710449,36.6936225891,17.9823131561,56.2614555359,1.25026144087
1230,27.4349308014,167.695724487,18.513420105,56.7696800232,1.19314529002
1230,135.709869385,154.8800354,22.478761673,70.6598892212,0.14831792796
1230,82.1469345093,158.235488892,21.0114002228,58.1528282166,0.0434423185652
1230,37.3233528137,153.597229004,22.9209651947,70.9447784424,0.0397084106226
1230,70.195640564,157.455047607,20.6581707001,57.6754302979,0.0226917196414
1230,51.2557792664,163.81312561,18.1468048096,54.4869422913,0.0119894153613
1230,593.906494141,30.2188854218,33.0496177673,74.2148361206,0.000189474212675
1260,129.508865356,156.109176636,20.5047073364,66.9812088013,2.50591225922
1260,416.121002197,169.640151978,22.416387558,59.9221305847,1.23160844669
1260,143.616012573,167.064468384,17.8530311584,57.8248786926,0.855775084347
1260,118.831855774,175.385803223,17.4158000946,48.0963935852,0.60689500533
1260,213.181747437,122.258361816,19.4968242645,63.0356941223,0.449869967997
1260,426.217132568,157.134490967,28.4470615387,71.3556137085,0.233634444885
1260,16.5591430664,173.311691284,16.966884613,65.2484893799,0.148696859833
1260,34.1644439697,145.226623535,22.6369018555,68.6438751221,0.0265385606326
1290,426.023712158,185.773300171,18.6687984467,46.7162513733,10.6408685446
1290,437.072906494,168.291488647,21.2237186432,61.6070709229,1.42789036036
1290,578.034484863,191.969909668,29.2772388458,82.0067062378,0.750053534284
1290,35.3691444397,163.837646484,26.6788845062,58.4628868103,0.251268572174
1290,25.6860046387,153.049514771,20.2646751404,65.3260421753,0.0436897331383
1290,150.794616699,149.518112183,24.5711364746,68.0845565796,0.00544644499314
1290,136.886917114,157.550094604,19.1820716858,45.3274650574,0.00270192667813
1320,448.94430542,180.234741211,16.9444599152,57.4154815674,27.7724862099
1320,439.032226562,180.172546387,15.3951196671,47.5622520447,13.4829089046
1320,459.846069336,177.257980347,19.7782020569,59.3709564209,7.61925131083
1320,75.1121444702,76.4636611938,30.2449245453,80.4696502686,6.80024623871
1320,427.04776001,178.036911011,17.4177188873,48.827835083,1.01550621912
1320,186.387878418,166.311569214,21.4468135834,54.5213775635,0.683471933007
1320,64.863822937,103.927429199,24.1451129913,64.9893264771,0.324463867582
1320,415.021697998,171.004898071,17.8912830353,52.5508537292,0.303846783936
1320,51.7507591248,164.416412354,21.0427570343,64.0531539917,0.270428648219
1320,89.4566879272,154.351928711,27.84856987,70.9398574829,0.122239929624
1320,404.530670166,165.437210083,17.1835727692,52.9675941467,0.0274627818726
1350,465.321929932,179.753372192,15.7378721237,45.9393768311,26.772749424
1350,9.37971401215,104.905212402,26.6284713745,88.3598403931,3.73436361551
1350,514.502502441,182.21925354,22.9110641479,72.2009658813,3.12513522804
1350,610.399597168,117.320281982,20.4307308197,59.6491241455,2.62585841119
1350,474.016723633,173.757080078,18.9587554932,50.1893920898,2.37679015845
1350,604.283691406,195.587966919,18.7515869141,46.1309623718,2.26090587676
1350,6.32627248764,183.987503052,17.2132129669,57.9519348145,1.54106495902
1350,43.7535247803,50.3305969238,33.8222160339,92.9266967773,0.816067866981
1350,526.598754883,191.468307495,29.6002120972,62.7320747375,0.757594313473
1350,27.2422885895,190.296020508,22.4680423737,51.7386894226,0.686631910503
1350,439.476898193,175.528701782,18.4951629639,51.719959259,0.540641555563
1350,422.363128662,173.586868286,18.2079105377,48.0940551758,0.384308025241
1350,617.116271973,195.885757446,15.8985137939,45.7183380127,0.372160179541
1350,606.788513184,51.680934906,18.9098567963,57.8621711731,0.351993786171
1350,453.739593506,178.186508179,17.3667392731,49.7653236389,0.292210048065
1350,490.094024658,162.536270142,21.7718868256,69.609916687,0.210444349796
1350,565.985412598,46.8214912415,41.8225364685,115.970909119,0.175680289976
1350,55.3178367615,95.2071228027,20.4332771301,58.9787788391,0.153005949687
1350,44.1383781433,107.341369629,20.8638248444,56.7397346497,0.120750663336
1350,12.8169794083,144.706771851,29.9089584351,87.3536605835,0.0615130004007
1350,24.8372440338,100.210792542,28.6068954468,85.658454895,0.0398384814616
1380,553.801208496,167.70741272,23.6389865875,60.7885627747,92.2425329685
1380,517.843200684,174.195205688,22.2114620209,56.9717254639,51.0348379612
1380,462.26272583,175.50239563,16.7703971863,44.2050514221,24.6808379889
1380,491.927581787,183.859069824,21.7711086273,57.7132263184,11.7795728147
1380,616.797119141,227.348190308,17.9892997742,55.5306587219,11.0805273056
1380,504.507080078,174.979568481,23.0752506256,64.9339752197,2.33209040016
1380,446.591339111,175.945114136,17.0388298035,48.4282341003,1.62392817438
1380,597.742614746,127.117622375,21.1033210754,76.7563476562,1.38181578368
1380,575.727294922,133.900436401,31.8586292267,89.1080551147,0.728632137179
1380,536.798828125,156.849197388,29.4919757843,69.063369751,0.454137008637
1380,472.343536377,172.115127563,24.6629123688,54.1906738281,0.4423674196
1380,601.336425781,185.593063354,29.3067378998,82.0684127808,0.429505016655
1380,11.1643877029,161.519851685,27.7020721436,74.4609603882,0.276591908187
1380,8.36336612701,47.8398933411,29.2845535278,64.7517700195,0.229644635692
1380,394.284057617,161.169204712,20.4641933441,47.9831428528,0.144473067485
1380,66.2129058838,154.338424683,21.1495685577,53.6036872864,0.018088487559
1410,614.721191406,161.634994507,22.1131057739,70.3003845215,91.8311178684
1410,549.094299316,168.003311157,27.6418304443,73.544418335,86.7429256439
1410,482.717437744,172.973251343,21.5277786255,49.4019622803,63.172763586
1410,463.529754639,176.900802612,17.1902732849,46.5390930176,48.0094611645
1410,539.967773438,171.39074707,17.207616806,58.2285118103,14.4458562136
1410,67.860496521,190.461227417,19.5706253052,50.5632667542,6.47397860885
1410,567.433837891,137.83140564,41.1990242004,119.045143127,4.35926243663
1410,419.303833008,144.110519409,20.2138233185,72.3742141724,1.62160228938
1410,433.495849609,147.886352539,21.0473537445,77.4909591675,1.25999823213
1410,589.90246582,134.315979004,24.0231685638,73.2989196777,1.19552845135
1410,525.053894043,178.485839844,22.7867031097,57.8506317139,1.14303734154
1410,566.493103027,165.908889771,19.620300293,66.7284317017,0.663425028324
1410,496.528442383,171.913894653,19.7231788635,51.4813499451,0.343955727294
1410,568.814575195,202.301864624,20.73869133,62.1734466553,0.182802125346
1410,19.0626907349,152.134674072,22.4038181305,62.3009605408,0.0296379119391
1410,428.999664307,131.867004395,20.2447891235,54.0564079285,0.0152886525029
1410,390.521575928,113.028511047,23.0829410553,60.9663543701,0.00685573468218
1440,534.647033691,169.471633911,22.9407863617,57.7688140869,93.8131392002
1440,498.214233398,170.251174927,16.7668743134,60.7397460938,85.034930706
1440,522.588928223,167.813613892,20.2526664734,56.7662696838,68.0254817009
1440,513.303894043,170.77130127,17.1599063873,55.8155059814,14.52229321
1440,463.875213623,183.790878296,16.3129997253,44.7034950256,5.02195209265
1440,151.375076294,170.664779663,20.5487003326,54.2159843445,0.422164052725
1440,445.388031006,100.883018494,21.5945339203,73.2837219238,0.405436288565
1440,473.557250977,181.293762207,17.3615703583,49.1379699707,0.243571423925
1440,6.89131355286,190.759094238,16.0799312592,54.7606086731,0.0676833442412
1440,170.697814941,171.176818848,17.1665935516,52.730758667,0.0419477786636
1470,579.25,161.247436523,28.5361499786,71.5527267456,91.8660402298
1470,427.431518555,177.40473938,22.4869232178,53.3908233643,87.2480034828
1470,458.928741455,181.197555542,19.4640579224,48.105922699,71.2124586105
1470,562.993591309,173.711685181,19.3696937561,58.5459251404,55.0553560257
1470,596.17956543,171.971679688,24.1149730682,61.1762504578,33.1973344088
1470,443.746704102,175.908157349,22.8914089203,55.8983955383,24.0244030952
1470,510.332183838,183.240036011,20.8803806305,46.2396125793,4.52243350446
1470,19.2174835205,187.145568848,20.071352005,47.0617027283,3.45974229276
1470,122.732055664,169.036087036,26.6584949493,59.9168434143,0.54564406164
1470,616.315490723,187.574661255,16.1060428619,48.048538208,0.307753449306
1470,369.095184326,87.8957214355,23.138010025,61.2924156189,0.280708563514
1470,112.389411926,175.955886841,17.9985637665,49.5137634277,0.0756298482884
1470,140.486663818,169.004013062,20.3684196472,56.9385108948,0.0730434258003
1470,411.900726318,76.1816101074,25.0304470062,76.7559280396,0.0375512056053
1500,403.045013428,175.744445801,28.8836917877,58.6272544861,98.6983954906
1500,441.230438232,168.852905273,28.0354595184,60.0113487244,94.8756635189
1500,569.739990234,160.803787231,26.633687973,81.6600112915,88.6847198009
1500,13.6317520142,196.360702515,18.5930309296,41.1850852966,46.620324254
1500,602.951965332,192.375747681,25.9042835236,66.0999221802,12.9294812679
1500,558.536499023,175.519592285,20.0165557861,62.0837059021,12.7291887999
1500,421.712554932,165.787338257,21.682510376,62.2386169434,5.99391013384
1500,586.937194824,162.228775024,19.0579223633,62.3756065369,5.57418614626
1500,520.571472168,195.301635742,20.5524272919,43.5548362732,4.90979850292
1500,615.899719238,39.0202293396,19.1405925751,67.7505950928,4.01100739837
1500,616.499755859,216.304916382,15.8251008987,49.307926178,1.84473022819
1500,111.781311035,159.706253052,25.3147277832,65.2519760132,1.59401185811
1500,604.738586426,48.876373291,23.8366394043,91.6161117554,0.126527552493
1530,368.389678955,174.134399414,27.2521209717,71.1019821167,99.4756996632
1530,412.577667236,169.932373047,29.7603740692,65.231048584,98.4068214893
1530,8.366147995,192.066970825,16.1459178925,44.0000648499,51.6330420971
1530,358.123809814,171.937210083,17.0530376434,68.7058639526,44.2754268646
1530,458.765777588,139.94229126,26.4129180908,72.1710891724,36.4976406097
1530,578.205383301,202.135437012,20.3172874451,47.4568328857,21.1538419127
1530,388.666229248,171.588012695,18.9783153534,65.739151001,5.88934570551
1530,401.68447876,170.890380859,18.6307945251,63.6248817444,1.43101550639
1530,348.328521729,173.954788208,17.184343338,51.1709594727,1.26586956903
1530,433.800537109,163.612991333,21.4543094635,54.704284668,1.14383315668
1530,203.889785767,195.423110962,21.13813591,61.2755775452,0.644479459152
1530,444.328216553,145.318817139,24.7447338104,63.5088157654,0.604164181277
1530,220.163879395,170.169692993,20.0405139923,43.7342033386,0.191646907479
1560,292.953887939,168.499572754,41.0232009888,96.1247940063,98.6694633961
1560,346.698699951,160.764968872,38.9369239807,91.3732299805,97.9999959469
1560,266.263580322,172.222396851,25.0792865753,82.9601593018,96.1983263493
1560,592.162536621,170.478012085,16.0619487762,47.4882507324,4.86929453909
1560,317.865509033,173.095230103,21.0164089203,59.5093269348,2.44569610804
1560,153.457824707,202.250961304,20.8865737915,58.5616493225,2.27083917707
1560,335.347686768,168.096069336,17.007352829,55.1784248352,1.35134439915
1560,613.186706543,162.14100647,16.6719150543,52.2788658142,0.850310362875
1560,460.605926514,124.411262512,23.1502017975,62.9729347229,0.7069632411
1560,141.963104248,208.908203125,19.9500923157,51.797744751,0.295183574781
1560,92.452545166,157.487670898,27.2697887421,67.8635940552,0.279142195359
1560,369.259368896,168.748947144,21.1541290283,54.5438346863,0.0862777873408
1560,165.4480896,176.308364868,24.4457416534,60.9934806824,0.0232729624258
1590,193.259277344,162.128952026,50.5695495605,118.495933533,99.8234510422
1590,265.68069458,158.288223267,50.1783561707,106.137382507,99.012863636
1590,149.395553589,168.705795288,38.3449134827,98.5952072144,98.3378052711
1590,455.298614502,163.622879028,22.0806255341,55.5234947205,97.050434351
1590,363.742279053,170.752578735,20.6532897949,51.10754776,80.66816926
1590,330.926025391,168.822769165,26.4424819946,54.239440918,79.2336046696
1590,469.320892334,160.793014526,21.330039978,55.2702293396,15.0708407164
1590,493.995483398,159.755386353,19.7307624817,55.1293792725,11.2812675536
1590,442.342071533,159.876495361,17.6210861206,54.588394165,9.72930639982
1590,616.340209961,169.272094727,16.2986354828,44.8070030212,3.07161938399
1590,430.321044922,157.659484863,19.0751743317,58.7399101257,2.60927211493
1590,293.591339111,165.720932007,18.9682064056,59.2403755188,2.00296957046
1590,72.3140792847,190.371231079,29.8814926147,64.9073791504,1.40350395814
1590,476.255767822,124.676902771,24.098449707,70.855255127,0.811217539012
1590,375.991668701,165.614486694,18.3474254608,51.0144691467,0.579916965216
1590,191.063781738,163.301940918,20.3430271149,66.1921005249,0.398171460256
1590,169.796768188,200.608352661,23.4122543335,61.4599723816,0.286088511348
1590,215.923217773,152.121170044,66.0156173706,122.762207031,0.180819595698
1590,387.360931396,161.349212646,20.1237640381,51.6344184875,0.117261440028
1590,444.245697021,32.7563438416,30.1637516022,90.8049926758,0.0506124808453
1590,18.0881748199,145.153091431,22.4658966064,53.1375694275,0.022995704785
1590,118.018890381,159.714294434,39.5671348572,104.639717102,0.0066303749918
1590,389.864349365,37.1602363586,34.5036315918,64.4235458374,2.27115570794e-07
1620,49.0553703308,148.500259399,55.971698761,143.966171265,99.1900503635
1620,145.099273682,144.863021851,55.7111625671,130.919494629,98.0451285839
1620,253.163452148,163.552658081,25.6661548615,59.4129333496,96.7463612556
1620,227.817382812,163.711288452,27.448677063,53.6658210754,90.173470974
1620,291.193084717,165.867584229,25.0692081451,55.5335083008,89.3035888672
1620,9.36743927002,145.654586792,41.895565033,126.056144714,89.0126824379
1620,134.134094238,154.936798096,25.1394882202,71.8045883179,78.1399846077
1620,436.875823975,146.324142456,24.1491756439,70.4184570312,15.8627390862
1620,525.323791504,157.397689819,21.9059391022,49.8025970459,5.0375148654
1620,390.181152344,130.031265259,29.5407867432,77.2102890015,4.0710311383
1620,176.138290405,163.930511475,24.3278884888,71.1691207886,3.59189398587
1620,328.874237061,154.723876953,20.3980560303,59.7519493103,3.41045223176
1620,31.1137008667,153.357055664,24.0745697021,77.4877090454,1.49770155549
1620,5.91646051407,141.216247559,23.8406772614,68.342124939,1.12790949643
1620,423.509399414,158.307266235,24.1925563812,58.4675559998,1.05698583648
1620,473.848754883,109.900115967,34.316204071,88.9283065796,0.922414008528
1620,46.2785186768,155.280273438,25.3614501953,82.6660690308,0.429449183866
1620,89.9767227173,147.454849243,18.824640274,63.0014457703,0.375680462457
1620,408.637542725,130.406204224,26.2173442841,78.9432220459,0.361621938646
1620,1.78714430332,165.481552124,16.8699436188,68.1708145142,0.142509769648
1620,163.831436157,145.620956421,25.1825942993,66.6907424927,0.0261688284809
1620,341.619995117,157.839767456,19.3559207916,50.1460914612,0.0221824098844
1620,22.8851852417,141.657577515,22.4434509277,62.1850585938,0.0115757902677
1620,448.081817627,40.8748855591,33.9861106873,80.2319412231,3.15592024736e-08
1650,11.2862977982,148.022109985,53.7418937683,146.436386108,99.0730106831
1650,214.377548218,164.712524414,26.8324127197,62.2239112854,96.0122346878
1650,163.514572144,168.11869812,21.9365005493,59.3135223389,94.1891431808
1650,257.138671875,176.572875977,22.5541763306,50.5459747314,92.2850489616
1650,287.19744873,174.020553589,21.8844280243,49.7837257385,86.8186950684
1650,185.284957886,171.66986084,22.3191356659,49.5514984131,66.5505945683
1650,197.662796021,162.848617554,25.851556778,66.5928497314,34.4202011824
1650,274.813934326,174.164199829,18.5588588715,55.8111877441,2.55572162569
1650,235.645401001,165.829421997,29.7185688019,64.3517074585,1.86718646437
1650,39.6197166443,146.925109863,28.299041748,86.1498336792,1.49023840204
1650,398.384033203,118.861724854,28.6964645386,86.1767196655,0.602903869003
1650,10.1017217636,168.240005493,26.5899066925,87.6270980835,0.33877552487
1650,500.261444092,105.352935791,21.7103652954,62.1805229187,0.20221141167
1650,6.39477157593,160.820617676,17.5755062103,59.6713905334,0.164265767671
1650,124.852256775,131.222686768,26.8649196625,63.3086700439,0.160343723837
1650,387.894989014,154.562683105,21.1439533234,59.125202179,0.147144345101
1650,57.0080566406,121.824607849,26.2438201904,92.7082748413,0.133154448122
1650,26.6580867767,147.759872437,23.9841785431,66.946723938,0.0873922894243
1650,507.952148438,44.0176048279,32.4734268188,104.201080322,0.0486371805891
1650,419.894317627,140.041931152,18.540807724,53.2731781006,0.0474580097944
1650,150.298110962,132.191879272,27.6863117218,60.7892799377,0.0356419652235
1650,434.34274292,132.744018555,20.0941562653,56.4737052917,0.00645696927677
1650,455.214599609,26.8030452728,35.6455421448,97.681312561,0.00263883757725
1680,403.590606689,105.414398193,32.9370384216,120.034301758,33.1440329552
1680,451.287811279,163.186401367,19.759431839,58.7389831543,1.82421989739
1680,421.974639893,168.300704956,21.1801052094,56.4883079529,1.77830252796
1680,519.253845215,177.910888672,22.1778106689,49.2673454285,1.29450997338
1680,492.991210938,178.409347534,21.6765079498,47.2591209412,0.824012979865
1680,461.143463135,153.001831055,21.2703762054,66.3362503052,0.586477387697
1680,443.484588623,143.665817261,17.0104312897,60.8153877258,0.191929098219
1680,425.757965088,125.046913147,27.8484554291,89.5283889771,0.140474794898
1680,436.322052002,171.213851929,18.409318924,52.4693870544,0.125324598048
1680,511.566436768,101.694847107,22.1009731293,62.6890449524,0.102387205698
1680,470.005279541,27.1895236969,32.066318512,94.5952835083,0.00443134267698
1710,93.0661010742,184.872192383,25.5894451141,60.2038383484,99.7195482254
1710,52.9292488098,185.461669922,23.6814823151,60.2539825439,98.1365919113
1710,139.432785034,178.28855896,27.6217670441,60.8650398254,94.0511822701
1710,163.348922729,185.339187622,22.708190918,51.8668022156,83.726978302
1710,202.580978394,183.472183228,23.2167358398,53.6514625549,78.9016366005
1710,42.0629386902,187.341110229,18.5249271393,45.3351287842,0.614043464884
1710,129.861679077,159.573287964,21.3856716156,50.1518669128,0.0551858800463
1710,443.523193359,84.4165267944,22.475851059,60.1978874207,0.0021471081709
1710,473.164306641,37.1396217346,36.0670127869,91.2745285034,1.34414157582e-07
1740,102.555755615,183.597427368,29.5791454315,60.6927375793,98.366689682
1740,353.282623291,169.211166382,30.8108043671,71.4188156128,96.6178238392
1740,53.6839408875,190.552734375,23.8416919708,51.1308097839,93.5253202915
1740,278.235168457,184.220275879,26.1757507324,57.869430542,92.426019907
1740,155.16065979,183.353256226,33.0089149475,60.8252868652,90.6926751137
1740,413.961212158,167.923309326,26.1339740753,60.1559906006,41.4866864681
1740,148.19883728,184.211074829,18.221616745,58.2219276428,8.18888768554
1740,126.490264893,182.303451538,22.7131786346,57.37682724,4.36432138085
1740,455.292572021,157.491821289,19.9623222351,58.9013710022,1.45392026752
1740,466.636688232,171.851623535,20.665473938,56.4556999207,1.15611050278
1740,68.1477508545,172.384521484,21.3894443512,61.8324432373,1.0101871565
1740,84.6452560425,172.669082642,14.8507575989,54.5662841797,0.726148020476
1740,425.494628906,135.457763672,30.0839309692,90.8651046753,0.70496853441
1740,491.877807617,182.826293945,20.9320774078,50.706237793,0.595309911296
1740,46.2060279846,185.352615356,16.3628940582,50.6077537537,0.45863087289
1740,444.331695557,164.994186401,19.9277133942,65.0546798706,0.4195057787
1740,339.684570312,172.16758728,18.3598022461,54.574798584,0.314326491207
1740,2.37500309944,177.972183228,20.5390796661,59.8434410095,0.173045648262
1740,31.2307071686,164.449935913,25.3951206207,60.529510498,0.0732414773665
1740,16.8138504028,193.095230103,22.0606384277,53.7751121521,0.00757591187721
1740,445.225067139,88.6373519897,21.0231819153,57.9739074707,0.00594686680415
1740,136.800430298,165.228775024,17.8292255402,47.8383026123,0.00563822977711
1740,470.329101562,35.720287323,34.3823890686,87.5047683716,6.25014484612e-07
1770,48.4480705261,128.526779175,114.163269043,243.917053223,99.4982361794
1770,410.527252197,179.8359375,23.7929382324,61.6504936218,93.507039547
1770,114.285102844,138.330932617,34.6078300476,79.7388458252,19.5035025477
1770,343.023681641,178.297286987,21.4495391846,52.1041870117,6.45410716534
1770,333.932525635,174.847244263,17.5258388519,48.3655967712,5.31516112387
1770,57.1523132324,232.227096558,48.8800354004,141.683547974,2.40245088935
1770,460.397613525,164.15385437,21.6412258148,66.3635787964,1.83897428215
1770,68.4251937866,305.573822021,26.0244998932,65.6335601807,1.47858867422
1770,450.911987305,158.468719482,19.9651870728,59.627986908,1.29438862205
1770,45.5755310059,153.342819214,54.380153656,136.50793457,1.24482931569
1770,490.228973389,182.432540894,19.9333248138,48.399433136,0.990837998688
1770,425.627410889,177.736038208,20.4869556427,56.8342552185,0.845623202622
1770,441.570953369,147.315658569,19.3262557983,59.3625183105,0.121618120465
1770,138.068099976,136.456985474,18.6416969299,51.0557518005,0.0631600036286
1770,506.342010498,113.358024597,31.9971828461,76.6523513794,0.0592616212089
1770,85.7765426636,229.413406372,56.774307251,134.702377319,0.0577492290176
1770,78.893913269,139.677856445,55.4711265564,121.554450989,0.0287416216452
1770,86.1634597778,314.628051758,21.7594146729,50.2070198059,0.0219483263209
1770,55.5987358093,219.889450073,28.5631103516,71.2114181519,0.0156214868184
1770,445.631561279,86.629119873,20.8689575195,59.0572090149,0.00559888394491
1770,472.569610596,36.3247299194,35.9556236267,81.8097381592,8.01638755377e-07
1800,216.770996094,131.992767334,135.422195435,251.666320801,99.6507227421
1800,48.5906410217,143.768737793,106.794563293,212.168380737,99.3337929249
1800,28.1201381683,188.968582153,27.8727245331,60.8499412537,99.1351902485
1800,203.567184448,185.184143066,26.0867080688,58.1916618347,96.6097652912
1800,11.0225830078,193.910476685,18.6899471283,48.5331115723,26.5347391367
1800,233.746078491,144.45866394,60.9640541077,140.961288452,20.9363624454
1800,26.6546268463,150.652481079,57.6765937805,197.316574097,18.056024611
1800,64.6709747314,155.567932129,48.0655403137,125.028160095,4.30408418179
1800,64.2268066406,293.822967529,26.2424869537,56.8744812012,1.69226750731
1800,65.0298538208,165.819869995,22.8064498901,71.3341445923,1.69158093631
1800,208.43812561,164.98274231,56.0517539978,153.549819946,1.61782037467
1800,61.6420860291,227.844314575,51.7653694153,123.149131775,1.28945102915
1800,104.203697205,248.098388672,35.17786026,101.610557556,1.24920727685
1800,92.5037841797,131.907943726,49.464263916,140.925720215,0.773207331076
1800,121.205413818,133.768554688,19.7775211334,65.7485046387,0.216024764813
1800,49.7746238708,182.709182739,20.1617507935,54.0247001648,0.176242156886
1800,239.003738403,217.301193237,38.5906486511,105.894813538,0.0951573252678
1800,279.403411865,156.489852905,60.1303215027,136.178909302,0.0764607277233
1800,509.936676025,111.339042664,23.2717761993,63.2405204773,0.062262499705
1800,235.173522949,274.966888428,35.4613075256,100.619537354,0.0290332915029
1800,130.909927368,158.055541992,19.2165584564,55.773853302,0.00709225569153
1800,477.424194336,29.8445606232,27.7832889557,64.0018157959,2.06212593667e-06
1830,203.207885742,139.459121704,92.4224624634,215.673965454,99.1663694382
1830,318.014434814,185.978713989,30.6439723969,54.9321479797,96.194177866
1830,389.434906006,138.90675354,127.240653992,236.858474731,95.892572403
1830,1.42425215244,186.279190063,18.5251750946,59.855846405,94.7159409523
1830,81.5533218384,146.179199219,67.8819198608,130.474609375,85.6435120106
1830,46.9597473145,195.845458984,18.608455658,46.6738929749,59.8046541214
1830,380.344146729,147.542358398,66.5642471313,162.361984253,44.7933554649
1830,61.9818382263,192.929153442,17.568523407,46.6869239807,26.4952093363
1830,454.663238525,134.616592407,54.8865242004,145.859909058,13.4101182222
1830,48.9097175598,173.216415405,58.1380653381,90.7156295776,10.9019882977
1830,200.141738892,176.384567261,23.30037117,55.3033103943,9.65783596039
1830,111.838493347,147.426696777,26.4885864258,81.1250076294,8.24799388647
1830,397.250152588,161.474914551,33.413646698,94.1818771362,7.91141688824
1830,411.645629883,205.41960144,54.8469581604,146.631729126,6.49177804589
1830,245.816635132,161.481643677,49.4061775208,102.853507996,3.50920334458
1830,203.25793457,154.342819214,40.3222999573,98.3212509155,2.41698548198
1830,380.201446533,171.579101562,30.1501522064,73.9900894165,2.21182648093
1830,126.462188721,162.255111694,24.3700618744,66.1705703735,2.20425091684
1830,73.7907333374,187.576034546,18.5723953247,51.1022491455,1.26195885241
1830,457.180938721,215.610641479,59.9192352295,147.957046509,1.10616283491
1830,12.8478517532,183.128234863,18.1105690002,53.2900428772,0.994962640107
1830,415.465545654,128.502670288,47.6531829834,118.35660553,0.83765424788
1830,529.124694824,158.089691162,18.7459411621,52.7144927979,0.651406310499
1830,205.232040405,274.925872803,36.8031272888,78.1508102417,0.36989597138
1830,38.4437408447,185.519165039,17.9718093872,49.1452331543,0.3488966031
1830,460.110076904,300.222137451,23.4946975708,64.9689559937,0.200773426332
1830,465.639068604,129.841674805,26.9113826752,65.0752639771,0.113122013863
1830,481.246246338,184.729141235,31.3589096069,82.3242111206,0.0953506969381
1830,24.8176364899,176.012802124,20.0072193146,54.4587364197,0.0932880153414
1830,415.941558838,188.5599823,25.838142395,92.7447509766,0.092550762929
1830,436.208831787,267.501434326,50.7865447998,106.687866211,0.0729545718059
1830,506.422943115,192.05696106,20.1839447021,45.8677177429,0.0168427839526
1830,446.289215088,91.4267349243,19.6174182892,52.4319648743,0.014865877165
1830,10.8198547363,136.938583374,21.5082244873,70.0733947754,0.0135183145176
1830,512.400085449,108.858642578,24.8979721069,80.8909454346,0.0083461527538
1830,428.793121338,294.570709229,29.7425861359,76.6187820435,0.00730824976927
1830,477.637054443,25.8236160278,26.975944519,70.8306732178,6.77008671346e-07
