30,477.369110107,161.030456543,20.3385639191,51.0207176208,35.1150691509
30,602.812744141,88.3542098999,23.7029037476,72.2012786865,11.65246889
30,507.37121582,165.843566895,16.2845249176,48.288898468,8.39084908366
30,578.810852051,170.313476562,19.1690368652,48.2225379944,0.399861205369
30,495.888275146,160.3150177,15.866850853,50.2837562561,0.324928690679
30,615.363769531,108.321052551,17.9285354614,46.8395195007,0.124305754434
30,140.088623047,145.086029053,26.6048145294,61.1240501404,0.00372656068066
60,540.335266113,162.223892212,19.7075977325,56.9170684814,58.446252346
60,551.203552246,167.816925049,19.4565906525,54.6725502014,14.9306565523
60,510.177886963,136.37550354,21.6344451904,69.246421814,2.66566742212
60,91.3231430054,135.383071899,30.0949172974,76.4932022095,0.000223274469136
90,553.433898926,95.6937179565,22.972700119,85.0389328003,3.07532791048
90,599.612365723,170.264694214,21.4071445465,58.0067405701,1.77122019231
90,431.091888428,135.207489014,18.8060951233,52.2104682922,0.726025225595
90,531.917175293,55.5684547424,28.0876941681,89.8468704224,0.541561283171
90,148.674987793,161.119934082,25.7675952911,54.5580940247,0.142137391958
90,522.124023438,119.484153748,19.5647277832,51.0252571106,0.128479872365
90,372.188568115,164.136856079,19.6895465851,53.122089386,0.0382613216061
90,547.858337402,66.7312393188,21.1532497406,66.9034805298,0.0162550306413
120,506.84866333,168.296600342,18.0665454865,44.4933815002,49.5783299208
120,417.211212158,172.219894409,16.9356117249,62.8857154846,22.295562923
120,400.687347412,173.052734375,18.0560035706,56.4018669128,1.79273635149
120,45.6789093018,151.914993286,24.8307285309,71.1370010376,0.0655410171021
120,53.7525520325,118.254371643,29.8052959442,77.236579895,0.0119076430565
120,150.775177002,139.950027466,20.6934452057,62.1170463562,0.00779704132583
120,614.364318848,29.5922870636,22.6840667725,58.3957977295,2.34437180779e-05
150,449.934570312,166.937698364,30.6586704254,92.9785461426,87.2857272625
150,287.342681885,168.580688477,39.679775238,63.9188117981,48.5100924969
150,618.585510254,188.684677124,16.1501274109,51.0914955139,37.4332159758
150,576.404541016,165.456039429,21.3821029663,61.3569030762,15.4858499765
150,439.861602783,173.488601685,22.3649139404,60.2336997986,9.70563963056
150,596.972351074,79.2755126953,28.3625736237,82.7873916626,3.51736955345
150,586.067199707,182.329238892,26.7960567474,60.1447296143,2.77426466346
150,603.890686035,185.686935425,23.2382583618,62.173122406,0.891597755253
150,580.61126709,86.3740768433,30.7250900269,84.5026626587,0.591593980789
150,614.838989258,66.8190841675,20.1102027893,54.6275749207,0.391732761636
150,530.347473145,108.914512634,20.7011051178,59.836391449,0.369178317487
150,13.2781915665,97.3205947876,32.5934944153,99.9600753784,0.0968899286818
180,558.536804199,142.210952759,59.3724632263,174.67225647,98.7892270088
180,340.596740723,171.514831543,37.0434265137,65.1234893799,72.5698828697
180,8.32962989807,69.1647415161,20.2855796814,47.6353721619,7.95032903552
180,598.104431152,177.060165405,34.9254646301,120.22808075,2.6912195608
180,547.840332031,156.324478149,36.6570892334,118.18460083,1.75453778356
180,614.201782227,52.3094787598,17.6655197144,53.1081581116,1.20945386589
180,603.137145996,93.2683792114,23.689119339,70.6877212524,1.03111881763
180,203.947921753,148.098922729,26.4172058105,59.7356109619,0.547789083794
180,552.873474121,119.587486267,30.5349884033,77.6940383911,0.142793776467
180,580.892700195,99.0790786743,28.0028476715,99.054145813,0.000457463693238
210,333.131835938,172.095336914,37.0918769836,70.1229476929,59.612673521
210,617.524414062,100.625305176,18.3393573761,52.4462776184,7.76170641184
210,15.0166978836,181.540222168,15.9823312759,45.4442634583,1.59183498472
210,4.15036249161,187.476119995,19.7262058258,49.4168739319,0.725180841982
210,505.731933594,183.584915161,30.1865615845,69.4288024902,0.210285559297
210,58.033115387,100.241188049,35.8106956482,111.402008057,0.00989747131825
240,312.612365723,175.920730591,34.806312561,69.4624862671,11.8630744517
270,305.083099365,179.637084961,32.5366783142,68.0805358887,53.039842844
270,611.019226074,166.521469116,24.9826602936,56.60206604,13.612665236
270,421.112426758,170.811019897,21.2960681915,57.3225250244,0.646629370749
270,106.11894989,179.286376953,21.0132045746,49.1414985657,0.219664373435
270,88.0522232056,172.09602356,17.2203884125,46.2158813477,0.165098824073
300,290.244781494,173.508834839,29.2553920746,66.959564209,12.7710044384
300,7.08447599411,170.791748047,20.8003292084,47.3549003601,10.6575354934
300,409.49609375,180.237731934,20.2621231079,43.4665565491,1.41533873975
300,425.859893799,179.017868042,20.7159137726,50.5049743652,0.965555105358
300,567.997741699,182.015945435,21.1763706207,68.5182571411,0.19000765169
300,575.939575195,212.443847656,18.2171497345,73.7902908325,0.142907781992
300,507.673492432,167.649917603,23.3134670258,53.0762786865,0.138469855301
300,538.485168457,182.086013794,19.0646343231,58.5516777039,0.0637729652226
330,287.070495605,181.488220215,26.7896556854,56.1266784668,30.7503223419
330,477.280059814,165.001983643,25.0139331818,59.3835716248,1.74765679985
330,608.798034668,178.572952271,20.6401844025,51.4525299072,0.666974950582
330,623.800354004,169.571578979,16.1996459961,61.8905220032,0.399644393474
330,7.95801210403,188.362304688,15.7531824112,60.2189369202,0.288440333679
330,308.645599365,166.669174194,19.4914512634,54.4920005798,0.0824288697913
330,156.512084961,125.695198059,20.2898426056,64.1159820557,0.0307135778712
360,6.70882558823,173.977615356,21.5289897919,65.5737686157,23.1480628252
360,297.540618896,185.246505737,27.8175830841,53.5976448059,10.5457961559
360,461.832672119,174.466995239,22.6047725677,53.9552612305,8.12957659364
360,511.623626709,52.3978157043,64.9853897095,187.034744263,1.179301925
360,475.350189209,182.647415161,18.6564083099,46.0200386047,1.16621414199
360,609.634033203,169.161849976,20.3759250641,63.3103523254,0.997033994645
360,181.85585022,167.594100952,19.7386798859,53.088470459,0.41384883225
360,532.83807373,171.470947266,19.5586204529,63.0896186829,0.14646894997
360,408.993560791,160.185317993,18.6380214691,46.5337028503,0.0806895957794
360,124.323234558,162.77507019,27.2745819092,58.9984588623,0.0412666442571
360,418.968597412,156.382827759,20.4433116913,48.7721214294,0.00802278082119
360,435.971588135,161.908859253,20.4238452911,53.8872566223,0.0057723664213
390,502.7371521,185.112991333,28.1789169312,56.9475364685,1.61005295813
390,4.97736406326,198.809448242,16.3912944794,51.02501297,1.38164702803
390,439.822906494,149.863800049,19.7993984222,55.9767456055,0.154449068941
390,423.482299805,157.761764526,24.6529006958,54.4451789856,0.0659054727294
420,595.530639648,186.738937378,25.3039989471,65.5522994995,47.7658838034
420,116.524353027,184.856552124,16.1168766022,46.1003684998,17.7279934287
420,613.283691406,183.496643066,17.4022693634,63.9226112366,13.0907490849
420,578.233459473,181.249282837,22.1899642944,65.8137130737,8.14532637596
450,134.694992065,150.025131226,21.7414531708,57.3644294739,0.668351352215
450,305.842132568,168.277755737,26.5905857086,61.1603050232,0.586622580886
480,473.388519287,124.768592834,23.4285068512,90.8489074707,18.2718813419
480,10.8934249878,179.30859375,18.1548748016,47.5759162903,13.5497748852
480,548.82824707,146.682998657,23.6208667755,60.0171470642,4.38257046044
480,462.196289062,182.950576782,20.7170734406,41.3365211487,1.53981558979
480,189.630905151,165.377670288,19.3599262238,49.2128715515,0.639082770795
480,16.8762054443,122.939674377,33.2212677002,97.5398025513,0.433031097054
480,40.4556312561,179.960861206,19.2262592316,46.7209815979,0.29005841352
480,487.49331665,139.778121948,20.1458816528,55.8427124023,0.277632032521
480,24.2998905182,177.084823608,22.6507778168,50.7098045349,0.0474312866572
510,483.772369385,158.853759766,17.847530365,51.4020233154,6.84699416161
510,529.231872559,95.312461853,18.6552886963,68.5274047852,4.27575856447
510,68.2295227051,122.281013489,24.8968639374,66.4416275024,4.08444292843
510,296.379852295,164.742141724,23.032075882,49.8323669434,2.38043703139
510,610.703430176,169.302764893,19.6806316376,45.1543922424,2.16030236334
510,423.604217529,145.431274414,17.0304031372,53.32604599,0.771279120818
510,524.531066895,165.736663818,19.9005355835,55.6853179932,0.744269276038
510,499.930511475,156.116195679,17.8876037598,55.2784690857,0.622439524159
510,470.407073975,162.454971313,16.9446277618,48.9026756287,0.616154773161
510,5.62884283066,84.7645187378,19.6850719452,63.8611717224,0.579778756946
510,507.966888428,160.857849121,25.262922287,59.4838905334,0.4819908645
510,444.1690979,132.208190918,20.6987514496,65.9165344238,0.417110417038
510,530.891052246,132.096298218,20.5204353333,56.5773048401,0.258627091534
540,453.679779053,158.922622681,17.408285141,48.0299263,7.27411359549
540,24.2782344818,96.6659927368,30.8272228241,101.138702393,6.12747259438
540,615.257385254,201.029403687,17.1210212708,46.37707901,5.58695346117
540,15.7423353195,94.4056625366,25.8687648773,58.1342277527,1.63749661297
540,463.354980469,165.376800537,15.7365188599,45.5181617737,0.646503362805
540,299.26373291,158.550216675,30.9495754242,56.6603546143,0.645078206435
540,428.342803955,148.431518555,22.4265079498,59.9603271484,0.153418269474
540,546.25390625,156.149383545,20.562953949,58.1191253662,0.118726014625
540,590.277038574,154.425964355,21.4651107788,63.7753410339,0.0849355652463
540,29.0228271484,176.835449219,16.3537654877,43.7785987854,0.0456839043181
540,419.411010742,146.333374023,18.1295375824,54.1295127869,0.0452631793451
570,542.00378418,115.896080017,19.6191616058,53.1367454529,4.73009943962
570,436.641723633,125.062889099,19.6965045929,56.0449333191,2.29028370231
570,612.9140625,148.572402954,21.7294368744,57.2719573975,1.78968682885
570,480.179443359,141.680130005,16.8714580536,49.2487030029,0.652121054009
570,299.136077881,129.130691528,26.3830032349,60.0393638611,0.576399313286
570,419.033813477,139.173583984,17.8167362213,44.5535926819,0.273666996509
570,51.5238456726,86.4561080933,31.3939647675,87.0336303711,0.218526250683
570,454.761810303,103.512260437,24.4447841644,81.2841567993,0.147206266411
600,605.365356445,184.24546814,20.0303440094,51.3777732849,33.4810853004
600,472.34362793,145.411483765,19.6063423157,59.3039360046,6.26055821776
600,599.654663086,114.456115723,33.7401504517,117.347572327,5.73019087315
600,93.7632980347,164.685821533,21.9968318939,46.975933075,4.63255979121
600,579.770812988,129.817749023,20.9374980927,57.5263557434,2.97986865044
600,590.017944336,154.624938965,27.9035778046,71.3294143677,0.93140611425
600,491.933563232,142.520263672,25.2177734375,63.9236183167,0.479803560302
600,453.686126709,126.997558594,30.3541641235,72.0053329468,0.320041785017
600,425.370361328,158.195114136,17.3876781464,44.5658607483,0.269121886231
600,588.859558105,100.570587158,30.8295288086,85.1097335815,0.240523810498
600,5.93255233765,124.115211487,18.6830768585,58.7053489685,0.117203127593
600,435.718536377,139.797866821,19.7019081116,56.2392616272,0.0693192414474
600,85.0011062622,120.249397278,17.6169013977,56.2597999573,0.0549708260223
600,494.024871826,61.6786804199,28.3277873993,78.4437637329,0.00903109175852
600,445.162719727,152.187011719,20.1500034332,52.296497345,0.00602493200859
630,536.773132324,166.319137573,23.7310409546,65.0056838989,52.2995710373
630,452.788970947,126.732704163,19.94231987,77.7743148804,5.69888278842
630,34.4557609558,98.3755264282,23.0731258392,67.9676742554,1.26766683534
630,306.689605713,148.110305786,27.2079524994,63.9439544678,1.17706181481
630,473.720092773,126.424797058,30.4941940308,71.0277099609,0.633222749457
630,523.340454102,142.296646118,21.8132476807,63.5207977295,0.451658293605
630,462.463592529,151.530593872,25.733789444,59.0806617737,0.0949421082623
630,46.8312034607,190.899734497,18.947347641,41.0082588196,0.0430397456512
660,607.448547363,161.925308228,23.4573001862,62.7845344543,79.4446885586
660,588.266784668,151.077606201,30.1337070465,76.1812515259,17.5578385592
660,19.9145488739,184.517883301,18.2139339447,43.0835723877,3.94694954157
660,499.945037842,157.234451294,18.3815860748,54.0378456116,3.74359302223
660,488.156982422,156.386978149,19.0128326416,57.1655158997,1.623377949
660,11.9898262024,73.6796951294,25.2901077271,78.4825210571,0.415683491156
660,474.449707031,133.112335205,23.2694473267,78.5353012085,0.102587183937
660,453.055328369,154.540496826,17.4612846375,58.2982368469,0.100490695331
660,512.972595215,133.479751587,29.6435260773,69.779296875,0.0540356617421
660,530.972106934,148.208343506,20.7869739532,56.1298980713,0.0380392797524
660,468.222076416,169.081726074,18.8055763245,51.7392616272,0.0164409866557
690,506.765960693,173.295532227,18.6987171173,53.4531059265,85.8192741871
690,494.866241455,174.694137573,17.3906784058,47.0192680359,19.8697298765
690,537.386901855,150.877182007,27.338218689,82.3523483276,15.2525871992
690,9.80096912384,181.231582642,22.2026824951,54.8544960022,8.02474692464
690,28.5111789703,91.0838851929,28.0995922089,102.030487061,7.31764882803
690,520.629150391,165.537841797,19.7672786713,65.703086853,1.15712853149
690,463.380615234,182.015060425,17.7024478912,49.4201469421,0.795384682715
690,493.697052002,119.488800049,31.1787872314,102.310081482,0.546912569553
690,611.375915527,148.360427856,16.9993515015,54.5713653564,0.25754487142
690,18.4591274261,77.057434082,20.7440395355,64.4883041382,0.0949119159486
690,51.12707901,93.3287124634,32.8696365356,85.8683547974,0.0429889827501
690,480.740692139,176.386489868,18.2219429016,47.5995826721,0.0242313341005
720,586.03314209,172.098587036,28.7329921722,71.3351821899,97.8776752949
720,572.514648438,176.953353882,21.9711399078,66.6144638062,69.9538648129
720,547.22052002,165.180557251,19.8349990845,54.8139915466,5.67166358232
720,609.257629395,175.233337402,20.8769035339,59.1347541809,1.78988110274
720,557.06439209,172.334335327,23.7058467865,64.1536865234,0.964856427163
720,7.34138250351,97.7320175171,28.6489562988,76.0064163208,0.821626093239
720,536.041015625,173.510726929,22.9594516754,63.7774963379,0.429553352296
720,616.922790527,75.9735717773,17.1854686737,55.7780151367,0.282486411743
720,486.255249023,158.430740356,28.8968582153,61.7677879333,0.142397114541
720,201.356750488,155.767837524,17.9690799713,60.6404457092,0.0778796849772
720,56.1087493896,122.60572052,29.386220932,77.0949630737,0.0556908373255
720,86.0566101074,130.716903687,26.0794811249,71.9753952026,0.0339942111168
750,601.924560547,51.4799690247,27.5904998779,89.1683959961,3.60257066786
750,615.798950195,43.9978027344,19.3740711212,66.9858169556,0.90704485774
750,554.745544434,110.405456543,32.2405662537,88.7686462402,0.739014800638
750,544.014221191,100.888114929,21.2924098969,63.3635444641,0.142358266748
750,424.940704346,171.907669067,22.6388530731,61.5465278625,0.0501824601088
750,147.678451538,145.749389648,27.1547260284,70.1254043579,0.0315932236845
750,493.516143799,62.3200836182,33.9455528259,96.6475143433,0.029606022872
750,116.523101807,137.702819824,21.9896640778,60.2025299072,0.00624660897302
750,104.400886536,143.472366333,20.1997432709,54.0685157776,0.00184481777978
780,580.005432129,77.0906448364,56.019908905,140.279800415,7.25858211517
780,235.387268066,179.307296753,20.7121829987,61.3819999695,6.22806809843
780,78.3478546143,112.255714417,28.1812229156,107.038337708,5.1008772105
780,616.922790527,185.953872681,17.2833271027,54.2217292786,2.09960415959
780,614.651367188,57.0046691895,19.8682079315,78.0689163208,0.733925728127
780,484.563751221,189.799682617,19.8478775024,56.193145752,0.198731920682
780,8.29513454437,98.0973434448,17.1679039001,50.9281005859,0.125446962193
780,527.437194824,49.9365653992,29.6491031647,97.095741272,0.0561228604056
780,472.320098877,190.40637207,19.2289676666,54.2599525452,0.0391006236896
780,55.1204833984,117.743690491,30.4141559601,97.7917098999,0.034902538755
780,457.228149414,174.43019104,27.2584381104,73.6807174683,0.0174217755557
780,561.329345703,46.7186775208,37.129032135,80.449256897,1.61417915479e-05
780,592.097595215,47.3544197083,33.7121047974,73.5933761597,3.75998093771e-08
810,556.356567383,211.471847534,30.9498443604,69.1902008057,3.9335552603
810,92.5904922485,156.064575195,30.4139728546,81.8581237793,3.55256721377
810,105.588996887,143.832931519,21.0378131866,60.1247558594,1.15800993517
810,127.819297791,173.063339233,33.6182060242,98.3309249878,0.133481761441
810,115.484436035,176.880065918,19.4292926788,55.3548622131,0.0114983689855
810,506.729217529,41.4171257019,24.2957286835,61.6183624268,6.56856080639e-07
840,44.6307182312,209.544692993,34.9310264587,86.2191467285,4.20364961028
840,521.180969238,111.073387146,27.8631267548,75.5548171997,0.0873261131346
870,46.0037841797,143.555557251,20.2697658539,49.3462867737,2.55405604839
870,609.684509277,121.453529358,18.4939022064,51.6583251953,1.61234214902
870,516.58380127,218.951889038,30.5609111786,67.6036682129,0.912539567798
870,593.745849609,82.1628341675,28.6759777069,95.2991409302,0.142931332812
870,448.498291016,186.000869751,25.5389099121,61.3780555725,0.0518475659192
870,572.0390625,25.245721817,21.9742507935,71.771232605,0.0401018798584
870,465.741119385,199.650131226,21.7309646606,57.5183410645,0.00269168103841
900,42.2203063965,181.580123901,16.7154941559,49.2996177673,21.1993768811
900,471.157745361,165.451828003,20.7423229218,60.5885772705,9.19320806861
900,560.205932617,183.478286743,31.8346405029,81.8290710449,5.34688048065
900,480.470581055,181.053024292,22.8608474731,56.2762565613,0.271097198129
900,525.647766113,204.940628052,20.9997730255,63.2307395935,0.206726440229
900,407.769012451,126.507019043,20.2729091644,54.6481628418,0.149944296572
900,51.3158149719,178.955947876,17.9092712402,53.3111076355,0.104968983214
900,154.892440796,166.650009155,21.5386047363,54.716129303,0.0627608445939
900,144.828216553,160.743423462,17.4614849091,58.8605957031,0.0373897288227
900,542.430419922,113.85243988,17.5018863678,55.7982025146,0.0143588433275
900,512.109741211,53.8504142761,41.6982345581,124.656639099,0.00130695543703
930,38.2206459045,185.564315796,20.7608585358,40.1881904602,16.3870677352
930,590.328430176,157.633468628,17.8952140808,46.7910804749,2.67315227538
930,408.875274658,130.940078735,29.7407588959,78.2495193481,1.95945426822
930,624.166625977,136.843673706,15.6486282349,63.6799736023,1.80635731667
930,6.56037950516,168.908554077,16.8840675354,45.4984588623,1.67736299336
930,547.214599609,197.472183228,20.9927577972,49.6644248962,0.667375978082
930,576.230163574,154.41734314,15.7929115295,47.8655662537,0.380163895898
930,515.708618164,176.092971802,20.0603256226,55.4784355164,0.325685739517
930,20.2599391937,172.889602661,18.1562709808,45.9851074219,0.077088031685
930,491.435455322,182.571044922,17.4722824097,45.6174507141,0.0472055166028
960,612.327209473,195.357666016,18.8962078094,53.7206115723,2.15838607401
960,10.7474393845,143.103881836,23.4835262299,56.918132782,1.6028996557
960,521.526916504,153.065124512,17.2750377655,58.2158699036,0.735323922709
960,449.742797852,179.788375854,22.5471363068,50.2578544617,0.293688802049
960,553.305480957,157.596298218,19.9992141724,50.2855987549,0.266293878667
990,598.061889648,141.186660767,20.3028430939,68.880027771,2.68170144409
990,476.288604736,174.665466309,19.3413143158,52.3720703125,1.49694327265
990,616.819274902,166.779144287,17.3526706696,50.7078590393,1.3830835931
990,194.084716797,166.741043091,18.5098781586,44.3292045593,0.675392709672
990,586.526794434,145.065689087,20.3764400482,55.6022071838,0.461145909503
990,545.684387207,135.969741821,22.446395874,66.1487960815,0.119952741079
990,574.028869629,142.808761597,20.6826076508,56.5353126526,0.04077066842
1020,600.785095215,167.656082153,20.5677452087,60.6745796204,26.9744664431
1020,3.7516644001,178.62487793,13.0138254166,50.5520477295,10.6547951698
1020,521.439758301,176.286132812,22.2776432037,58.3396568298,4.72654476762
1020,616.28729248,177.851272583,18.091173172,51.7577095032,4.32361513376
1020,591.389099121,116.530479431,19.6736392975,67.9570083618,0.777823012322
1020,77.5419845581,140.08392334,35.1773033142,62.5541992188,0.453360518441
1020,510.834442139,46.6426086426,20.0689792633,60.5537910461,0.175371335354
1020,542.709350586,26.7356777191,22.9123840332,71.8915710449,0.0470607221359
1020,459.105926514,116.267662048,25.5031509399,64.8067626953,0.0160407027579
1020,519.510070801,37.956111908,33.7292289734,81.3207321167,0.00049001860134
1050,458.548828125,161.77305603,25.0276813507,67.4785461426,10.3418104351
1050,20.5971870422,123.877258301,36.259147644,69.4345321655,2.85283681005
1050,3.60931897163,151.997940063,14.2485198975,50.6539573669,0.654336577281
1050,85.1832351685,157.795837402,15.9735298157,49.2575187683,0.038370693801
1080,504.359985352,187.706115723,17.9409198761,54.012008667,2.8690373525
1080,41.9140739441,170.825820923,16.6220054626,44.824634552,2.3666895926
1080,616.00982666,118.103248596,16.7049732208,46.8721809387,0.772681972012
1080,9.05752086639,147.308700562,24.8539791107,70.8957290649,0.0574471370783
1080,26.5100841522,156.458374023,17.1805362701,60.9753456116,0.0379754113965
1080,605.269104004,98.7430648804,20.2836208344,61.4424781799,0.0120623815747
1110,170.766159058,166.416442871,21.9266891479,63.2095985413,2.75550447404
1110,155.935714722,169.361709595,23.0855312347,69.5491485596,0.0265425594989
1140,527.943969727,177.051651001,16.3501720428,57.9654846191,53.3461213112
1140,544.100708008,179.417404175,21.1363658905,60.6936378479,13.9977887273
1140,13.8473024368,155.499725342,21.7425537109,58.225643158,1.50137562305
1140,511.604858398,179.798461914,19.7331104279,57.2774238586,0.81289075315
1140,473.956207275,89.7817993164,25.2627391815,67.5340957642,0.79296855256
1140,108.349311829,170.614959717,21.1372032166,58.708026886,0.196101516485
1140,588.573181152,228.225845337,20.2639312744,53.8179130554,0.027531888918
1170,379.841796875,178.967544556,17.0389251709,43.0586357117,3.38264219463
1170,581.963439941,129.10256958,24.0074520111,64.5146102905,2.57276277989
1170,535.499206543,62.5091514587,29.4849720001,72.7423629761,0.616038544104
1170,66.5565719604,117.604148865,20.8278980255,62.1742744446,0.393282296136
1200,6.0280957222,182.483139038,16.9005374908,52.5602912903,17.7980959415
1200,388.627563477,177.498901367,20.3557815552,52.607006073,9.86437797546
1200,528.515136719,110.485137939,27.9744739532,82.2343978882,0.132437516004
1200,13.3799667358,201.87449646,18.4416503906,43.8317565918,0.107788655441
1200,428.052124023,178.766616821,21.8386230469,63.7427330017,0.00651377704344
1200,454.248382568,180.607437134,18.6557407379,71.6056442261,9.67326627688e-05
1230,396.021636963,180.072463989,23.1930675507,51.8046455383,66.9837713242
1230,565.479675293,215.420730591,22.9738559723,52.8738250732,1.09996944666
1230,431.519378662,185.140670776,18.1293869019,49.155002594,0.0424953963375
1260,415.897979736,175.549209595,24.5358428955,65.5103378296,94.1225886345
1260,481.271148682,179.84828186,17.8144054413,53.0577392578,27.3306518793
1260,609.561218262,65.069480896,22.1544265747,63.6508903503,11.0571011901
1260,456.154327393,184.129684448,18.0959339142,48.3191184998,5.3241264075
1260,537.589233398,101.354759216,24.2336788177,77.0107498169,3.94542478025
1260,470.994781494,182.730056763,15.4248456955,44.7594604492,0.656282203272
1290,441.876220703,164.781570435,28.6169147491,90.4403305054,98.1720089912
1290,6.95472860336,190.537796021,16.6598758698,52.7392082214,10.4237556458
1290,587.433288574,142.519104004,24.9246349335,61.5846061707,5.98781779408
1290,604.93157959,190.576461792,23.2085781097,57.7747344971,4.61942665279
1290,614.684082031,174.984237671,18.9597644806,53.6058311462,1.95980109274
1290,615.998779297,142.907028198,17.6501693726,51.1145133972,1.5543134883
1290,540.338684082,167.697158813,20.9362239838,62.0086555481,1.21948393062
1290,568.058288574,140.442672729,25.9666538239,63.5411529541,0.643823808059
1290,595.264953613,175.288864136,19.8228855133,54.1081733704,0.578247476369
1290,594.925109863,215.998550415,28.8510036469,76.8876724243,0.202980847098
1320,547.814147949,178.273178101,20.5094814301,55.107334137,96.0897326469
1320,481.089569092,159.679931641,37.7125473022,117.085121155,95.4925894737
1320,601.911804199,171.334701538,21.0348548889,64.4988632202,60.7369482517
1320,384.112823486,177.955184937,22.2203502655,55.8812522888,31.1525911093
1320,559.993103027,178.954269409,21.9959793091,60.1858940125,10.4108549654
1320,116.571411133,147.021209717,25.52368927,74.762512207,8.61502736807
1320,615.264587402,179.638305664,17.9806976318,50.2864341736,3.38624864817
1320,219.699020386,169.010269165,16.9542331696,49.3434906006,0.98584825173
1320,501.708129883,93.756111145,26.1844100952,89.0122299194,0.457632681355
1320,499.116790771,216.852172852,22.5381565094,57.1663818359,0.138138898183
1320,584.145141602,167.135299683,24.0566864014,72.5848007202,0.131606194191
1320,111.177284241,176.885192871,16.5749950409,49.5328483582,0.022089650156
1350,547.407165527,128.928787231,58.9515838623,177.905776978,97.4999964237
1350,400.777679443,181.54069519,25.9345111847,57.5277900696,43.9039647579
1350,579.737609863,231.319274902,28.5121250153,82.2173538208,41.0181850195
1350,6.70658063889,189.232437134,15.5123682022,46.3711738586,18.1109115481
1350,561.809997559,227.9478302,28.6188182831,79.7804412842,13.0914196372
1350,123.276367188,146.084457397,19.8274211884,64.2680892944,6.92792162299
1350,539.778747559,145.878189087,35.3482475281,86.726890564,2.54154577851
1350,19.8161334991,192.249404907,16.1729240417,42.3199195862,0.459484942257
1350,419.410400391,176.089492798,22.9437026978,59.3890380859,0.243548792787
1350,49.745513916,140.529937744,21.9504299164,79.2500991821,0.191402039491
1350,360.357299805,179.674758911,18.8792934418,45.8212585449,0.100738694891
1380,433.119720459,171.906112671,24.9600505829,69.4491348267,90.7178580761
1380,92.4652328491,138.331573486,28.0927429199,87.4571762085,2.48279254884
1380,60.0078125,148.901596069,23.8970088959,75.5519943237,1.08901681378
1380,45.664768219,184.418777466,18.2090930939,47.9989471436,0.92443022877
1410,448.54586792,159.765487671,26.8329524994,90.7895584106,82.2804987431
1410,199.74029541,160.876022339,18.3071250916,55.9795875549,1.572057046
1410,185.332199097,171.776412964,17.7823505402,48.5086021423,0.585229508579
1410,527.586303711,178.673233032,17.1660404205,53.693775177,0.278740655631
1410,373.174682617,182.307189941,17.3975067139,41.0860023499,0.146231532563
1410,439.58114624,185.497268677,19.9754009247,55.1066474915,0.110022781882
1440,432.488555908,147.6978302,34.9133529663,111.3673172,90.1499569416
1440,69.5684280396,178.972106934,18.9735774994,54.445514679,69.6960330009
1440,564.010681152,181.536987305,22.910867691,53.5597114563,53.6989569664
1440,584.941040039,184.657531738,17.9244213104,54.6760826111,30.5546730757
1440,603.895812988,196.897155762,21.3152599335,61.2774543762,22.6942569017
1440,9.46829414368,142.003692627,14.6737861633,58.8556861877,1.35519849136
1440,592.872497559,199.192306519,20.1308765411,53.887424469,1.25117087737
1440,436.999908447,216.455490112,19.3122825623,49.6307830811,0.466956431046
1440,625.770996094,163.142349243,14.2290039062,73.9172897339,0.387996155769
1440,149.940261841,160.74256897,19.6452312469,54.9927215576,0.140987627674
1440,139.60949707,161.64491272,17.0717792511,55.9719848633,0.104583369102
1440,36.923625946,109.498268127,19.826461792,55.307220459,0.0136873248266
1440,160.835388184,159.109542847,24.0881748199,50.6934356689,0.00680736993672
1470,460.745727539,137.383987427,46.062664032,139.75793457,98.6691117287
1470,476.114959717,216.877685547,22.0317745209,62.7903022766,45.5619156361
1470,9.83511066437,176.63873291,20.5428829193,48.5876121521,38.2700622082
1470,484.547210693,142.428939819,24.935552597,83.6499023438,8.45669060946
1470,3.66560935974,171.621520996,13.9015245438,55.1974220276,2.47588064522
1470,485.701568604,202.514938354,27.6074428558,60.7470207214,0.958251953125
1470,4.34422683716,103.728393555,19.3574047089,55.5639686584,0.538196973503
1470,406.906524658,151.653121948,21.8724308014,61.62059021,0.464890804142
1470,140.721389771,167.92805481,21.4341487885,54.4416923523,0.378119642846
1470,457.326812744,163.874130249,25.0590877533,76.9841003418,0.112400332
1470,547.427307129,171.862121582,21.0897693634,56.2120819092,0.0991951907054
1500,552.122924805,119.322784424,71.4538803101,196.542739868,99.1587460041
1500,538.452880859,177.086959839,23.1105651855,61.1469841003,55.0953090191
1500,448.038787842,178.25328064,17.0389289856,43.3930397034,50.4611313343
1500,5.5128865242,183.526733398,18.2000637054,60.4472312927,24.1290330887
1500,581.099914551,237.882278442,33.2749900818,80.41771698,23.5894918442
1500,23.8280334473,186.436584473,16.3510379791,42.3097801208,21.4652746916
1500,37.5944328308,183.377563477,20.4293422699,46.7172851562,15.3798162937
1500,538.79675293,145.077331543,46.3480186462,110.195121765,6.51381760836
1500,589.631774902,135.140609741,35.5048866272,102.465026855,2.44356840849
1500,530.784912109,180.093811035,16.5479106903,50.7580528259,1.49220535532
1500,609.414306641,165.524307251,17.7660427094,59.3468475342,0.695064431056
1500,568.941772461,118.761039734,27.6222839355,63.6299781799,0.461427355185
1500,536.587463379,112.221366882,29.2167873383,84.650062561,0.429229717702
1530,477.148162842,176.369140625,21.892326355,52.6474266052,96.590846777
1530,334.264984131,174.735046387,20.8821754456,51.6687965393,2.97487992793
1530,67.6529693604,191.718078613,21.4640407562,56.0693016052,2.34478339553
1530,456.164916992,179.279678345,17.1489868164,43.2420654297,1.55837768689
1530,593.182434082,79.2176208496,20.8746395111,48.4773597717,0.290380511433
1530,585.284790039,137.74671936,26.1184387207,71.3986434937,0.264959479682
1530,578.329162598,172.419265747,19.018157959,51.9530029297,0.0286315829726
1530,429.219329834,126.913414001,22.454864502,71.853302002,0.0250529148616
1560,526.581726074,157.865127563,25.616973877,73.4085998535,95.1615333557
1560,491.693847656,173.488708496,17.6085205078,46.1833076477,35.3832632303
1560,613.424804688,167.652420044,18.173992157,56.7416267395,32.018211484
1560,325.623962402,170.523513794,21.2155437469,47.862411499,15.8100038767
1560,63.8527641296,153.214859009,25.1238956451,61.8069877625,12.7636387944
1560,608.423278809,124.903038025,21.3732738495,61.1138343811,7.3110871017
1560,597.374084473,36.263168335,21.5241394043,56.079082489,4.56596501172
1560,545.610290527,171.927322388,16.8422870636,53.6630821228,0.795717630535
1560,95.1953125,141.68107605,20.357208252,67.4229354858,0.692031718791
1560,510.778839111,168.556838989,23.8523330688,59.9592399597,0.588521175086
1560,598.030334473,178.320800781,19.4804191589,48.5681648254,0.46783532016
1560,83.0660400391,140.536819458,20.1465091705,70.6150512695,0.139902951196
1560,446.504760742,108.858184814,31.2571544647,82.6973648071,0.00174827891897
1590,544.643493652,160.351745605,18.3584690094,57.4296569824,40.7919883728
1590,566.981506348,139.628128052,17.4818096161,52.5109062195,14.4631609321
1590,10.0327987671,124.346473694,28.9690608978,73.1300125122,12.1732510626
1590,9.84549236298,168.028091431,17.8353996277,54.6434516907,8.63707065582
1590,612.291931152,161.177978516,17.9431591034,59.8646583557,7.79012069106
1590,44.8848381042,116.426353455,27.8971652985,64.9867858887,3.96169535816
1590,26.3520202637,121.493110657,22.1700725555,63.2568397522,0.304821669124
1590,308.899597168,157.178909302,25.4545574188,52.0819549561,0.0621230166871
1590,440.640014648,171.530380249,21.7576293945,52.7535896301,0.0351446913555
1590,24.2493991852,153.855041504,18.653459549,51.8833351135,0.00499724483234
1620,329.369750977,156.346313477,33.3488807678,53.2767333984,63.1730973721
1620,2.85244369507,95.4731216431,37.4739189148,121.354560852,7.81722664833
1620,482.809356689,107.705329895,21.2364635468,57.6827545166,1.02091655135
1620,7.01001739502,61.2312469482,16.8558483124,54.2693595886,0.130630214699
1620,470.533721924,94.4365921021,21.8764057159,55.3414916992,0.0319477112498
1620,515.719787598,80.044593811,35.1176872253,89.1904373169,0.00186778142961
1650,521.968383789,52.1646537781,40.6770858765,124.99672699,19.2513212562
1650,371.752044678,166.476150513,27.3295116425,62.0435295105,1.70995313674
1650,418.289306641,116.903038025,22.617811203,65.4094772339,0.334289018065
1650,55.9245414734,155.42401123,24.5703601837,58.7102813721,0.312409945764
1650,542.171569824,45.1533966064,34.9341468811,97.0660934448,0.0702890334651
1650,43.0847473145,104.666748047,28.3717098236,87.4657974243,0.00335414406436
1680,608.223632812,162.067642212,24.2819499969,62.3068885803,34.2566490173
1680,517.544433594,85.4813613892,24.5343856812,70.3558425903,13.7522622943
1680,4.59795761108,169.43081665,12.4200334549,56.7919273376,9.6841648221
1680,369.140014648,173.962341309,34.2133827209,57.3888053894,7.83721655607
1680,566.687072754,205.44519043,21.0636615753,66.782875061,4.96305711567
1680,530.404418945,170.559005737,20.0388278961,54.4719200134,1.93048268557
1680,64.6096038818,169.982284546,17.9924221039,49.3303833008,1.67023167014
1680,441.152832031,150.914367676,18.8771572113,53.8371887207,0.0559297506697
1680,581.442810059,37.712474823,25.2711391449,58.3892707825,0.000832064051792
1710,481.122528076,178.337051392,19.1323719025,48.5311927795,78.3463060856
1710,422.1484375,172.098007202,21.141582489,47.9263420105,34.4250619411
1710,458.447143555,166.880554199,16.7405033112,47.2028045654,23.6908942461
1710,544.506530762,72.6463317871,29.1808757782,74.719871521,11.0348954797
1710,374.877929688,177.419967651,25.7021255493,55.3465576172,4.87999618053
1710,468.314453125,171.702102661,15.8758172989,44.3776817322,2.13704425842
1710,3.29965400696,180.730270386,14.6937112808,50.7478141785,1.21735222638
1710,433.558441162,164.737838745,18.4879169464,51.112651825,0.826440192759
1710,211.203979492,152.771133423,22.8301620483,57.1127471924,0.544553156942
1710,535.611022949,63.4629478455,19.9042682648,51.5979728699,0.147219898645
1710,605.726013184,96.5511703491,25.4656009674,69.1029663086,0.0639375881292
1710,13.7831449509,186.902954102,21.5410861969,45.3187599182,0.0559644773602
1710,498.395141602,183.851974487,21.8587322235,57.5646629333,0.0276674516499
1740,508.226318359,179.991989136,19.890745163,52.7171821594,95.3736662865
1740,475.841186523,170.991394043,19.4865379333,51.4179115295,90.6428515911
1740,604.736328125,45.1608772278,27.6385402679,79.5534820557,6.48948699236
1740,571.558166504,37.0267105103,22.4646148682,65.5409088135,3.56936343014
1740,489.975341797,171.524734497,14.82168293,47.4207801819,2.60788183659
1740,532.330688477,189.307373047,23.7578830719,51.0455780029,1.8871916458
1740,356.343841553,166.401412964,27.2949504852,63.4382743835,1.26953357831
1740,580.652404785,40.404499054,41.3074150085,147.694900513,0.63960836269
1740,435.562133789,174.621520996,20.6322917938,46.7223548889,0.512104853988
1740,554.100585938,32.7192764282,23.4948406219,62.5095977783,0.49894801341
1740,554.676696777,171.17250061,17.2409763336,66.0287246704,0.0671462330502
1770,493.255828857,176.740234375,21.0563583374,51.6752319336,99.3410408497
1770,541.4140625,180.241012573,23.9951572418,60.8207855225,98.2308387756
1770,592.356567383,180.318954468,19.9505786896,52.8158607483,85.3283166885
1770,571.584655762,195.965820312,18.5185985565,52.3061790466,14.5690873265
1770,341.982421875,177.338607788,18.39544487,57.0623283386,4.71477881074
1770,595.10736084,156.846557617,36.2117652893,86.493598938,1.73229761422
1770,479.559356689,171.568649292,17.1489906311,51.6126213074,0.736580276862
1770,559.218383789,182.42515564,16.8054141998,58.4447937012,0.496915914118
1770,440.091552734,174.490966797,19.4095363617,49.9121246338,0.0523531227373
1800,521.34362793,179.108718872,21.1950016022,58.7862739563,99.691092968
1800,579.217712402,179.706832886,28.5657978058,77.9255142212,96.9751596451
1800,613.936340332,176.247756958,18.1406326294,66.5420913696,19.9195072055
1800,500.174468994,175.220108032,18.3533535004,51.4621887207,4.24461588264
1800,446.622161865,184.610794067,20.0835971832,49.6659240723,2.5980098173
1800,186.596054077,153.726287842,18.144651413,57.719833374,1.2848412618
1800,535.569152832,184.577133179,17.9264736176,49.4386901855,0.902155879885
1800,601.676391602,179.4818573,18.7486095428,48.3169593811,0.901163928211
1800,504.108795166,93.6877059937,25.7282562256,63.133895874,0.764787336811
1800,462.056030273,91.4028549194,19.0601119995,72.361366272,0.697713298723
1800,459.550292969,169.626571655,21.6396617889,59.8174095154,0.145133002661
1830,563.124023438,173.773330688,27.7446517944,70.5084686279,99.6649801731
1830,616.284851074,185.670822144,17.6653652191,54.4007263184,13.3796900511
1830,546.440979004,174.303787231,18.4118995667,52.0771789551,2.03818678856
1830,520.257873535,73.6179885864,21.2493228912,57.9023742676,1.85423772782
1830,513.99609375,164.422576904,26.8556346893,56.4931030273,1.68924313039
1830,493.751861572,176.062011719,18.9136562347,50.9544258118,0.834441091865
1830,600.252258301,45.7749481201,25.0859661102,62.6489448547,0.751417921856
1830,536.694091797,166.418014526,18.8250923157,55.009059906,0.555462948978
1830,583.40838623,182.079177856,19.1582584381,54.5161437988,0.264782225713
1830,459.2215271,176.598800659,16.8073978424,54.4243774414,0.226465705782
1830,28.1081256866,131.329956055,23.8647975922,62.0492744446,0.0194362553884
