30,41.228843689,183.318054199,16.3851680756,50.068359375,23.1962308288
30,459.069854736,171.802078247,18.2356987,50.0113716125,14.5818516612
30,510.148681641,159.508575439,23.0073490143,59.2437095642,7.19680041075
30,3.67410159111,180.76399231,11.7587251663,64.5346450806,6.45008087158
30,410.422454834,176.579162598,22.4658412933,45.6762199402,0.790877640247
30,9.39538383484,183.845993042,16.9126777649,51.2276153564,0.573233049363
60,488.801361084,156.16394043,20.3623561859,53.9037322998,93.919801712
60,551.137268066,116.233726501,37.9361686707,91.4287643433,20.4497382045
60,504.20425415,153.581039429,19.6408061981,54.8508415222,0.79245287925
60,538.072631836,138.871261597,22.5958156586,71.0644989014,0.226068054326
60,412.48538208,87.5500411987,23.3723773956,65.059715271,0.0812039477751
90,528.477355957,149.01713562,30.0561962128,67.5564956665,96.3856101036
90,548.567810059,149.860900879,15.0237321854,64.3868865967,7.9868927598
90,557.324584961,163.570419312,17.1436100006,52.4382743835,2.9921926558
90,408.43637085,75.5576858521,25.6567592621,50.9377403259,0.152647669893
90,429.232055664,71.3888473511,24.042848587,67.0694351196,0.0397569965571
90,608.397155762,41.0723114014,18.3688182831,55.6118659973,0.00620529826847
120,601.401428223,143.908111572,30.1664276123,88.8545913696,94.1666722298
120,439.058837891,164.030136108,20.7957935333,46.1075782776,2.85535287112
120,467.747344971,155.417129517,17.6722812653,48.1447715759,1.46474363282
120,486.068450928,158.584915161,20.0775108337,51.6428489685,0.827996991575
120,450.72644043,163.270217896,19.7693157196,44.026058197,0.427235616371
120,616.022521973,189.87461853,16.3962268829,50.2878303528,0.261948211119
120,426.668670654,61.0438842773,23.6191959381,53.6089515686,0.173656921834
120,583.639221191,159.12109375,25.687997818,68.6456222534,0.0273327896139
150,464.321777344,172.416824341,19.5120029449,41.992351532,5.52185326815
150,344.650482178,161.666397095,22.198097229,45.2758979797,3.42215225101
150,483.969024658,173.310119629,23.1194839478,49.1586341858,3.04268822074
150,515.176330566,179.970397949,20.9471130371,48.2908973694,2.2775279358
150,413.462890625,157.611282349,18.6216564178,45.5997886658,1.03718489408
150,600.209228516,204.722900391,27.1841869354,68.5988082886,0.860126595944
150,16.4197750092,126.215675354,27.8101959229,63.8856506348,0.74875196442
150,528.547851562,166.8646698,23.6450824738,58.4355773926,0.109872315079
150,369.094726562,157.694442749,18.2879142761,42.2713661194,0.0970198598225
150,573.594238281,174.896682739,16.2467193604,46.8785133362,0.0601599633228
180,574.174133301,182.660385132,21.944272995,60.6745033264,42.2341614962
180,598.600952148,184.65461731,18.90275383,56.5553474426,31.3894838095
180,8.5101146698,184.143966675,20.0377998352,49.1277351379,22.3187074065
180,502.521209717,183.674453735,20.6899814606,45.6464996338,12.3352497816
180,614.251281738,193.689041138,20.6331291199,63.6325683594,6.08551390469
180,434.260467529,177.37840271,18.6145191193,39.5848503113,0.878890696913
180,445.080932617,176.65057373,24.0816402435,44.8961639404,0.704806949943
180,490.91317749,184.485244751,18.7398414612,41.9484214783,0.0455050700111
210,536.704772949,185.063491821,21.0915584564,52.8284263611,55.3552865982
210,341.462371826,177.767410278,25.4157962799,49.0132446289,1.46333165467
210,549.990539551,196.238647461,23.1523265839,50.2887420654,0.42638531886
240,597.206359863,181.346801758,28.4328517914,71.0501937866,98.5126376152
240,438.544708252,175.153747559,21.5031795502,51.4688682556,74.7570753098
240,2.64468955994,199.651489258,17.3626155853,47.0401153564,47.2925335169
240,466.116546631,181.246887207,18.4998321533,47.9276390076,23.5643520951
240,326.582733154,169.915405273,21.7820072174,55.7447624207,17.4086481333
240,77.3309860229,186.376419067,18.5452823639,41.7117843628,8.29397216439
240,614.318237305,193.675415039,17.3896217346,56.3949394226,5.7683005929
240,315.564086914,167.580718994,21.115064621,51.6945152283,1.30193755031
270,476.283782959,169.889175415,21.2082080841,53.1025085449,91.6534006596
270,35.3089332581,178.208633423,19.8248748779,47.187915802,86.869597435
270,495.355682373,170.285476685,22.0988254547,59.9647979736,14.7333666682
270,324.168426514,165.96812439,21.8658390045,52.3131370544,3.82680147886
270,600.538452148,198.287246704,26.1388607025,56.0234680176,3.31254936755
270,467.978973389,172.613754272,16.9393386841,47.6031494141,2.00160741806
270,399.144287109,178.265441895,19.0841159821,44.8980674744,1.08907092363
270,373.23425293,174.751174927,16.9855041504,46.4115486145,1.05447489768
300,538.765441895,150.55557251,30.1012554169,91.3056030273,93.6772406101
300,578.941467285,161.066268921,27.4996337891,76.796546936,78.2369017601
300,572.426330566,181.785293579,18.6326999664,61.1441917419,28.7593305111
300,384.134033203,176.82434082,17.4011516571,44.0842285156,17.515103519
300,347.650054932,162.925720215,19.3530654907,58.9961738586,7.67997130752
300,399.053619385,166.498580933,17.843711853,49.5483055115,7.48623609543
300,424.299591064,178.297439575,19.1356430054,44.5217552185,6.96247816086
300,529.976318359,155.834289551,21.9061355591,73.7115097046,5.29814437032
300,558.089599609,157.118667603,19.9030857086,80.0462799072,4.16151657701
300,489.960571289,169.478942871,17.5325813293,45.3489685059,3.98139767349
300,478.945037842,167.402053833,18.0869159698,47.5177574158,1.36707480997
300,616.661804199,172.782333374,15.5970067978,42.2585525513,1.29406284541
300,589.715881348,130.442779541,26.9537448883,77.025138855,0.793041288853
300,434.156646729,170.30796814,18.9453468323,46.5566291809,0.603724271059
300,572.053161621,130.927154541,24.7975254059,66.5358810425,0.540912337601
300,409.014923096,163.353424072,18.0831127167,56.2660522461,0.537566281855
300,603.750915527,157.693771362,21.9919185638,54.611240387,0.536568276584
300,372.096069336,169.396377563,18.7766475677,47.553691864,0.353527488187
300,451.012481689,166.57019043,21.3861293793,49.8575782776,0.309096695855
300,285.228607178,169.908447266,21.7775173187,46.973110199,0.0604086089879
300,359.715545654,160.428710938,18.0683250427,53.2543640137,0.0178356145625
330,423.432159424,166.61869812,18.9873714447,54.7977790833,17.4236521125
330,566.917419434,176.222839355,21.440032959,47.8655662537,17.1407848597
330,540.261657715,169.389755249,22.9484634399,64.2526473999,10.0272156298
330,456.900756836,179.998275757,17.4250812531,46.1619415283,9.93075445294
330,440.985565186,171.771255493,19.2382984161,52.992023468,9.25291031599
330,388.505950928,162.708175659,23.181022644,62.7893371582,3.68142426014
330,489.988067627,178.704544067,23.8135967255,53.1025848389,2.56262533367
330,523.560241699,160.854629517,20.3803730011,67.4139175415,2.00116559863
330,329.610900879,139.85786438,18.3104419708,68.6707077026,1.73170808703
330,613.597961426,153.082443237,18.2480945587,66.1781082153,0.850839260966
330,467.653533936,177.108230591,16.7232208252,49.1256446838,0.462384568527
330,414.978668213,182.601730347,19.7430362701,52.0369148254,0.389803550206
360,564.840759277,189.205566406,20.6966876984,51.8838844299,57.2899997234
360,531.049865723,188.573364258,20.9131946564,59.92137146,52.1602094173
360,6.8119597435,181.187820435,16.2663650513,44.4432182312,31.5585762262
360,608.268981934,184.386489868,20.9002380371,57.710849762,5.94685487449
360,597.63873291,191.361068726,20.0641078949,46.8417320251,0.963748712093
360,448.783660889,174.365356445,23.6677799225,60.0874214172,0.552729750052
360,541.433959961,183.813919067,27.0589523315,61.8113212585,0.534930732101
360,392.506591797,174.365188599,19.8661270142,49.9369163513,0.274322228506
360,430.764892578,167.562057495,16.7426815033,54.4659538269,0.0349092209945
390,27.1121616364,174.805587769,26.4240894318,60.1365318298,57.5364172459
390,16.1356983185,171.05078125,17.2792892456,45.0005073547,44.6870565414
390,8.14372158051,167.431900024,15.0788269043,48.6738014221,29.7412604094
390,571.95123291,177.833847046,23.0107250214,54.1888694763,23.0623736978
390,607.652587891,174.356521606,27.702041626,81.9047927856,16.5187999606
390,615.379211426,233.636886597,17.2251548767,43.3294487,2.3878660053
390,40.476726532,167.105682373,23.6409015656,45.5887718201,1.17819486186
390,445.529541016,177.575866699,16.5886859894,43.85105896,0.0403530226322
420,550.887268066,167.569717407,28.5946807861,60.9779319763,4.2166467756
450,602.507080078,138.615585327,28.6184482574,81.7149124146,8.33610594273
450,502.336456299,136.308288574,20.2400016785,51.5190315247,0.487847672775
450,231.433959961,139.678344727,20.7505340576,51.8872108459,0.257089734077
450,590.164855957,74.7993469238,34.3793792725,117.431861877,0.182775151916
450,524.860656738,150.72605896,16.3389263153,42.4335899353,0.117901235353
480,602.745361328,145.347640991,22.5534343719,60.1626434326,31.7401915789
480,575.203186035,157.640945435,17.0842170715,52.733417511,2.40883156657
480,46.3943748474,126.666351318,20.3581600189,63.4545288086,0.472451560199
480,126.866371155,120.700317383,20.0937099457,60.3416786194,0.0827018287964
480,446.515777588,157.657089233,24.1795349121,65.5501937866,0.0391148088966
480,113.663017273,112.669006348,25.0033035278,84.021697998,0.0345236097928
480,544.651062012,82.4545898438,31.0459880829,81.8090438843,0.0129874577397
510,239.552490234,148.426452637,20.4326629639,54.2472419739,5.52497506142
510,498.602935791,178.066818237,19.8595371246,48.1887664795,0.439300155267
510,508.843536377,185.452346802,20.1650981903,51.7629699707,0.28396146372
510,34.3308143616,137.215576172,22.7947635651,58.7770576477,0.233704340644
540,607.155334473,162.662796021,23.5548095703,58.4876556396,3.29006947577
540,584.794372559,123.693702698,30.4252319336,76.6083297729,1.77010186017
540,580.641296387,191.060058594,28.3312454224,72.0414962769,1.6851304099
540,12.971077919,197.606155396,17.2490158081,46.0245018005,1.59645993263
540,31.5634460449,74.6780166626,29.9342346191,90.739440918,1.45729407668
540,594.958496094,179.421035767,21.0083065033,47.1382141113,0.671866955236
540,616.804443359,118.813163757,16.5084381104,57.8331756592,0.486672436818
540,53.8932800293,75.8314437866,21.4244365692,83.0164871216,0.0369469664292
540,563.888122559,137.239303589,19.9791812897,50.7751274109,0.0137916606036
570,529.356750488,187.424423218,19.2207279205,58.2111816406,2.54297181964
570,153.444366455,151.840499878,25.5613117218,70.5812301636,0.130070315208
570,9.42983341217,201.916000366,23.6745624542,61.8629646301,0.0608225062024
600,557.985595703,185.300109863,27.8745479584,87.2808456421,4.73462976515
600,616.661376953,177.771438599,17.4630260468,58.5116729736,2.04934291542
600,53.5344047546,147.698059082,30.0222797394,84.2399978638,1.17022525519
600,579.015563965,194.781814575,26.2312488556,73.0652389526,0.953151378781
600,260.425079346,142.644866943,20.9437351227,55.2069282532,0.596901401877
600,0.0,72.214630127,19.8749847412,78.3313369751,0.456826994196
600,10.7699708939,187.274841309,27.8594512939,66.5177459717,0.4405034706
600,554.082458496,170.950866699,21.3940601349,58.5455780029,0.440015876666
600,530.062194824,176.17628479,26.9415111542,73.7518615723,0.263579376042
600,151.559936523,52.9341316223,21.2438678741,62.5997428894,0.0226348231081
630,606.076904297,185.582565308,21.8165683746,62.0526237488,80.5367708206
630,581.186096191,162.218582153,21.5338668823,74.2950973511,42.4539625645
630,594.267883301,162.628143311,21.5345668793,86.2364730835,4.54488545656
630,616.451660156,210.608276367,17.5217533112,47.9154243469,1.18524087593
630,557.59564209,188.415893555,17.8365325928,55.6149024963,0.390973035246
630,567.282043457,201.558151245,18.8797550201,46.9850578308,0.24068118073
660,458.449432373,128.043045044,23.1820926666,70.0473251343,30.6809872389
660,466.320648193,151.81022644,20.5317382812,75.0929794312,4.58457879722
660,562.355895996,220.887863159,18.0918655396,62.456817627,2.71321553737
660,5.66332578659,63.6889381409,15.155257225,73.3890914917,2.52857264131
660,540.100524902,219.193466187,19.6984500885,57.6039123535,1.32598420605
660,3.20035934448,119.931739807,25.8988895416,61.7241096497,0.307520409115
660,561.830505371,164.168991089,20.6843852997,55.1107521057,0.289899064228
660,125.048522949,175.097793579,21.220293045,65.551902771,0.198667915538
660,124.338768005,143.800308228,21.6295852661,59.3961143494,0.0951673602685
660,99.3759994507,239.120925903,21.4083309174,52.4649467468,0.060548161855
660,135.894866943,141.654998779,26.1346511841,76.5125198364,0.0511685502715
660,572.946105957,211.752609253,28.8607730865,73.784866333,0.03017449053
660,150.980636597,147.88873291,21.2439899445,64.8191833496,0.0139514566399
690,503.906585693,134.458847046,27.8918838501,79.6247024536,16.8889001012
690,524.74609375,134.607299805,25.6041126251,82.9662628174,10.8599774539
690,515.616088867,172.625045776,19.8507213593,56.8466835022,1.44862961024
690,161.34223938,151.030456543,19.6438732147,59.1784172058,0.0660345656797
690,535.761413574,41.1894340515,33.6386833191,123.804969788,0.0161826246767
720,138.226821899,153.472305298,22.9046726227,66.642616272,13.3032694459
720,556.816711426,112.424293518,32.1987113953,101.687919617,2.39499267191
720,581.714660645,176.657592773,18.5028553009,52.5111274719,1.41362631693
720,121.985679626,182.956375122,13.955332756,47.3543510437,0.763194821775
720,511.809112549,61.2768707275,18.0031261444,54.5621833801,0.699772080407
720,17.6085948944,178.379165649,19.3879261017,52.0822753906,0.151313503738
720,50.647190094,115.256530762,39.7955513,87.323600769,0.0272905017482
720,572.274475098,106.612884521,21.0130214691,56.9396209717,0.0183068885235
750,496.740356445,178.187423706,19.2356033325,47.2071647644,95.107537508
750,44.7990875244,174.769836426,20.4287643433,63.0479011536,79.1827499866
750,613.280456543,174.023086548,17.0620880127,47.3442420959,60.0145936012
750,599.215576172,179.261108398,19.257932663,43.1658668518,1.34203704074
750,509.291229248,178.917037964,15.2245187759,45.9854927063,0.434460910037
750,487.107757568,176.194213867,15.4130020142,42.7949028015,0.203007878736
750,552.820007324,166.982009888,19.6842250824,58.1250038147,0.139799318276
750,475.101104736,165.276901245,14.7405662537,47.4105873108,0.0655671057757
750,97.2759399414,136.224945068,31.438621521,67.4679794312,0.0309315888444
750,560.086730957,31.6476039886,24.7573261261,51.9366569519,0.000210649068322
780,540.173950195,158.653518677,21.7847518921,55.9626731873,97.740316391
780,505.694854736,153.430252075,18.5775966644,45.5207672119,1.69516466558
780,558.274475098,160.220184326,16.9330272675,50.6770629883,0.118573661894
780,484.0987854,147.98526001,16.7351741791,50.1724700928,0.0523720518686
810,568.327819824,166.878601074,24.3868103027,49.8512268066,4.61902432144
810,453.084716797,155.382247925,25.2035541534,57.4087638855,0.0715061672963
810,132.045166016,125.182945251,20.1855449677,58.0835762024,0.0122452634969
810,101.734733582,118.127220154,28.1186199188,83.2913894653,0.0115723858471
840,511.79385376,165.890487671,21.864774704,59.2581672668,7.45827257633
840,610.278625488,72.3108596802,21.6861343384,65.9127197266,3.65956313908
840,114.874900818,164.652145386,18.6806697845,52.7736244202,1.77596360445
840,586.344421387,62.9345741272,34.0195541382,106.398262024,0.876201689243
840,154.401489258,168.253662109,18.0438194275,39.6719169617,0.335464370437
840,499.398406982,157.69593811,18.8506374359,54.1108894348,0.242860289291
840,182.91607666,141.568283081,18.4068641663,52.498916626,0.0305084569845
870,587.443603516,167.977676392,20.451128006,51.1784477234,81.5243899822
870,9.62786960602,181.279678345,20.8625202179,55.0584564209,76.2126266956
870,90.4884414673,171.177978516,20.4395771027,51.7960853577,43.3747053146
870,599.723083496,167.488967896,17.8094806671,49.932094574,12.0682410896
870,612.156982422,156.43963623,17.2992973328,49.6809883118,6.4924441278
870,578.277038574,177.188796997,19.330198288,49.1243934631,1.42095787451
870,480.772369385,103.608177185,18.7529754639,50.272354126,0.225645233877
870,55.0528526306,102.732910156,28.1600570679,74.1210479736,0.178167561535
870,184.825744629,162.086410522,22.5138339996,59.8302345276,0.0913602299988
870,569.604248047,179.626968384,16.4063091278,50.8264465332,0.0859252933878
870,451.715423584,171.676010132,17.5284290314,52.9696083069,0.0612763222307
870,460.462768555,156.973449707,23.3084506989,66.4313049316,0.0181285999133
900,64.2648696899,176.542709351,20.4366188049,45.0575523376,0.309839984402
900,398.871246338,134.191680908,20.6756839752,69.819984436,0.0945292704273
900,168.982345581,135.522201538,19.2724704742,61.7744178772,0.0115343893413
930,8.7210931778,181.480270386,18.7628726959,51.37292099,17.2707974911
930,403.198944092,145.506408691,20.3777999878,62.2421531677,9.95675548911
930,184.714828491,154.421661377,19.2920703888,53.5484428406,2.18795761466
930,493.816314697,165.784957886,15.9414682388,46.1877632141,0.306120840833
930,201.521957397,151.749023438,21.024887085,50.3167724609,0.177549070213
930,392.334259033,150.842575073,15.8736219406,56.2318992615,0.173780845944
960,613.323974609,175.979248047,20.6141300201,52.2700386047,48.9093542099
960,196.437240601,147.631851196,19.995634079,62.6257820129,23.1458425522
960,554.751403809,176.761795044,20.6565570831,50.3207817078,16.3098633289
960,593.584411621,150.414291382,30.4304828644,72.339630127,6.83491155505
960,401.707641602,156.087280273,22.0961971283,54.232585907,0.180427136365
990,438.814819336,154.71522522,22.7356872559,67.8802261353,4.97050248086
990,423.637298584,149.827819824,24.3779850006,63.7158927917,3.94061431289
990,85.5550842285,161.844436646,23.5794811249,46.3184547424,0.055886991322
990,503.677337646,193.93170166,17.321767807,57.3615264893,0.0482949399156
990,475.511077881,182.208358765,21.552728653,54.4008903503,0.0404689926654
1020,457.154815674,172.865737915,18.8523807526,46.2956504822,10.7284024358
1020,125.431159973,169.075256348,18.8973960876,54.278717041,10.1471029222
1020,506.637207031,173.954544067,18.8045024872,42.88230896,9.66536849737
1020,473.771850586,152.072784424,29.0687236786,74.7298812866,4.21048663557
1020,167.051193237,146.544174194,24.2982883453,71.0461044312,0.199253973551
1020,562.461853027,181.393066406,22.1142749786,50.4074516296,0.167341285851
1050,477.970001221,178.1224823,18.5893592834,45.2492103577,67.7966058254
1050,587.066162109,150.468704224,21.3342819214,54.7794685364,13.8623178005
1050,27.0398960114,171.011657715,19.7483081818,48.2181739807,4.16343063116
1050,81.0819625854,173.791732788,21.2457542419,51.4096679688,3.49232107401
1050,462.828826904,173.425308228,21.5786724091,52.797580719,2.25283280015
1050,596.996398926,154.540100098,27.4047603607,74.9968185425,2.14149449021
1050,56.0192680359,165.314147949,22.4280166626,56.3987617493,1.88915859908
1050,509.615447998,74.0729446411,64.4013061523,158.293441772,1.23155359179
1050,37.2091712952,172.870727539,27.8970184326,58.1208305359,0.753304827958
1050,535.281433105,166.400924683,32.3348503113,71.3583984375,0.153847434558
1080,10.2089452744,175.819580078,20.6189289093,49.1818962097,57.7571153641
1080,611.592224121,180.881576538,18.370426178,46.4652442932,26.3694912195
1080,598.589904785,180.312240601,16.0284042358,44.1271247864,10.991307348
1080,69.0161132812,164.226928711,17.6420135498,54.1094169617,4.19351756573
1080,22.2225952148,164.880599976,20.5881881714,56.8758087158,3.17013151944
1080,424.081939697,162.726135254,19.8283557892,45.8015441895,0.111890409607
1080,437.806549072,148.336807251,25.8557052612,54.9712524414,0.0223449067562
1110,530.147949219,171.685134888,20.1673240662,51.9107246399,88.2879078388
1110,430.822998047,156.916564941,17.6757888794,51.8221931458,3.72778140008
1110,544.653930664,175.585403442,17.6079807281,56.1647911072,2.89059374481
1110,557.221984863,174.73449707,22.7004680634,60.5026664734,2.11992263794
1110,485.372436523,167.392242432,29.5988311768,55.4601860046,0.735977012664
1140,561.808532715,169.532363892,22.4150714874,60.6665649414,99.3636369705
1140,609.606323242,170.357711792,24.6200237274,77.3486404419,32.0583760738
1140,549.017456055,167.775344849,17.0653018951,48.1171302795,6.75560757518
1140,7.99867486954,147.904800415,22.9619216919,66.6235275269,4.86871004105
1140,591.435913086,162.854598999,21.7325725555,62.2519721985,3.34785655141
1140,615.800842285,150.748336792,18.3919353485,52.7223854065,1.84859223664
1140,615.032653809,37.3714332581,18.9394111633,49.9514045715,0.464078737423
1170,591.291687012,167.319778442,27.8431911469,67.5815963745,99.7307896614
1170,617.503295898,161.90512085,17.3367118835,51.8729400635,4.27759476006
1170,154.232147217,147.589401245,19.3079547882,49.9758453369,0.0916412333027
1170,142.183929443,148.555343628,18.6495933533,52.0572319031,0.0174479340785
1200,143.899078369,144.341720581,19.9518451691,63.8019218445,15.8637613058
1200,585.231811523,140.998458862,23.942522049,68.079536438,3.11698894948
1200,576.127441406,136.119018555,19.5944347382,54.3870429993,0.800249911845
1200,131.878952026,150.589309692,20.7085056305,57.806640625,0.0374652998289
1230,592.087890625,141.647705078,26.221862793,68.279083252,69.5883989334
1230,609.651916504,60.4209098816,23.9299793243,79.0342941284,4.99817691743
1230,208.006118774,170.085525513,23.3486347198,51.3097991943,0.187038315926
1260,601.047180176,148.989730835,24.5402126312,61.9625549316,68.0714309216
1260,614.245605469,143.148834229,18.4262046814,48.051776886,0.905434787273
1260,135.688873291,138.596130371,21.9372711182,57.5563468933,0.57362280786
1260,591.476501465,140.923965454,19.6142635345,49.0015449524,0.270003965124
1290,605.083984375,147.137145996,21.891166687,62.031375885,59.4439864159
1290,69.7496948242,182.274887085,17.4113311768,41.0634078979,3.15004810691
1290,585.334960938,142.510040283,21.2518806458,47.3586883545,0.202211621217
1320,604.46081543,153.002914429,20.252374649,60.3330535889,39.7424608469
1320,590.65057373,146.606521606,23.4276676178,52.1988525391,0.711719226092
1320,132.285049438,148.507980347,21.0772342682,46.8627586365,0.0255934195593
1350,604.422302246,148.181671143,19.6058712006,44.307674408,11.9469620287
1350,590.362487793,144.873123169,18.4626560211,46.7768363953,0.125919748098
1380,603.993591309,155.677124023,22.2783355713,63.7295417786,62.0365023613
1380,131.693496704,151.593032837,21.3796234131,61.5122070312,0.26941690594
1410,604.981567383,155.941513062,20.5636768341,61.6674613953,43.9374148846
1410,568.030334473,153.488754272,18.1701221466,46.7567024231,3.03431097418
1410,579.58996582,151.598678589,18.1045322418,46.1861915588,0.538410432637
1440,604.20880127,152.197250366,21.6877059937,62.2736930847,65.1946246624
1440,53.1920967102,192.515396118,18.0035400391,39.990020752,15.3664067388
1440,591.308410645,148.241943359,22.3668270111,51.1464080811,0.526582915336
1470,607.744445801,154.971817017,20.8069725037,62.2976341248,62.6879990101
1470,53.8094673157,185.423171997,17.2406291962,44.7165489197,5.75620941818
1470,116.565490723,156.130722046,23.6379089355,62.5673828125,0.250390195288
1500,609.528320312,149.890823364,21.0442085266,65.233833313,19.2608639598
1500,126.569419861,158.677352905,19.2125453949,56.0499725342,0.0326661509462
1530,611.784179688,158.1668396,22.012298584,62.8763160706,45.6192016602
1530,60.0289115906,148.776809692,28.7741336823,84.552772522,0.329915294424
1530,169.698791504,160.314254761,21.7155399323,55.9184875488,0.130418722983
1530,110.021263123,159.942306519,26.1332035065,64.0188369751,0.113223621156
1530,447.190551758,165.321746826,21.9547100067,58.3884849548,0.0800280482508
1560,50.1630134583,204.347213745,16.2099876404,37.0908622742,1.8038418144
1560,49.5721092224,151.800598145,30.8858013153,80.8325500488,0.047712502419
1590,483.956085205,171.181777954,23.974822998,52.3305702209,2.20800656825
1590,453.023223877,174.216262817,21.1300392151,57.864818573,0.0841180619318
1620,494.439575195,168.472488403,23.1830005646,66.4080581665,2.03648768365
1620,9.84198856354,155.97013855,27.8705062866,62.5116882324,0.973636377603
1620,481.493682861,187.309036255,26.199930191,52.6316719055,0.601549213752
1620,470.107788086,175.390579224,21.4241104126,52.7349243164,0.395029503852
1650,501.160491943,181.572036743,17.5585670471,48.099899292,7.99317210913
1650,523.294006348,160.179092407,21.8286361694,72.7132720947,5.62367551029
1650,509.330108643,181.51133728,23.0594940186,55.328289032,2.97333877534
1650,615.812316895,182.732498169,17.5461330414,47.1337127686,2.23709698766
1650,7.2540268898,97.2317428589,19.8014583588,52.3498725891,2.22440864891
1650,423.808105469,163.852828979,17.7348403931,51.4482727051,0.544888712466
1650,485.451446533,178.269760132,21.0953063965,47.1944274902,0.182834698353
1650,66.9551696777,129.833908081,22.5240936279,58.6541252136,0.128171581309
1650,438.16696167,162.161865234,21.7868175507,59.6740760803,0.0403489451855
1680,440.039398193,164.985046387,17.566242218,50.6676826477,3.84806804359
1680,582.207214355,144.585601807,19.1799144745,51.1205711365,2.4148017168
1680,451.361053467,179.584060669,17.7424602509,44.6028633118,1.83626040816
1680,494.543212891,178.914505005,18.9894123077,49.0006980896,1.61316990852
1680,519.101196289,180.916259766,19.8128604889,51.5814247131,1.09703671187
1680,575.214172363,162.701034546,29.8092632294,84.0424728394,0.305750733241
1680,461.490447998,181.382064819,18.3072338104,45.5990562439,0.170677888673
1680,529.659851074,189.4765625,18.9082527161,47.9220542908,0.1467440743
1680,424.568695068,152.527770996,21.2188186646,65.2611465454,0.112804525997
1680,542.507141113,185.113327026,19.4301204681,51.992641449,0.0543236325029
1680,552.609924316,191.277389526,21.2417316437,55.80210495,0.0532684498467
1680,505.982818604,181.067214966,21.2469043732,48.9791069031,0.0221663096454
1710,572.027893066,178.660202026,18.5674934387,54.6997032166,49.343585968
1710,462.59854126,163.379959106,17.2544574738,52.1305809021,14.9461850524
1710,12.8513412476,107.84790802,28.1726894379,96.4830093384,9.55622345209
1710,451.298431396,153.687362671,18.8954620361,60.5430259705,6.4108222723
1710,418.63961792,152.400253296,21.0695724487,60.73777771,3.06947063655
1710,613.317138672,157.192398071,19.4030570984,48.0325813293,2.82370857894
1710,434.843139648,145.399200439,24.1041584015,72.008644104,2.52435915172
1710,528.206604004,179.008926392,25.3785266876,54.8514823914,1.25950369984
1710,543.784240723,174.155044556,17.396074295,57.0772705078,1.1110608466
1710,578.046936035,158.753097534,27.6989994049,77.4800262451,0.911066215485
1710,470.318481445,177.076843262,21.5538024902,52.0327453613,0.599999446422
1710,481.13571167,154.951705933,26.6895904541,68.5942611694,0.36819933448
1710,531.320495605,138.981750488,29.150346756,70.773475647,0.195065129083
1710,0.770503342152,180.207885742,21.1069278717,60.3709068298,0.102034478914
1740,489.153900146,160.980148315,18.682975769,47.502155304,49.8189479113
1740,590.50189209,162.424362183,19.4095554352,52.2990264893,38.1375640631
1740,566.711608887,172.636001587,19.9882678986,50.3768959045,21.4074611664
1740,614.130432129,174.809082031,19.6630382538,57.7267570496,20.358222723
1740,437.514373779,143.225479126,19.1475639343,59.1923332214,10.549223423
1740,243.220962524,162.059783936,21.1819782257,51.6740875244,6.37513548136
1740,451.516021729,120.845359802,29.1339931488,92.8198242188,3.6189481616
1740,601.756713867,163.251281738,21.4647884369,59.7700614929,3.12458518893
1740,576.638977051,169.803726196,26.250289917,57.0450592041,1.55410245061
1740,499.698577881,162.176300049,17.2947769165,53.5728912354,1.36878555641
1740,425.115142822,149.391891479,18.9153575897,55.9272193909,0.498988386244
1740,537.458190918,135.198883057,19.9320812225,64.5576400757,0.45393849723
1740,508.126373291,160.707458496,23.5059204102,58.0233650208,0.24530668743
1740,522.429382324,159.412094116,23.0125102997,63.8543663025,0.225263903849
1740,469.620849609,143.369171143,24.9927463531,64.9749221802,0.175489031244
1740,446.269683838,167.803771973,19.7712306976,47.8937950134,0.14415277401
1770,523.385681152,165.893753052,26.5447158813,59.468662262,85.4974091053
1770,565.208129883,105.207939148,37.834487915,135.026626587,4.6713501215
1770,511.580200195,172.941467285,17.6190567017,49.8551673889,4.56172861159
1770,588.310974121,204.858779907,18.2724933624,44.4076690674,3.82790565491
1770,610.615722656,171.117019653,21.1021575928,64.2668685913,2.80880909413
1770,489.765258789,167.665786743,23.166059494,62.2481193542,2.27443017066
1770,451.009002686,144.21875,21.2953968048,63.5189170837,0.700255297124
1770,463.470611572,147.957138062,18.0227394104,64.4209213257,0.34963756334
1770,419.638916016,159.094573975,17.8281173706,52.5915679932,0.274453568272
1770,96.3660812378,121.083251953,18.9590339661,65.9341201782,0.121742591728
1770,605.015014648,130.49949646,18.5029430389,53.0382652283,0.0872797972988
1770,428.531219482,145.634521484,20.984254837,59.997756958,0.0844622089062
1770,589.378601074,123.073417664,25.0009441376,69.3381500244,0.0466035970021
1800,591.279296875,162.592773438,26.3612270355,73.425994873,99.1236627102
1800,610.892883301,168.977844238,18.6504898071,63.7557792664,1.74654982984
1800,488.916168213,147.073669434,27.4584960938,66.4261550903,1.45185897127
1800,572.375610352,162.976303101,23.9513473511,71.320602417,1.29159381613
1800,453.046966553,144.83921814,25.3715724945,64.4912033081,1.14658875391
1800,503.051605225,168.673080444,17.6072864532,59.4264183044,0.795324053615
1800,440.323394775,154.622634888,20.2926082611,57.4308433533,0.415492942557
1800,59.8213768005,114.570213318,21.479970932,64.5379638672,0.237397034653
1800,71.8240127563,127.382507324,19.0712184906,59.2861366272,0.097683724016
1830,546.410583496,170.611801147,29.7066707611,68.4013214111,57.7580332756
1830,606.112487793,186.296875,20.3245372772,60.7850914001,8.69586020708
1830,16.8171596527,99.7914657593,29.4112033844,72.6764907837,1.54445692897
1830,615.626708984,214.501846313,16.3594455719,42.5325126648,0.500732567161
1830,448.2862854,148.415115356,25.6342601776,63.7481498718,0.230921804905
1830,476.913848877,156.444625854,22.4433498383,56.9102325439,0.121349003166
1830,40.0818786621,104.289710999,27.475107193,90.4500656128,0.0072720758908
1830,564.526062012,28.0495071411,26.8662261963,71.8937530518,2.13458079656e-05
