30,564.44342041,168.447128296,20.4728679657,55.4562110901,32.6652497053
30,618.546691895,184.646743774,15.6922559738,51.1637535095,4.53196056187
30,604.820373535,76.2394790649,29.9270305634,95.7351074219,2.08607986569
30,624.571166992,100.411170959,15.4288330078,65.2369308472,0.70736813359
30,579.241149902,168.864135742,17.1228961945,50.3443145752,0.696415826678
30,569.851867676,107.41696167,20.5515651703,59.2220916748,0.00846420589369
30,480.935211182,110.510948181,21.2360839844,64.6374435425,0.00197755471163
60,139.560943604,165.569625854,19.9122028351,42.7998542786,7.24753960967
60,528.411560059,64.9085464478,20.7475376129,66.2052536011,1.2948163785
60,596.038574219,179.584640503,30.7518596649,89.5022964478,0.382524519227
60,559.559631348,62.7142524719,18.9891090393,51.8023872375,0.0920380640309
90,564.257385254,170.617355347,16.7335090637,57.5904502869,31.5516769886
90,616.740112305,165.007507324,18.1904659271,55.8716545105,4.64391969144
90,593.442138672,40.6634979248,29.1799983978,83.5932235718,0.600739428774
90,581.010925293,66.2816848755,29.2107944489,85.8274765015,0.0856230966747
90,431.847900391,169.338638306,22.6686077118,54.4570884705,0.073322938988
90,614.706420898,30.1908321381,19.7613258362,53.1576538086,0.00126164850371
120,465.462036133,180.147171021,22.606086731,58.417755127,77.0833671093
120,479.162628174,187.862976074,15.5939130783,51.8472442627,57.0939302444
120,627.854858398,90.2570266724,12.1451416016,77.6790542603,3.82433757186
120,488.271026611,186.567565918,16.7305812836,51.2288780212,1.78857799619
150,530.15838623,183.837692261,29.3021011353,82.3327484131,62.8668308258
150,549.977355957,196.018066406,22.9428462982,70.2874984741,54.1017889977
150,596.525878906,167.297698975,26.6311893463,97.0707397461,15.6711637974
150,563.245422363,200.08392334,19.605047226,59.8796691895,13.0225241184
150,7.83638525009,191.352462769,16.747625351,47.1106987,6.37470856309
150,572.965820312,201.588668823,24.261800766,64.7652130127,1.06625128537
150,589.210144043,222.461257935,20.9394397736,49.5562095642,0.149980036076
150,18.8929042816,196.182754517,17.4318027496,44.8448181152,0.0698893389199
210,7.26660776138,189.500915527,17.7889385223,51.376537323,1.70725751668
210,602.559387207,239.843521118,22.0037231445,75.8256988525,0.177245971281
210,570.935424805,106.289131165,23.6156520844,64.039680481,0.0737472262699
210,461.032867432,165.243682861,21.2081317902,53.3740501404,0.0561834487598
210,430.036865234,177.039169312,18.9626102448,42.3459434509,0.0332692987286
240,4.36533546448,188.755493164,15.4532766342,48.2502632141,29.7132402658
240,475.175567627,160.970932007,17.5504570007,54.0686645508,4.54886257648
240,122.077659607,140.482025146,21.0822162628,58.7112693787,0.401011994109
240,55.8701782227,184.307357788,16.9706401825,49.0738525391,0.273462245241
240,437.210205078,176.757522583,24.9736728668,43.7654266357,0.0377976364689
240,526.057861328,193.869552612,29.0851306915,60.1449165344,0.0316117802868
270,505.264678955,159.878631592,26.5881729126,61.659450531,21.2196692824
270,42.602191925,191.74067688,18.0793399811,43.7004737854,8.48897099495
270,5.91371393204,188.662277222,15.8023633957,49.7652549744,3.76304723322
270,413.791168213,173.984924316,22.7240200043,51.0400085449,0.32602250576
270,607.570129395,168.644592285,19.5775527954,52.5649719238,0.0233559912886
300,495.605560303,169.051727295,18.4856739044,46.8381614685,5.45755289495
300,548.461120605,138.452011108,25.3070926666,75.3201522827,0.994044728577
300,533.539550781,155.582748413,16.684469223,54.2188873291,0.383983040228
300,506.095611572,169.211257935,17.7731513977,44.0641174316,0.34274070058
300,45.8826141357,98.9037475586,23.3353557587,64.6475906372,0.020502312691
330,555.906555176,159.649810791,20.0850391388,58.4398345947,10.8084797859
330,400.383880615,154.318832397,18.4963436127,45.0351676941,0.41322959587
330,11.5020875931,165.801925659,24.7829990387,49.5360908508,0.101200735662
330,581.162780762,167.922714233,19.6967563629,51.6798858643,0.0622486928478
360,593.204406738,159.041351318,31.4906387329,85.014213562,1.50210326537
360,567.24041748,158.679016113,27.5299510956,61.5996513367,0.0851902354043
390,9.89201259613,80.6939926147,28.5104541779,61.078704834,15.0944158435
420,378.54196167,154.346725464,20.3569946289,53.6165008545,0.905235670507
420,458.873809814,173.85798645,21.3069934845,47.8905067444,0.796301849186
420,360.54309082,175.954879761,18.762758255,41.2109832764,0.154371128883
420,192.19342041,156.949523926,17.7067203522,48.6512794495,0.0942491053138
450,48.7560539246,183.874649048,21.8164215088,52.7119789124,0.778748001903
450,521.685241699,174.661941528,18.1309680939,50.6700935364,0.401510344818
450,480.507202148,174.487548828,23.9415073395,53.3578834534,0.104017031845
450,462.829956055,167.783309937,19.7686462402,46.1657867432,0.00821853536763
480,18.7329788208,186.06590271,18.3734550476,41.3005867004,1.05502326041
480,362.818878174,181.66003418,17.7854328156,41.6601829529,0.993729196489
480,493.835540771,161.787704468,30.1094665527,65.7209396362,0.235831644386
510,536.13092041,167.168716431,20.319196701,54.7668304443,9.30080115795
510,433.418243408,171.275863647,17.4374294281,49.9633789062,0.892089586705
510,333.952728271,155.401931763,19.9940681458,58.4941062927,0.786569993943
510,366.397186279,181.335250854,19.2338638306,45.4435577393,0.368932657875
510,447.169555664,170.028198242,17.7157039642,48.0570068359,0.242861104198
510,522.54876709,163.65461731,17.8076515198,48.5897369385,0.165058823768
510,473.960662842,168.184310913,19.5353298187,49.7716217041,0.121883710381
540,608.099487305,173.641189575,18.354516983,52.9649467468,65.0221407413
540,380.372924805,181.55506897,18.2338104248,51.3920021057,26.1232376099
540,596.882080078,171.914733887,18.1097507477,50.2430992126,1.57206002623
540,527.235473633,181.617431641,16.8963527679,46.7376098633,1.45295606926
540,422.917572021,186.39894104,15.6192474365,47.8037910461,1.06726037338
540,463.082977295,189.978759766,20.872751236,46.2088775635,1.02501912042
540,398.210113525,180.539230347,17.9155654907,51.4012031555,1.00691691041
540,537.932312012,177.811172485,16.2658252716,47.5957336426,0.608011055738
540,408.829833984,177.992233276,18.0099239349,55.2988891602,0.501833483577
540,582.782836914,171.351135254,20.113992691,53.5668029785,0.49829846248
540,365.657562256,170.842849731,19.3720588684,52.2417182922,0.309109454975
540,431.885742188,179.746887207,16.0593414307,51.3047790527,0.27185913641
540,319.021331787,187.498794556,26.5703754425,47.5075035095,0.0651360489428
570,461.823120117,196.833557129,18.5877971649,50.7705535889,82.9933702946
570,400.590911865,185.00831604,24.9881057739,60.005859375,80.8009028435
570,490.059082031,198.376480103,18.5724887848,48.2401008606,59.1660916805
570,579.204833984,171.854187012,19.4291152954,64.4067764282,33.9312374592
570,605.172485352,176.551025391,27.7747573853,76.1354293823,27.0552158356
570,472.641326904,196.335205078,28.0087814331,53.1679382324,7.34381079674
570,430.197357178,195.425552368,24.0295333862,51.5910758972,0.634467136115
570,359.930053711,161.418319702,18.3410243988,62.4958686829,0.187932502013
570,133.055801392,150.414535522,19.2278881073,58.9083709717,0.00750370018068
600,453.709838867,180.908370972,27.6689167023,72.650604248,96.1158037186
600,567.268127441,190.698745728,26.1187267303,64.0620117188,78.0936658382
600,601.102050781,193.198120117,21.1218490601,62.050693512,77.7453958988
600,583.612121582,193.032333374,17.534860611,54.4999351501,8.83398428559
600,557.352233887,202.425964355,19.9123954773,56.8998260498,3.69522944093
600,599.170532227,141.433517456,19.4172611237,58.2969551086,2.95092649758
600,590.879211426,211.078140259,20.1520137787,55.4716033936,0.576796382666
600,408.143280029,153.167648315,17.7269706726,62.1352233887,0.364439794794
600,547.412902832,199.180404663,18.4932060242,56.5167541504,0.295310490765
600,426.148925781,171.898422241,18.5660800934,53.390335083,0.236727134325
600,472.112670898,178.371704102,18.3912677765,51.1929168701,0.170751544647
630,499.223632812,176.086257935,50.2133979797,86.6017532349,86.5342438221
630,47.1563262939,157.705749512,16.6923847198,53.4185295105,4.54579629004
630,612.846496582,165.017166138,17.6928806305,54.9384002686,1.68031807989
630,443.217681885,163.017654419,18.3195228577,52.0640563965,0.307441106997
630,580.424926758,180.261230469,22.1040649414,53.5692329407,0.283272750676
660,479.041290283,148.910217285,51.2280731201,119.155509949,92.1160161495
660,36.9256858826,152.053970337,19.2859630585,57.3583946228,76.8720984459
660,222.258590698,160.174713135,21.2053089142,44.4954185486,5.0162371248
660,530.42755127,153.048278809,25.9004802704,69.6873855591,2.72512510419
660,487.430938721,158.46446228,23.9256420135,67.3084487915,0.762214418501
660,476.584259033,153.908462524,20.8243713379,68.7217178345,0.456003285944
690,388.151275635,137.252105713,67.274559021,139.191268921,92.5551235676
690,41.7413978577,166.663131714,17.9689846039,44.6127433777,66.7154371738
690,24.4064083099,167.502090454,17.5174427032,44.1980018616,16.8783724308
690,577.026123047,160.222610474,27.7040805817,56.4893989563,14.6437495947
690,404.518707275,147.628585815,31.7394733429,86.1627502441,4.3855085969
690,616.70904541,209.412963867,16.6651744843,46.6581382751,1.59390401095
690,609.444274902,156.403320312,17.9532623291,43.4513397217,0.263994466513
690,484.454071045,155.295700073,18.1154689789,51.3208618164,0.228400994092
690,512.950256348,182.352371216,26.0255031586,55.702331543,0.0803504895885
690,496.595916748,165.706710815,15.5747108459,50.3062934875,0.0269869837211
720,253.263198853,127.089576721,54.878200531,159.039382935,88.0639195442
720,589.715637207,160.899459839,33.6497612,60.15832901,71.1585879326
720,20.3007678986,165.799911499,19.6613330841,46.1844482422,32.6090574265
720,106.816017151,161.795059204,20.6034374237,46.5164222717,24.4181707501
720,51.2378425598,167.250839233,22.342256546,40.7039108276,6.946965307
720,34.3914299011,158.712997437,17.4467048645,46.4531211853,6.16424418986
720,7.66967964172,161.07661438,16.4181079865,50.8765563965,1.87438763678
720,286.979827881,154.489852905,23.459815979,59.6909599304,1.6192831099
720,278.155609131,136.448944092,22.1416397095,61.3625831604,0.377009087242
720,537.085632324,167.426620483,27.5528125763,60.2833557129,0.210858578794
720,564.140380859,45.8914299011,29.3394775391,91.7433242798,0.0319414015394
720,297.08026123,129.835571289,21.83452034,64.5789108276,0.016942997172
750,67.9908676147,128.326522827,71.7951965332,138.466201782,88.4782850742
750,77.8913040161,139.076034546,34.1858978271,83.7671890259,46.3926434517
750,68.853187561,147.92805481,23.1619110107,66.2466125488,27.3972809315
750,602.728210449,159.748886108,25.5590057373,66.2399749756,22.8150546551
750,17.3574695587,167.423171997,17.7675876617,44.7424163818,21.8657702208
750,102.97177887,145.499099731,29.4201984406,78.1794509888,7.64139965177
750,550.408508301,164.729156494,19.4767017365,51.0167388916,2.86766588688
750,63.4093513489,165.021911621,15.6028394699,48.0997200012,2.20320019871
750,7.12451791763,164.62928772,16.1606044769,49.0756721497,1.08882635832
750,233.489761353,157.061660767,23.4204540253,46.1727600098,0.473829591647
750,578.672729492,45.2938499451,31.1850833893,79.9639663696,0.056285248138
750,501.115966797,164.046508789,17.4689998627,45.6385536194,0.0353158917278
780,79.1003341675,171.304153442,18.894739151,46.5245018005,63.1184875965
780,616.54699707,164.365371704,21.3686847687,65.828453064,38.7808412313
780,14.9604997635,174.038467407,18.6377906799,44.3324432373,37.2873663902
780,24.445098877,154.48210144,22.1912155151,56.827911377,22.9550987482
780,62.2030220032,160.944595337,17.5797252655,50.1323051453,3.81757356226
780,233.139266968,157.573623657,19.5333805084,52.5996131897,3.58436182141
780,560.789306641,171.973937988,19.5640792847,50.7837715149,2.98824738711
780,595.657897949,57.1726989746,32.4300956726,102.422691345,0.359590421431
780,506.435546875,153.951080322,16.7866210938,50.6144065857,0.255864625797
810,17.3903331757,180.189865112,18.3827610016,44.1813316345,51.1802494526
810,24.102563858,157.697387695,19.7521247864,57.890712738,9.33105200529
810,8.17787837982,176.064102173,17.2950763702,47.9805755615,4.30033355951
810,516.336975098,162.647277832,19.6499881744,47.558506012,2.42976695299
810,572.89666748,174.206100464,25.9819698334,59.9369697571,1.61445681006
810,542.021850586,170.541976929,17.8027153015,50.4198722839,0.584654510021
810,533.993103027,167.591491699,15.3248567581,42.7974739075,0.110971950926
840,244.828674316,165.500808716,19.5376186371,45.6927604675,39.9893909693
840,89.3043136597,176.449386597,16.5985107422,43.5199432373,35.3930234909
840,593.919616699,167.657211304,19.6457176208,53.6077919006,2.12285015732
840,536.270446777,118.702522278,29.0764789581,96.6027603149,0.416337465867
840,603.320861816,200.144180298,21.2393550873,54.8860931396,0.398504734039
840,557.675231934,173.386657715,18.2911987305,51.4112701416,0.362909538671
840,606.661376953,166.501861572,21.2717590332,65.8424758911,0.314691849053
870,98.0712356567,181.796463013,19.0312404633,45.441192627,53.8029372692
870,32.5892524719,175.776657104,18.2199306488,51.3966712952,25.7290869951
870,8.12538337708,187.524673462,18.4178638458,66.9655914307,10.0956715643
870,255.231582642,162.272796631,18.186498642,52.811504364,3.15791368484
870,82.5668640137,167.548751831,21.6366939545,56.1976661682,2.91873365641
870,592.932312012,183.800125122,16.5125999451,49.0317802429,2.71708350629
870,20.7583084106,183.817947388,17.8153362274,44.0374412537,0.710081262514
870,497.086181641,191.303909302,21.1424865723,50.0202941895,0.518203526735
870,44.9193611145,175.548934937,19.1255588531,51.9143638611,0.435215933248
870,555.661865234,136.487167358,18.0829029083,66.1790390015,0.0202490817173
870,481.761230469,185.095565796,26.5525035858,59.1623077393,0.000612035864833
900,94.8230514526,185.351119995,20.6414432526,49.3409767151,63.7442111969
900,255.242141724,168.081665039,17.8581256866,48.535610199,7.26849734783
900,61.3819122314,154.765213013,20.0259437561,63.3784751892,1.50870112702
900,318.23147583,174.501663208,18.2239170074,47.9073448181,0.874629803002
900,233.650588989,185.829589844,16.9671726227,42.9252052307,0.570794707164
900,137.619430542,150.687149048,24.0510387421,75.0286560059,0.317594967782
900,503.894439697,196.723068237,19.2511692047,62.4908866882,0.047896313481
930,72.8341674805,185.080688477,21.3648395538,57.7103462219,85.9067201614
930,206.785140991,187.745895386,17.696559906,45.0389060974,55.0048470497
930,244.010726929,162.024124146,18.0707244873,52.1216011047,14.2191365361
930,36.8283195496,171.06477356,19.2033805847,55.9761352539,11.6010122001
930,16.2670879364,148.582717896,20.0386581421,51.8989753723,1.4437043108
930,198.268325806,182.492324829,15.5977430344,49.767665863,0.689978059381
930,23.4016475677,154.232299805,23.7964248657,70.89478302,0.491722300649
930,584.366455078,219.533630371,27.8851699829,66.9857406616,0.0971766829025
960,26.963432312,186.65838623,20.2535247803,55.0223693848,84.4511806965
960,161.63873291,185.706665039,17.7436771393,49.4733123779,67.9094910622
960,606.321166992,180.934951782,22.2168884277,63.6436042786,46.3619709015
960,220.316055298,161.612060547,19.3246517181,51.3057136536,8.3401620388
960,17.4019489288,185.359786987,15.4305610657,56.0152778625,3.5100184381
960,4.43199539185,193.91204834,18.3985671997,50.5118408203,3.00391223282
960,527.48840332,186.946578979,17.2360935211,52.7761726379,1.56627502292
960,151.858444214,184.986694336,16.9151916504,51.882396698,1.16695687175
960,40.7391929626,191.535171509,17.9487323761,51.318775177,0.247056642547
990,71.5079421997,188.706863403,23.0988388062,59.8482055664,97.6016879082
990,100.022850037,176.527542114,18.9912395477,48.5820884705,56.737279892
990,168.798660278,153.385696411,22.6733112335,61.5092735291,15.8598035574
990,56.2975616455,192.772171021,18.552564621,52.5487976074,0.228719459847
990,202.035415649,86.7396850586,27.1463527679,70.5830993652,0.0375342089683
1020,7.21284246445,176.534866333,18.0247859955,53.6256904602,64.781910181
1020,108.986427307,146.903671265,26.2897205353,58.4089050293,3.71259115636
1020,160.682357788,176.690536499,22.2979183197,52.2768135071,2.09986101836
1020,74.6524124146,152.979919434,21.136800766,61.4918327332,1.44053259864
1020,92.3381271362,147.562988281,26.9968662262,64.9611129761,0.759629067034
1020,183.369628906,52.6410102844,29.3886356354,65.040802002,0.417287508026
1020,58.6434631348,131.548782349,29.2585735321,82.6002426147,0.126698345412
1020,572.688232422,181.513595581,22.9957408905,69.5402603149,0.0229589422815
1020,62.201007843,177.433151245,20.8478622437,56.6717224121,0.0170641418663
1050,516.243713379,183.122009277,22.7426624298,54.5726356506,16.2590533495
1050,76.8245773315,178.334350586,23.1907653809,56.5170555115,8.88525396585
1050,413.506500244,173.991012573,21.9864120483,45.5146942139,1.77277158946
1050,115.028869629,53.1855049133,20.6961650848,52.4675941467,0.676779868081
1050,612.212341309,177.200881958,20.1973018646,60.9994544983,0.387925677933
1050,130.101913452,44.0438652039,20.956653595,62.074005127,0.114910164848
1080,404.365509033,176.945266724,21.0022010803,53.3605766296,83.8282167912
1080,585.04473877,180.113708496,26.8696308136,56.4190101624,9.22556743026
1080,81.0817947388,189.474060059,18.1788063049,51.8275642395,2.31240317225
1080,587.144470215,86.3924560547,34.8859710693,119.785194397,0.405466137454
1080,598.255432129,172.496414185,32.5073661804,56.9518699646,0.386164872907
1080,443.955963135,173.434494019,20.6130943298,53.4437599182,0.0606126559433
1080,419.071289062,165.612747192,18.1205558777,56.5621948242,0.0411239103414
1110,430.175170898,180.548141479,27.0757884979,69.6254348755,89.4061148167
1110,449.19921875,178.029434204,18.7926120758,64.0870666504,6.82608634233
1110,276.993041992,172.409957886,21.5596637726,46.1675872803,2.9994096607
1110,553.927490234,29.8558940887,19.0030403137,66.7312545776,0.69910408929
1110,180.722900391,152.367782593,16.3021888733,60.9126014709,0.0175528970431
1140,500.602325439,163.535385132,46.7867774963,142.907318115,87.61729002
1140,609.020935059,142.680953979,21.7936077118,70.8075332642,59.7240447998
1140,233.850967407,166.09413147,22.2633075714,51.205078125,7.67041817307
1140,496.908966064,199.140457153,25.4556293488,79.8333206177,5.10085187852
1140,42.1044120789,260.223602295,22.9538097382,57.2943840027,3.16318422556
1140,527.06817627,169.619934082,26.6811065674,75.5502624512,0.435052905232
1140,512.067321777,165.842376709,23.2315292358,71.8566741943,0.270525389351
1140,607.413391113,224.544235229,24.3661975861,68.2976455688,0.233598588966
1140,248.930557251,163.473266602,17.5708637238,46.2036437988,0.0792840553913
1140,453.338531494,127.160636902,23.0043716431,69.6769943237,0.0543777423445
1140,20.9008159637,260.163269043,24.3453140259,61.039730072,0.0359243393177
1140,120.200645447,140.288665771,30.6945495605,80.1122360229,0.00384130762541
1140,447.573394775,176.740234375,18.6723880768,55.6538276672,0.00240202552959
1170,5.24431180954,189.865234375,18.380941391,50.4338264465,6.22587613761
1170,451.884155273,174.028198242,18.2122592926,50.4942893982,4.52416278422
1170,491.317626953,130.128738403,21.4954013824,61.2238044739,2.31700688601
1170,472.838378906,173.742019653,24.059885025,62.6070098877,0.253607844934
1170,616.604064941,174.321166992,17.9508571625,53.6331062317,0.230925157666
1170,482.167388916,141.505599976,19.20063591,61.2808876038,0.0759345071856
1170,81.1434173584,131.71472168,29.5936145782,88.4364700317,0.0130496191559
1170,506.91494751,44.4570350647,32.8929100037,107.562385559,0.00029671170978
1200,492.5597229,175.486862183,19.6721954346,50.0860862732,50.3404438496
1200,126.810188293,165.892044067,23.4214935303,63.6979179382,40.8052355051
1200,481.608978271,178.857162476,16.9393405914,47.2374000549,5.89440502226
1200,501.860961914,119.821647644,27.9364299774,77.8450088501,2.48159337789
1200,471.000610352,174.834884644,16.9272022247,47.4524421692,0.714863836765
1200,458.271087646,171.842895508,17.1534442902,48.7001304626,0.177384226117
1200,517.207336426,104.04499054,26.9236927032,78.4755249023,0.0915400858503
1200,175.615280151,161.505493164,22.810546875,59.9452362061,0.0315967743518
1200,537.262145996,105.028007507,20.3181591034,63.1682395935,0.0075174983067
1230,83.0342712402,183.200134277,20.0779037476,51.1293296814,97.5906193256
1230,522.418579102,174.524963379,26.2318210602,56.9292297363,93.6967253685
1230,593.314758301,50.2899513245,30.1128177643,86.8625793457,28.3982545137
1230,31.1552047729,178.611831665,20.2073345184,43.0690422058,9.94291901588
1230,126.050178528,149.088241577,22.2375545502,62.5672492981,9.11550670862
1230,508.617340088,178.782699585,14.8189821243,45.2566680908,7.89987519383
1230,610.635620117,71.5154418945,20.4540882111,59.7564048767,2.90309973061
1230,66.9506225586,179.422805786,23.7322387695,52.5514526367,1.13493837416
1230,540.113952637,112.850700378,26.5747699738,109.195251465,0.606834935024
1230,576.267028809,45.5565185547,26.7595729828,91.8323364258,0.481011578813
1230,496.458892822,169.252243042,17.5353450775,51.2986602783,0.0633337243926
1230,42.2392692566,116.606773376,34.7244338989,91.8256835938,0.0219793000724
1230,8.8545217514,129.736495972,20.5267658234,60.5085601807,0.0157960224897
1260,21.285161972,183.344604492,24.2283916473,57.2586708069,98.9192187786
1260,533.425842285,176.503097534,23.7584133148,62.8230857849,95.2006280422
1260,6.45289087296,176.277786255,13.9323196411,53.3867378235,7.43216946721
1260,586.394775391,161.11656189,21.9999771118,68.8335494995,5.04232719541
1260,526.226013184,175.87109375,16.7705440521,53.7178344727,4.42309603095
1260,562.965698242,104.963928223,28.7762088776,98.1782150269,4.25853133202
1260,564.341003418,174.447494507,19.3836231232,52.4383811951,2.7233844623
1260,474.077514648,178.548690796,16.6533565521,47.6724090576,0.81041418016
1260,499.09463501,136.812149048,20.5244979858,76.180519104,0.597215164453
1260,554.926086426,124.038948059,20.5738601685,61.4424247742,0.455680629238
1260,573.32232666,94.3736495972,21.3964519501,58.2356834412,0.189005769789
1260,483.051269531,171.652938843,19.2396526337,53.2984275818,0.111638312228
1260,0.595158874989,102.061897278,28.8165893555,79.6749038696,0.0358429708285
1290,562.918457031,177.597213745,26.1253833771,73.084777832,97.6708948612
1290,536.676818848,172.545959473,26.163766861,72.6856307983,95.9413230419
1290,592.942993164,177.824707031,20.2654800415,58.5288963318,11.3993354142
1290,527.93560791,167.087539673,19.4961109161,63.5042114258,5.528017506
1290,553.11517334,179.647689819,18.6065425873,60.2985115051,3.16787622869
1290,598.83013916,97.8213806152,23.7955722809,75.3022232056,2.13126447052
1290,604.442565918,183.735702515,19.0908050537,48.4682159424,0.302676786669
1290,239.414505005,161.343795776,18.2470111847,45.5594825745,0.177346926648
1290,398.615875244,160.967544556,17.9434394836,60.7466583252,0.0239236862399
1320,575.916564941,187.190109253,29.5130634308,69.7708969116,91.2329316139
1320,477.222930908,181.442626953,26.2032604218,72.62134552,73.1495320797
1320,607.34979248,172.965530396,22.7924861908,73.4100875854,57.163888216
1320,565.282165527,178.995605469,20.1961936951,65.0142288208,25.3833711147
1320,594.721435547,184.966659546,24.3134899139,67.8312225342,2.85375509411
1320,557.061340332,167.158309937,19.1053600311,57.2650756836,0.796139240265
1320,74.0733795166,135.048141479,34.2705802917,83.2583694458,0.0302443339024
1320,558.820007324,47.2456665039,22.8060684204,46.9951133728,1.77889463143e-10
1350,496.886138916,175.106430054,35.4243927002,89.2992782593,99.1975784302
1350,319.750915527,159.768600464,48.0882415771,101.693061829,90.5621767044
1350,595.879211426,164.576889038,25.902299881,73.2924423218,52.7418375015
1350,492.453491211,178.290878296,20.8420238495,59.8208885193,3.57588380575
1350,538.340515137,176.322525024,17.8646469116,52.2089805603,2.35691331327
1350,93.1522750854,180.276901245,25.5802402496,53.6468467712,1.22436154634
1350,585.477111816,163.382232666,21.84466362,62.7066040039,0.412515550852
1350,516.900085449,177.301895142,31.9514522552,74.070350647,0.178690557368
1350,530.890075684,124.495018005,24.7894229889,86.1561660767,0.0361978658475
1350,17.4698009491,101.208229065,30.9961624146,76.0950546265,0.00427919949288
1380,308.602874756,162.221542358,55.1313209534,110.072235107,98.4102785587
1380,86.1318359375,156.152542114,44.0155487061,99.4016494751,93.4469461441
1380,607.541870117,158.135635376,25.3473300934,75.2320327759,91.6734337807
1380,42.4121398926,178.43989563,20.4189319611,55.399433136,53.3399224281
1380,471.066619873,162.186447144,19.3025417328,45.8788108826,1.97286922485
1380,504.944671631,164.708480835,17.9088897705,47.1770019531,0.994371809065
1380,627.407775879,164.590927124,12.246131897,47.8190879822,0.833143945783
1380,408.518768311,155.149398804,17.552400589,53.2464637756,0.645666336641
1380,110.551261902,220.346603394,20.7887744904,51.2409057617,0.329551752657
1380,62.6380882263,164.735351562,33.2885131836,65.2800292969,0.0338470679708
1410,15.619931221,148.217788696,57.6768341064,143.438446045,96.9657182693
1410,8.33593082428,179.686660767,19.4569149017,62.7936134338,37.4755322933
1410,511.254302979,168.751953125,17.77983284,46.5382385254,4.32825349271
1410,13.30032444,189.749160767,26.6109848022,82.6551895142,2.43387036026
1410,472.283569336,163.820236206,21.70221138,48.5575141907,1.47196948528
1410,410.591430664,159.306900024,18.6498203278,53.8446388245,0.717450398952
1410,491.380859375,157.098342896,16.8798542023,50.719997406,0.435662223026
1410,51.8013916016,162.775177002,25.2635288239,72.3871002197,0.058840517886
1410,0.463441222906,85.560585022,26.5024356842,78.3706207275,0.0112997397082
1440,518.53314209,170.702926636,21.2186946869,46.9913520813,10.8105823398
1440,615.826049805,56.0712013245,19.0999259949,58.1489372253,0.610430492088
1440,506.872680664,166.133392334,20.6614971161,46.2919311523,0.456794351339
1440,495.460083008,163.291915894,16.4069652557,44.6245269775,0.37752322387
1440,409.248626709,158.095581055,20.2672691345,59.5758361816,0.104043621104
1470,533.10333252,175.52293396,20.2318897247,46.331615448,2.91630867869
1470,25.0686588287,143.184555054,29.1395950317,60.5740814209,0.106800731737
1470,409.900421143,161.670303345,23.2682056427,53.9087715149,0.0169261242263
1500,554.996398926,174.366928101,21.4586105347,54.0621986389,7.15532079339
1500,1.33701705933,62.7403259277,15.7586431503,56.1480979919,2.4154227227
1500,9.94995498657,62.075592041,20.6673488617,50.5093345642,0.211200700141
1530,594.449035645,185.584121704,19.804933548,51.5929756165,2.36702617258
1530,582.580993652,175.286804199,19.9001255035,57.8711509705,0.751508073881
1530,532.267822266,153.951873779,17.3937492371,54.4679985046,0.539434561506
1530,445.909454346,183.12550354,22.6977405548,57.8131408691,0.0294682715321
1530,101.341697693,139.941665649,26.6053180695,72.71068573,0.00880768639036
1560,586.814086914,109.49054718,29.4814586639,80.9447784424,2.33683940023
1560,465.037261963,144.304718018,19.6442928314,62.5443687439,1.11258048564
1560,564.202087402,82.2508087158,35.9946899414,103.59803009,0.893227569759
1560,421.848876953,152.706069946,23.2817630768,57.759098053,0.619757687673
1560,5.73181676865,196.072921753,18.9940700531,48.8467445374,0.136198219843
1560,572.361206055,60.5070381165,22.1090755463,67.6591644287,0.0795535452198
1560,451.423858643,144.792495728,18.437002182,63.4444885254,0.0557030725759
1560,492.325805664,186.506271362,23.4600772858,63.6446113586,0.0263337860815
1590,604.659729004,175.633666992,20.5766010284,48.1155815125,7.30691924691
1590,495.299804688,177.125610352,15.3465967178,51.1152229309,0.659995758906
1590,495.136993408,134.900100708,20.3515491486,62.5815391541,0.443571340293
1590,179.208740234,149.267837524,21.4838104248,58.0651054382,0.347426021472
1590,202.687088013,174.570068359,22.2196960449,49.8921318054,0.269982777536
1590,577.666564941,182.098129272,27.2189807892,64.628326416,0.211737374775
1590,472.850219727,155.787765503,23.090719223,67.7283401489,0.182714790571
1590,505.843109131,179.776000977,17.7879505157,51.0244178772,0.150163471699
1590,614.579040527,71.1479644775,19.4457931519,54.7995300293,0.124649389181
1590,435.62991333,165.954818726,25.4542160034,57.2603874207,0.10794068221
1590,482.467437744,180.33026123,20.245470047,54.9909172058,0.0379641831387
1620,609.384460449,182.735488892,21.1644248962,54.6732826233,11.4577144384
1620,596.55078125,201.902511597,32.386089325,88.9700012207,8.71346220374
1620,492.727996826,111.266868591,19.1459331512,57.7208824158,1.26019194722
1620,566.330932617,108.944549561,28.2881546021,89.274559021,1.05734895915
1620,521.680358887,173.912796021,18.4524707794,51.3429222107,0.593659467995
1620,559.050842285,170.870361328,18.6320323944,53.9659004211,0.430628890172
1620,503.790283203,184.84185791,27.5973033905,55.7698326111,0.257636513561
1620,521.878112793,126.83190918,19.0971107483,63.0891227722,0.0866987160407
1620,42.656703949,121.198425293,30.3477535248,71.4736862183,0.0100803350506
1620,131.251724243,180.798400879,20.5502376556,49.8542060852,0.00982899582596
1650,603.80078125,181.581298828,18.696554184,45.6052703857,81.1648368835
1650,615.324523926,182.568130493,17.7864818573,47.8701667786,4.4457398355
1650,586.442443848,176.782546997,18.1027126312,53.591003418,0.204582000151
1680,174.151779175,162.75038147,18.79646492,51.9870872498,1.12293288112
1680,385.825408936,153.425933838,17.2219219208,57.2829742432,0.323456269689
1680,588.254638672,146.678375244,25.0911083221,61.2548561096,0.0153222616063
1710,552.399108887,176.182449341,21.1232967377,57.2222709656,77.050101757
1710,562.011352539,167.050216675,25.9938869476,69.969367981,15.2932986617
1710,605.386108398,200.756454468,26.0991363525,54.6308097839,11.4931829274
1710,395.264770508,157.90977478,17.9860916138,57.5634803772,4.40763682127
1710,35.48412323,171.277282715,20.1228084564,55.1509361267,4.04664166272
1710,539.007141113,175.907714844,15.6099653244,47.5978965759,0.967754423618
1710,524.720153809,178.649475098,17.5183334351,49.0518035889,0.640005990863
1710,404.263580322,137.286270142,23.5177001953,79.1914215088,0.0895449251402
1710,433.541290283,106.423469543,21.622751236,51.1563911438,0.0830993696582
1710,168.576019287,166.552139282,19.5303344727,50.4906806946,0.0618913793005
1710,460.875823975,174.697341919,18.771982193,52.3871612549,0.061540940078
1710,474.892608643,174.519210815,16.1479854584,54.0456542969,0.0124266167404
1740,611.262207031,176.940567017,19.0354137421,52.3430137634,33.0219209194
1740,508.670654297,186.539382935,17.5695858002,51.8955802917,3.41223739088
1740,596.593261719,182.414016724,16.3897571564,48.0553016663,0.927405711263
1770,581.966918945,173.440109253,24.6137485504,64.0544052124,8.47868025303
1770,83.4483718872,181.375839233,18.1100692749,47.3595619202,2.1571053192
1770,597.758850098,185.980651855,20.44597435,59.8112487793,0.79798316583
1800,12.4315605164,187.60357666,18.5201702118,49.2262535095,68.7640607357
1800,89.8353652954,177.92364502,19.5083293915,49.0104942322,44.3943142891
1800,34.846321106,185.726745605,18.9825401306,39.8832015991,19.8611542583
1800,46.8560371399,176.112442017,18.3677768707,53.1998138428,14.0654653311
1800,104.860908508,171.459579468,20.0538272858,51.9997596741,10.7737764716
1800,65.8039474487,173.352676392,22.2279262543,56.6034431458,9.30078104138
1800,616.807189941,178.529098511,17.6198101044,54.150592804,4.57604154944
1800,560.235290527,171.640090942,17.9621677399,51.9186592102,1.51609228924
1800,79.311882019,183.973510742,19.0170688629,46.3001556396,0.588946184143
1800,120.052055359,175.736923218,16.6026363373,44.9698066711,0.23951579351
1800,202.340652466,166.327590942,18.3627281189,50.3111572266,0.0994133530185
1830,35.0682830811,169.924118042,20.597492218,58.0370521545,76.8183946609
1830,18.4931945801,167.985290527,21.1647796631,59.5125694275,29.2107999325
1830,610.474487305,158.872146606,20.0947647095,56.276260376,18.0926635861
1830,408.23840332,154.745010376,18.6939144135,55.3453063965,13.8925597072
1830,7.29723739624,158.26348877,23.4862308502,56.2236633301,8.45504179597
1830,46.0750389099,164.104568481,21.7744350433,61.5486946106,3.91113720834
1830,609.114501953,45.755859375,16.7330036163,48.3261566162,2.4301186204
1830,134.765197754,148.895812988,23.9645519257,65.1849899292,2.27120835334
1830,596.615966797,143.828430176,25.3224391937,81.1880264282,1.85917131603
1830,82.7345962524,175.944824219,16.6638507843,44.7571563721,0.413002120331
1830,59.8598937988,164.412597656,22.8402347565,59.0155792236,0.322569231503
1830,424.144256592,147.752685547,18.8096866608,50.5596504211,0.0392653630115
