30,425.059936523,176.461074829,24.5767269135,51.5098609924,73.3717739582
30,7.68846559525,142.455368042,20.9421043396,52.8780937195,3.42377498746
30,39.5436859131,145.744552612,23.1081142426,65.0092315674,2.49573606998
30,446.969268799,159.274459839,31.7408733368,73.6921844482,1.60004105419
30,334.689239502,149.151107788,20.5583877563,52.5394134521,1.44578097388
30,582.438293457,75.2075500488,33.9764595032,93.5043563843,0.166855927091
30,165.20463562,140.027359009,20.1605434418,58.3159599304,0.082231865963
30,55.5740470886,144.82244873,21.4170513153,59.3367462158,0.0494579900987
30,497.249542236,24.2038650513,30.1294002533,60.2914276123,0.00136211710924
60,460.082305908,173.333236694,27.4739837646,63.1054344177,8.33707079291
60,158.078491211,173.22694397,20.8383083344,55.8681144714,1.21978232637
60,396.739746094,173.602844238,18.1485748291,49.1858329773,1.21137797832
60,415.356536865,170.152404785,19.9962177277,53.4873962402,0.668940320611
60,307.642364502,160.595413208,27.2583827972,64.3435592651,0.250789546408
60,151.270584106,192.042785645,18.8402347565,48.8753089905,0.172789290082
60,482.042724609,180.225631714,20.208530426,52.7536506653,0.122776813805
60,125.259300232,131.713424683,21.0061283112,57.1148223877,0.0883155153133
90,93.5265884399,179.958358765,22.6729278564,59.2676887512,26.0546505451
90,401.363372803,170.199996948,17.5126647949,55.1005058289,23.195977509
90,475.440460205,104.454032898,49.2751350403,130.052490234,14.5107373595
90,148.621170044,174.86277771,20.0191459656,54.6152610779,1.77757926285
90,42.677570343,196.282287598,18.1339912415,50.8191871643,1.41903720796
90,510.45803833,166.063262939,20.5409469604,59.5293235779,0.86340745911
90,588.018249512,183.20072937,19.6801929474,56.9182548523,0.735895661637
90,550.787536621,168.378890991,33.9574508667,73.1257476807,0.464266119525
90,436.974243164,170.799697876,19.1551971436,54.8101844788,0.463050138205
90,528.999206543,179.651779175,25.882730484,65.1718978882,0.378380785696
90,456.558502197,180.337051392,20.2215080261,49.9605865479,0.31173103489
90,104.296142578,170.367721558,27.819890976,65.9744338989,0.0828814401757
90,100.396789551,72.2411270142,22.8675785065,59.662612915,0.00380721612601
120,605.10357666,176.221328735,23.4827976227,66.0196990967,85.6330096722
120,490.092407227,195.627182007,18.2005748749,43.2163658142,36.5699529648
120,411.358642578,164.007507324,19.3759441376,57.6121940613,24.7383490205
120,53.0999336243,166.970947266,27.9288330078,67.3597946167,17.1555250883
120,120.788124084,174.784622192,19.2675113678,52.7380180359,16.2869736552
120,592.934265137,160.240707397,20.4380111694,59.3561401367,11.0112369061
120,448.540435791,175.610595703,18.0255146027,50.6968040466,6.9389604032
120,62.7722167969,52.4375495911,29.8809356689,75.6613540649,1.02405259386
120,440.15914917,156.283676147,20.0974407196,57.4953460693,0.850178021938
120,504.217559814,185.185684204,21.8540344238,51.8286781311,0.533514283597
120,473.829071045,170.830871582,18.3276920319,53.8021697998,0.341606442817
120,374.572479248,169.737197876,22.4698505402,53.0236968994,0.294024776667
120,424.521209717,159.559677124,20.0031166077,52.0855522156,0.18876089016
120,99.12134552,174.120651245,26.3347625732,49.5608825684,0.174931471702
150,436.264404297,164.066375732,19.3318958282,49.1517906189,80.6942343712
150,13.2048530579,176.209152222,27.46068573,63.1321601868,71.368598938
150,572.170166016,182.513259888,22.4716281891,53.3444213867,49.9743193388
150,612.43939209,162.060653687,17.6699542999,67.208694458,21.1377769709
150,546.431213379,140.94770813,20.3026943207,68.9250259399,20.525765419
150,585.276855469,186.165145874,20.8683261871,52.440120697,18.6933144927
150,550.840942383,140.389724731,46.2208442688,89.9249572754,14.3742263317
150,562.653625488,179.028823853,18.1868915558,51.7980957031,12.8540977836
150,478.065338135,167.218261719,22.8979053497,49.0616340637,9.21926647425
150,8.56857681274,193.483291626,15.6263275146,49.9486236572,7.06624984741
150,596.666625977,177.395950317,21.6356449127,59.8497505188,3.53671684861
150,260.137969971,181.06791687,21.6473999023,46.9303588867,1.58807542175
150,446.124481201,163.9712677,24.6820011139,54.7550506592,0.834091380239
150,500.877044678,175.665847778,23.2845363617,50.9118614197,0.509057054296
150,17.9414253235,101.79940033,22.0370044708,55.7040901184,0.326943374239
150,17.0204257965,131.199768066,23.3048477173,58.199432373,0.118400901556
150,107.527030945,185.574157715,20.8202075958,46.1871910095,0.0901404826436
150,23.6140670776,30.7833271027,25.2849941254,64.0905303955,0.0015825689843
180,515.474914551,160.33442688,25.6735477448,56.8066520691,52.1918237209
180,45.298122406,180.194946289,20.9439430237,55.1495170593,32.2461396456
180,319.89642334,177.909439087,35.7266578674,57.5203742981,26.2096315622
180,454.607910156,163.702316284,20.5622329712,53.7568321228,20.5294117332
180,302.743347168,182.700073242,26.3076171875,47.5969276428,12.0289154351
180,380.427703857,152.606430054,26.3127593994,62.4390678406,3.1401809305
180,467.350830078,156.082229614,26.8151493073,59.4645843506,0.356286182068
180,439.574951172,156.748703003,24.9987125397,60.4532356262,0.292302458547
180,536.202514648,165.863967896,18.3147182465,49.7297554016,0.148765929043
180,563.785339355,152.089263916,18.8736629486,61.3465003967,0.0733571418095
210,554.056335449,161.578674316,24.3296489716,64.1156082153,89.2916977406
210,515.23223877,161.063201904,31.2833938599,67.2344284058,70.3159153461
210,365.467498779,146.87159729,28.7570705414,65.6381454468,4.55461554229
210,302.422485352,307.09664917,22.4057102203,59.8726921082,1.71698406339
210,535.586669922,160.380142212,19.4776611328,62.1416740417,1.09259020537
210,446.086669922,158.325576782,19.2793979645,51.845703125,0.472077121958
210,379.910369873,131.580322266,23.135307312,53.4185180664,0.297647574916
210,467.936126709,76.1363830566,24.17927742,58.3757591248,0.285166758113
210,242.825866699,240.432495117,21.0950946808,46.565372467,0.128283677623
210,258.260284424,235.337509155,22.0075244904,48.1064720154,0.0575248908717
240,493.043579102,146.414123535,21.226852417,57.7624816895,16.0828337073
240,375.562866211,137.56703186,25.125875473,70.5317840576,13.9062717557
240,478.52746582,149.331192017,19.1246414185,52.2721977234,2.30075344443
240,507.003204346,146.567611694,21.6246585846,62.0694465637,1.71072687954
240,446.033416748,157.076400757,20.4153785706,56.7640380859,1.63700953126
240,342.063079834,62.806640625,19.9088420868,50.6733551025,1.30478460342
240,462.397583008,151.109802246,20.2422771454,54.5579490662,0.51286877133
240,524.497253418,148.984054565,21.8126621246,67.5873336792,0.199180236086
240,423.973052979,167.470901489,16.8348579407,43.4604301453,0.063391396543
270,516.155212402,173.980529785,19.0773983002,54.0582275391,25.1389235258
270,358.639007568,53.7037696838,20.5121421814,59.5000724792,4.12899106741
270,453.394256592,183.956771851,21.1313552856,50.7338066101,1.06780668721
270,518.078918457,129.502105713,26.9296340942,80.2390060425,0.477704126388
270,531.993591309,176.107650757,17.7707691193,49.1795005798,0.193513871636
270,8.04896354675,192.301681519,16.7091655731,42.5823287964,0.183246925008
270,136.991729736,153.999755859,21.9917545319,59.5467185974,0.0198528417968
300,546.837646484,197.414108276,19.7598552704,57.1949882507,11.7117762566
300,510.108398438,206.10295105,19.9060287476,49.4026069641,10.4163169861
300,617.496704102,167.96635437,16.4354953766,52.5281867981,4.06752899289
300,405.066680908,32.0509414673,21.4190540314,55.9139671326,0.697271898389
300,526.560668945,206.526123047,17.943365097,49.90467453,0.189660768956
300,357.287475586,187.411697388,18.1624240875,42.9149627686,0.01510293514
330,618.094299316,157.442871094,18.2565841675,51.5338134766,0.700222654268
330,21.8693180084,154.528335571,20.3514537811,64.745552063,0.109260366298
330,448.700805664,25.722038269,23.3393421173,53.5164833069,0.0800946669187
330,421.908111572,184.840499878,18.0020389557,43.0831451416,0.0471846549772
330,471.144287109,25.9595012665,23.4302654266,49.3782691956,0.000648374907541
360,97.1450576782,118.079803467,23.5201816559,65.2143478394,0.0307349080686
360,12.7815446854,151.720504761,26.2388706207,71.6399383545,0.0124229089124
360,83.4258956909,126.495689392,20.7358531952,64.3478927612,0.00710914318915
390,3.70702624321,188.421142578,16.405380249,52.5091247559,0.599835859612
390,25.7621669769,196.452697754,20.3587112427,51.7643470764,0.208590179682
390,18.1290473938,114.445953369,19.3914413452,69.9160919189,0.00282781311398
420,610.551391602,179.304367065,21.6197967529,55.1081581116,16.0863518715
420,10.6818351746,114.161811829,26.5940990448,77.8457183838,4.82519865036
420,547.102661133,191.610717773,21.4588947296,55.7690315247,1.43160456792
420,86.7748031616,62.8881492615,34.1843299866,93.0671081543,0.692463200539
420,121.210014343,152.847091675,18.5779953003,49.8942260742,0.0308443617541
420,58.9642181396,63.1845359802,40.5001220703,111.468818665,0.00233172759181
450,535.229980469,182.312850952,20.0205020905,59.9087257385,11.4204399288
450,8.98969936371,186.270431519,17.7149448395,47.2849769592,9.28008928895
450,14.4914579391,103.049560547,21.3178215027,59.7450523376,4.71700653434
450,6.12321472168,118.858726501,26.7772350311,98.439704895,0.69740335457
450,577.643737793,190.40196228,21.8413791656,60.22889328,0.376070127822
450,20.3050231934,57.7921562195,33.3322563171,92.1027832031,0.155475793872
450,589.002868652,111.244163513,25.1486988068,84.0314483643,0.0744085293263
450,521.159118652,178.385498047,23.3376064301,63.3396606445,0.0693169014994
450,106.739845276,148.107040405,19.2981510162,58.5196342468,0.00948516608332
480,86.6787185669,139.636627197,17.2983798981,61.5106773376,0.263652275316
480,450.292449951,180.778503418,17.5829257965,41.22133255,0.157899595797
480,115.899345398,128.557830811,19.0922527313,66.2775497437,0.000453834900327
510,506.603637695,182.22668457,17.937505722,45.0733528137,75.9553313255
510,7.97394943237,134.675796509,23.7632141113,72.9590911865,8.31074789166
510,608.151367188,188.818283081,20.4393024445,58.7183570862,5.44356666505
510,517.03704834,178.667480469,18.4393825531,48.2568321228,2.50707250088
510,30.6561431885,135.133728027,22.4057006836,65.9633026123,0.813617184758
510,498.277435303,179.542434692,13.0154161453,47.4654502869,0.582987908274
510,55.6310882568,124.10168457,23.6782360077,89.5359725952,0.0803181144875
510,539.356628418,181.852905273,18.5150432587,45.7179985046,0.067077006679
510,44.3405151367,131.793640137,22.3397216797,76.0913314819,0.0111670073238
540,567.522216797,181.972229004,22.0627841949,54.1853065491,99.1052091122
540,615.701721191,185.117141724,17.4703979492,47.2762641907,33.6368560791
540,6.89969873428,134.494644165,24.256357193,77.1866836548,16.3704410195
540,590.827697754,185.605575562,18.7216815948,49.8988609314,2.14348193258
540,555.351013184,182.122512817,15.1888418198,53.423538208,2.0349374041
540,142.886688232,179.721389771,17.9375553131,48.8180999756,1.83385871351
540,13.4685850143,55.8218994141,26.4520778656,76.1622314453,1.34272091091
540,19.6256847382,127.753883362,19.4700469971,52.9842185974,0.608847057447
540,29.899225235,125.757881165,22.8751049042,67.3181991577,0.44679059647
540,56.0395507812,102.457725525,22.8630962372,68.5690078735,0.430236430839
570,9.53997135162,186.218917847,17.6201152802,49.3733520508,0.868783332407
600,626.819335938,221.191635132,13.1806640625,52.9888114929,3.90499979258
600,20.3311653137,164.642837524,22.0811443329,57.8873138428,3.20605561137
600,9.25189113617,179.012771606,18.1571941376,51.2124328613,1.28908269107
600,24.0044193268,126.755065918,31.19947052,82.5159683228,0.429268367589
600,109.100791931,164.30506897,19.5700244904,44.809803009,0.0905289780349
630,627.441223145,180.980957031,12.5587768555,76.2580184937,4.81013208628
630,54.8209838867,168.186813354,18.8587055206,41.1577339172,0.440824171528
630,66.2152862549,102.560295105,21.2633705139,44.7983436584,0.269698817283
630,405.497650146,46.0958557129,28.3309650421,75.3960723877,0.157426588703
630,424.817169189,49.2595329285,30.343870163,79.1143035889,0.0713634130079
660,90.8095779419,174.30267334,19.2747325897,48.6954917908,27.7866840363
660,22.4246692657,84.7312927246,16.504327774,50.0988006592,9.88974571228
660,8.15029811859,79.585105896,15.9512853622,48.7987976074,8.49798172712
660,34.7708930969,87.3833618164,18.908082962,51.5772132874,0.989039801061
660,105.883888245,171.91583252,17.4915866852,50.2233581543,0.111339148134
660,46.0409355164,91.395652771,18.5830020905,47.5039558411,0.0732335145585
660,563.777038574,179.223922729,19.9667568207,46.7709846497,0.0439070252469
690,615.850891113,185.099243164,16.9962329865,46.4263458252,28.1773358583
690,51.7344398499,180.959960938,16.9982185364,47.8289451599,11.1696697772
690,600.912536621,176.061462402,20.7421703339,54.7877197266,1.22305937111
690,583.834777832,182.916213989,17.6402225494,52.7177581787,0.826296117157
690,39.9397773743,164.604553223,23.0834445953,58.2023162842,0.471373880282
690,240.55128479,106.78994751,22.1770839691,67.745765686,0.100404268596
690,27.8373413086,152.11390686,22.8212718964,65.0038223267,0.0678175303619
720,518.445495605,190.550354004,19.4747219086,54.3672790527,20.269420743
720,22.0700683594,169.286773682,21.0011997223,54.4280815125,6.53863251209
720,528.342956543,186.423583984,25.8567428589,63.3591575623,2.8098564595
720,64.7074508667,185.452529907,27.9467544556,70.119178772,2.27614380419
720,192.642166138,147.16645813,20.9863681793,52.4362945557,2.08840016276
720,609.045776367,201.024765015,23.5110874176,61.9684104919,1.55002884567
720,260.092987061,235.606735229,28.3268642426,58.2429618835,0.0770001788624
720,6.73032617569,13.2690000534,23.2557621002,46.8005828857,1.95888176791e-05
750,616.445983887,204.037902832,17.2518291473,47.5394554138,4.58791591227
750,604.131164551,89.000579834,21.960067749,61.2627716064,3.81758660078
750,552.957458496,183.094299316,21.4576206207,57.5575294495,0.623147422448
750,601.818481445,197.027755737,19.4636440277,50.8112373352,0.250251078978
750,507.713775635,77.6073684692,27.2246570587,78.9245223999,0.169037142769
750,525.937988281,88.2499923706,19.0170211792,50.1658973694,0.143354339525
780,614.95916748,150.13319397,18.9820671082,58.9234313965,19.6047082543
780,615.73425293,39.5741958618,18.8040332794,51.2995948792,2.95816715807
780,591.461364746,175.905227661,15.0521326065,52.9134941101,1.2316304259
780,600.258361816,169.273010254,18.5480365753,57.2768058777,0.636593764648
780,495.054962158,165.883392334,18.7706260681,49.547668457,0.325857219286
780,7.50968503952,174.417526245,17.1464290619,52.3413734436,0.13653280912
780,149.047958374,133.464828491,20.3775043488,56.2583465576,0.0226246847888
810,3.08617401123,184.916763306,17.5009460449,49.1184387207,23.1911882758
810,116.599578857,41.6217765808,22.6165561676,70.2471237183,0.67199645564
810,602.446166992,171.262161255,21.1642570496,57.6402587891,0.644689425826
810,16.1467857361,74.4196166992,22.6425457001,56.4319915771,0.177539652213
810,208.023681641,152.459243774,19.8765468597,49.4620819092,0.124097801745
810,29.6390476227,65.822052002,20.3892822266,55.7471046448,0.0547261210158
840,26.9957675934,115.815406799,22.6217517853,101.166969299,68.9773499966
840,42.0946807861,156.710617065,22.7132968903,57.95129776,4.40404377878
840,54.1513557434,152.154525757,22.223274231,57.2098655701,2.95719075948
840,13.9564561844,156.879867554,25.4177646637,53.3598823547,0.3582614474
870,11.4341058731,196.301681519,21.9464702606,50.774307251,8.7847687304
870,170.607543945,156.532821655,20.3508358002,57.9533538818,5.16428425908
870,429.894195557,124.609443665,28.3991470337,71.3780136108,2.0652892068
870,182.750427246,149.599121094,17.2435588837,54.3531799316,1.09606906772
870,67.5893173218,192.265670776,21.5217227936,48.3975524902,0.550251547247
870,546.723388672,183.858276367,28.7686538696,81.4001235962,0.068094371818
870,60.6986541748,116.882850647,26.7488479614,81.4129104614,0.00145212206917
900,618.08770752,149.553634644,16.728055954,53.8556671143,33.3132326603
900,145.933258057,145.093460083,18.303943634,56.1930541992,13.1770655513
900,614.80871582,100.247924805,19.897977829,66.8356170654,0.194759608712
930,616.501647949,155.178497314,16.5461559296,47.829158783,4.56126183271
930,91.0244827271,156.414398193,18.4221439362,46.2149391174,2.83417850733
930,600.210266113,141.351028442,23.2254180908,60.5889015198,2.33174711466
930,21.8324184418,71.4151687622,38.5491981506,112.996520996,0.625986419618
930,119.301574707,137.183151245,19.8248214722,55.3331565857,0.520426547155
930,517.522155762,145.630935669,26.0342559814,61.3162994385,0.291943806224
930,184.98664856,134.484680176,25.8335094452,56.5470237732,0.250778160989
930,104.145729065,150.479385376,17.1147022247,47.5007629395,0.143685028888
930,8.23741531372,121.283454895,21.7826862335,57.0138130188,0.0495844695251
930,10.1664190292,64.8068618774,18.7424373627,54.6293182373,0.0114791095257
960,82.4700622559,160.083023071,20.1982059479,47.7170257568,4.24457751215
960,557.883422852,147.267227173,19.1868572235,64.6949996948,2.81157717109
960,69.9812393188,153.9949646,20.7139205933,51.7356987,0.459415279329
960,4.4648194313,70.9036178589,24.8325366974,69.2859802246,0.368925114162
960,118.525367737,144.884933472,16.6498565674,51.838558197,0.289754965343
960,47.3922767639,137.075119019,18.6743297577,52.3031272888,0.155559461564
960,98.3671264648,145.659927368,20.0891456604,53.469669342,0.129128724802
960,172.778396606,149.687210083,22.8380222321,45.4952278137,0.0869408540893
960,274.289520264,137.829330444,26.1910648346,63.3291358948,0.0537417363375
990,75.2324523926,170.748886108,19.9452571869,45.3395652771,4.54442836344
990,562.032104492,157.996292114,21.8170833588,63.9321327209,2.09345109761
990,50.0041351318,154.917358398,18.2034034729,53.3506736755,1.56288277358
990,605.641174316,163.436157227,21.2198162079,53.5544319153,1.09866783023
990,580.390197754,160.833877563,18.3505496979,51.122592926,0.682910298929
990,61.5220375061,167.527404785,22.3066692352,52.0793151855,0.59678577818
990,39.5440139771,154.249786377,16.7338314056,47.943862915,0.291513558477
990,456.047027588,173.626846313,19.1704463959,50.0187034607,0.0990962143987
1020,77.0334625244,178.037216187,19.1461257935,45.8225517273,4.21949140728
1020,550.901916504,171.466247559,22.4542751312,62.503818512,2.32615750283
1020,155.274246216,182.721511841,21.6465587616,48.7363395691,2.12973151356
1020,616.787658691,170.366790771,16.0567417145,56.1598091125,1.54211018234
1020,41.7198600769,160.818252563,16.7736301422,48.47813797,0.640227133408
1020,586.218017578,170.921218872,24.87641716,50.5975456238,0.30743109528
1020,564.61126709,166.92199707,19.3515834808,55.9107246399,0.174740282819
1020,139.458847046,110.812591553,18.5643196106,45.354385376,0.0664562743623
1020,125.016731262,105.882240295,18.7418403625,49.8309631348,0.0103903737909
1050,79.9415893555,187.936233521,18.4276332855,45.2102394104,11.5354478359
1050,554.842529297,168.782653809,25.5301151276,67.8070526123,2.05906741321
1050,40.561882019,163.165039062,19.2989559174,48.8797187805,1.83114632964
1050,606.499694824,182.534133911,18.8301372528,46.7263526917,1.3144671917
1050,142.473480225,108.135955811,20.7573661804,49.8011932373,0.443058600649
1050,184.61126709,148.24395752,20.2698516846,51.4373817444,0.359283806756
1050,56.6066932678,165.509033203,18.4487476349,50.2186317444,0.139650038909
1050,132.35244751,114.468994141,18.1593990326,45.0994873047,0.00375842282665
1080,560.182495117,174.069335938,22.9438171387,65.522277832,9.40978080034
1080,487.128540039,197.727722168,17.8465805054,40.5306091309,1.32391443476
1080,186.418701172,162.273132324,20.8134384155,59.5610237122,1.27794621512
1080,40.8668785095,166.80960083,17.7334537506,50.3443450928,0.680786697194
1080,574.651916504,169.536331177,16.5616359711,56.8325233459,0.427435291931
1080,149.128341675,187.074905396,23.8746795654,55.8590278625,0.262345699593
1080,89.2382507324,189.829421997,18.3955230713,50.9335784912,0.226251827553
1080,143.150512695,114.844810486,19.2325057983,48.9042778015,0.132655631751
1110,185.311569214,160.333221436,20.7775707245,56.3645629883,5.78840412199
1110,487.622558594,198.956420898,17.3196201324,43.2057151794,2.86175198853
1110,41.5114631653,171.74772644,16.1399116516,49.9517631531,2.83924210817
1110,145.482376099,188.693222046,23.5958690643,51.830997467,2.24393419921
1110,10.798169136,56.8312492371,21.5205535889,64.2218399048,0.533478660509
1110,143.939102173,114.58089447,20.2485313416,50.8707542419,0.315319001675
1110,566.963684082,176.025039673,19.4318447113,56.9134483337,0.141748902388
1110,132.622024536,119.928001404,18.098985672,43.5956840515,0.002942546962
1140,150.231643677,189.32434082,24.4294681549,57.1964073181,6.34044259787
1140,187.817565918,164.539901733,23.0320281982,62.6961708069,3.14629077911
1140,39.9085197449,172.825668335,18.4903316498,50.3179779053,2.4391926825
1140,143.45690918,115.677726746,19.0865211487,47.7635307312,1.39519544318
1140,610.476806641,184.187911987,21.4919662476,62.3803710938,0.308909732848
1140,51.0246582031,170.754333496,16.882818222,48.0156288147,0.050490302965
1140,132.322738647,118.195899963,19.3794689178,46.544216156,0.00628192501608
1170,4.87312936783,224.282577515,24.9034137726,71.4087142944,12.894038856
1170,555.239135742,188.64201355,24.6866970062,65.8358383179,2.00629439205
1170,606.17010498,193.929946899,18.6166934967,48.9991950989,0.843209307641
1170,42.1877365112,178.140731812,16.6596508026,54.3804893494,0.353582319804
1170,55.7204093933,179.02734375,18.8714847565,45.2091522217,0.0294203724479
1170,10.303229332,53.4490089417,28.4591999054,73.8394241333,0.0226265605306
1170,454.490692139,194.8359375,21.1253185272,54.4315757751,0.00708289735485
1170,131.574279785,132.385482788,18.5762691498,46.2033042908,0.00119300102597
1200,563.078552246,175.226745605,24.6454868317,67.686668396,12.4080777168
1200,98.5617294312,178.140457153,32.27368927,81.9279022217,3.89909781516
1200,605.252746582,186.753829956,20.3123760223,52.3395576477,2.0742053166
1200,186.02557373,164.777816772,19.5355567932,52.8887825012,1.20204193518
1200,146.526580811,195.934158325,21.9680728912,54.2121582031,0.998443737626
1200,487.966217041,204.660705566,16.8661403656,41.6049308777,0.500861834735
1200,143.497924805,118.844390869,19.9910297394,48.7288398743,0.250067724846
1200,42.1870384216,175.462158203,16.6461677551,51.7400054932,0.249560805969
1200,125.422485352,194.820800781,29.9835567474,76.6096420288,0.0736737216357
1200,119.268676758,60.44140625,33.0852508545,95.7833480835,0.0453079468571
1200,83.6659240723,171.354232788,20.2557983398,63.3890380859,0.0172432410182
1200,83.5996856689,218.773452759,30.8373718262,65.0869674683,0.00574969853915
1230,225.075119019,179.800003052,42.9853096008,83.6546859741,34.6872895956
1230,558.84979248,180.049865723,24.368227005,63.8613586426,2.58476063609
1230,45.8448982239,173.813354492,16.440618515,48.0398864746,1.72339230776
1230,605.382446289,185.788497925,20.2747612,51.54637146,1.49875199422
1230,191.381851196,168.81161499,16.9218254089,53.6864204407,0.564035214484
1230,54.9094429016,174.07800293,18.9758853912,47.5502128601,0.237866560929
1230,144.314926147,116.83441925,19.6231079102,49.6934394836,0.216756248847
1230,12.0626020432,78.362411499,26.4048919678,72.8691101074,0.175626715645
1260,291.04385376,190.036941528,33.8640480042,63.7300605774,93.6446428299
1260,559.410644531,176.932113647,24.8276824951,70.0688858032,24.5811134577
1260,41.372215271,173.295211792,16.9782657623,51.9690246582,1.89617481083
1260,488.051147461,200.948410034,17.1898784637,44.9869117737,1.80323384702
1260,457.35836792,191.234695435,20.5534152985,53.4049224854,1.29925673828
1260,190.123962402,167.948532104,17.8952445984,54.9913787842,0.670044776052
1260,606.87902832,187.687637329,18.9853248596,50.0581703186,0.609650928527
1260,8.43333530426,50.717590332,28.9752826691,76.631187439,0.0924105173908
1260,174.124557495,161.906906128,23.0865917206,60.5540809631,0.0767212361097
1260,143.184265137,116.621253967,19.9012107849,48.6403083801,0.0603223103099
1260,54.6230010986,169.179580688,19.0302295685,47.6834259033,0.024093191314
1290,313.713226318,189.023071289,27.0151805878,57.6859550476,87.4629735947
1290,562.738220215,176.71244812,23.0273952484,64.8234634399,6.77455663681
1290,186.930480957,162.473098755,19.953830719,56.8716430664,3.19534800947
1290,457.205322266,192.303665161,19.7095737457,47.3526191711,2.89569813758
1290,611.792053223,186.979568481,17.9293994904,52.250164032,1.87102835625
1290,42.4930458069,167.712173462,16.8834533691,50.0004692078,0.30641448684
1290,592.849182129,180.796829224,24.1863536835,52.3721961975,0.287026586011
1290,175.153564453,152.246429443,19.6338100433,55.8362426758,0.278644333594
1290,580.379760742,173.726333618,18.1496181488,55.1347770691,0.182386056986
1290,54.263217926,169.257293701,19.142829895,52.7536773682,0.0325299275573
1290,11.8781471252,48.8534965515,32.2579727173,78.7813262939,0.0219297406147
1320,323.812896729,190.862289429,21.5054798126,45.3994255066,26.5265136957
1320,556.764221191,174.400344849,27.9862670898,69.9853897095,2.24700514227
1320,189.207809448,163.443588257,18.531917572,56.2140541077,2.17951033264
1320,43.9076728821,171.033935547,19.6772289276,55.9858703613,0.552793825045
1320,156.512496948,191.017440796,17.1865329742,46.250415802,0.499929115176
1320,63.8608551025,174.146438599,18.9531993866,51.5446968079,0.483129778877
1320,574.910949707,171.476852417,18.2356929779,62.4824714661,0.427877344191
1320,588.69732666,183.821975708,19.1853599548,50.2530403137,0.0660801015329
1350,186.973098755,169.087860107,17.6448040009,53.5450248718,6.11619278789
1350,317.239898682,194.508804321,25.5417556763,49.655330658,5.81907704473
1350,617.018737793,188.344787598,16.8281555176,51.3928527832,1.54164945707
1350,575.452575684,178.835098267,18.891494751,58.8946266174,0.513338018209
1350,458.709686279,191.59197998,19.8751335144,52.8647422791,0.00968120875768
1380,182.989013672,168.926559448,19.0187778473,55.9898414612,52.2715032101
1380,601.006469727,176.321243286,23.6856613159,71.3149032593,39.7583514452
1380,615.279602051,187.317077637,17.2148036957,57.0006828308,6.25064224005
1380,320.89730835,199.077987671,20.8230895996,44.0803070068,3.15458029509
1380,501.541992188,199.201522827,16.7650642395,49.4665527344,2.60380189866
1380,580.084777832,176.503311157,30.1145992279,75.6606903076,0.501422258094
1380,141.684677124,185.962966919,22.1202163696,49.6829681396,0.438038539141
1380,519.98638916,48.8352775574,22.9973831177,65.2008361816,0.356877897866
1380,162.032852173,167.468688965,19.9822330475,54.232711792,0.0375579897081
1410,166.244400024,160.142562866,18.7496967316,55.0950202942,12.1445819736
1410,611.64239502,73.7814941406,20.366476059,63.1228065491,5.77747561038
1410,612.698425293,172.937942505,20.9238967896,73.0260238647,4.05086912215
1410,522.598449707,194.529342651,17.7685165405,53.6087226868,2.41601653397
1410,71.4522171021,190.947937012,16.5064907074,52.2217063904,0.551375513896
1410,572.606994629,178.511581421,24.2810955048,64.509147644,0.451396917924
1410,446.893096924,177.477157593,25.2645015717,63.9669494629,0.332550681196
1410,76.2466506958,94.2838439941,25.3614349365,76.0187911987,0.137133651879
1410,226.036743164,172.794876099,18.2871265411,51.4040870667,0.0653801544104
1440,253.991500854,164.260055542,20.4779720306,47.542049408,5.39307482541
1440,58.4785957336,164.398513794,19.0749835968,51.9124298096,3.87244299054
1440,487.191864014,183.895187378,19.8961086273,50.2228050232,2.78683900833
1440,566.481872559,174.770126343,25.3771190643,63.437297821,2.63725910336
1440,552.203979492,194.421569824,17.0855388641,50.4646911621,1.14029152319
1440,156.490890503,151.260467529,19.849445343,48.6692962646,1.05070322752
1440,560.508972168,99.4816894531,34.5538673401,106.847625732,1.0153782554
1440,100.911277771,84.4655380249,20.9109401703,55.6035652161,0.972908455878
1440,569.84576416,210.444869995,21.2179222107,47.1527671814,0.789821427315
1440,25.0049743652,167.063674927,19.3148822784,48.5700035095,0.563515536487
1440,45.6140708923,169.022964478,20.7661418915,51.1410827637,0.410650949925
1440,572.106018066,80.9152297974,20.1071949005,73.3205718994,0.378419994377
1440,35.7325668335,172.84185791,17.9028873444,49.676990509,0.37757193204
1440,3.29264569283,88.6587753296,32.7329216003,109.734306335,0.179602985736
1440,466.298675537,136.686233521,19.6592140198,55.0454673767,0.113822228741
1440,581.947692871,76.1836013794,27.9485473633,94.3116760254,0.0207738848985
1470,606.810852051,177.662033081,26.0137042999,63.6632843018,4.04867343605
1470,78.3157958984,62.9418525696,22.0619716644,62.9753875732,1.26171810552
1470,614.736022949,147.143539429,18.9147586823,53.9222373962,0.316552771255
1470,129.325439453,134.858901978,22.204126358,57.7886390686,0.265494314954
1470,539.353515625,186.044540405,30.9171390533,76.2216033936,0.261652818881
1470,194.153610229,171.887390137,21.8399715424,47.8588562012,0.236251507886
1470,5.24087381363,71.4410018921,25.1657848358,81.8153457642,0.0375095522031
1470,22.153137207,118.283668518,29.2028179169,67.5907058716,0.00458979993709
1500,562.917907715,178.33241272,44.042175293,86.9090881348,77.1808028221
1500,103.510101318,132.593643188,26.466835022,73.4911117554,16.2621244788
1500,39.4491577148,52.4592590332,26.2368144989,71.4343490601,0.144367234316
1500,94.8361206055,173.563278198,16.9677066803,48.0645751953,0.103695469443
1530,78.6487808228,126.865394592,19.9007339478,99.7631759644,14.7374913096
1530,87.9683456421,168.974349976,17.9643325806,51.8917732239,1.02680204436
1530,571.507385254,170.636352539,21.1953601837,53.5713691711,0.675714248791
1560,401.172637939,146.108047485,18.2150840759,54.9285621643,34.5474600792
1560,486.88772583,164.75843811,16.2255954742,53.1000404358,7.09282904863
1560,21.0186748505,119.916557312,21.7195358276,52.6273956299,5.29314316809
1560,426.166168213,144.845458984,24.2374954224,72.4438552856,2.75812335312
1560,414.846099854,145.257400513,21.6591815948,64.3796539307,2.26971004158
1560,16.6882190704,111.122009277,34.663394928,113.250518799,0.900423340499
1560,604.464660645,165.421340942,22.2372894287,65.7973480225,0.564635917544
1560,43.365737915,109.918121338,20.7001895905,53.0094642639,0.209128251299
1560,595.081359863,175.128219604,19.5965175629,53.1546783447,0.134211347904
1560,474.264068604,169.283279419,17.6728801727,52.1257896423,0.0860369706061
1590,106.80657959,112.92212677,21.6347560883,65.7731552124,6.88103660941
1590,424.496673584,153.251815796,19.7567615509,61.2617073059,0.520677631721
1590,27.3782444,173.383422852,22.7403793335,54.3088188171,0.338883465156
1590,496.340820312,162.27482605,16.6507759094,55.8587799072,0.260029360652
1590,520.384216309,174.050918579,20.5186672211,48.8517494202,0.221689022146
1590,409.005767822,150.508712769,19.3907165527,51.2268028259,0.0936759752221
1590,150.401748657,140.147598267,28.0119037628,60.9807243347,0.016441308253
1590,169.431137085,161.991485596,18.5887088776,53.2108421326,0.0071750022471
1620,539.000976562,154.853652954,16.7992992401,56.6864471436,60.303992033
1620,16.1837024689,101.485023499,23.987154007,68.0257034302,24.9690949917
1620,603.974487305,144.14932251,25.3475589752,70.2854690552,12.2709587216
1620,493.717559814,71.3481369019,23.8817920685,90.9747924805,4.99370805919
1620,503.192962646,185.819747925,19.59724617,45.3922729492,2.88282036781
1620,551.659790039,156.43800354,19.872713089,57.5671844482,1.47838378325
1620,519.623168945,154.150924683,23.6514358521,57.3697395325,0.485439179465
1620,596.149963379,166.25201416,18.3320655823,53.3699035645,0.257356301881
1620,247.742324829,132.717208862,20.8971290588,60.7887229919,0.16031608684
1620,135.565048218,163.601730347,15.1943588257,41.5930290222,0.0747153942939
1620,148.480636597,156.662216187,17.3025856018,45.1701393127,0.032296020072
1650,488.016113281,169.498291016,17.1815738678,45.0438117981,23.2783898711
1650,537.492431641,167.626235962,19.6824417114,57.0755805969,0.598323578015
1650,525.606811523,84.9017715454,26.1489849091,88.430267334,0.402585417032
1650,422.015594482,143.999588013,27.3919696808,61.7561187744,0.15025906032
1650,437.7918396,135.752532959,21.4890346527,57.385799408,0.0896450190339
1650,558.614562988,194.471115112,19.172996521,45.3261375427,0.0655291310977
1650,8.56053447723,168.183532715,14.772187233,46.1780967712,0.0100228455267
1650,550.672546387,49.7314186096,37.2848167419,91.6718215942,0.000206538697967
1650,44.6187858582,113.731330872,21.0489292145,69.6340179443,9.33012984206e-05
1680,556.02911377,162.933181763,19.8611183167,49.9747924805,60.7895851135
1680,599.130310059,150.107208252,23.1049175262,57.067363739,50.6768405437
1680,474.246185303,166.976852417,21.8096599579,57.5627708435,14.2014831305
1680,610.382019043,167.007522583,18.7774486542,57.1540985107,1.87205504626
1680,545.077697754,170.447250366,19.8405284882,46.3259162903,1.10674044117
1680,5.30741643906,169.44871521,12.1217222214,53.2237243652,0.388143351302
1680,430.669708252,158.036911011,32.4617500305,70.9818191528,0.183452223428
1680,75.5532684326,103.733642578,22.0437316895,63.6235351562,0.0672124442644
1680,2.20819020271,57.5902824402,14.7976846695,60.9496803284,0.044448839617
1680,463.51473999,171.884399414,19.6113300323,52.0139503479,0.00541075387446
1680,57.0226745605,103.16192627,21.9602451324,59.3094329834,0.00160404870257
1680,611.484375,26.2481555939,22.3313751221,51.4183197021,1.4067655485e-06
1710,503.359710693,184.73085022,20.2465572357,50.6426200867,16.7664512992
1710,447.71005249,161.59324646,22.7542591095,63.7609367371,12.3652935028
1710,11.4353408813,168.946670532,23.1296634674,61.0856285095,7.35365748405
1710,496.558685303,86.3603820801,36.0844764709,71.1784591675,2.29833759367
1710,19.5108070374,75.9113540649,25.5349807739,77.3694763184,1.28111960366
1710,482.170928955,188.125976562,19.5546741486,53.9248504639,1.05288159102
1710,129.370361328,160.487167358,16.9519786835,46.356174469,0.32285337802
1710,514.257995605,181.927383423,20.9627475739,51.7824058533,0.235408963636
1710,66.1963729858,103.388793945,20.3469638824,56.2431526184,0.135121517815
1710,201.541244507,146.577255249,18.4465026855,52.9976921082,0.0455842004158
1710,30.7433948517,87.0138320923,34.9942054749,86.1196365356,0.0360995909432
1710,183.147781372,159.686401367,19.8157691956,51.5146026611,0.0235485480516
1740,597.10168457,51.8139038086,28.9680805206,71.0559310913,3.05566973984
1740,491.716583252,178.471313477,19.6772975922,55.5037269592,2.77434438467
1740,479.334869385,152.732772827,20.7606945038,53.6445007324,0.434836093336
1740,504.380401611,179.63520813,22.3492507935,55.7079124451,0.354113872163
1740,8.95044994354,178.450790405,13.9163751602,55.595615387,0.0959996308666
1740,406.630401611,174.08265686,16.781206131,43.9053535461,0.0316747580655
1740,551.521789551,203.324707031,20.5993175507,63.2567329407,0.00558187166462
1740,419.509735107,170.043518066,18.8382549286,47.9307365417,0.00432767774328
1770,79.4930038452,158.846328735,21.0424613953,63.303604126,12.2187159956
1770,576.522521973,180.246765137,21.7907314301,63.2955741882,2.14480012655
1770,608.706237793,164.558700562,27.9922504425,81.2122268677,0.937655102462
1770,601.279541016,91.2289047241,26.7770214081,69.982208252,0.57737804018
1770,581.367370605,92.4063186646,46.1444206238,150.256576538,0.477252760902
1770,104.78993988,170.286605835,18.243932724,51.082118988,0.272305822
1770,93.4199829102,166.116104126,18.9824123383,54.0460662842,0.22067243699
1770,70.2763977051,160.478591919,16.9661540985,57.7378883362,0.155534781516
1770,156.571273804,150.450561523,23.2745075226,64.3264846802,0.144085811917
1770,564.996948242,177.05696106,20.2686271667,51.6357116699,0.0377488380764
1800,38.0965919495,144.408218384,25.3614635468,85.8112182617,2.75885928422
1800,13.8731031418,185.878585815,19.5124034882,41.010471344,1.97771638632
1800,325.734161377,180.317642212,19.6607837677,42.9366760254,1.50979943573
1800,461.08203125,188.914840698,18.331281662,51.930606842,0.010865911463
1830,330.10369873,182.949386597,22.8742351532,45.1488342285,41.6315317154
1830,551.352966309,178.014968872,21.8495235443,48.2313652039,13.6429563165
1830,0.0,183.566421509,26.9610767365,76.6096725464,6.95521757007
1830,35.0167770386,181.973739624,17.2910823822,51.183139801,6.1069265008
1830,464.111785889,166.537796021,15.819685936,56.8335571289,1.52421873063
1830,535.415039062,109.552879333,29.1893291473,89.5790939331,1.25908786431
1830,46.8436393738,185.747238159,20.4463710785,46.2826499939,0.562037480995
1830,432.088897705,181.003494263,19.539516449,44.8796539307,0.268489285372
1830,9.74526500702,162.472686768,22.9257888794,68.0305404663,0.127115577925
1830,506.803741455,111.239570618,28.5437030792,82.0709762573,0.00954986608122
