30,600.185974121,208.385299683,28.0053005219,70.4473800659,13.036352396
30,8.25761890411,208.464950562,13.3953046799,51.252658844,1.38234468177
30,221.61668396,150.894546509,28.6812896729,67.1652069092,1.21342455968
30,185.259078979,153.434036255,27.2887706757,72.0695800781,1.20426854119
30,20.2642250061,204.465774536,19.0416278839,48.2006492615,0.333840283565
30,49.533367157,170.538009644,22.8634967804,48.7068061829,0.129010772798
30,552.719909668,177.165359497,26.5008144379,67.0878372192,0.00252910558629
60,6.6221909523,178.763305664,19.7644863129,54.6100273132,4.61014434695
60,145.804626465,174.39894104,19.9772453308,54.6189537048,0.514291832224
60,131.073989868,187.036178589,21.591217041,47.8722991943,0.373178278096
60,201.15397644,162.679244995,22.0630588531,56.9413299561,0.200280034915
60,154.911132812,164.204940796,24.1039676666,61.0990867615,0.12095895363
60,437.751495361,192.387161255,20.4720859528,47.9591255188,0.0992665882222
60,163.415298462,139.768478394,33.2025985718,84.7589950562,0.0524501898326
90,193.064346313,162.45072937,20.6780986786,57.8398170471,3.9017662406
90,268.556915283,157.940460205,22.8973312378,52.4765472412,2.18221209943
90,9.86863040924,183.898635864,13.8822240829,48.0169487,0.865840818733
90,469.439605713,185.972366333,25.3729019165,60.5307731628,0.487862015143
90,599.576965332,180.548080444,25.8355407715,65.5813522339,0.277467118576
90,137.771789551,137.870956421,30.6757106781,78.3888626099,0.219861767255
90,488.079559326,190.496948242,20.6150684357,64.324798584,0.0947471882682
120,177.126876831,161.809036255,23.4533596039,59.068523407,31.9710612297
120,112.240142822,143.371139526,27.2652950287,85.3962097168,21.8970611691
120,115.543457031,192.070007324,19.6838188171,44.3855247498,1.44912283868
120,129.91619873,142.459487915,30.9504699707,72.5629806519,0.610422808677
120,193.779220581,164.143539429,20.2406539917,51.8602027893,0.585178518668
120,461.356689453,190.76524353,22.9027709961,65.3868789673,0.21965005435
150,155.177810669,153.172775269,27.7602405548,69.4419937134,18.9703926444
150,68.7157287598,172.268173218,25.0495967865,61.9338493347,12.1815361083
150,148.091278076,180.551940918,20.210981369,48.9703521729,2.75212656707
150,93.8997497559,176.000564575,20.4417304993,49.4958305359,2.24939957261
150,13.5573949814,172.933425903,23.934715271,70.7494888306,1.58057846129
150,170.549667358,155.026443481,25.2090988159,60.9224128723,1.05755236
150,411.566741943,149.495346069,21.5023803711,67.4658966064,1.01828761399
150,47.6999206543,196.481460571,17.1662883759,42.6178092957,0.74425553903
150,269.54095459,158.417098999,19.1204891205,57.7005882263,0.621312111616
150,58.4273529053,193.615966797,16.662153244,44.807964325,0.342962448485
150,615.796081543,53.882106781,16.1737689972,55.5017585754,0.231402833015
150,31.1398220062,197.449142456,17.7768993378,42.3463134766,0.143821409438
150,597.043273926,43.9359855652,27.4448184967,77.5130462646,0.111403455958
150,60.2919044495,126.00567627,31.3423633575,76.9847259521,0.0757362751756
150,206.450073242,107.939064026,27.6013889313,74.1918411255,0.00121283646877
180,27.7788791656,162.732040405,22.2257213593,66.0717849731,36.783400178
180,199.203720093,98.3451156616,20.9723949432,53.6559257507,6.20260760188
180,158.425567627,159.05897522,24.8211956024,57.187877655,5.96293620765
180,119.938476562,178.73614502,25.0270786285,51.1972961426,4.19788248837
180,65.8257675171,175.784973145,21.7955379486,53.2563591003,1.24571472406
180,8.63056945801,122.904884338,24.2682094574,78.2961807251,0.72055500932
180,136.407684326,174.909072876,17.5661964417,46.1078643799,0.529024470598
180,571.58026123,196.44883728,25.0999584198,66.7047195435,0.179423333611
180,492.170135498,155.772293091,22.5253009796,60.2328147888,0.0651212409139
180,397.387237549,125.116203308,26.2266750336,75.9844970703,0.0282609136775
210,511.967041016,139.973007202,20.5928936005,53.5524024963,36.5929335356
210,127.373138428,153.258728027,28.5820293427,64.4657058716,21.3677197695
210,84.1201400757,133.686248779,31.6757659912,85.0968704224,9.8048992455
210,53.906879425,174.156204224,25.4321537018,58.8480796814,4.52628843486
210,115.541282654,147.147293091,23.9680271149,65.7657241821,2.0574554801
210,11.6948480606,161.917175293,21.9340686798,61.701385498,2.05537583679
210,104.441337585,151.54548645,21.050737381,59.6249351501,0.530486460775
210,17.5604915619,49.4997138977,19.7903499603,49.8432350159,0.529036438093
210,259.752258301,179.514480591,17.9675388336,39.5218658447,0.3469907213
210,78.2018280029,175.10369873,21.0806179047,56.5063781738,0.250376085751
210,31.9753417969,58.8529777527,17.9553852081,44.8748931885,0.114439567551
210,487.436279297,192.027587891,27.0828037262,47.7876396179,0.0970661523752
210,66.028678894,197.81086731,22.4406051636,45.9716339111,0.0727994483896
210,249.570388794,175.490859985,18.5396289825,42.7498130798,0.0538183317985
240,97.4368057251,143.376754761,28.642326355,74.1830596924,8.43803137541
240,11.0388994217,166.486999512,20.6244297028,72.1900634766,8.18275511265
240,32.4962234497,168.40776062,19.7005958557,54.1420478821,2.97497734427
240,437.290008545,161.403808594,23.2288036346,50.6080360413,2.58909538388
240,43.1189155579,165.723892212,25.7946796417,56.8473205566,1.97665691376
240,452.072998047,154.441238403,20.6880397797,55.0652198792,1.16934617981
240,20.2250404358,189.003952026,25.1189193726,53.1014595032,0.402563903481
240,60.796661377,169.067810059,19.5251216888,47.0970420837,0.239249551669
240,8.47075176239,45.4786720276,15.8093328476,43.0651245117,0.0607797119301
240,7.72651910782,120.694641113,15.961476326,58.5618858337,0.0494588166475
270,10.431101799,163.831985474,26.1136875153,57.1147270203,3.82995977998
270,574.332702637,124.429725647,20.9654541016,62.7189903259,3.49453315139
270,24.358001709,177.584579468,19.6128139496,47.295589447,0.463157100603
270,59.1389274597,154.12940979,26.6172657013,61.6765403748,0.0784530595411
300,461.442749023,172.501419067,21.9506664276,44.2077789307,2.43463851511
300,487.127593994,155.603256226,21.5645923615,55.9506072998,1.62045899779
300,50.6337890625,167.548202515,21.8733730316,58.6806297302,0.896397791803
300,609.603210449,143.580612183,19.1000328064,54.0927085876,0.518486695364
300,168.136672974,158.799407959,21.5143642426,62.2472496033,0.390196824446
300,475.331329346,163.186157227,22.0979709625,51.1703681946,0.389669160359
300,164.315963745,74.8679122925,21.5898532867,56.7007293701,0.00959862445598
330,150.976257324,129.388473511,30.7193527222,88.5497741699,4.02516238391
330,471.192230225,162.566299438,23.3696994781,53.5799217224,3.72810140252
330,32.6639595032,159.080841064,24.7445888519,65.6745071411,2.86753159016
330,169.323379517,162.385848999,18.198600769,58.7737770081,1.34435128421
330,603.753479004,146.784591675,19.290933609,49.7245140076,1.2063799426
330,11.9592809677,182.055114746,25.2269420624,45.2875938416,0.40021543391
330,220.159301758,164.361801147,23.1601657867,51.8451805115,0.0852434488479
330,110.152557373,101.353912354,21.875711441,63.2429351807,0.032666826155
330,119.471260071,67.1838150024,33.6056900024,72.2026443481,0.00136367543746
360,162.935470581,166.961013794,21.0062351227,54.6598472595,18.5615703464
360,475.227050781,165.039794922,22.5804977417,54.9337501526,5.19545562565
360,594.032653809,142.646591187,28.088602066,53.6570243835,1.98788829148
360,496.795166016,128.440551758,21.6664047241,60.0685272217,0.966196041554
360,616.163696289,148.882736206,16.9095077515,46.9004707336,0.499884132296
360,33.476688385,170.023117065,22.4432888031,56.3763847351,0.135477120057
390,473.54284668,167.519241333,23.1309738159,53.1799659729,6.00048154593
390,150.479537964,139.304870605,31.0746212006,79.0460281372,3.27931530774
390,502.003875732,163.706069946,22.4312496185,50.3714256287,0.985161401331
390,137.872817993,188.590103149,17.519908905,41.1820106506,0.379372481257
390,380.8828125,167.557693481,20.331079483,53.84633255,0.203883415088
420,163.349380493,174.880477905,19.3799533844,52.4070472717,8.53449776769
420,27.9590969086,170.574859619,24.0020885468,58.7660179138,0.81970570609
420,148.952224731,174.04473877,19.7826213837,53.8969078064,0.530429976061
420,227.588867188,173.796081543,19.8111820221,46.0197296143,0.402045575902
420,198.828872681,85.4149856567,25.5828475952,56.7731666565,0.0509530189447
450,476.608978271,165.667160034,22.2766857147,54.3268318176,7.39821493626
450,407.129241943,135.689956665,33.1081123352,83.3466720581,6.67842030525
450,375.344696045,168.625213623,19.7404918671,52.0865631104,1.1020665057
450,19.9900608063,182.849777222,19.3210296631,44.0370941162,0.450001610443
450,395.863922119,146.580413818,24.9093456268,68.9381256104,0.257092621177
480,160.239883423,174.18510437,18.6589221954,51.3973693848,3.90603505075
480,605.634094238,158.700805664,19.8001232147,42.6489257812,2.03080009669
480,381.989105225,171.942504883,17.3284549713,50.2866096497,0.607189256698
480,587.856506348,158.269073486,32.6710968018,76.8104019165,0.1004746533
480,414.758209229,190.409591675,23.6261081696,65.8588027954,0.0512164377142
510,471.22277832,171.692993164,24.5861186981,52.8079681396,15.3959572315
510,594.688293457,133.989303589,28.153755188,66.9381332397,1.25587424263
540,159.067947388,179.650680542,19.024515152,50.552520752,11.1517347395
540,473.419403076,170.76802063,24.2188014984,52.9761047363,5.33119104803
540,608.213195801,155.021972656,19.3967323303,44.2063102722,1.29419574514
540,386.90524292,37.3143882751,25.9271297455,63.8708534241,0.237439782359
570,162.885070801,173.515945435,19.8448467255,54.0899238586,9.52640026808
570,477.73526001,177.740844727,19.0822296143,45.6421966553,4.52936589718
570,496.250946045,163.492736816,19.0461006165,56.8898468018,0.859555974603
570,145.0965271,133.263824463,31.2398967743,89.2930679321,0.410228502005
570,216.827316284,164.888931274,23.6268539429,56.8821754456,0.0226057949476
600,166.748794556,177.745483398,19.8846855164,49.0520629883,20.0666055083
600,477.445159912,175.733627319,20.1133441925,46.316532135,5.51128871739
600,155.265045166,173.841751099,20.1972770691,56.6233673096,3.99785898626
600,375.522369385,174.974380493,19.0405712128,49.4216308594,0.86868647486
600,408.579345703,169.292007446,21.9543609619,53.9391937256,0.413944758475
600,88.8963546753,197.895523071,19.3544025421,43.7414970398,0.097124039894
600,393.245483398,148.439865112,26.5235996246,70.554069519,0.0569978263229
630,163.211303711,175.139511108,20.6795253754,52.7232551575,21.2791845202
630,474.488311768,170.816543579,23.145072937,52.5429267883,8.60868990421
630,596.911376953,139.272460938,28.9877529144,63.8374023438,2.24195718765
630,22.1874446869,181.270202637,20.7527065277,46.7909507751,1.36669855565
630,149.527603149,179.982925415,18.1202087402,50.423160553,1.18648437783
630,381.404388428,173.115737915,18.5984287262,51.4985618591,0.226387055591
630,32.0856208801,175.460952759,24.0286026001,57.6584205627,0.183529418427
630,145.316421509,137.124755859,30.7705230713,85.1360702515,0.142831273843
660,163.992141724,178.856887817,18.3737392426,50.9322814941,22.094194591
660,499.087493896,155.748703003,23.6357898712,58.3661079407,3.88297401369
660,480.332061768,170.508972168,20.6633663177,50.8347892761,2.43984293193
660,468.374176025,182.028564453,20.3642749786,47.5406532288,1.02256573737
660,605.805603027,152.522399902,19.0438308716,45.0603790283,0.739463558421
660,370.92086792,175.320205688,19.7281265259,48.6771888733,0.649282149971
660,144.804153442,135.688247681,31.2132129669,90.2105026245,0.155571778305
660,147.900131226,181.58140564,18.119146347,49.3645591736,0.123772863299
690,164.042266846,176.393981934,19.3635063171,50.6710472107,18.0887579918
690,475.080200195,169.796463013,22.2154521942,52.704864502,13.7558743358
690,376.861175537,174.239852905,17.6567401886,51.3168678284,1.67160984129
690,149.39491272,175.550842285,19.6937389374,55.2012634277,1.04942470789
690,607.069274902,153.717773438,18.4353046417,45.2277336121,0.875081773847
690,463.116333008,185.146316528,19.0612850189,43.188369751,0.434559118003
720,474.778808594,170.073486328,22.1565990448,53.4065284729,7.89818689227
720,163.197158813,175.420913696,19.0896492004,51.9791908264,3.26051972806
720,27.8655033112,171.974136353,24.1028366089,58.8593025208,0.659529631957
720,463.572509766,184.554382324,18.8738613129,43.6090660095,0.396099267527
720,381.252319336,173.668624878,18.5080032349,51.5261802673,0.34091884736
720,148.600250244,177.958236694,18.9278964996,51.9710426331,0.338103529066
750,163.535690308,173.92350769,19.1387367249,52.2519416809,12.8850966692
750,479.120391846,176.73878479,22.9741668701,49.628993988,3.61880473793
750,148.156539917,132.78704834,28.5769958496,95.435760498,2.5422224775
750,605.785583496,153.525863647,19.6634197235,44.1374931335,1.55408028513
750,467.963592529,180.365783691,20.790599823,47.5836219788,0.594435632229
750,381.754974365,172.675003052,18.7695484161,53.3027191162,0.3926535137
750,405.383056641,158.796646118,25.031042099,65.8237762451,0.320031214505
780,475.188873291,171.467483521,23.3586559296,51.6192436218,8.3259485662
780,164.548309326,171.565795898,19.6257171631,55.5161094666,7.51139372587
780,241.833435059,181.739212036,23.3913440704,45.680934906,0.983676686883
780,498.683685303,161.822494507,21.4720478058,56.3997764587,0.93316314742
780,149.955047607,179.024429321,17.6829776764,51.1784667969,0.269380863756
780,145.265075684,135.48890686,29.7017383575,85.1974029541,0.0418978772359
810,474.059417725,171.574966431,23.001411438,53.0482902527,7.35971257091
810,606.751831055,153.950805664,18.8440666199,44.5491485596,1.75634082407
810,28.8584442139,172.667221069,22.5727176666,58.5771179199,0.975638069212
810,376.257171631,174.033752441,19.2760410309,50.6957855225,0.733556272462
810,618.640808105,138.750106812,19.9633331299,58.639339447,0.159025087487
840,475.910522461,171.517684937,22.2192211151,52.065700531,12.2741952538
840,501.974731445,168.790054321,21.1085700989,49.4184532166,3.37151661515
840,413.480499268,147.91583252,29.0047473907,74.0066375732,1.98981910944
840,606.345153809,152.464279175,20.0432567596,45.7498817444,0.774546572939
840,380.152313232,172.503311157,18.9023475647,48.8850135803,0.313125294633
870,468.568450928,170.661743164,28.3030757904,55.6473503113,15.4505327344
870,386.824462891,39.001209259,22.6982040405,63.464389801,8.0209299922
870,410.848114014,137.460632324,31.7400913239,84.6251296997,1.4766279608
870,606.166564941,147.703842163,22.0378932953,57.3940238953,0.897801853716
870,380.195098877,175.832763672,19.0330677032,48.0380363464,0.693594431505
870,19.6265888214,180.611206055,24.8812656403,58.8360786438,0.178785715252
870,411.961181641,100.313621521,28.6235599518,70.7714157104,0.0565141497646
870,617.984436035,118.96169281,21.9209423065,61.3257904053,0.0293519289698
870,104.817565918,103.577148438,22.7501392365,64.9427337646,0.0116463117593
900,607.660095215,158.426071167,22.0180225372,58.1479072571,14.5192652941
900,417.781005859,151.655914307,30.3442668915,78.6870651245,7.2990603745
900,5.21804428101,189.098861694,21.5680084229,67.6086044312,6.173517555
900,148.76713562,172.012832642,23.1699352264,59.8718299866,4.12470065057
900,615.237976074,133.523895264,19.4399471283,54.3673439026,0.456669460982
900,377.47756958,179.834518433,22.5549449921,52.599899292,0.412123464048
930,143.198928833,183.842697144,21.0433483124,57.6900634766,19.245865941
930,92.7400741577,197.516159058,20.5758991241,46.7192115784,15.257281065
930,418.748291016,156.826477051,29.0282363892,95.6375198364,11.4447876811
930,6.03628110886,199.778152466,20.9697856903,74.8574066162,9.15789231658
930,83.4547195435,202.198440552,17.782201767,41.7275886536,2.01437175274
930,483.983032227,199.880661011,19.0455799103,45.8853492737,1.78182069212
930,69.4289703369,192.232437134,21.6437683105,52.8597145081,1.24842841178
930,129.536407471,166.524368286,22.6024093628,73.5570755005,0.657372223213
930,162.425430298,168.690429688,27.1547164917,74.2098464966,0.393061200157
930,65.827003479,94.8224716187,29.3598537445,66.3104019165,0.3744634334
930,110.672637939,190.457107544,18.8368587494,53.0241737366,0.23424141109
930,535.73828125,73.3084335327,23.8638534546,56.6462135315,0.138678611256
960,602.212646484,202.578262329,24.3868503571,48.7906761169,33.9386701584
960,58.5910377502,199.765090942,23.3953647614,58.6557922363,26.1480122805
960,31.4103851318,212.262329102,19.7287540436,43.9779853821,5.57562410831
960,104.565696716,172.102249146,32.6077156067,75.4187240601,5.11230900884
960,13.8679456711,195.71321106,23.263381958,55.2218933105,1.03619452566
960,44.5252380371,212.210739136,18.3902130127,45.5306358337,0.772644998506
960,96.1615371704,201.472335815,16.8756427765,49.978969574,0.640783039853
960,73.3391952515,178.232528687,24.5528011322,69.9311752319,0.579504854977
960,570.339172363,211.185256958,19.2413463593,48.2192192078,0.502524431795
960,616.748596191,303.667327881,23.2514038086,58.903717041,0.351061625406
960,489.732666016,201.740921021,18.5369968414,50.1106147766,0.297998287715
960,504.607788086,200.585205078,23.9791202545,52.4452667236,0.2317402279
960,428.873687744,132.927810669,32.0915298462,84.7909927368,0.224896403961
960,130.516067505,84.1501617432,21.3632583618,55.4042854309,0.0484432268422
960,464.466522217,122.171485901,26.8349227905,78.2962493896,0.0232860271353
990,29.9496994019,126.380592346,59.1419944763,133.681808472,13.7055695057
990,25.4805145264,181.291381836,28.1517391205,72.7063827515,8.65280851722
990,12.5913877487,199.420883179,20.2416648865,56.3813896179,6.09269440174
990,171.808532715,212.402832031,24.4431247711,52.6596717834,3.42508144677
990,403.770172119,199.84942627,27.8159389496,67.8294448853,1.13039836287
990,591.478820801,257.2996521,17.3877105713,41.1665344238,1.1302835308
990,611.840881348,250.864547729,16.7956562042,47.1355438232,1.06455208734
990,279.610473633,399.821868896,22.1836833954,50.8400611877,0.944392755628
990,515.139282227,221.57661438,19.7882919312,52.9357643127,0.858583394438
990,294.485565186,393.296386719,22.7342166901,58.4736366272,0.526703288779
990,441.61706543,151.633544922,32.139667511,92.184928894,0.484175048769
990,592.311706543,219.369918823,26.4394435883,71.0225524902,0.204872363247
990,52.4306678772,162.882949829,21.2526569366,66.3917007446,0.0515775231179
1020,611.426940918,22.289270401,18.6149120331,61.934009552,2.30307206511
1020,78.1413192749,210.643356323,20.752248764,55.4023933411,1.63107272238
1020,492.443634033,239.42590332,23.0619659424,48.4226341248,1.35539220646
1020,522.258361816,121.067657471,34.430721283,77.4062728882,1.11696673557
1020,424.091918945,176.498596191,33.9357872009,92.6054382324,0.930723361671
1020,536.037963867,102.644447327,21.6360244751,62.2094230652,0.877008587122
1020,478.663482666,175.499282837,41.8321456909,108.208198547,0.635526143014
1020,314.293579102,350.257202148,29.0116958618,63.639377594,0.5039984826
1020,165.595108032,58.9391975403,28.0465087891,54.7875938416,0.366761838086
1020,467.204925537,178.407897949,28.0816650391,90.2891769409,0.218201754615
1020,601.77923584,268.265319824,25.0302753448,51.8002662659,0.206243689172
1020,13.7496147156,389.830047607,32.7572822571,71.4065551758,0.13095458271
1020,169.043304443,177.892166138,23.9854984283,59.247051239,0.0988279236481
1020,393.231079102,186.663330078,21.0848922729,59.2422447205,0.0787354889326
1020,123.515708923,72.1666183472,22.34025383,50.3067054749,0.0710577878635
1050,11.4910020828,216.103500366,19.8495960236,54.0266265869,37.6059442759
1050,553.023986816,140.529983521,57.7278785706,132.597991943,14.797462523
1050,33.6483573914,174.610412598,27.0207042694,79.2834014893,2.80731227249
1050,24.9013595581,200.294998169,20.48346138,65.3300170898,1.185857784
1050,418.778930664,159.584182739,23.3529758453,50.3320159912,0.844181980938
1050,160.703964233,158.388900757,24.6658306122,66.6671524048,0.682323100045
1050,490.176116943,203.351135254,26.9847202301,63.5443000793,0.616983463988
1050,114.475250244,200.623779297,22.9566898346,58.222492218,0.384971802123
1050,408.757965088,153.032058716,19.0177135468,47.6244926453,0.254266406409
1050,518.541442871,179.700210571,24.9260005951,74.2134475708,0.171103165485
1080,600.910827637,164.644210815,27.3384304047,95.1609115601,6.12530857325
1080,184.785171509,143.338638306,18.6487255096,50.6967964172,5.1049400121
1080,500.405059814,126.831359863,36.8942909241,100.197418213,3.18050757051
1080,29.0056934357,121.73449707,65.9811019897,132.119308472,1.33578917012
1080,471.141601562,135.412734985,19.4810161591,59.5197715759,1.33404592052
1080,64.5871887207,179.948928833,22.9677219391,55.5701751709,0.880376622081
1080,418.692382812,103.720062256,22.7503566742,57.455165863,0.199730973691
1080,488.010284424,106.912940979,101.354309082,143.70085144,0.135142588988
1080,120.531860352,136.96081543,21.7754611969,65.0309677124,0.056188669987
1110,563.904968262,67.8698043823,68.7945098877,145.90838623,4.6707380563
1110,515.054504395,65.4348754883,19.8823947906,59.1304779053,3.70510220528
1110,584.284057617,134.165115356,34.4909629822,82.3855819702,0.50033624284
1110,48.8261070251,100.378227234,25.8353404999,68.8276367188,0.431910576299
1110,499.161712646,105.91985321,21.4660930634,55.8603935242,0.413335859776
1110,27.6918544769,76.5704040527,30.4368515015,84.1064910889,0.133172608912
1140,572.562194824,58.445224762,24.3702030182,89.0594787598,34.0730577707
1140,552.844787598,81.6209487915,23.7531433105,64.5818710327,3.17464955151
1140,3.19240951538,33.8426208496,25.0506305695,75.6533432007,0.0631174712908
1140,606.498046875,35.1678352356,27.1412124634,73.7593536377,6.53505205506e-07
1170,501.747436523,115.454917908,22.0633869171,48.3301582336,9.67099294066
1170,508.183258057,42.7744140625,20.6336212158,57.7889404297,0.215966184624
1170,490.479217529,108.112556458,19.3134098053,54.0366783142,0.0963770959061
1200,609.99810791,151.338500977,19.3321704865,54.327747345,48.2548981905
1200,406.694000244,133.606658936,22.676317215,56.353351593,2.32383403927
1200,598.581176758,157.143478394,17.6575279236,48.2375640869,0.548158492893
1200,253.16078186,126.023536682,20.4568386078,45.859954834,0.347807444632
1200,155.529281616,103.354621887,24.5568313599,74.5997695923,0.203922134824
1200,267.25881958,131.279968262,23.5666713715,50.9963035583,0.153769983444
1200,110.495094299,89.0826416016,22.182390213,62.8425712585,0.0963599828538
1230,114.787574768,98.6870422363,24.9991436005,72.2156219482,2.82799582928
1230,599.891784668,183.004089355,24.2934894562,56.4381752014,1.19553972036
1230,290.004638672,60.0898628235,24.0268192291,65.3123092651,1.11195221543
1230,243.282974243,150.99571228,19.7490234375,42.5327110291,0.850458163768
1230,234.540542603,75.1809082031,31.0533695221,70.0711288452,0.671096937731
1230,16.191400528,163.129989624,19.056558609,50.5991516113,0.427679391578
1230,228.868484497,120.430267334,27.6187534332,64.8913497925,0.307852495462
1230,220.060195923,151.433670044,24.8017196655,54.5861473083,0.254109851085
1230,199.289962769,144.757705688,27.1879138947,56.750289917,0.246947538108
1230,271.0887146,58.0058784485,27.8705158234,70.3472518921,0.20813648589
1230,10.3784894943,360.6690979,30.8406009674,74.364654541,0.00745667493902
1260,12.1558446884,42.5176773071,26.8868236542,68.2494430542,14.260147512
1260,63.149066925,47.6119537354,49.6204223633,125.419914246,9.85295251012
1260,455.917877197,167.022079468,21.9710826874,53.9566612244,5.16968891025
1260,499.484161377,180.96105957,18.0567874908,45.4307365417,4.35838215053
1260,602.924865723,177.752120972,18.19373703,54.2128257751,2.20396947116
1260,178.263534546,141.135452271,19.6475658417,55.3798942566,1.50419054553
1260,187.028701782,142.277267456,28.1224365234,57.4901008606,1.0372008197
1260,483.499359131,174.190444946,24.7556018829,55.5421257019,0.744826672599
1260,252.227798462,130.423324585,26.7944927216,60.5166778564,0.239843688905
1260,266.270111084,103.802268982,63.1323432922,116.792961121,0.225203367881
1260,23.6130619049,68.917137146,28.176109314,68.482460022,0.184517819434
1260,242.369186401,144.738830566,22.3954849243,52.1606864929,0.0946443353314
1260,214.038253784,35.6326637268,23.1255741119,61.4475975037,0.00019473645807
1290,225.766738892,185.994216919,18.9107532501,47.7320213318,2.13090982288
1290,371.185028076,309.158111572,29.5095748901,68.7900924683,1.47212911397
1290,253.658950806,289.827941895,22.0818634033,49.191608429,1.4502662234
1290,440.396697998,191.969924927,17.8665065765,43.5207366943,0.803946517408
1290,348.581329346,176.443069458,19.947385788,59.1873664856,0.39315354079
1290,14.426943779,129.838119507,27.5261631012,67.2078323364,0.37388165947
1290,417.429168701,179.620742798,23.3524608612,53.8260002136,0.191225158051
1290,144.716720581,141.958374023,28.4441013336,66.0303649902,0.0520435918588
1320,349.816558838,187.082702637,19.5147953033,48.1631736755,3.13549563289
1320,18.4464588165,137.561660767,44.409450531,111.003761292,2.15073097497
1320,369.477294922,140.172958374,32.1956443787,91.6049728394,2.13891435415
1320,86.7923812866,289.726654053,26.5727100372,57.6739768982,2.13461965322
1320,614.899169922,155.263504028,17.5457057953,51.7536201477,2.11261603981
1320,532.941650391,325.661651611,26.8098449707,55.6289672852,1.69370025396
1320,338.510467529,376.75692749,22.3608322144,56.4247703552,1.46659286693
1320,219.772720337,161.934509277,29.6377506256,72.5382156372,1.36097576469
1320,323.586273193,184.717407227,18.4496574402,47.5507049561,0.291952188127
1320,293.568145752,182.169937134,24.6825180054,52.6871833801,0.258552865125
1320,40.9411697388,187.375320435,24.1290035248,59.4399681091,0.136360421311
1320,328.250823975,398.078125,23.0459537506,57.1846580505,0.134007912129
1320,336.009765625,181.487625122,18.5769824982,52.3549804688,0.11378043564
1350,211.633621216,191.985641479,20.6770935059,48.7906913757,62.8940999508
1350,161.866653442,190.472900391,24.9699649811,52.9465522766,28.5257399082
1350,105.12802124,166.040176392,28.211183548,77.8617553711,6.55691921711
1350,87.1276473999,160.725341797,31.1904621124,80.1128616333,5.63649795949
1350,551.227844238,150.129623413,22.8036022186,58.697971344,5.61063066125
1350,301.473510742,177.015625,24.6775989532,54.0178184509,2.20000296831
1350,576.659606934,199.40045166,17.1347370148,41.4217834473,1.56752169132
1350,597.029663086,203.797195435,20.8795337677,53.4510650635,1.5065186657
1350,280.893463135,179.159347534,19.2909469604,53.1607475281,0.644734455273
1350,190.763793945,190.189437866,18.2539730072,48.6809806824,0.55855573155
1350,543.38482666,161.750137329,19.3042755127,57.0842475891,0.171332864556
1350,568.026672363,139.43321228,20.2242946625,56.9456443787,0.0766459503211
1350,224.78263855,171.09437561,23.2981033325,64.669303894,0.0248943862971
1350,177.319076538,128.54838562,24.731672287,71.4301528931,0.015240983339
1380,52.5406990051,197.848556519,26.5063552856,56.0872802734,94.6027874947
1380,89.3165893555,199.125778198,20.8971729279,45.2598114014,56.0243785381
1380,531.4140625,153.715744019,21.3504085541,70.800239563,22.703422606
1380,30.8563137054,177.008666992,22.7018432617,65.7329483032,16.3698449731
1380,612.547790527,198.456283569,18.0277786255,50.9180183411,9.66624841094
1380,122.56565094,130.169708252,25.8855304718,79.5843276978,8.35258215666
1380,70.3372268677,205.358520508,18.2403812408,50.2644844055,7.77440220118
1380,231.136398315,179.388290405,30.8381633759,58.8011512756,3.10276187956
1380,10.9544868469,219.744338989,20.38372612,46.2673988342,3.08066587895
1380,329.419219971,267.729888916,27.1516551971,53.7908821106,2.84969154745
1380,575.681640625,172.26335144,23.3563137054,55.222202301,2.4173181504
1380,157.274536133,393.433197021,21.429359436,46.8109703064,1.64722483605
1380,288.694366455,336.267089844,30.8249359131,68.5016098022,1.00247934461
1380,344.559692383,278.623931885,19.6393852234,45.4338493347,0.880013406277
1380,541.864379883,154.497665405,29.4114761353,62.842666626,0.550755485892
1380,167.65776062,407.773406982,21.8393344879,45.3257446289,0.425375252962
1380,589.639099121,186.575302124,16.7912769318,45.6175079346,0.408346531913
1380,125.213752747,407.142303467,21.9585704803,46.9967918396,0.212792912498
1380,25.117105484,199.65032959,18.8439502716,59.2134590149,0.187440530863
1380,149.844741821,171.061035156,22.5162448883,66.4093093872,0.10374187259
1410,284.886077881,305.987579346,21.2756328583,53.4001159668,3.19157578051
1410,525.398742676,118.333686829,22.4327411652,62.5309410095,2.83496901393
1410,270.114257812,303.925720215,21.8234233856,52.7848854065,1.67926754802
1410,616.686950684,184.541275024,16.9663257599,48.8952522278,0.784355867654
1410,57.1091156006,81.9710083008,21.9050388336,58.2145347595,0.664917659014
1410,535.68145752,151.366287231,19.4284553528,54.0460853577,0.632882863283
1410,36.8580207825,202.43548584,16.4022274017,41.7128067017,0.461482210085
1410,67.9481964111,84.6354904175,25.8859863281,69.4001998901,0.124377722386
1410,511.645996094,136.355270386,31.6645526886,77.3281402588,0.116358476225
1410,97.6762695312,135.041366577,32.7527885437,78.0133285522,0.0925034808461
1440,571.086730957,158.705337524,24.4472408295,62.0811500549,4.03648391366
1440,132.221633911,180.094650269,20.8143882751,57.7349243164,1.79890058935
1440,517.787963867,135.855529785,31.2282943726,79.9465713501,1.59447770566
1440,106.14364624,186.452316284,20.4242801666,54.8252067566,1.37296486646
1440,178.925735474,381.337524414,20.6494808197,49.7944984436,1.33615899831
1440,89.1065063477,164.942749023,28.7087535858,68.7601242065,0.941098481417
1440,584.380065918,169.287216187,19.1459941864,47.5007667542,0.641096709296
1440,12.1517715454,365.595855713,31.4666347504,67.1216201782,0.386416073889
1440,192.470153809,381.552581787,27.0303173065,57.291809082,0.338208535686
1440,545.569396973,132.606414795,22.0241947174,61.1675453186,0.261959410273
1440,540.713806152,82.2583847046,24.0018463135,69.8822250366,0.149108341429
1440,159.689041138,383.125640869,27.154706955,55.2975273132,0.0780293310527
1440,86.3904647827,118.868080139,63.4167900085,118.050567627,0.064828566974
1440,11.6999330521,78.8933029175,28.6388759613,90.7391662598,0.00735269131837
1470,573.884094238,162.761001587,22.8462314606,61.9975738525,15.7875776291
1470,611.049438477,164.356170654,17.1180820465,50.2114830017,6.32128566504
1470,53.6546821594,178.366333008,22.4857158661,57.6734733582,1.65080986917
1470,107.442169189,181.289627075,21.9466304779,55.288394928,1.0035449639
1470,449.263641357,162.18977356,22.0058689117,61.5577888489,0.972054712474
1470,562.953430176,99.715675354,29.5652980804,82.4863967896,0.673668226227
1470,461.316131592,183.132263184,15.5219774246,42.972240448,0.285454373807
1470,64.9239273071,167.993438721,26.7462768555,68.8264389038,0.174734077882
1470,440.194732666,147.831420898,21.6127262115,60.7639961243,0.09995107539
1470,556.865539551,132.260742188,22.7844238281,62.5778617859,0.0715562724508
1500,598.871154785,123.494468689,26.0381717682,102.182136536,71.9818413258
1500,581.675842285,148.221115112,21.1909542084,74.3234481812,5.0562556833
1500,609.31036377,183.028884888,16.6643562317,43.7066955566,3.17396856844
1500,591.669555664,177.951370239,18.0033626556,48.1871185303,2.744641155
1500,41.2403106689,190.423339844,21.6630630493,48.8078346252,2.55743917078
1500,615.232116699,157.362243652,17.6113681793,59.5745506287,2.10683643818
1500,53.6796073914,185.048721313,26.2169208527,54.7144012451,0.848188996315
1500,460.625488281,182.031021118,18.4675273895,47.1660003662,0.726891914383
1500,558.420349121,128.199798584,28.6240367889,63.8744049072,0.0990646192804
1500,584.883056641,125.744239807,21.3109455109,56.2020988464,0.0678012147546
1500,589.547546387,51.0124664307,29.0963058472,104.612983704,0.0368410284864
1500,210.983535767,102.286750793,30.6682376862,70.6090316772,0.0039597540308
1530,602.555358887,48.798034668,27.5787525177,102.83731842,17.3835024238
1530,612.39239502,182.712585449,15.3546667099,47.1989631653,13.4577989578
1530,584.661743164,160.155380249,18.9585208893,65.7100524902,7.78802037239
1530,609.430114746,128.014785767,19.1991176605,49.5590782166,4.56379689276
1530,37.3303031921,185.040847778,24.7554454803,53.7806282043,4.30451110005
1530,569.410827637,130.005050659,29.6931972504,70.8949813843,0.0465074059321
1530,586.833190918,122.295066833,27.2666988373,82.3416442871,0.0285449728835
1560,610.364501953,182.820785522,18.9558639526,47.386138916,22.7844670415
1560,611.270629883,51.7670478821,18.9931240082,60.2569465637,5.22885993123
1560,609.429443359,134.370819092,22.1234951019,72.3961639404,5.14852367342
1560,96.0561294556,185.274475098,21.9770717621,58.3065032959,4.59908545017
1560,38.6604614258,192.152511597,23.5942687988,52.6933784485,1.47973699495
1560,464.991424561,184.190429688,20.5498867035,47.1426124573,0.720275379717
1560,589.119812012,165.481674194,19.7538700104,63.4604682922,0.691459607333
1560,57.7682533264,188.52885437,20.6265258789,54.9212684631,0.38691253867
1560,542.918395996,192.762832642,17.349779129,42.7395973206,0.358510063961
1560,78.6623458862,184.993118286,20.1572875977,52.0225067139,0.315813021734
1560,602.505371094,124.121337891,20.5960216522,51.9604988098,0.264687929302
1560,625.027160645,50.7163085938,14.4875793457,65.7949066162,0.13686963357
1560,589.403137207,112.187171936,19.2561779022,52.645488739,0.0390320055885
1560,72.6846694946,123.373069763,26.9794254303,83.6947937012,0.0243109156145
1560,101.834571838,91.2114257812,31.9955425262,77.9870376587,0.0022079972041
1590,611.117126465,188.918380737,18.1544723511,47.2018165588,27.6755899191
1590,612.267272949,60.5607299805,19.8337554932,67.8563308716,19.6390300989
1590,599.411071777,177.624649048,20.2606372833,60.3955726624,3.10385935009
1590,33.6885223389,183.106338501,22.6835422516,60.3299827576,1.63736641407
1590,599.959533691,55.8389778137,25.0148715973,107.084571838,1.31824193522
1590,536.560852051,188.070007324,18.3306560516,49.7779998779,0.722603918985
1590,79.7304534912,179.826004028,21.2497272491,62.5551872253,0.643712701276
1590,461.219085693,194.159103394,17.9796543121,43.1848335266,0.576374260709
1590,549.591003418,194.27935791,18.2450199127,42.2255744934,0.523737585172
1590,45.2387275696,194.938919067,22.3783550262,54.6251335144,0.311622139998
1590,447.606292725,191.007064819,17.5982494354,45.4280433655,0.225592474453
1590,615.588500977,129.727294922,17.9400291443,48.7282867432,0.12609049445
1590,627.110412598,56.0811462402,12.0275945663,48.6149711609,0.106270669494
1620,613.488891602,57.484752655,20.4541378021,81.9766082764,14.2193108797
1620,611.570495605,186.37109375,18.6845302582,52.7844352722,6.28405436873
1620,22.8159332275,182.949234009,24.111333847,58.3612098694,5.25396727026
1620,593.833435059,177.406295776,18.3065128326,60.0262413025,2.43322439492
1620,457.292144775,180.992141724,23.2152042389,58.5424995422,2.15366911143
1620,440.9871521,195.705276489,16.9047584534,45.6482124329,1.18332989514
1620,45.4347572327,194.975112915,25.1846752167,55.1882019043,1.08136683702
1620,627.018737793,66.8838729858,12.5576782227,53.5978965759,0.763474591076
1620,616.724914551,131.120635986,17.3868522644,52.2247123718,0.686998199672
1620,536.668334961,189.877258301,18.8137950897,49.3462791443,0.566755514592
1620,470.34274292,195.196548462,19.6959972382,46.042514801,0.296498183161
1620,548.525024414,192.323318481,19.4570522308,46.0611381531,0.277458806522
1620,100.134803772,96.6785049438,27.9185085297,69.6751937866,0.238698814064
1620,615.288024902,216.545791626,19.4658184052,47.3221168518,0.0616778444964
1650,14.3043851852,206.204238892,21.2554988861,52.9513893127,11.9686417282
1650,612.828186035,208.127807617,16.5945911407,44.9452629089,6.24431818724
1650,477.944458008,211.112838745,17.3938922882,41.117729187,1.69226787984
1650,464.727874756,203.175704956,21.0234489441,47.6268501282,1.23467426747
1650,441.511749268,202.804748535,18.0476303101,47.7965240479,1.06198256835
1650,454.199310303,206.064743042,17.0520610809,45.1445426941,0.358955818228
1650,30.130147934,209.292175293,20.7759380341,50.4645233154,0.205633952282
1650,44.2542610168,204.745376587,20.7247524261,52.3855552673,0.196070107631
1680,448.186157227,206.36680603,20.9827728271,52.7177085876,10.5011068285
1680,488.62487793,211.101333618,24.3142318726,46.9852409363,3.27004566789
1680,11.2628583908,206.926635742,17.6808280945,45.7276496887,2.16330494732
1680,269.241729736,309.225128174,22.03972435,49.6911659241,2.13193632662
1680,476.494018555,214.178222656,17.4954280853,43.3122062683,1.99052412063
1680,269.269622803,406.932281494,24.184463501,56.0878257751,1.15905795246
1680,600.42565918,224.29624939,20.9431324005,38.8556251526,0.975241139531
1680,460.720214844,214.378097534,19.8134155273,49.2839698792,0.417761737481
1680,503.743560791,211.763046265,17.7899227142,48.4746513367,0.372073194012
1680,438.330078125,211.223709106,16.0018615723,46.4720573425,0.351527612656
1680,20.2635936737,197.915222168,20.9904079437,52.043170929,0.122395949438
1680,31.6666488647,165.771102905,27.520318985,69.0757293701,0.0848601921462
1680,28.3091487885,115.855613708,31.4961872101,85.6798171997,0.083052465925
1710,9.34726047516,171.845016479,21.4258899689,67.316986084,5.32095879316
1710,538.957824707,219.662765503,24.4424343109,50.5347480774,5.02719916403
1710,491.827789307,209.16343689,17.04255867,49.8587493896,1.79201886058
1710,556.837890625,218.039962769,17.4955062866,47.0886497498,1.54996346682
1710,525.801452637,220.28553772,24.0984668732,51.9530906677,1.36457979679
1710,469.457183838,220.679870605,23.4369659424,48.4195861816,0.488326186314
1710,601.458862305,284.870025635,30.1592025757,73.0638198853,0.487351836637
1710,499.077423096,222.523727417,19.178358078,46.0373268127,0.345516158268
1710,19.1674213409,164.702865601,24.4658355713,58.768283844,0.224279961549
1710,148.73739624,191.497802734,17.5359840393,50.7644195557,0.0241766538238
1740,497.775146484,212.489242554,22.4140720367,61.7802734375,5.85096515715
1740,106.788459778,193.300048828,24.1557598114,44.0424766541,3.69862914085
1740,503.194366455,216.377990723,33.3266029358,91.9799728394,0.248741731048
1740,599.980957031,256.33380127,31.9344711304,78.4727706909,0.164651579689
1740,576.553161621,268.002349854,27.3559436798,67.6448440552,0.018223337247
1770,78.8920211792,184.006912231,34.4374656677,48.1575660706,14.8703664541
1770,12.789683342,181.622329712,25.3530025482,48.0391960144,0.167374988087
1770,231.158554077,199.687011719,18.8750858307,39.7064208984,0.06427259068
1770,23.9523715973,85.5201644897,24.4653148651,59.7121772766,0.0137391456519
1800,34.9492759705,180.565078735,25.2213840485,58.1312675476,10.1405218244
1800,616.266723633,238.475463867,15.6587934494,48.4049568176,0.41391775012
1800,614.914367676,79.7182998657,17.558095932,50.1035461426,0.0633706164081
1830,105.343238831,192.692260742,18.637386322,47.2168388367,2.20696628094
1830,594.640869141,165.798583984,25.7101650238,67.9246444702,0.625531096011
1830,578.805358887,204.906082153,19.0465888977,49.4882774353,0.0890847586561
