30,104.270378113,189.589736938,37.4028930664,91.3558883667,17.9026037455
30,508.63394165,198.338317871,21.65965271,62.692779541,10.7383795083
30,484.14175415,188.948867798,24.8428878784,62.2714424133,9.84542518854
30,576.608581543,146.398971558,19.3746643066,62.9764404297,6.36188536882
30,524.948425293,185.11555481,26.543800354,80.716293335,1.46540226415
30,601.680725098,132.259658813,21.5915088654,66.7913513184,1.36689832434
30,485.794342041,44.3019218445,29.6817016602,61.6754798889,1.69961933416e-07
60,541.329956055,184.550949097,28.2172641754,77.5205917358,22.3352149129
60,508.020141602,166.626098633,31.6440353394,83.7927932739,13.8382479548
60,75.9245986938,195.701828003,32.385723114,92.216468811,4.34500575066
60,95.2014160156,173.971939087,27.1248111725,77.4067382812,4.22123633325
60,561.569274902,218.290771484,27.630525589,59.1915130615,0.393291190267
90,561.818786621,164.822235107,38.5388183594,106.015235901,15.7351598144
90,529.780273438,172.88458252,33.7480278015,87.5613098145,6.25036358833
90,46.9143486023,201.997634888,26.0049285889,79.4401626587,3.59119437635
90,553.84588623,197.92376709,23.7149829865,63.7992897034,1.16140441969
90,64.0589370728,178.078140259,27.2190723419,82.9379882812,0.688288453966
90,586.780700684,219.585403442,27.7752056122,62.9985237122,0.60541885905
90,125.302520752,203.946731567,34.7962188721,110.109352112,0.0577182043344
120,22.2705993652,197.547470093,35.8707618713,108.508964539,34.4220250845
120,535.406799316,168.754867554,33.6891059875,93.340171814,24.5384782553
120,611.368225098,245.339157104,22.6441326141,55.1141777039,12.817312777
120,38.9207344055,176.320480347,33.3681755066,105.03653717,5.4181881249
120,11.0103654861,211.524917603,22.3828887939,101.525260925,3.0933920294
120,7.35830259323,196.899642944,17.0168952942,65.9068984985,0.167582556605
120,90.2739334106,203.981765747,33.8200836182,109.129493713,0.127099745441
120,75.8888015747,171.159072876,29.9392776489,66.2970657349,0.0822227739263
150,14.9630842209,219.134292603,32.2953643799,95.7348632812,9.2648729682
150,611.582092285,255.169265747,24.6364955902,67.1530151367,7.6609775424
150,64.3523483276,182.44152832,22.541437149,55.7811317444,3.86770255864
150,35.0509300232,196.501754761,26.3341827393,84.189491272,2.00973041356
150,627.825317383,265.40927124,12.1746826172,63.7981681824,1.90587621182
150,616.252685547,54.1876029968,15.7131538391,52.7050437927,0.460186507553
150,7.99470758438,223.218399048,15.6680574417,63.7637481689,0.0954125367571
150,49.1065673828,209.391921997,20.4496803284,60.0729179382,0.0801922928076
180,9.94173526764,246.70149231,33.2250137329,93.0747146606,11.8028394878
180,72.5923843384,201.925231934,36.8773155212,92.6424026489,7.58509710431
180,615.967041016,270.100311279,20.4545001984,62.8842201233,4.44183088839
180,34.1612892151,208.862503052,27.9658527374,81.356338501,3.79365757108
180,8.44686222076,240.15473938,17.0712451935,59.9166755676,0.473533896729
180,23.5709323883,229.340011597,22.6641616821,66.331199646,0.434969365597
180,57.6234550476,201.037918091,31.7082691193,75.6346206665,0.0178330737981
210,12.8231649399,214.997146606,30.5892162323,103.625053406,15.22269696
210,27.6245632172,202.14781189,31.5486774445,93.1633987427,8.44427198172
210,545.696350098,199.52935791,30.2601490021,94.4506454468,3.50529365242
210,57.6862297058,200.06703186,33.1871147156,62.3501396179,0.54237707518
210,140.674194336,210.32749939,38.9911880493,102.701263428,0.0874950143043
210,357.730102539,60.9727630615,26.3829421997,64.1454162598,0.0343298481312
240,5.76821899414,186.92137146,29.7584133148,108.284553528,0.259215454571
240,436.586517334,181.250991821,19.1489658356,62.6668586731,0.20373375155
240,362.416229248,51.7007789612,26.1898517609,59.9383964539,0.0677393574733
240,420.033691406,39.7953681946,21.1915607452,64.3095245361,0.00421691656811
300,47.4972686768,198.691223145,32.430896759,81.5615692139,6.3437692821
300,76.7949981689,211.002151489,22.9563732147,51.6289558411,3.89898270369
330,47.9235839844,201.747879028,33.8613471985,83.5542831421,1.19530586526
330,22.5385456085,195.226806641,33.8205528259,66.4217910767,0.0460167502752
360,22.8159923553,203.37336731,24.6936283112,58.4357299805,3.41126732528
390,43.039691925,200.775588989,32.712726593,75.414352417,2.03308686614
390,24.7951869965,199.952957153,28.8249282837,67.0587844849,0.585685158148
420,48.466217041,200.901931763,28.6503505707,89.9529418945,1.87303200364
420,27.5032558441,197.36479187,33.0135421753,67.9980926514,0.14935741201
420,369.517669678,36.4757919312,28.2020893097,65.9603729248,0.0162627125974
450,46.6259346008,208.826553345,42.7339019775,107.800384521,14.0287786722
450,36.1258964539,207.825119019,27.6047267914,58.995223999,5.39118684828
450,18.2681751251,198.730895996,28.7342453003,58.9402656555,0.650568585843
450,361.008026123,60.1191825867,21.4530086517,49.210735321,0.0948857923504
480,44.1612548828,209.125289917,33.8073348999,93.6630935669,2.58082132787
480,27.1361751556,206.555953979,26.2744655609,54.6935920715,0.177896209061
480,362.878051758,59.4890632629,26.1708278656,63.8995323181,0.12409085175
510,22.889673233,207.842056274,28.6508483887,62.8951721191,5.85248917341
510,43.7349700928,209.955200195,29.5564575195,70.7420730591,0.335566047579
510,359.41116333,56.7720527649,34.5853385925,60.8468017578,0.299665448256
540,549.932922363,184.921630859,20.7163333893,61.4107246399,2.13014204055
540,361.180633545,53.5367546082,31.8190002441,70.4141616821,0.137361185625
570,365.149200439,58.1473274231,20.2630214691,61.612991333,0.102750502992
570,14.9838075638,215.484695435,25.6103420258,58.3336486816,0.0613883836195
600,12.1002006531,199.558059692,23.5123920441,58.2945518494,0.0506144075189
600,367.484405518,40.6188697815,42.1460990906,74.0706253052,0.000254298925029
630,365.251800537,35.8511772156,28.0915126801,54.997844696,0.0335095828632
660,572.200378418,40.1381340027,30.6509952545,80.5209274292,3.29012234124e-09
690,606.88873291,84.4863357544,19.1645336151,61.4009284973,3.75463031232
750,612.55255127,100.692771912,21.3248806,77.0932006836,11.0441423953
780,612.77532959,109.062461853,20.5924873352,77.5426101685,2.69437115639
780,17.1847133636,226.028366089,17.2151679993,47.2173461914,0.373724591918
780,614.493713379,33.7938537598,18.3029308319,41.8030090332,2.15947419946e-06
810,615.976257324,115.467323303,17.2606163025,60.3440551758,2.31369566172
810,594.84185791,38.7097969055,32.9189224243,84.046043396,0.000167572557075
810,614.334289551,33.3432922363,18.0915851593,43.1470146179,7.23483992715e-06
840,613.592041016,109.646911621,19.0484409332,73.6022415161,10.9109684825
840,561.561462402,192.151046753,18.4448623657,50.319393158,1.50764426216
840,14.248831749,224.413009644,18.6830615997,52.4154548645,1.39941424131
840,21.9155330658,211.235229492,27.8021678925,65.0055923462,0.41134878993
840,77.4809951782,220.137283325,21.14752388,54.2829704285,0.118136918172
840,614.681640625,25.9189300537,18.2366218567,50.6323738098,0.00189632883121
840,595.318908691,50.5382270813,30.9795665741,74.0329971313,6.22582518872e-07
870,616.299499512,115.676490784,16.7623195648,61.2462806702,1.95971708745
870,595.367492676,53.6670722961,31.1592121124,75.2515792847,4.70226035887e-07
900,13.11328125,227.482498169,17.3844242096,50.6765556335,2.50466372818
900,609.708435059,107.786682129,23.8682231903,83.1790084839,2.46458314359
900,24.2291660309,215.105758667,26.1202697754,62.6540222168,0.121262634639
930,611.234558105,104.328315735,22.4145526886,85.6959228516,3.26452031732
930,609.62097168,30.6807880402,20.5128097534,49.9872169495,1.49459769005e-06
930,595.824157715,49.1651802063,31.0961284637,78.9451446533,1.06715623005e-06
960,613.534667969,112.032447815,20.0572471619,75.6861190796,6.42934367061
960,22.1859645844,212.79725647,29.2203044891,66.1240081787,0.831854902208
960,6.45380353928,219.622634888,19.6692066193,55.9680290222,0.247958907858
960,614.667236328,33.1364784241,17.8466396332,41.5810089111,7.04971512278e-05
960,597.069030762,51.4615287781,29.7450332642,72.3783950806,4.01738775579e-07
990,612.862792969,110.1434021,20.5787754059,74.7313690186,3.61903049052
990,560.588928223,189.754272461,28.6528453827,56.3622932434,3.53029109538
990,614.982421875,25.2245845795,17.2004070282,47.3336296082,0.0142231598147
990,598.695007324,41.423084259,27.8628330231,75.516456604,3.46160391018e-05
1020,12.3355207443,228.604293823,19.0150661469,47.6922264099,2.54404712468
1020,611.398071289,113.345558167,19.6602687836,70.2515335083,1.13444663584
1020,20.457408905,213.57421875,26.306016922,62.3369789124,0.178583967499
1020,614.722167969,33.1753616333,18.5284786224,42.8197479248,1.69575287146e-05
1020,601.783874512,36.943271637,25.4155197144,56.7308044434,5.59296695329e-11
1050,568.413757324,193.825317383,21.1122455597,49.2053337097,16.7426362634
1050,612.034851074,99.5603103638,17.22564888,64.9393539429,3.71400229633
1050,614.891479492,32.9580993652,18.6814022064,42.6354179382,1.73704464146e-05
1050,595.525390625,51.1540107727,30.9944477081,76.4317245483,1.52605998949e-06
1080,614.042541504,111.963218689,19.9870243073,74.1642150879,4.84341941774
1080,13.5899705887,228.709594727,17.3612918854,48.5279655457,0.916852429509
1080,22.7783050537,211.04258728,26.3684558868,67.3972549438,0.391967594624
1110,616.318664551,116.229347229,16.6651535034,61.3067131042,2.56965942681
1140,614.166503906,114.047874451,19.0833854675,75.0761947632,9.72950011492
1140,14.6335859299,220.915161133,23.7534790039,55.9253044128,0.138210586738
1140,614.739379883,34.5764884949,18.451877594,43.491027832,8.14030940433e-06
1140,587.714172363,47.4676818848,39.559337616,87.1112670898,4.7161701211e-07
1170,567.870178223,192.932067871,22.5989513397,51.2788124084,28.6993920803
1170,613.256774902,113.424079895,19.7440681458,75.9253692627,5.03541566432
1170,581.17956543,188.884658813,20.359041214,52.4609870911,0.802582129836
1200,568.304870605,192.70513916,22.2384262085,51.6035804749,5.22568374872
1200,594.946105957,58.103313446,31.129524231,71.1752243042,7.077841091e-08
1230,12.0219278336,227.483383179,18.3915863037,50.1644744873,1.41694452614
1230,22.187286377,212.116989136,26.8658752441,65.2151565552,0.166915124282
1230,596.595153809,35.4324531555,30.7549362183,81.5701522827,2.26594792707e-05
1230,615.205200195,35.2319221497,18.5205440521,41.7260169983,1.20756780575e-05
1260,612.834228516,108.364356995,18.5105361938,67.6760177612,1.29048777744
1260,13.1113204956,220.323913574,19.4852695465,62.2663078308,0.175249308813
1260,614.465026855,32.3998794556,17.4924411774,45.5435142517,1.74261458596e-05
1260,594.655456543,54.0892333984,32.1480979919,71.3086624146,1.37403022293e-07
1290,13.5903253555,214.62121582,23.9004230499,62.1296386719,0.156104669441
1290,600.789611816,35.8664779663,24.7046298981,64.1943893433,1.76141252695e-06
1320,567.336181641,190.963058472,22.6200618744,53.7022514343,16.6954785585
1320,550.446899414,192.117248535,24.0327682495,53.99451828,1.18918223307
1320,601.057983398,36.9179077148,24.0213947296,64.0313339233,2.20488494129e-07
1350,15.2873458862,226.386657715,17.5525112152,51.5017204285,1.50034427643
1350,611.949279785,112.982917786,18.6952419281,71.8120651245,1.31342448294
1350,594.007263184,46.4433784485,34.048160553,80.9071502686,1.00563113392e-05
1350,609.371154785,39.9939460754,20.7626266479,46.4329948425,6.54396703492e-08
1380,568.839660645,193.057495117,21.0540466309,50.1259803772,12.990309298
1380,613.933959961,111.294006348,19.742357254,76.467376709,7.80905485153
1380,15.5833005905,207.163619995,24.504491806,72.1117019653,1.26508092508
1380,581.57989502,193.564575195,18.8992099762,48.5495910645,0.567369582132
1380,615.324890137,26.4814834595,17.3270778656,48.6292877197,0.00468121361337
1380,601.219543457,34.9950065613,24.7515735626,65.4940872192,7.28456717169e-07
1410,565.480163574,190.733596802,25.3729610443,52.2495574951,31.835258007
1410,612.502380371,99.7123794556,17.4236087799,61.2610168457,5.26761412621
1410,13.7865152359,217.748428345,23.9334945679,59.6146888733,0.664381636307
1410,597.394348145,34.8683128357,30.5606765747,79.0366287231,6.36790957742e-05
1440,613.955993652,111.153175354,19.14935112,78.6188278198,15.4496341944
1440,565.204650879,190.904495239,24.9649887085,52.3518180847,2.55985613912
1440,9.82717132568,211.443344116,15.1866960526,63.0711936951,1.41146099195
1440,613.872375488,33.4447669983,17.631269455,47.4031639099,1.27073377598e-05
1440,595.684020996,53.5109138489,31.6464366913,71.9143829346,1.29808508387e-07
1470,613.453918457,109.362236023,17.3370380402,66.5833511353,1.07241179794
1470,595.564453125,53.8064079285,31.0188732147,69.402633667,1.73342562526e-07
1500,568.659545898,193.308639526,21.4986820221,50.3233451843,42.0157164335
1500,613.113952637,114.813438416,17.9898204803,65.9296264648,1.36101888493
1500,582.067199707,194.009078979,20.1926898956,49.6000976562,0.287727732211
1500,614.296020508,32.8853797913,18.4809303284,47.963558197,3.19346895594e-06
1530,568.32598877,195.399215698,21.5793151855,48.7107582092,17.5480797887
1530,616.493347168,116.418739319,16.9425048828,59.4865570068,2.45110318065
1530,144.07258606,212.418136597,22.9853420258,53.5952644348,0.464276457205
1530,582.749023438,194.402999878,19.0906925201,46.4217529297,0.102373922709
1530,614.352355957,33.4100265503,17.8760967255,45.6336631775,7.00715929725e-06
1530,594.906066895,54.4671592712,32.467830658,73.6890563965,5.75697767236e-08
1560,567.99005127,195.748901367,21.3729686737,49.4774360657,17.4747437239
1560,613.57208252,114.451911926,20.4049663544,78.5284576416,11.4937014878
1560,583.05279541,195.883132935,19.0930690765,45.7041358948,0.108092441224
1560,614.855895996,33.6085472107,17.9308452606,41.6398963928,1.35987107797e-05
1590,613.838806152,111.756378174,20.3780155182,82.5407714844,6.24592155218
1590,560.107727051,191.083145142,24.0966129303,55.4203186035,4.5249722898
1590,577.055541992,197.047409058,19.8267173767,45.7879447937,0.701218191534
1590,614.619445801,26.701133728,18.124994278,48.5036964417,0.00344656400557
1590,596.340026855,54.1198005676,31.4545955658,69.4644927979,2.01637972985e-07
1620,613.944274902,118.849029541,20.4806156158,77.4857559204,9.87425148487
1620,566.258911133,194.076370239,25.5895080566,53.0960655212,6.93171396852
1620,603.576477051,21.8706951141,20.4027576447,55.7458229065,0.20724942442
1620,615.980529785,27.4194316864,16.3034076691,43.8814353943,0.0314171280479
1650,610.755432129,34.2709197998,26.2774562836,89.4030685425,1.20820682496
1650,576.591918945,215.605102539,20.2066383362,48.3608894348,0.842353049666
1650,564.303161621,211.007614136,19.4270343781,54.22706604,0.362414144911
1650,627.657531738,31.3400592804,11.9706315994,48.7400474548,0.167232973035
1680,613.23651123,201.397216797,20.1628646851,68.254447937,11.6582691669
1680,12.3255844116,220.437057495,27.0770320892,59.6484413147,0.464380485937
1680,387.206695557,43.3634223938,29.5805606842,78.8640823364,0.0672380905598
1710,590.057556152,220.137863159,21.7139110565,63.8474884033,27.7809053659
1710,603.05670166,225.542770386,25.3379192352,68.9011993408,10.7342012227
1710,59.7873420715,205.823776245,28.4007015228,88.6410827637,0.480249198154
1710,40.285243988,243.291610718,27.7800598145,74.4811477661,0.203923974186
1710,393.980224609,36.3744468689,26.1815128326,61.0848236084,0.056213355856
1710,370.354858398,79.1640548706,25.7306900024,55.7482337952,0.0168761995155
1710,9.41197299957,236.543991089,29.1855449677,105.422401428,0.00339910875482
1740,442.479278564,228.603103638,33.5841407776,69.0178833008,13.6972397566
1740,166.422866821,244.658737183,24.0422344208,62.1558799744,1.15708895028
1740,225.042541504,29.0887737274,25.6431884766,57.3638458252,1.06197074056
1740,395.672607422,151.985839844,22.1562519073,61.8293037415,0.732605624944
1740,379.485748291,58.6140022278,20.0790462494,53.3253288269,0.466981809586
1740,391.11807251,76.6522216797,20.2390785217,57.5431518555,0.432613957673
1740,565.196838379,214.089294434,20.0071697235,58.7404670715,0.214356486686
1740,95.50365448,152.124130249,30.9987564087,69.582824707,0.120136176702
1740,80.8746109009,169.710327148,34.4469718933,101.6798172,0.0731276522856
1740,136.850494385,210.379898071,31.5770816803,68.4714202881,0.0336781144142
1770,447.740936279,215.34223938,27.1119022369,60.9222602844,27.1687328815
1770,208.749221802,159.180587769,31.2327728271,73.4912338257,0.697272736579
1770,281.660980225,136.444534302,28.4410190582,71.7762374878,0.486253388226
1770,354.239257812,42.8331184387,32.6178970337,64.17943573,0.117245444562
1770,429.262786865,22.5548343658,42.2376213074,103.052764893,0.116812158376
1770,264.54977417,138.842193604,25.4946269989,68.7346725464,0.0982524827123
1770,230.784713745,146.628738403,28.3101482391,63.4285316467,0.00951290203375
1800,225.431106567,63.7124938965,27.3710403442,63.4960746765,0.239106197841
1800,135.580581665,229.487731934,43.4717674255,72.7502670288,0.228047161363
1830,573.907104492,152.298141479,28.3419857025,88.4902877808,16.5546253324
1830,612.397460938,170.324325562,21.2817764282,67.3858566284,11.4226393402
1830,400.255737305,101.033325195,28.9521713257,72.8178863525,0.515405135229
1830,607.044128418,56.9133872986,20.1317119598,56.060131073,0.349608249962
