30,489.941253662,157.184234619,33.3605918884,74.3361968994,5.1549769938
30,488.539672852,72.7979660034,31.6866607666,80.6032791138,0.0253711041296
60,558.502380371,122.769561768,35.0105705261,103.15814209,2.39689387381
60,473.349151611,102.076454163,21.8747997284,76.9701004028,2.16957777739
60,518.001220703,98.9850845337,57.256362915,135.109359741,0.0303858221741
90,16.236907959,163.014602661,25.7408695221,57.8310203552,6.69928491116
90,597.351013184,34.3840637207,21.0189723969,49.7304267883,0.0215827691136
90,33.7640342712,165.387405396,20.7007236481,54.3566703796,0.0178398229764
150,537.085388184,31.1346530914,27.0659484863,61.3753166199,2.2992894344e-05
180,273.03717041,151.634933472,29.4810848236,57.0720062256,0.0667734013405
180,527.573669434,27.7214717865,36.288433075,85.7530441284,0.00948644446908
210,9.00621128082,147.86781311,14.7128267288,59.36485672,0.361825432628
240,479.184326172,109.539405823,23.6228084564,61.7643928528,5.362540856
270,492.661010742,98.5932922363,24.0809345245,74.0353240967,32.6959580183
270,554.729125977,97.0271911621,31.7309265137,72.7503509521,3.83096411824
300,609.290283203,143.193496704,19.4970302582,51.2731895447,9.12649407983
300,585.051879883,98.5321121216,29.5701293945,105.955909729,7.31778591871
300,306.608856201,85.7529525757,34.5521430969,96.2651901245,5.0069514662
300,596.812133789,150.131912231,33.6990699768,87.9406509399,0.557916471735
300,180.563171387,107.718513489,21.7018604279,64.1195755005,0.530757987872
300,545.464599609,92.5353393555,22.4383068085,80.7492446899,0.510663213208
300,8.41149997711,128.321975708,15.7893533707,57.6776123047,0.418189587072
300,598.61895752,98.1423873901,22.9002933502,60.9551124573,0.320308678783
300,195.134399414,159.779342651,24.6066646576,64.9436569214,0.0723640492652
300,385.397369385,86.839012146,34.5601730347,82.5410079956,0.0438412447693
300,355.686401367,40.4421272278,31.5246124268,96.4114379883,0.0329425965901
330,587.13092041,89.4160232544,33.4670372009,100.489219666,45.5036133528
330,196.481567383,91.983543396,48.7201271057,136.603820801,28.3469676971
330,525.396179199,149.976165771,35.2445335388,114.916969299,13.0881354213
330,228.3984375,162.600891113,23.7471084595,56.1017150879,3.97526845336
330,159.793136597,93.5223312378,18.6167259216,70.3499755859,0.36698046606
360,243.844726562,120.691589355,53.7823486328,103.865028381,4.31924648583
360,12.7433748245,104.958076477,50.8726921082,96.1018676758,3.12243029475
360,421.936676025,172.594650269,30.0799045563,62.1867523193,1.25310868025
390,9.72636032104,82.6236724854,42.000995636,105.535591125,11.0015079379
390,40.5796470642,222.838516235,20.1066188812,46.303401947,2.58278287947
390,55.6963806152,214.80406189,20.3674888611,49.4868202209,1.69610902667
390,66.9279251099,210.265380859,21.1247005463,51.3929748535,0.810011290014
390,78.5354537964,198.815429688,19.5873622894,57.0850982666,0.261730980128
390,93.5640487671,200.530349731,19.7608203888,55.1737976074,0.230372254737
450,612.739074707,154.895095825,24.006439209,67.0968856812,36.2508893013
480,8.37505054474,203.442611694,15.1138763428,57.5514564514,8.14009532332
480,13.1808805466,188.01802063,25.0132598877,78.8073196411,1.53949214146
480,616.268127441,153.718429565,16.219499588,58.7754364014,0.44531240128
570,610.756652832,153.234725952,22.0052185059,57.1951904297,34.9116533995
720,527.646484375,134.756118774,22.485212326,50.9896240234,43.8671827316
720,541.356933594,131.301040649,18.924036026,48.2640800476,0.325481174514
750,249.695800781,134.487731934,20.1277885437,50.9903259277,8.06383490562
750,260.906829834,122.904624939,26.1541137695,65.4262313843,0.116903323215
750,238.016067505,118.186180115,21.2738361359,58.4001808167,0.102075107861
780,45.5874824524,91.1012802124,22.2966098785,67.3946914673,0.227508996613
870,446.706634521,167.373947144,26.840921402,69.4476242065,17.0112207532
870,592.995239258,239.145675659,30.8672199249,70.6631088257,6.68582245708
870,440.312103271,158.563354492,21.8584728241,50.9317321777,4.81272898614
870,574.563964844,229.609176636,31.7807540894,66.0011825562,2.57872547954
870,466.711883545,174.994949341,19.9974880219,53.2082061768,1.14685567096
870,369.417236328,204.722610474,21.6463623047,52.3080177307,1.06081152335
870,443.169067383,209.021011353,24.5221557617,48.9574699402,0.470380298793
870,305.458618164,69.3730545044,24.450422287,54.7908477783,0.204222672619
870,236.01322937,103.736785889,28.0337047577,75.8450698853,0.181522429921
870,385.47543335,202.157958984,20.7982406616,48.2171821594,0.146488379687
960,424.363037109,190.761276245,20.221950531,50.2931861877,2.43152547628
960,409.145355225,187.079605103,20.6385822296,50.0425453186,0.480612833053
960,394.754547119,115.194580078,24.9881191254,55.3290100098,0.274593266658
960,272.077178955,175.38293457,25.1520175934,63.626083374,0.222632079385
960,429.175018311,203.529464722,29.4147624969,56.5688362122,0.219886098057
960,379.323028564,110.870903015,25.380897522,61.7313499451,0.195062998682
960,392.699829102,200.158981323,21.7871837616,50.2617645264,0.107706559356
990,535.584716797,138.926254272,20.3980579376,55.3607292175,0.731377722695
990,430.394500732,181.947006226,26.8246212006,71.4449462891,0.201554503292
990,358.572967529,84.6884689331,28.9337863922,69.4448013306,0.106598204002
990,446.281494141,184.069595337,26.1607666016,64.3349075317,0.0244815426413
990,1.64897918701,40.2326507568,25.9556655884,58.7447319031,6.89743141075e-10
1020,9.65699577332,186.679092407,19.9418544769,49.1551399231,4.38973195851
1020,615.895446777,192.66633606,17.0130119324,45.312084198,2.7730319649
1020,328.376983643,36.0602836609,19.8939704895,54.43592453,0.0462948548375
1020,309.400177002,37.984500885,22.3495235443,64.1220016479,0.0415404851083
1050,615.243408203,177.845413208,17.8486270905,46.9911308289,2.31185872108
1080,226.104980469,259.178741455,35.8512802124,63.5772132874,0.25977648329
1080,602.885437012,178.173828125,22.8396015167,54.7363090515,0.0936662021559
1110,609.538269043,85.3077316284,19.1275367737,53.4272003174,0.695780850947
1110,446.237670898,154.16583252,28.3891391754,57.3365592957,0.0460460520117
1140,614.80480957,66.706703186,17.1538906097,58.1400146484,0.720957526937
1140,224.938980103,81.4729919434,25.9727535248,55.2884178162,0.296765379608
1140,374.647796631,148.302902222,28.4775295258,64.4564208984,0.167436595075
1170,303.514038086,142.514160156,28.586107254,68.8073654175,1.67416278273
1170,21.0357837677,66.2509460449,21.3107471466,53.9390296936,0.268544093706
1170,296.763793945,60.8905029297,31.2384357452,80.9689254761,0.140813027974
1170,319.690216064,175.682846069,19.339384079,43.5096092224,0.0160066163517
1200,496.960845947,134.164276123,34.2552986145,68.1215591431,0.866496097296
1200,88.3919372559,139.565856934,28.2305355072,64.6833114624,0.433038547635
1200,105.769676208,172.433151245,19.5392169952,44.6842689514,0.133609666955
1230,608.590454102,284.561920166,22.7006912231,59.6685676575,1.56824681908
1350,268.346954346,254.601806641,22.4763870239,50.2190132141,0.607089838013
1440,251.584365845,273.896148682,21.9191150665,48.8517189026,0.332214520313
1530,251.045913696,273.901824951,22.7909564972,52.8554878235,3.7211086601
1560,251.998703003,274.092498779,21.70586586,51.0782814026,2.44514960796
1590,251.893325806,273.732513428,22.3892841339,52.0931510925,1.4324106276
1620,251.301773071,276.686248779,22.6546859741,52.3893547058,0.136622611899
1650,251.426376343,273.368927002,23.832244873,53.8803749084,0.479768309742
1680,252.558242798,277.443145752,22.0938587189,52.7813835144,0.69634639658
