30,366.992523193,165.751907349,44.610370636,103.673118591,94.0965354443
30,262.15020752,172.8828125,30.4788589478,61.3687858582,32.9159379005
30,615.831726074,140.286331177,18.1280021667,53.4530525208,2.63943057507
30,323.350982666,87.5106506348,97.2189865112,219.159164429,0.382018857636
30,585.225646973,112.405967712,20.5965747833,51.71326828,0.220307894051
30,439.071563721,148.778274536,32.196182251,90.3684387207,0.189506111201
60,425.805389404,150.307174683,25.6226577759,55.7568397522,5.73323406279
60,305.404968262,111.771080017,32.6044807434,77.6914138794,1.75617262721
60,561.195251465,153.315856934,40.2819747925,114.01940155,0.328365690075
60,297.112884521,33.5628051758,23.3304042816,56.762714386,0.215311092325
90,467.997070312,181.1665802,26.5335140228,68.2919998169,10.0287899375
90,493.903930664,112.902503967,30.9520206451,88.4282836914,8.97034853697
90,484.501342773,176.980575562,20.2537441254,60.2693939209,2.10350621492
90,615.68927002,33.1031646729,17.9070396423,54.3524055481,0.569669529796
120,529.818237305,176.979858398,24.8103790283,78.0986633301,19.1006049514
120,526.589355469,55.1030273438,26.47265625,117.977012634,10.9943181276
120,547.647766113,165.505752563,32.2012290955,100.038574219,0.926899816841
120,569.686950684,167.460464478,18.0594234467,50.5961036682,0.354561698623
120,519.86529541,178.914779663,20.2749614716,62.731212616,0.191398838069
150,81.8940658569,42.6939582825,21.0405635834,54.1600189209,0.830685719848
150,397.770751953,191.364761353,27.4867763519,60.937412262,0.505080772564
180,436.257232666,186.698852539,23.2167034149,65.8358688354,21.1319729686
180,199.157974243,57.548412323,29.6636943817,68.0019302368,7.49927535653
180,483.658294678,194.178649902,23.7434005737,80.6722106934,5.11040091515
180,420.092437744,195.33052063,19.1619873047,52.3496704102,0.245996960439
210,196.802429199,42.0890274048,30.3011722565,71.9174575806,23.6064776778
210,544.822998047,157.029129028,28.1873416901,74.2320556641,0.655164429918
210,539.986022949,211.043579102,27.8317012787,81.8417892456,0.11637234129
240,557.879333496,160.737289429,21.8342456818,67.8263473511,17.3022717237
240,448.693878174,180.667373657,26.3215618134,87.6249923706,16.9625684619
240,187.676040649,41.422996521,31.4640598297,75.29737854,8.98714438081
240,524.19720459,162.121231079,49.7205314636,114.765449524,7.84886553884
240,584.397033691,167.78755188,19.3521099091,60.3028411865,1.46252606064
240,557.284362793,124.431762695,20.3163433075,68.3484191895,0.607264321297
240,119.952125549,144.313705444,18.0941867828,52.484954834,0.274205650203
240,457.453521729,346.294677734,63.1593017578,98.1370849609,0.252854009159
240,468.144744873,175.65007019,26.6316738129,88.3396606445,0.0428646977525
270,178.170669556,37.9467277527,29.4982395172,61.1160469055,11.2906888127
270,427.341339111,181.792556763,16.9409980774,45.9442443848,0.916574615985
270,605.647277832,269.540374756,24.751115799,59.6696052551,0.518438965082
270,349.527252197,33.219581604,19.9457530975,54.9510536194,0.147709960584
300,168.096115112,31.5494232178,25.5656299591,55.6801338196,11.4431761205
300,429.324859619,177.70173645,19.2117881775,49.7078514099,0.520235998556
330,612.442810059,181.289978027,17.8615856171,44.8447418213,2.30622962117
330,472.301544189,172.565841675,19.5411548615,52.8586540222,1.36185996234
330,520.514709473,167.662109375,24.0795917511,53.8995399475,0.605355994776
330,543.308837891,162.88999939,18.342010498,51.5051307678,0.165640877094
330,8.48098468781,120.408287048,22.0897350311,57.8661804199,0.143508624751
330,351.167358398,26.5096683502,29.7596263885,69.9242324829,0.0149272396811
330,18.2699298859,149.489776611,20.1500110626,52.3013305664,0.0148221064592
330,155.516159058,26.9477367401,38.3938064575,75.5167388916,0.00324175998685
360,382.635375977,182.724197388,22.5588359833,46.2441558838,62.6529812813
360,539.658935547,180.906051636,19.7580623627,47.5320549011,1.57427061349
360,55.3344268799,37.655506134,21.5670394897,52.9195137024,0.450082682073
360,514.019592285,113.502082825,21.3499660492,58.1628379822,0.435765460134
360,52.1376953125,89.0583877563,17.943731308,49.2786102295,0.413007289171
360,601.758972168,158.20652771,23.6210861206,60.1032676697,0.385995255783
360,375.793060303,28.44672966,21.6123275757,55.6572723389,0.0667767599225
360,387.455444336,24.9536361694,22.7768039703,60.3678855896,0.0514222600032
360,359.913787842,34.2725257874,24.9430770874,76.8969955444,0.0118490665045
360,155.432220459,18.1530838013,30.8178043365,60.3418426514,0.00733449414838
390,434.974578857,185.23651123,21.4097881317,49.3871803284,48.8841235638
390,609.550231934,65.9901504517,24.2591762543,85.1632461548,7.52752497792
390,615.436096191,195.18560791,17.1025657654,57.671005249,3.72429341078
390,600.923095703,185.911178589,23.6935024261,75.1443099976,1.326623559
390,529.664489746,166.108520508,24.3920612335,61.4078483582,0.819758418947
390,6.90885210037,85.9450759888,16.5135250092,48.0951576233,0.425648316741
390,64.8483963013,75.6107559204,23.9350566864,57.8831291199,0.251733139157
420,530.380187988,179.298171997,33.5167541504,77.9135971069,89.7410094738
420,465.745635986,179.264083862,22.1100311279,56.6469306946,83.2395493984
420,480.735992432,175.115341187,20.4147014618,57.3382110596,2.34000626951
420,499.498901367,174.328811646,20.2701263428,61.378276825,1.45828556269
420,553.170837402,175.753067017,21.125415802,56.8024253845,1.41322026029
420,370.736785889,119.204826355,20.0977973938,51.8927268982,0.775802554563
420,518.213439941,188.984115601,19.3350925446,64.613609314,0.745874969289
420,375.97277832,38.2646179199,18.6796035767,55.6988945007,0.202343706042
450,517.789855957,176.008422852,23.9148769379,67.6712875366,94.7218775749
450,587.113342285,165.641601562,27.6477108002,87.7555618286,30.7406812906
450,373.6328125,108.489776611,24.3365097046,60.1323699951,26.5139192343
450,611.885070801,180.620986938,18.0557193756,55.7968025208,4.3808363378
450,390.912475586,107.883361816,17.3011302948,50.9852104187,1.00638819858
450,84.0585784912,184.393569946,18.403169632,44.9660301208,0.571958487853
450,6.96870470047,186.625015259,16.4200611115,51.0370979309,0.418965984136
450,547.113708496,108.700950623,20.5332336426,56.4654083252,0.296475086361
450,469.400390625,95.7696914673,24.9133300781,63.673740387,0.268895179033
450,11.9995040894,30.0951156616,20.7464084625,55.1911277771,0.220809993334
450,533.006530762,110.263641357,20.225818634,51.4759483337,0.195822981186
450,530.371643066,168.337844849,26.7404193878,73.5661010742,0.0924148014747
450,24.3144779205,25.5980968475,21.7619247437,53.1472740173,2.62243791127e-06
480,390.04598999,97.5187683105,20.3904132843,51.0195922852,19.4840669632
480,609.27947998,101.496864319,18.1553421021,48.1348457336,10.1286679506
480,50.0057983398,184.966308594,21.9176235199,48.1047554016,0.801899656653
480,501.029205322,42.6069755554,23.6983165741,63.6459503174,0.0128532177769
480,5.54010343552,23.6580200195,19.1156406403,41.3643608093,6.34051673387e-05
510,400.548858643,79.8044509888,22.5333347321,64.7224349976,34.3825638294
510,415.058105469,77.6876296997,18.7450714111,54.3098487854,6.93709850311
510,13.8505830765,179.67338562,22.823348999,48.7674751282,0.663153640926
510,374.113647461,37.3370628357,18.5643787384,58.4446754456,0.397994788364
510,427.884155273,84.0909194946,22.8073940277,54.8519287109,0.309604546055
510,488.091827393,199.602523804,21.4385910034,46.2919464111,0.278196204454
510,28.857635498,177.956665039,21.449180603,52.3176078796,0.130637665279
510,439.614532471,105.000190735,19.8119907379,45.1739234924,0.0246532727033
540,411.903961182,62.5643615723,21.6554031372,57.6337127686,22.9727566242
540,604.070495605,225.690322876,22.6941757202,47.0537567139,5.10064065456
540,10.5475320816,187.614608765,23.6927051544,51.317440033,4.93002161384
540,434.425811768,61.0930900574,18.4704818726,56.5541725159,1.389763318
540,46.6402168274,174.947372437,17.5810718536,49.3054351807,0.348075549118
540,402.397979736,60.5813713074,17.720199585,59.7653846741,0.296551198699
540,58.0679740906,172.956710815,16.5896205902,48.7149810791,0.017351063434
540,382.261260986,30.6280212402,31.0916824341,89.580871582,0.00600098101131
540,377.69052124,24.6090297699,20.4563236237,63.6901664734,0.00385210005334
570,434.910736084,38.5125999451,31.2871417999,87.9966964722,59.1787159443
570,395.970794678,74.2169570923,104.912773132,216.008056641,10.8987115324
570,458.737548828,40.7446022034,19.4199924469,56.7850532532,2.59364135563
600,85.8243942261,189.86088562,17.2471179962,40.4383735657,2.86988765001
600,357.758178711,94.930305481,28.625585556,66.0032730103,1.41564728692
600,130.202560425,172.433959961,18.4402427673,47.524520874,1.33960116655
600,205.847640991,165.158218384,19.2731399536,48.4266662598,0.55885836482
600,116.18447876,180.018539429,17.7322731018,45.5250892639,0.265780836344
600,374.834259033,94.0502624512,21.4461765289,54.9308052063,0.172631640453
600,141.165466309,170.796676636,18.1002407074,49.5149650574,0.121501460671
600,478.918731689,73.3449630737,118.242897034,219.501815796,0.0348459958332
600,526.808898926,35.7242012024,22.6946182251,53.7743225098,0.022683077259
630,56.7321166992,181.178451538,22.5680999756,45.3397941589,5.67303523421
630,358.748931885,87.4487228394,34.9010810852,99.2777328491,5.32435439527
630,205.675064087,168.095672607,18.1804523468,45.3128814697,0.53037898615
630,95.2305984497,166.126602173,18.5660057068,53.2518424988,0.398145010695
660,15.4126663208,185.331741333,19.5190181732,40.0411720276,20.4264909029
660,79.2136001587,167.513885498,23.9995594025,56.3297691345,17.7722290158
660,56.3025054932,179.615249634,20.9256496429,44.8195953369,13.3709162474
660,239.030197144,139.98034668,27.5521450043,66.2333450317,6.05039410293
660,27.4607620239,181.727355957,16.8817310333,43.1820526123,4.19559217989
660,205.90184021,169.710739136,17.4003372192,42.6881408691,1.57891940325
660,449.754486084,73.9827804565,25.6756668091,60.2597999573,1.42842233181
660,411.217926025,49.281452179,24.440656662,67.2271118164,1.3793265447
660,103.534515381,164.565689087,19.6022510529,55.7297210693,0.552377430722
660,67.5941390991,167.193191528,19.1341171265,55.6121635437,0.491914758459
660,429.934448242,49.2238464355,19.0508499146,52.0130805969,0.298962625675
660,441.605102539,38.2597351074,19.8043880463,52.978302002,0.247913436033
660,397.372406006,94.9359817505,21.024520874,58.4363822937,0.0789898389485
690,15.5770292282,170.501724243,17.7383327484,47.8812675476,42.9983735085
690,488.357025146,44.4477844238,22.8291072845,63.5074119568,13.6894270778
690,222.481079102,132.00163269,35.4231987,62.7256126404,6.441064924
690,23.9076938629,161.549880981,22.0452747345,57.4173088074,5.59339858592
690,175.370864868,165.129928589,17.3443870544,41.4788208008,2.82126311213
690,71.2219390869,156.008651733,20.1280384064,54.1557922363,1.00105786696
690,383.674804688,81.7336425781,24.369386673,71.4097671509,0.700597418472
690,39.3721427917,160.283279419,22.2710361481,58.4139671326,0.668174261227
690,418.816772461,34.4211845398,24.2559833527,55.8671112061,0.60279914178
690,363.461578369,70.5088882446,26.6985797882,70.0833358765,0.259222532623
720,170.289382935,155.946151733,16.5436077118,43.0420188904,11.1863717437
720,157.592300415,157.072570801,18.5453071594,46.1071815491,4.18356433511
720,390.880767822,57.4098205566,20.7800388336,62.6459541321,1.32429404184
720,130.775039673,158.445907593,16.9543514252,47.1084289551,1.32294679061
720,66.2269515991,169.357589722,18.7937984467,42.0184898376,0.487008830532
720,377.082489014,52.6895179749,19.1706829071,63.419128418,0.266876677051
720,144.278182983,159.276763916,15.6316671371,43.1589202881,0.161084788851
720,40.5495948792,177.183654785,18.9592838287,45.6994972229,0.0717871764209
750,377.653930664,47.0522003174,40.368976593,113.507881165,26.571020484
750,84.006111145,141.282089233,18.3150196075,57.0506591797,18.3721020818
750,104.294075012,153.124832153,17.0023727417,45.9746742249,8.66076797247
750,359.207977295,36.6307678223,23.1384067535,55.1207084656,2.62426231056
750,394.272094727,34.3143424988,22.6005382538,56.7399635315,1.66912879795
750,546.819396973,108.636985779,28.3093280792,57.1963615417,1.24714560807
750,379.038085938,33.7009010315,21.0266399384,56.4918861389,0.744738569483
750,135.386764526,51.631855011,22.0956478119,63.1841888428,0.240899436176
750,407.889160156,33.5804481506,20.3448810577,50.1969871521,0.00744829958421
780,142.378128052,130.704849243,19.6546096802,54.9898490906,68.5627400875
780,61.9940376282,150.71333313,17.2956523895,44.8819847107,1.78227908909
780,135.337341309,302.248168945,21.3268527985,46.4991493225,0.171744835097
780,127.078697205,140.728225708,17.9623775482,48.2305259705,0.144764827564
780,414.051269531,69.590171814,20.1351108551,53.4486198425,0.0284885900328
780,386.198120117,122.11151123,19.8653736115,56.112991333,0.0270096235909
780,136.559860229,63.5152740479,33.9201011658,90.6397628784,0.00164758494066
780,391.113494873,31.1491641998,37.7330207825,103.530296326,7.98024132109e-05
780,366.077392578,33.1009368896,41.6033554077,97.3148498535,2.13477555078e-08
810,111.929534912,137.226959229,21.6204090118,58.5918579102,14.3160685897
810,136.38583374,152.683074951,20.5692024231,45.3755149841,1.13650755957
810,87.1469421387,148.380737305,20.7946395874,53.1560173035,0.286574056372
810,417.622558594,139.693664551,20.6363048553,63.5331573486,0.190987240057
810,100.609138489,144.038528442,18.8905582428,52.2852745056,0.130630517378
810,90.765663147,30.9833908081,24.4036102295,70.3197402954,0.110909459181
810,357.685394287,142.409988403,15.9372797012,47.8452796936,0.0393392925616
840,375.913970947,139.13609314,20.2246761322,58.0197563171,5.38886897266
840,426.1144104,166.452682495,24.4838657379,52.6491546631,3.47845368087
840,36.9443473816,179.93548584,17.7229213715,43.1858329773,3.03786695004
840,12.9367675781,180.303283691,16.9084453583,41.254573822,2.83479057252
840,451.684234619,144.404174805,20.505147934,64.1433105469,2.24153455347
840,428.467773438,62.2270545959,31.0748443604,85.6099319458,0.253744190559
840,25.1669712067,174.82951355,17.90924263,45.9707984924,0.106983783189
840,161.18611145,90.4072875977,22.5854625702,63.1157798767,0.0630173657555
840,115.00793457,59.904132843,19.7015285492,58.9994659424,0.0417635194026
840,445.297607422,65.3244247437,21.7152328491,56.505695343,0.0197509056306
840,405.686004639,30.7901096344,33.3881645203,104.880767822,0.00276143055089
870,7.83278274536,183.918624878,18.7782688141,48.1925239563,41.2805229425
870,450.87109375,164.686416626,29.902387619,57.6226539612,0.988775119185
870,444.51184082,41.1016731262,22.1471939087,69.2019500732,0.0858745537698
870,419.779144287,29.7889041901,37.3779029846,97.1699295044,3.05323339944e-06
900,390.364776611,129.991088867,21.7173175812,59.6303062439,41.9400691986
900,484.735076904,154.924118042,16.5513858795,65.3779373169,5.62450885773
900,118.691955566,74.5490036011,20.3274517059,50.2730102539,3.45121100545
900,605.83404541,143.528442383,19.8299732208,61.1595802307,3.35789881647
900,75.152885437,56.543636322,20.5086574554,58.5327262878,1.29153560847
900,43.4749755859,180.842819214,16.3906383514,46.9533233643,0.961385574192
900,548.981384277,151.901260376,19.4935340881,49.9335517883,0.671237194911
900,13.9631986618,166.902359009,20.5813560486,59.2364006042,0.461870385334
900,102.675109863,60.8255195618,26.6891078949,58.5182151794,0.191337591968
900,32.5575904846,179.026611328,18.8777294159,45.6414833069,0.128980097361
900,482.627655029,93.5334777832,20.425069809,59.3679847717,0.0359672587365
900,86.8852767944,59.8602752686,20.4970741272,56.1264152527,0.031415533158
900,410.153411865,119.945457458,21.2937831879,53.8825035095,0.0232387290453
930,502.283050537,156.193435669,20.7842617035,61.9030189514,83.1858217716
930,568.065002441,151.198623657,21.7047138214,55.8428497314,17.8159579635
930,7.03518295288,182.201217651,16.7199306488,47.7659416199,4.07651551068
930,486.611602783,152.8256073,24.8368473053,69.411315918,2.70896386355
930,498.367889404,83.7510299683,22.0044116974,61.1657752991,0.302215013653
930,417.093597412,120.168815613,21.9609127045,61.1464996338,0.17479704693
930,609.195373535,111.03326416,25.2637405396,81.6404647827,0.111220916733
930,76.9249572754,60.7047119141,27.5515575409,59.1118431091,0.0946486135945
960,521.804016113,157.648193359,24.5770587921,63.3620300293,97.1845805645
960,583.884338379,153.906951904,22.480009079,55.0702476501,37.5932991505
960,493.758331299,163.554168701,20.4359283447,64.4943237305,1.52352917939
960,419.27456665,125.726875305,22.8987350464,61.8849334717,1.00906454027
960,502.533660889,90.156791687,19.4964008331,53.3831443787,0.893258303404
960,504.436187744,157.650695801,21.2250041962,74.9360046387,0.86725782603
960,593.90447998,150.694290161,25.6528530121,73.6170043945,0.30015243683
960,72.0456466675,67.4145431519,21.3938884735,53.0612373352,0.0802118564025
960,509.413116455,76.0113449097,30.7263660431,81.6778182983,0.0137491108035
960,466.556640625,30.3942928314,28.9221324921,67.5112609863,6.2786585886e-05
990,529.358459473,161.167648315,23.5629577637,65.1116256714,99.0275502205
990,602.445251465,158.001220703,20.5245704651,58.3510704041,31.3256531954
990,497.290649414,158.302368164,22.6444301605,74.1657791138,3.51986326277
990,546.504577637,165.283050537,18.9481163025,56.6385307312,1.27233425155
990,615.580200195,161.529708862,15.6844034195,55.2494926453,1.09998490661
990,505.360839844,94.2200927734,19.1982192993,54.6035118103,1.06921484694
990,403.912139893,145.793884277,22.961107254,67.3408279419,0.690649310127
990,72.6501846313,68.1877365112,27.4676189423,56.3323059082,0.0916465709452
990,473.147064209,34.4316520691,26.7259159088,62.4647941589,8.39675564634e-06
1020,525.309020996,166.774917603,22.8702774048,62.8398170471,95.9234654903
1020,507.808349609,167.907897949,21.6389465332,68.2843856812,6.92255496979
1020,73.6745834351,72.1485824585,24.9240036011,59.8271598816,1.86963882297
1020,616.346740723,166.308395386,16.6597175598,53.9728126526,1.49226104841
1020,536.972045898,169.209777832,27.3961048126,58.6624794006,1.17079941556
1020,420.371307373,135.164871216,22.7574939728,57.8783874512,0.556035619229
1020,89.2965011597,59.3383636475,25.6723270416,57.2871398926,0.184428994544
1020,505.347259521,96.1613769531,21.3276348114,54.8244972229,0.14196819393
1020,512.031799316,87.9097290039,32.8762359619,84.3899917603,0.00165925321198
1050,524.336486816,167.622314453,26.1339931488,66.798538208,99.0647554398
1050,496.602203369,165.71711731,22.4021625519,71.410446167,12.9345938563
1050,509.484161377,168.411407471,23.9920043945,71.4985122681,5.07931187749
1050,540.86138916,170.713973999,28.9196243286,62.6363830566,1.04154376313
1050,377.640594482,53.3202362061,23.7434310913,65.8026428223,0.98340054974
1050,419.433685303,133.338119507,23.2562236786,63.6550865173,0.589411333203
1050,400.542694092,140.108703613,29.111618042,73.5181503296,0.087477726629
1050,72.9040985107,75.7673416138,26.7088108063,54.8072853088,0.0257961277384
1080,521.013793945,170.678390503,26.1205291748,68.3118057251,98.3553767204
1080,496.964874268,167.537307739,22.1889095306,73.1229248047,8.66297036409
1080,509.994781494,168.784072876,19.452085495,66.0432662964,2.60640308261
1080,537.071472168,175.154251099,20.2755832672,60.3909759521,0.89986519888
1080,77.2424240112,87.4489364624,20.5431346893,48.2482299805,0.38711191155
1080,508.118530273,94.2899246216,26.7959842682,69.6869888306,0.159663986415
1080,469.227294922,35.3127784729,25.8983860016,64.7612533569,0.0563821231481
1080,394.962768555,156.023635864,30.5291728973,70.6584472656,0.040850834921
1080,528.628112793,93.4968032837,19.6058292389,58.2570648193,0.00404726233683
1110,510.529266357,171.161270142,24.3359146118,72.4223937988,67.1424746513
1110,495.554107666,166.518539429,24.2651081085,71.745262146,14.0736266971
1110,525.501525879,178.04888916,19.019952774,63.5327110291,1.6513697803
1110,80.483757019,91.2279891968,20.2619304657,44.8929290771,0.955537054688
1110,121.691902161,197.900588989,19.5149021149,51.4831695557,0.0563371228054
1140,500.288787842,183.183914185,19.9264335632,61.7346916199,57.4527859688
1140,536.984375,182.489730835,15.9057188034,58.3241119385,7.50840827823
1140,512.119689941,180.849182129,23.6341762543,63.9199485779,6.53495937586
1140,76.0507583618,81.8493881226,22.4253253937,53.9972724915,0.427398364991
1140,425.711914062,134.722412109,20.2009086609,58.1270294189,0.281558325514
1140,492.153808594,150.599349976,19.8909091949,61.5325508118,0.212276726961
1140,395.36618042,156.085891724,26.6190490723,76.456413269,0.115368701518
1140,31.8039989471,135.633834839,26.919052124,87.0595932007,0.0706073711626
1140,417.71194458,187.559814453,17.508228302,50.2024650574,0.0132986126118
1140,396.149169922,32.2153320312,24.8303661346,65.6554946899,0.00116481505756
1140,13.5548019409,44.5108757019,57.0518913269,179.708084106,0.00037161378259
1170,493.28515625,185.768325806,18.634475708,55.0517578125,37.9950016737
1170,426.363372803,137.64024353,20.2100982666,59.863117218,7.5651243329
1170,514.441223145,184.566177368,25.9557209015,60.5352935791,1.9253205508
1170,394.305023193,158.290542603,32.2797775269,68.3577651978,1.89109295607
1170,34.7842597961,133.176254272,20.269285202,58.0151672363,0.707318913192
1170,54.9512329102,69.000869751,21.652929306,63.4816169739,0.31768810004
1170,417.688720703,185.895309448,17.7111797333,54.1240577698,0.0724824785721
1170,73.8803634644,77.679901123,22.8659229279,54.1868743896,0.0707105326001
1200,528.75604248,186.898376465,17.8496685028,53.4254455566,10.230345279
1200,539.08392334,183.894638062,17.0062503815,54.5227355957,3.28219942749
1200,509.923431396,183.944900513,19.9513111115,63.4199256897,2.06741429865
1200,35.3882293701,138.674346924,18.3510227203,57.2823944092,1.56647916883
1200,376.985931396,62.8480682373,21.7732849121,57.0535163879,1.35993817821
1200,500.418701172,191.409408569,17.2396125793,50.3167572021,1.19236782193
1200,396.376708984,151.857681274,28.3526611328,73.9832687378,0.820639822632
1200,61.5532569885,80.2887268066,20.0725765228,52.4984588623,0.319849094376
1200,71.963722229,87.9810180664,22.1212844849,51.5163078308,0.230308738537
1200,142.899490356,180.619873047,18.4510726929,52.1354980469,0.226175761782
1200,476.024627686,41.7927703857,22.1190490723,61.5573921204,0.208432832733
1200,416.576080322,187.890274048,18.6703643799,57.9771995544,0.0166876270669
1200,400.089324951,29.9431972504,24.6463069916,55.3047065735,5.61365936846e-05
1230,523.458435059,185.627700806,27.6630535126,60.6580085754,30.4821074009
1230,502.607574463,175.629470825,19.4377613068,67.4887390137,3.36542017758
1230,397.629760742,146.832641602,30.4865550995,74.5703048706,1.29006039351
1230,628.669250488,185.881240845,11.3307495117,51.1058044434,0.450566411018
1230,56.5508270264,68.6237487793,27.3454303741,61.8828163147,0.112650601659
1230,511.797851562,97.6743392944,27.8902359009,91.8820495605,0.0888735114131
1230,72.2052764893,73.8829727173,25.2419338226,55.8504638672,0.0366862950614
1260,500.171234131,166.309143066,22.9318847656,78.4668807983,10.5474948883
1260,0.0,221.245437622,26.5865783691,93.1338272095,4.62772846222
1260,69.5731277466,184.050170898,33.5516624451,85.3876876831,3.36445905268
1260,529.210632324,186.356018066,25.8128509521,60.7768554688,2.98890750855
1260,60.6399383545,68.5524597168,20.7124652863,57.7358665466,0.165990379173
1260,426.825561523,139.78263855,21.6436748505,57.5020103455,0.146501616109
1260,42.761138916,181.0990448,24.0823822021,62.3048286438,0.101511366665
1260,421.88671875,191.170669556,18.2152900696,54.0332489014,0.0433575303759
1260,71.4797897339,80.8651809692,26.7274417877,52.0092124939,0.0427375314757
1290,531.060119629,189.083740234,30.1263904572,68.6784896851,48.9229589701
1290,516.669494629,186.097946167,19.3983402252,64.7268447876,6.25426843762
1290,506.55456543,190.503982544,18.7325344086,55.5883636475,1.06507400051
1290,114.061462402,204.573043823,30.6164798737,82.5796508789,0.257714069448
1290,423.761260986,128.225402832,20.7780818939,65.6990966797,0.0205716889468
1320,547.46697998,188.395507812,29.6794891357,74.5783462524,40.7644897699
1320,104.465705872,83.3290634155,26.0194168091,66.7788925171,17.0889183879
1320,13.2273712158,142.481063843,32.033908844,109.146385193,12.4103017151
1320,143.71913147,183.007217407,31.0069980621,94.0978927612,5.60857243836
1320,429.538970947,140.13041687,26.1646404266,73.8146896362,4.80920374393
1320,429.080932617,181.904800415,19.3126506805,56.1643409729,4.39032837749
1320,525.64642334,194.914794922,20.95586586,56.8908081055,1.93431340158
1320,6.74867296219,196.285446167,17.0015659332,52.094379425,1.36752389371
1320,541.195251465,97.0792160034,21.5884838104,62.0055274963,0.697742868215
1320,86.6952285767,69.8510818481,25.7918777466,56.2699584961,0.0992002664134
1320,495.932983398,105.635108948,21.1543216705,59.4773597717,0.0739081762731
1350,575.34173584,192.572875977,32.6563606262,72.4659881592,20.4117804766
1350,17.5250492096,209.082901001,21.1660823822,47.7281990051,3.08626331389
1350,96.8180236816,64.5146255493,29.4896869659,71.0863418579,2.60893143713
1350,546.510009766,181.634780884,23.0135631561,73.8820953369,2.25256066769
1350,49.0938835144,59.3764152527,21.8846969604,56.7496757507,1.53654096648
1350,560.746765137,89.0267333984,31.1090545654,75.002166748,1.19761954993
1350,24.3434963226,64.0815429688,21.3687114716,66.3123626709,1.15300491452
1350,439.519897461,132.225234985,20.2615470886,57.9384918213,0.8011078462
1350,41.0059318542,209.149978638,18.6261558533,42.5852966309,0.63448343426
1350,59.4124336243,204.319412231,18.7107944489,43.6579589844,0.624191248789
1350,177.060623169,181.909103394,30.7820034027,92.6982955933,0.103743071668
1380,85.3928451538,55.863910675,22.4247951508,67.2894287109,34.212782979
1380,571.448242188,182.397094727,22.1913471222,68.9177932739,23.8374903798
1380,442.090484619,142.124053955,28.8554401398,94.9330444336,7.78638273478
1380,23.431268692,199.447998047,34.4554634094,89.4888305664,7.40789845586
1380,34.2440223694,50.1841926575,20.2180614471,54.9233055115,3.18401418626
1380,578.356018066,79.5994262695,20.0304870605,57.5699882507,2.6462411508
1380,584.918518066,195.006881714,30.8239974976,71.6415100098,0.635052099824
1380,454.963134766,178.597183228,24.6947803497,64.5496292114,0.598961906508
1380,8.27667236328,53.7578125,32.2496795654,88.8709945679,0.149188074283
1380,434.41708374,176.821517944,17.8063755035,54.9703407288,0.101295870263
1380,56.3258857727,62.9219245911,20.0228557587,51.1187171936,0.0443673518021
1380,192.028610229,181.132125854,30.0710525513,80.6007843018,0.0132669039886
1410,69.5399780273,57.8083343506,21.667760849,52.1116752625,53.6089658737
1410,597.354858398,193.490646362,23.232383728,69.5110168457,37.1664255857
1410,445.373443604,121.589256287,21.9012699127,63.4180717468,16.7169287801
1410,10.4759550095,253.878921509,36.5521736145,103.47946167,15.9696027637
1410,610.487121582,70.5741271973,19.351682663,56.8170623779,14.4371137023
1410,10.4461870193,49.9676094055,25.6168518066,69.0809707642,13.1453409791
1410,41.5333061218,248.370010376,28.2341938019,81.9587478638,4.25653457642
1410,80.3708572388,62.4309539795,21.2627506256,57.5507507324,2.25663073361
1410,459.249633789,176.993728638,21.5460662842,56.2888298035,1.38979898766
1410,444.658569336,181.615356445,22.4074478149,54.274433136,0.715873111039
1440,465.723480225,183.424255371,22.0393619537,58.6400642395,93.8386678696
1440,57.3199615479,46.4592781067,25.2653675079,63.8570671082,48.3197540045
1440,6.27404785156,47.1998291016,23.3612823486,70.4492111206,30.2851885557
1440,476.60446167,177.140762329,28.950586319,75.6592178345,6.00910186768
1440,446.935699463,179.66809082,17.0469245911,50.2627601624,4.40437011421
1440,80.4281387329,199.086074829,33.2800102234,91.4014816284,2.69754510373
1440,180.354309082,186.645339966,27.0054092407,61.996799469,2.63758450747
1440,443.30355835,124.172920227,29.0704746246,76.7496948242,1.24160610139
1440,75.9380722046,51.0513000488,20.7076740265,54.9825553894,0.733399624005
1440,436.662689209,119.477844238,19.7935333252,54.7530975342,0.46075321734
1440,98.6065750122,223.863464355,22.9205532074,68.4815597534,0.379728199914
1440,609.160827637,100.805671692,22.312789917,72.0006942749,0.339341140352
1440,116.951408386,190.034561157,32.0303497314,81.8519973755,0.12045353651
1440,612.733642578,62.4700965881,21.1936759949,67.7273483276,0.0969274318777
1440,237.160446167,190.049209595,18.8159427643,51.3754463196,0.0742149888538
1440,431.376708984,172.798156738,18.9671001434,56.5431175232,0.0293637567665
1440,535.890441895,76.8652648926,24.1715393066,70.4772949219,0.0291249656584
1440,486.53237915,135.174484253,22.5645198822,57.1936378479,0.00569628318772
1470,481.35546875,171.51399231,34.6087341309,79.4964828491,67.9366528988
1470,49.0776329041,40.935546875,26.6947650909,60.3219299316,54.3995916843
1470,477.409881592,185.817886353,17.7422866821,53.1469154358,8.76275077462
1470,457.447601318,147.802368164,26.3972167969,84.7633895874,6.70379698277
1470,449.105377197,118.573730469,27.001455307,77.2899246216,2.15432085097
1470,622.835510254,55.0733833313,16.4734840393,61.2366523743,0.843656342477
1470,445.01449585,158.705276489,17.8792495728,67.5534439087,0.669106561691
1470,476.611175537,131.83757019,22.0163803101,60.0781707764,0.0691935711075
1470,440.699462891,119.842796326,20.3234291077,54.6543159485,0.0481407623738
1470,155.188537598,209.20501709,20.1541118622,59.6267242432,0.0290214258712
1470,382.865447998,33.9146080017,22.8030090332,67.7021865845,0.0074292816862
1470,21.8737010956,59.4385681152,23.114233017,58.0669364929,0.00681383535266
1470,35.8216934204,56.5456848145,20.7550926208,55.3099212646,0.00413488414779
1470,524.105041504,92.3069763184,22.2763900757,64.1849594116,0.00396235845983
1500,39.7595710754,36.380355835,25.6360607147,65.164100647,68.7720060349
1500,498.702972412,167.362716675,27.1263427734,84.9528198242,62.7232253551
1500,478.064056396,181.671218872,19.2850494385,51.9913291931,18.0064946413
1500,462.369384766,182.229415894,17.5859260559,47.7035064697,8.56021791697
1500,489.972991943,183.535873413,20.2530269623,57.5201835632,8.22625756264
1500,444.75769043,186.377197266,22.2271213531,49.7747612,5.89112862945
1500,451.986572266,107.544921875,25.5725803375,70.859336853,4.77284863591
1500,481.375518799,147.995010376,22.8786945343,68.9048919678,4.04109656811
1500,440.902832031,113.482643127,19.3709487915,59.2933959961,1.29255522043
1500,465.906738281,142.267807007,26.0199890137,83.0488510132,0.874737463892
1500,418.156951904,182.164077759,20.634929657,52.1110725403,0.745291123167
1500,56.4914550781,58.0878601074,28.2571716309,62.8004150391,0.382898328826
1500,25.5507831573,55.7948608398,19.6363983154,46.7497901917,0.169683992863
1500,6.38890647888,56.6779174805,16.8923072815,51.5790252686,0.169035675935
1500,523.656494141,71.7349472046,22.5305995941,74.4743118286,0.168722856324
1500,460.903320312,65.8329391479,19.8749485016,68.616027832,0.11302025523
1500,516.520202637,116.874916077,26.2061710358,71.845085144,0.072468072176
1500,494.367218018,145.434692383,20.0107936859,55.3511505127,0.0277784012724
1500,397.682006836,28.6670227051,39.9512748718,86.889793396,5.03983471845e-05
1530,36.0376548767,36.7308158875,23.8461227417,65.035369873,54.3284714222
1530,503.242431641,172.191268921,26.6764469147,75.6217880249,37.7728968859
1530,481.673309326,178.099853516,20.6442394257,54.8753814697,16.6908621788
1530,443.841064453,174.562332153,18.0262851715,53.8922119141,7.93751180172
1530,452.375030518,112.995269775,26.8867816925,72.4375228882,7.2065807879
1530,496.400970459,172.952804565,18.7123241425,57.4166297913,6.01528920233
1530,129.031951904,201.669021606,18.644990921,75.7598190308,4.24862205982
1530,465.145843506,175.077468872,22.0669002533,52.4996376038,4.22271564603
1530,155.787750244,190.44670105,19.6465396881,54.301776886,1.08134718612
1530,48.8979988098,46.125164032,32.7610435486,71.4396896362,0.84524974227
1530,14.813700676,61.841632843,19.1580677032,46.729549408,0.612085172907
1530,520.2265625,87.0198669434,29.6882724762,102.241294861,0.116673659068
1530,478.859039307,120.84161377,29.1534423828,88.5996932983,0.0816408777609
1530,519.588378906,164.080963135,29.1108570099,79.1021499634,0.0397828902351
1530,383.161621094,31.087480545,23.2487716675,66.4273834229,0.00199329351744
1530,389.558074951,40.5190849304,39.9356651306,93.6040420532,1.43897000981e-06
1560,506.019775391,172.880386353,23.8176364899,77.311378479,61.5285754204
1560,36.2215690613,39.2372093201,21.8138866425,62.1660003662,44.2341536283
1560,487.949005127,175.336471558,23.0908260345,63.1211700439,4.58110012114
1560,452.427368164,109.317176819,26.7189083099,79.2670516968,3.01918853074
1560,203.104446411,192.221572876,20.0785827637,55.5141448975,2.49454844743
1560,478.550689697,176.118301392,18.8407974243,56.3796730042,2.36637108028
1560,468.757415771,179.745162964,17.0162143707,49.811290741,0.854336563498
1560,521.457946777,85.4162597656,28.6627044678,99.3720169067,0.588451512158
1560,7.33695363998,50.3418922424,23.5935955048,58.7090454102,0.382273155265
1560,448.395874023,171.69317627,21.2878723145,56.4068336487,0.227843038738
1560,452.742462158,61.2342643738,27.0902709961,76.8619384766,0.217770342715
1560,514.517150879,139.917297363,26.7419815063,70.8369674683,0.0764032942243
1560,390.021118164,54.0728492737,47.7543182373,88.8526535034,2.55757459655e-07
1590,33.5216026306,38.7214355469,25.1277942657,61.7575798035,73.8586068153
1590,480.99520874,182.791625977,19.1591625214,54.7550621033,48.5446959734
1590,506.086914062,169.719085693,24.3519916534,99.0646743774,47.1041589975
1590,492.103393555,178.191665649,20.8568210602,60.1738929749,21.6803476214
1590,464.368988037,182.385848999,17.9909038544,49.9560966492,4.19459939003
1590,7.59293985367,49.1025810242,25.0143299103,57.643032074,1.15098170936
1590,450.80090332,109.340278625,28.1519641876,74.4203338623,0.974792148918
1590,109.28717041,223.098251343,21.2040958405,60.077911377,0.566368363798
1590,51.0363616943,53.2907600403,30.1367511749,66.1628265381,0.34125787206
1590,456.380950928,65.4647903442,22.4965267181,64.365524292,0.267023360357
1590,525.990356445,101.104438782,25.7026042938,77.0766830444,0.190827460028
1590,517.596740723,167.528686523,30.5571899414,75.8840866089,0.112420786172
1590,493.941375732,146.628295898,19.1700649261,59.7115783691,0.108610314783
1590,534.845153809,59.9503746033,21.8916015625,58.3850402832,0.0810688710772
1590,555.257385254,201.883865356,22.1374149323,64.5984115601,0.0399372336688
1590,390.956878662,36.0199241638,40.5162277222,96.3347549438,2.42275035589e-05
1620,512.571350098,172.546768188,21.8901062012,57.1331138611,44.3472415209
1620,27.6181583405,38.8928489685,20.9436721802,60.0875244141,30.3514629602
1620,485.286773682,176.075271606,23.3538227081,58.9745483398,11.6681680083
1620,453.787750244,106.85282135,25.4964008331,74.1325531006,5.05791716278
1620,463.050933838,56.5378265381,18.9540138245,61.0714607239,1.93288940936
1620,445.980316162,181.056777954,19.8535079956,53.9552001953,1.78278870881
1620,52.5965118408,57.338634491,29.2942504883,61.3902397156,1.25163458288
1620,57.9328193665,199.045700073,19.3701877594,47.1430854797,1.22469039634
1620,501.536499023,170.238265991,16.2976551056,57.8638000488,1.17565607652
1620,6.82059240341,57.5138893127,16.7342834473,52.3586540222,0.933527201414
1620,468.522705078,179.704101562,20.3169155121,51.8736763,0.704614492133
1620,545.241027832,50.7709655762,22.9832611084,66.4226455688,0.586048187688
1620,527.663269043,62.9453315735,27.0675983429,79.0142669678,0.501252152026
1620,518.676086426,139.193603516,25.7018032074,68.5969314575,0.0169924402144
1620,384.253570557,41.7126274109,53.9488639832,105.657714844,2.8537189678e-05
1650,486.303863525,166.808120728,22.9084949493,63.7182273865,66.890847683
1650,517.967834473,168.797775269,28.2819652557,65.6352005005,49.0566819906
1650,25.3575687408,38.1606559753,21.3495941162,61.6167869568,8.0810457468
1650,453.321136475,107.878562927,26.5111484528,71.4972763062,3.8850788027
1650,468.672332764,181.033950806,17.6930599213,47.1525917053,3.86120639741
1650,446.644165039,181.189102173,21.2335643768,52.9507598877,2.77510080487
1650,508.055938721,172.665481567,17.0896320343,52.3445320129,2.19642277807
1650,6.90768766403,44.3290290833,17.4717655182,60.0178833008,2.11885124445
1650,508.655426025,184.346603394,27.7020950317,83.3054733276,0.899298582226
1650,492.024169922,136.097579956,20.813419342,62.6200561523,0.805267971009
1650,57.8802337646,66.2041549683,25.6751480103,57.0049476624,0.332895782776
1650,12.6021471024,65.8631668091,20.5463752747,50.9102020264,0.151885347441
1650,457.450073242,62.577545166,25.6398925781,81.9545059204,0.117542548105
1650,572.337036133,194.177352905,21.0305347443,61.0594177246,0.0779894704465
1650,412.144866943,120.271575928,20.1963863373,45.9773101807,0.0162651544088
1680,520.315734863,173.653244019,22.270111084,64.7170715332,79.2122423649
1680,14.6699991226,38.941783905,27.7520217896,63.7926445007,19.9636176229
1680,424.067047119,183.030258179,18.1148376465,51.9142913818,10.0412651896
1680,492.886444092,160.966140747,20.5560894012,68.0244369507,6.02639652789
1680,512.659484863,177.383117676,15.7776060104,53.6737480164,5.91031052172
1680,534.965759277,170.19203186,18.9491081238,53.2609100342,3.68128865957
1680,451.528900146,115.47013092,29.172700882,89.1075515747,2.63932161033
1680,150.771713257,186.143066406,19.548833847,53.3490333557,2.00237352401
1680,466.96206665,179.62336731,21.1958332062,54.8939208984,1.77822075784
1680,6.13674783707,57.9319267273,17.7018184662,52.2620887756,0.553407846019
1680,166.031478882,192.171203613,18.1911582947,44.7917060852,0.337176653557
1680,478.131500244,159.994873047,19.9998111725,64.6180496216,0.0779718975537
1680,603.948974609,187.478088379,23.8617553711,72.8557281494,0.0734567758627
1680,429.715789795,124.638038635,18.5163860321,57.5390968323,0.0585121335462
1680,583.695617676,187.356063843,30.9955654144,85.3787841797,0.00591132011323
1710,529.543151855,176.740890503,27.8017253876,82.8079681396,99.5030879974
1710,543.346130371,173.80090332,37.9378395081,124.172950745,16.1988481879
1710,417.403533936,188.894882202,18.8245754242,46.8310279846,11.9034945965
1710,9.18755626678,46.1462097168,22.9962024689,59.6911888123,4.25505414605
1710,499.108764648,125.997283936,20.6061477661,74.7843017578,2.22709868103
1710,488.313323975,191.630493164,21.3216648102,51.2168235779,1.77535153925
1710,560.59173584,174.043395996,20.4402675629,59.6972541809,1.37629164383
1710,512.847290039,175.900283813,18.425359726,65.1510848999,0.694786803797
1710,109.090057373,185.987548828,22.6760807037,54.1180076599,0.325730792247
1710,25.1799106598,44.8265075684,25.8704204559,58.1895561218,0.319166271947
1710,4.1970448494,68.6436080933,18.4388103485,55.6526985168,0.185194180813
1710,47.6133079529,64.6440048218,26.04047966,62.1665039062,0.14852884924
1710,349.086883545,60.1141052246,36.9019126892,67.9987869263,0.108029984403
1710,391.509887695,40.3640556335,34.9843177795,94.5378189087,4.6454089464e-07
1710,472.129394531,46.4749946594,31.7832050323,73.3728103638,6.68940736137e-09
1740,551.402099609,172.753707886,32.8042640686,101.79990387,99.4379639626
1740,596.976989746,177.257675171,26.5516891479,70.9410400391,88.5723233223
1740,500.988189697,194.865737915,18.8437633514,48.5439872742,17.5633057952
1740,536.35723877,173.902526855,16.9844703674,57.1371307373,3.18983569741
1740,512.371704102,189.944442749,26.3261489868,63.3311004639,3.06868068874
1740,584.979980469,168.679138184,24.0646896362,72.1127548218,2.80948672444
1740,618.017456055,237.944030762,21.9825439453,106.701255798,2.12814249098
1740,615.249084473,183.10534668,18.4262924194,55.4477539062,1.29253361374
1740,499.363769531,22.4833374023,32.3448486328,105.403747559,1.06920255348
1740,488.175872803,52.2833709717,20.5987453461,64.6061706543,0.8744972758
1740,363.902923584,65.6061019897,23.1272830963,52.008480072,0.355596467853
1740,465.937866211,184.29119873,19.3647727966,60.6063804626,0.193165207747
1740,77.8594589233,93.262512207,36.1819953918,96.3091506958,0.097970769275
1740,35.5219726562,65.0351791382,26.9685497284,62.5810585022,0.0760921800975
1740,509.412322998,115.358032227,30.8689422607,98.7195663452,0.0546950381249
1740,388.437866211,23.703994751,35.0468978882,108.840759277,0.000998848463496
1770,602.583129883,168.246780396,34.5312385559,110.378395081,97.3769426346
1770,542.957458496,185.219650269,29.1842403412,74.1055679321,86.9263410568
1770,490.4765625,100.368843079,36.9824333191,102.925720215,11.7039196193
1770,527.629760742,126.96749115,35.6867904663,121.828041077,11.6089746356
1770,446.065704346,99.0551376343,18.5627326965,58.1241874695,9.78851020336
1770,425.439453125,179.437362671,19.0702533722,54.0102882385,3.77272218466
1770,516.832336426,106.988426208,23.9299488068,124.748748779,3.43366712332
1770,6.74439239502,30.0952129364,24.8559894562,61.0366973877,1.98192428797
1770,525.233764648,184.56892395,18.3321228027,53.9966850281,1.49370152503
1770,614.645080566,223.422592163,18.0129413605,59.2247161865,1.09030166641
1770,507.962860107,182.652664185,26.087141037,62.1900520325,0.878771673888
1770,557.908630371,166.099807739,67.5318374634,101.078308105,0.854690372944
1770,489.60836792,195.397903442,15.0256319046,52.757106781,0.806490704417
1770,435.337432861,188.358947754,18.0502719879,56.2951507568,0.405186647549
1770,484.435943604,102.82195282,21.0688266754,59.9066925049,0.300512928516
1770,570.03692627,179.971054077,17.5248680115,53.8016471863,0.278085307218
1770,404.587127686,46.3167381287,24.2407093048,69.0418701172,0.211416464299
1770,3.13214993477,50.819519043,14.4116783142,50.1332130432,0.140522338916
1770,520.351623535,29.6837215424,28.2031803131,91.6516799927,0.118755141739
1770,85.7001571655,196.223999023,34.7528266907,97.354309082,0.0932323047891
1770,456.259063721,111.445625305,20.4676361084,56.8935890198,0.0653598865028
1770,17.9355449677,68.8456802368,23.7912197113,54.5904273987,0.039728890988
