30,502.70300293,53.7196350098,22.3924541473,55.866394043,5.87080195546
30,574.672912598,244.473709106,26.6042957306,72.7629928589,1.16727277637
60,466.843383789,165.374832153,19.1884803772,48.5501708984,0.334085384384
60,58.9942932129,179.697616577,18.0598297119,39.9699440002,0.246011442505
60,24.1274662018,150.458328247,17.3916339874,63.2673988342,0.131309521385
90,525.188476562,131.987106323,21.5552902222,68.2569274902,1.35735310614
90,189.074050903,160.878952026,19.2743663788,47.2488365173,1.16346403956
90,510.771606445,148.302337646,23.5523853302,55.3886451721,1.08614629135
90,558.180358887,114.907470703,32.9407997131,95.1748733521,0.0983732636087
90,123.587211609,164.381164551,17.785238266,47.2572021484,0.0584071385674
120,602.09753418,102.176673889,30.20287323,98.9608535767,9.52570512891
120,472.497894287,64.8993148804,20.7218170166,63.522151947,0.03659685608
120,432.633544922,73.1024703979,20.6545238495,57.9038505554,0.00646758417133
150,583.215637207,152.735198975,18.2348690033,58.2812690735,0.972022674978
150,595.427734375,163.901626587,17.9880123138,53.9291877747,0.89220572263
150,35.4495124817,156.232009888,21.2882061005,60.1666297913,0.392802990973
150,440.283966064,84.0015640259,20.2215480804,63.9792060852,0.338554591872
150,7.34173631668,168.883377075,18.9122104645,48.4144554138,0.253578741103
150,421.662506104,76.2832565308,25.2190151215,87.296295166,0.00651846567052
180,468.653076172,146.378540039,19.7607727051,55.3053283691,65.4266953468
180,90.2902526855,159.671951294,22.591545105,46.1251373291,3.09843998402
180,468.762054443,63.1263008118,19.0162830353,59.7046089172,0.751400971785
180,456.682983398,148.645492554,22.1873912811,64.9207382202,0.319312117063
180,434.015777588,64.4395828247,26.1594638824,93.0773391724,0.166611780878
180,454.406951904,50.0745239258,25.6054458618,79.9088973999,0.0370663881768
210,66.0648117065,164.180770874,25.2382411957,48.649471283,11.4893123507
210,473.376220703,161.710739136,24.5581874847,64.939163208,7.51699358225
210,583.031921387,155.112594604,19.8455047607,64.0407180786,2.27904543281
210,82.0015487671,171.179519653,18.0168170929,41.4849319458,0.906556285918
210,568.727050781,152.659118652,21.0911388397,57.7409324646,0.849200971425
210,581.99786377,80.1876220703,22.361032486,56.0949707031,0.469076167792
210,526.774291992,174.479553223,20.422832489,52.176486969,0.134591339156
210,425.65335083,175.828918457,27.5444946289,61.2349891663,0.133018777706
210,433.676116943,123.827156067,23.3676319122,59.7468605042,0.045584680629
210,377.78994751,174.251052856,17.7515850067,46.2722587585,0.0104505103081
240,39.2011909485,171.234176636,20.2060489655,46.1313972473,16.2336781621
240,534.556640625,145.528961182,27.462518692,71.967628479,9.76694822311
240,384.897583008,176.234146118,19.3059329987,48.0311431885,0.528419530019
240,443.584197998,200.614852905,21.6636486053,66.2569656372,0.164853001479
240,299.516998291,285.662017822,34.8455696106,99.4858627319,0.112001772504
240,414.563140869,139.558578491,18.9876422882,72.2470474243,0.057277828455
270,92.240486145,176.049545288,26.3798599243,66.2544021606,3.69671806693
270,498.088012695,156.638046265,16.4849720001,49.4439964294,1.88947077841
270,614.695861816,223.971557617,20.1470966339,53.2223358154,1.00059229881
270,401.39364624,171.338989258,18.5399475098,52.7707481384,0.704185059294
270,422.381347656,138.990921021,23.0099334717,64.4852981567,0.410890486091
270,483.601928711,153.455734253,18.3741092682,51.2794837952,0.111549103167
300,422.5753479,180.138122559,20.1630878448,63.9973487854,18.3611229062
300,467.350830078,153.210678101,20.2136421204,59.5438079834,15.6439006329
300,531.47869873,146.684356689,19.5642795563,56.4962425232,11.5144893527
300,493.784820557,152.874328613,16.2849445343,51.2940559387,3.65353561938
300,590.266723633,160.452819824,19.4832324982,47.5589942932,1.50402765721
300,128.57774353,101.256996155,31.503118515,85.0396652222,0.546089001
300,478.080810547,162.105026245,26.385477066,57.5263175964,0.302088912576
300,238.23449707,177.760620117,20.4299888611,61.3646812439,0.206248043105
330,483.378540039,153.926742554,22.1068058014,62.9606323242,22.4585428834
330,501.637084961,163.280197144,25.6206531525,55.0091094971,2.52182055265
330,474.96472168,151.275497437,16.7651004791,57.8416748047,1.54233714566
330,537.287414551,150.089538574,18.5634326935,50.6765480042,0.25083841756
330,463.907928467,159.83454895,17.0711650848,50.2141456604,0.126493372954
330,550.587890625,148.274429321,17.8544559479,53.7377815247,0.0979577773251
330,48.4038200378,187.971206665,22.5329494476,52.6492919922,0.0814029946923
330,239.853103638,188.01940918,26.7380275726,84.5822372437,0.0202578798053
360,514.663513184,157.711349487,18.0198612213,49.0994606018,11.5498065948
360,480.610107422,197.808578491,19.0797748566,63.2251434326,0.791378226131
360,219.981567383,178.900558472,20.842672348,53.0059242249,0.0184957665624
390,129.470504761,96.6397705078,29.2342662811,95.4917526245,27.4549007416
390,498.43661499,61.9415893555,18.9331912994,51.2291259766,1.07973935083
390,516.093078613,151.751113892,17.9369869232,52.0897979736,0.674626789987
420,514.645324707,156.544113159,19.1359195709,58.9424133301,6.45274743438
420,10.4276313782,182.001052856,24.3181629181,65.4774398804,1.30343427882
420,244.080749512,174.603881836,18.1019268036,52.2318916321,0.920853298157
420,569.409790039,150.445068359,17.6043643951,55.9359436035,0.0791068945546
450,515.105651855,160.365447998,18.7699832916,56.3821372986,17.3351749778
450,243.274841309,181.809036255,15.1097412109,55.5415916443,2.35706195235
450,526.235168457,159.443496704,17.8908157349,52.9856071472,0.576523132622
480,517.144348145,164.299926758,18.2832221985,56.2571601868,17.4179926515
480,243.785018921,178.629562378,18.1214599609,53.3422889709,2.51929871738
510,512.74029541,166.414794922,19.6526794434,62.1855926514,36.4143759012
510,242.946609497,183.274673462,18.6211948395,57.7274169922,11.0241681337
510,128.682693481,111.565467834,29.3483066559,82.5927124023,0.791448261589
510,522.956237793,161.797775269,20.2776737213,57.8908119202,0.661278003827
510,122.195823669,175.824905396,22.659116745,55.8187675476,0.64369738102
510,231.965026855,187.590576172,20.0465831757,61.5923042297,0.215674564242
540,515.930664062,169.83416748,19.0997276306,56.3814239502,14.9965971708
540,490.188873291,216.434387207,18.7857933044,60.8248329163,1.68805196881
540,504.294219971,185.69770813,25.5657100677,63.1610984802,0.39970362559
540,526.474121094,162.995437622,17.3558959961,55.0016822815,0.235205097124
540,506.427398682,160.394485474,18.2980251312,51.8179016113,0.2015942242
570,239.188400269,182.179336548,18.176733017,67.8921127319,2.45665665716
570,489.078155518,134.751022339,19.4947452545,56.0177726746,0.504498183727
600,511.486480713,169.061752319,21.572309494,64.1402816772,65.5817866325
600,487.561004639,142.291824341,19.2141914368,65.7876968384,8.06089043617
600,493.337493896,177.847976685,18.887588501,53.4653129578,5.34417517483
600,551.041687012,167.683395386,15.7486124039,56.2754211426,2.2548334673
600,571.196716309,162.941818237,17.6316719055,55.9651451111,2.18569226563
600,482.075408936,198.750167847,23.1939945221,70.7826156616,1.09411003068
630,511.819946289,179.38722229,18.3173980713,50.7689247131,83.5990786552
630,493.498565674,170.006988525,19.4418201447,58.0392456055,9.74451228976
630,242.311050415,181.693740845,16.679567337,52.0493507385,5.89365102351
630,487.834320068,145.711349487,19.1653900146,61.6388549805,5.79917579889
630,518.467224121,163.873550415,18.9525318146,51.63854599,2.42271050811
630,476.899749756,197.331420898,26.1989059448,75.114616394,1.73352956772
630,533.079162598,165.234115601,16.4660644531,52.3588256836,0.668310979381
630,119.526054382,171.748641968,25.3739566803,68.5386505127,0.245123915374
630,501.858062744,148.082092285,27.0618057251,66.493927002,0.0659859040752
660,571.42364502,161.405960083,18.2810173035,59.7962036133,9.27875265479
660,549.37487793,165.239532471,18.9905757904,58.655456543,3.96708995104
660,482.168670654,208.110397339,22.4039783478,65.4745483398,1.70347616076
660,245.640701294,180.726089478,18.9231777191,50.8345832825,1.2447106652
660,490.067657471,131.815124512,16.8326816559,50.7012634277,0.494410190731
690,511.817474365,167.54649353,20.0320262909,61.3840675354,71.700322628
690,488.226470947,139.820510864,19.5979099274,63.0177726746,3.45063768327
690,493.500976562,169.19291687,21.7080764771,62.7163047791,1.62197370082
690,478.540527344,207.807128906,26.1879940033,72.5301895142,1.18936924264
690,522.635070801,164.751724243,21.1850147247,53.498462677,0.958646181971
690,548.963928223,162.53553772,18.5033969879,54.1477966309,0.544796185568
720,550.985534668,169.160644531,17.6629314423,54.4504089355,4.64407652617
720,487.752197266,143.602020264,19.6301383972,59.1618003845,2.19333618879
720,237.099136353,177.296920776,21.4065113068,70.3767318726,0.297298305668
720,479.274200439,209.632751465,19.2623977661,63.4450798035,0.234805815853
720,514.553405762,154.565872192,21.2411994934,47.1022453308,0.0340843485901
750,511.567993164,170.096405029,21.6943454742,60.5113716125,71.8613088131
750,492.197296143,160.160690308,19.396982193,60.0393562317,15.8475592732
750,486.054321289,185.111953735,21.1806182861,73.3441696167,2.41438467056
750,241.074630737,180.813735962,18.9390411377,53.1786308289,1.59729365259
750,549.012268066,162.655822754,17.0250759125,56.545501709,0.750705925748
750,526.164672852,165.198669434,17.3617267609,48.9848213196,0.694216322154
750,569.153198242,155.644760132,19.2574672699,61.4356422424,0.4000720568
780,510.494110107,174.367355347,20.739774704,53.9996147156,29.2651206255
780,488.502716064,141.685287476,19.3267345428,59.9498291016,6.91721588373
780,548.894470215,165.015487671,17.5857009888,53.1523094177,1.41162937507
780,496.138519287,155.175216675,25.5976963043,68.5208435059,1.28449071199
780,526.457824707,163.319900513,16.6736278534,53.9925727844,0.382298510522
810,513.602233887,180.75340271,18.2963237762,52.6969718933,65.0808691978
810,487.995574951,142.021606445,18.9423942566,65.9725875854,35.855653882
810,241.796447754,179.59803772,18.7413787842,54.8857307434,5.83493299782
810,500.789581299,173.399902344,22.0004673004,58.436832428,5.500876531
810,610.43170166,168.23387146,15.2675628662,48.6054115295,2.40050647408
810,549.252807617,164.371765137,17.9787902832,55.242767334,0.532069429755
810,480.813354492,195.833328247,23.4402141571,75.0894546509,0.298704206944
840,509.715301514,166.331253052,25.0147342682,65.0873184204,60.2147340775
840,492.092132568,158.309432983,19.3807907104,55.7738838196,28.9720118046
840,500.219573975,172.589355469,18.5795345306,55.4572715759,5.93857914209
840,616.61920166,173.209960938,15.8482675552,49.2770385742,3.65844406188
840,549.094665527,163.890365601,17.6137943268,56.9196281433,1.08461007476
840,242.586227417,177.290847778,17.584197998,55.161693573,0.967635121197
840,481.524505615,195.321578979,22.852350235,72.7807312012,0.822433549911
840,525.793518066,163.452438354,18.5839767456,51.4214286804,0.649873493239
840,569.102966309,153.513717651,19.6860370636,64.2653579712,0.118732894771
870,511.485565186,169.005157471,21.9994907379,62.9210357666,61.004114151
870,488.017089844,142.649551392,22.9555873871,75.5369186401,12.8976687789
870,611.320495605,168.206069946,16.4787063599,51.3117523193,3.75824980438
870,245.674301147,177.498168945,18.6588611603,51.7739715576,1.94825418293
870,479.91885376,211.500610352,19.6624202728,61.3492393494,1.43627673388
870,522.676818848,161.99382019,21.2568378448,54.8764762878,1.23029584065
870,549.009521484,162.625900269,17.2690315247,57.6791343689,0.88570676744
870,568.357055664,158.282348633,18.9031391144,59.5949287415,0.267674541101
870,222.390487671,194.116409302,21.2121562958,53.7198982239,0.25538422633
900,510.440643311,169.760375977,22.8889904022,64.2506103516,53.8364112377
900,489.568511963,157.453201294,18.3527107239,57.8800315857,16.5788933635
900,497.589263916,170.489639282,18.5726585388,61.170425415,3.32627259195
900,523.632019043,162.872665405,21.5349178314,55.6528167725,2.53034681082
900,611.174621582,168.390686035,15.9717750549,52.1166191101,2.20598503947
900,482.407989502,203.339523315,25.1334781647,70.4736785889,1.59249324352
900,548.862121582,163.034927368,16.7838153839,57.8226470947,0.932266097516
900,501.095001221,139.55291748,25.3415164948,72.4777069092,0.0964434992056
930,511.76159668,170.554885864,21.1668376923,58.603603363,56.5652430058
930,486.0440979,142.439880371,22.4018859863,76.6004943848,6.40149265528
930,617.398803711,173.367446899,15.5658578873,48.0010108948,2.55159847438
930,548.915161133,164.152633667,17.8000049591,58.065120697,2.21630465239
930,480.137054443,210.253723145,19.798833847,64.537979126,1.99296902865
930,523.178710938,164.336227417,21.1708297729,53.95835495,1.10396062955
930,568.395446777,159.657699585,19.137960434,60.1254386902,0.595803791657
930,498.794158936,164.387268066,18.2381877899,52.3540153503,0.177242886275
960,511.345214844,173.156082153,20.4926815033,60.7662963867,18.0310413241
960,480.286499023,213.153869629,20.2397785187,60.0237083435,7.64705613256
960,486.886962891,135.796096802,22.3933353424,61.9300193787,3.46353240311
960,518.782043457,159.966888428,20.0264434814,48.9926605225,0.250478996895
960,125.724456787,195.279586792,18.8520946503,48.1414146423,0.182039837819
960,568.393371582,153.990036011,20.3112812042,60.2501945496,0.0881316780578
960,135.998458862,190.294235229,17.9280204773,44.3611869812,0.0185146098374
990,517.214660645,172.987258911,19.2355175018,51.3762245178,9.26525071263
990,612.246276855,175.99760437,15.8594198227,48.9764709473,8.66001397371
990,262.226776123,211.350769043,27.7507610321,80.8111190796,1.61431618035
990,551.585510254,160.635986328,19.2088699341,54.4243469238,0.138874351978
990,494.627532959,130.411148071,28.7170352936,77.9132766724,0.0823358655907
1020,517.032226562,180.55279541,19.5895137787,53.5798606873,39.6304011345
1020,616.228637695,170.95664978,18.0157165527,52.3851661682,4.54924441874
1020,574.40802002,152.305465698,19.0583496094,62.9476280212,0.131190638058
1050,523.645019531,182.049087524,18.98919487,59.7612762451,8.69592726231
1050,203.789245605,157.201828003,18.799665451,60.2454338074,1.24218808487
1050,283.87991333,202.832901001,27.67527771,82.8933792114,0.288197072223
1050,184.999771118,151.635726929,18.1502742767,52.7234306335,0.277159339748
1050,547.005493164,111.514900208,25.6971645355,55.9261512756,0.0156682741363
1080,596.519958496,159.55279541,23.7525234222,76.8590087891,20.8827659488
1080,484.361114502,147.145614624,23.7538471222,80.9160690308,13.8538837433
1080,79.269493103,183.241226196,17.6903629303,53.4895362854,3.94653566182
1080,532.952453613,174.145339966,18.7875671387,51.7150688171,1.1048996821
1080,46.958770752,189.248855591,35.7741355896,105.838752747,0.900384970009
1080,23.9926452637,200.027053833,34.3383979797,98.1617507935,0.00922470571822
1110,496.67880249,189.733840942,16.9604587555,54.663105011,16.5174752474
1110,506.44519043,187.430130005,17.8992538452,58.7345924377,6.3191100955
1110,558.427734375,202.844055176,27.5743961334,54.1308250427,4.77844364941
1110,485.662841797,210.073806763,20.5595569611,52.7743530273,1.24541511759
1110,520.502990723,189.362060547,19.2628707886,58.7974510193,0.716712232679
1110,146.51725769,164.014907837,23.0791168213,57.3411445618,0.163428671658
1140,523.207763672,181.229446411,20.0378894806,63.7248344421,77.7073383331
1140,83.4304733276,196.385620117,38.6256599426,115.79083252,41.8423295021
1140,571.879455566,190.380661011,19.41106987,51.8780860901,1.40233291313
1140,539.516723633,180.925247192,16.5483608246,59.5805091858,1.17949331179
1140,617.290710449,241.781295776,16.8093662262,49.6925048828,0.544209778309
1140,548.455322266,185.502914429,17.861989975,56.9147911072,0.140507344622
1170,600.21270752,179.214645386,19.2337360382,65.8084030151,47.3797917366
1170,579.429016113,219.795730591,21.6300048828,51.7217407227,45.4298913479
1170,137.188842773,195.855392456,29.5616321564,88.5639419556,9.71456319094
1170,588.426696777,185.416137695,20.5304508209,61.987701416,1.72884650528
1170,389.035369873,185.869018555,17.7481212616,41.1400413513,0.123202055693
1170,564.352294922,223.723999023,19.6717395782,51.9729270935,0.0541936198715
1200,222.082199097,162.319290161,20.7406291962,56.6942634583,0.0177311638254
1230,46.9897918701,204.249511719,21.4962997437,44.3418083191,15.0196075439
1230,224.670211792,21.0491104126,25.4502563477,49.5744972229,4.09794040024
1230,406.239959717,178.776626587,20.2697143555,45.6771888733,3.43437492847
1230,6.73287630081,157.213363647,17.4806404114,53.9575691223,0.671038357541
1230,32.5737876892,67.4279251099,35.7891235352,104.969062805,0.387239735574
1230,21.9499607086,107.24395752,29.8569583893,80.3924942017,0.0071508839028
1260,399.190551758,176.812072754,20.6799926758,50.1770935059,0.178054196294
1260,160.269439697,154.934005737,21.4017086029,57.5446166992,0.0349177018506
1260,82.1960067749,148.245101929,25.2027053833,72.2363204956,0.0227222466492
1290,276.958282471,187.677612305,23.1815929413,53.914150238,2.51300111413
1290,2.70520281792,211.965377808,24.9773006439,93.3997573853,1.49668613449
1290,575.116882324,216.886947632,24.2173995972,51.3315734863,1.00562060252
1320,5.23138284683,124.721458435,24.1900234222,63.3170471191,0.0515239487868
1320,257.180755615,196.979858398,22.1311950684,57.8695335388,0.018578468007
1380,155.875106812,131.248168945,24.3881835938,56.828502655,0.026796356542
1410,394.443206787,145.808563232,25.7278614044,72.4757232666,0.0832796969917
1410,358.301239014,160.873413086,18.505821228,56.7217102051,0.0644750834908
1440,355.989044189,161.166946411,22.6324481964,55.0917625427,2.94617749751
1470,415.391387939,137.779388428,20.2024784088,64.5255355835,6.21161013842
1470,64.0610122681,201.610488892,19.9992084503,41.1983070374,0.108391442336
1470,204.686935425,185.014572144,33.0885009766,91.4396362305,0.0695983238984
1500,572.788146973,110.616462708,23.8481216431,47.5536842346,25.6392151117
1500,494.952026367,148.339981079,16.73097229,64.881401062,1.51804601774
1500,441.342407227,178.308822632,21.0622138977,47.3195533752,0.413566362113
1530,162.714675903,188.797439575,25.9254550934,85.4461135864,6.55964538455
1530,577.004699707,332.029174805,31.1897335052,68.2299118042,2.27046404034
1530,184.537368774,178.20085144,20.6255397797,46.1322669983,0.0848584342748
1560,531.038452148,160.234085083,25.109992981,62.8861427307,42.5132483244
1560,512.130187988,158.951126099,34.686504364,99.9027404785,18.7164649367
1560,26.2532405853,168.888412476,28.3411331177,57.2460594177,4.85929138958
1560,512.65020752,212.513076782,16.1090602875,46.2761383057,4.30151000619
1560,175.794128418,181.520187378,26.7500400543,84.3595199585,1.51177020743
1560,225.990158081,164.241897583,19.1016044617,48.9252662659,0.173971010372
1590,492.617034912,119.937194824,28.9813842773,70.0488433838,0.275601260364
1620,39.0122261047,174.10949707,17.0848007202,52.6117706299,7.16053396463
1650,73.5204086304,182.105575562,19.7188301086,46.2700843811,1.56605951488
1650,405.133789062,107.815063477,27.877122879,76.6507644653,0.0923575425986
1650,1.83696424961,144.246841431,14.1758737564,77.4765548706,0.0365848798538
1650,10.7207717896,126.890319824,31.032831192,86.1663589478,0.0233448823565
1680,69.1483840942,169.946517944,22.1856689453,62.450466156,6.05160035193
1680,217.060470581,168.580368042,18.4127025604,49.1061439514,0.673490855843
1680,447.608306885,191.202331543,17.869140625,45.220199585,0.294930976816
1680,54.3774604797,167.917236328,22.8627643585,59.9822654724,0.25714286603
1680,2.74363017082,170.895797729,12.9922113419,58.4815368652,0.115934212226
1680,404.084625244,91.3450241089,35.7981758118,97.2522201538,0.020424889226
1710,451.617218018,140.081344604,22.8265132904,81.6309814453,0.248267105781
1710,437.718048096,96.2613296509,32.8372192383,84.8457717896,0.0244543887675
1740,613.186157227,185.814758301,17.3259239197,54.9524078369,4.34706024826
1740,484.076538086,149.656997681,24.2178401947,76.3005752563,2.91847139597
1740,133.082809448,179.609619141,19.2448978424,48.1657562256,1.9093727693
1740,497.607421875,145.919067383,21.3505935669,57.058883667,0.532881356776
1740,418.651367188,68.1662826538,25.7910060883,70.6776199341,0.498364213854
1740,441.023681641,66.3773269653,20.1264972687,50.7901191711,0.375164253637
1740,6.36925697327,169.742019653,16.6100120544,52.8219261169,0.0598480226472
1770,545.623718262,156.652404785,24.0262966156,67.4051132202,32.2861284018
1770,452.479248047,51.0718040466,22.5762023926,54.006439209,20.3197211027
1770,460.756988525,183.590744019,26.2239780426,66.5518341064,1.12406201661
1770,465.073944092,35.9330635071,23.9571685791,56.2901000977,0.0664804538246
1770,440.210601807,32.5629310608,21.1903362274,61.2933921814,0.0173940250534
1800,552.414306641,174.508850098,19.5087165833,74.2801742554,10.7148304582
1800,13.6554536819,174.970657349,33.6723175049,71.658493042,10.0144557655
1800,397.278839111,200.399658203,16.9971828461,45.7187461853,1.49595113471
1800,23.5998210907,302.950958252,20.7623615265,65.8796157837,0.969952624291
1800,0.540616989136,189.835708618,15.842133522,61.9690093994,0.823998358101
1800,10.8538713455,200.619018555,36.2220954895,121.153114319,0.0925735861529
1800,464.386566162,33.9720497131,20.294675827,60.248046875,0.000266830124929
1800,523.991210938,29.7447872162,18.8951644897,58.107257843,0.000201743455364
1830,25.9635066986,249.715591431,35.5601387024,130.893600464,17.067374289
1830,11.9894037247,205.776077271,36.5193977356,137.304077148,5.74449971318
1830,126.744102478,155.766403198,20.1034584045,46.9267616272,0.574680184945
