30,184.112228394,175.783584595,19.3579311371,48.6089439392,23.3783468604
30,156.974655151,171.305862427,16.7987232208,54.5721740723,4.32115271688
30,172.534103394,172.515701294,14.7764282227,49.2225532532,0.551726156846
30,43.9121551514,168.719802856,21.0250263214,53.5436706543,0.0719153205864
60,599.856140137,193.796859741,23.944519043,62.9924468994,5.77860251069
60,535.570800781,161.149475098,25.1372509003,64.2548522949,2.04669404775
90,357.045562744,162.47795105,18.2591495514,50.5611152649,1.52185745537
120,359.80456543,159.814971924,20.5190029144,54.5339164734,61.9644224644
120,611.226257324,186.421768188,17.9902076721,51.9888916016,7.8061401844
120,66.0207290649,173.699829102,19.7926959991,58.527973175,1.61585118622
120,458.500152588,189.12902832,18.1205387115,45.8419456482,0.157052220311
120,444.385101318,173.256271362,24.5820007324,56.1959838867,0.0244762923103
120,425.27722168,162.098266602,20.5598125458,51.3152351379,0.0180029383046
150,618.515136719,54.9989051819,17.4861774445,64.6863327026,9.09988880157
150,608.313415527,140.479370117,25.0867786407,88.3311080933,2.15168185532
150,552.645202637,191.165588379,22.9889316559,53.8530845642,1.53732439503
150,287.955841064,152.854049683,25.394536972,60.1857872009,1.45909124985
150,596.449401855,118.591094971,27.1785736084,89.1637802124,0.789625849575
210,593.872375488,87.2880554199,25.1778850555,63.9197807312,31.6156417131
210,607.773620605,174.947555542,24.0964679718,64.1485366821,21.9300895929
210,592.81854248,184.056152344,25.1493759155,56.915222168,0.665429793298
210,439.349334717,137.25352478,20.9340877533,63.0566368103,0.0791953294538
210,254.942932129,151.083786011,18.7089557648,61.7255363464,0.0406991050113
240,614.324523926,157.200973511,17.8632202148,59.7360839844,18.7589854002
240,62.6156806946,167.116027832,20.0220680237,50.333404541,7.38750621676
240,369.43057251,120.96849823,23.4189891815,77.8097991943,0.0885878922418
300,74.1993789673,138.068954468,28.6471576691,75.2184677124,0.382077181712
330,7.58784723282,128.931549072,18.8917446136,68.048324585,0.488080270588
420,616.093811035,132.766143799,18.6225795746,70.3812713623,3.48041541874
420,204.586914062,170.065505981,23.622253418,49.3148841858,0.355492252856
450,610.727355957,175.739257812,18.9304943085,61.5318908691,2.45033819228
450,593.526916504,188.849365234,22.0104904175,52.5548400879,1.50808496401
480,551.604187012,153.169967651,22.4616832733,60.6253166199,1.55196525156
510,269.481842041,328.839630127,19.4549694061,50.9160423279,1.94907207042
510,279.920715332,316.304351807,20.6326274872,52.4394493103,0.222410587594
540,397.497680664,187.593460083,25.0102558136,68.8739395142,14.4225046039
540,525.09387207,187.40612793,22.4799938202,56.5504188538,0.00253007801803
570,435.115570068,201.868850708,23.7880172729,54.7220191956,2.73456852883
570,447.815643311,193.426589966,24.0410022736,62.2959747314,0.0180013405043
600,417.109344482,180.272232056,21.3114032745,60.5652313232,42.7427917719
600,459.106719971,181.494674683,20.4753456116,57.4690856934,4.54625561833
600,434.085845947,170.108825684,21.827589035,70.6602249146,0.0431616412243
630,433.408660889,165.933395386,23.4323482513,65.0751037598,78.554135561
630,492.698455811,159.752578735,20.3747596741,68.6593399048,23.4163433313
630,614.329284668,176.547363281,18.0083713531,59.3663673401,2.74138897657
630,448.715057373,152.6197052,24.9057235718,77.0432052612,2.62679420412
630,11.1596536636,200.455444336,36.1940078735,104.293518066,0.231209327467
630,412.234527588,155.636032104,32.3045463562,70.1614761353,0.208929693326
630,478.791748047,164.677642822,22.2285232544,69.2259368896,0.19112797454
660,457.562744141,140.926589966,29.7810058594,87.381187439,54.4426441193
660,476.236480713,159.51512146,21.3050708771,58.3036651611,1.21477358043
660,439.752227783,136.25541687,29.4418582916,79.2264556885,0.493035512045
660,495.786773682,173.303161621,19.2251148224,54.9067649841,0.226627616212
690,209.999984741,157.70954895,19.0129318237,43.7965660095,22.7236166596
690,554.702331543,115.568359375,56.7858428955,120.479972839,22.5476235151
690,583.916687012,154.674362183,34.9002571106,76.3023071289,18.9100846648
690,507.743652344,105.710411072,76.9851226807,125.147369385,9.99285802245
690,611.636779785,146.48500061,16.4601325989,71.3880996704,5.80147989094
690,546.57220459,168.732879639,25.6262664795,68.7230758667,5.06329759955
690,445.025787354,125.776092529,21.1352481842,62.3098144531,4.17018793523
690,368.180419922,173.562255859,24.1799182892,48.8846092224,0.400622142479
720,268.552032471,155.261489868,20.9446220398,51.2827796936,46.9497948885
720,449.06918335,167.135971069,37.6319732666,62.7111816406,21.5199947357
720,561.152648926,59.6816978455,65.3429412842,147.493209839,13.329590857
720,546.854675293,128.644714355,28.4712200165,76.8711776733,10.3105813265
720,440.560211182,178.360351562,20.3611660004,48.8551445007,1.58143788576
720,524.942810059,59.9296150208,27.5155773163,64.5092773438,0.194923882373
750,326.727844238,150.66343689,19.5865898132,52.6518821716,58.7345302105
750,595.835998535,156.995498657,26.8260173798,76.4551315308,3.71102355421
750,238.77520752,165.833053589,26.0179977417,55.9993438721,2.22973041236
780,378.012329102,144.722900391,19.9641399384,54.9291534424,65.0635123253
780,390.669342041,144.665847778,20.4072265625,53.6047172546,16.4546996355
780,446.05456543,46.6403083801,31.406003952,86.2033920288,0.0367814791389
810,432.055023193,123.461853027,22.8314876556,74.5484771729,43.7087416649
810,415.784820557,127.409965515,18.8749809265,55.2117462158,7.47662261128
840,444.484008789,150.733703613,22.1267147064,51.5138244629,0.349948974326
870,498.20324707,174.544433594,20.0728397369,48.2558326721,1.17116253823
900,558.844543457,133.84022522,31.0796356201,91.0615005493,14.4072011113
900,548.071716309,147.06427002,21.4274597168,73.6925354004,0.227058469318
930,241.464294434,179.640396118,20.7516117096,49.4986305237,65.3029084206
930,600.016296387,58.0738830566,28.4755306244,69.8928375244,0.481137353927
960,316.646148682,344.521362305,23.0354709625,61.8615837097,1.08088646084
960,79.5985641479,209.245605469,19.4781322479,47.4064941406,0.970084685832
960,34.4716491699,289.041534424,22.2570285797,49.1999931335,0.773847755045
960,313.248382568,287.971557617,22.5024642944,54.1293678284,0.53007286042
990,26.2564945221,208.98475647,18.5090007782,56.9815711975,7.86518454552
990,604.809997559,207.278030396,18.8084201813,51.8191719055,4.57784533501
990,616.50213623,205.884292603,17.2467441559,52.0901527405,4.53479364514
990,461.527191162,218.07774353,25.6100215912,49.2450904846,3.65971848369
990,494.750213623,188.984024048,27.3045063019,67.1208648682,0.0651226611808
1020,454.568206787,196.603530884,25.7828159332,60.7238197327,0.0425450358307
1050,605.035095215,159.839004517,26.303106308,71.5521316528,0.534185441211
1050,486.004638672,156.574157715,26.4374599457,80.2105712891,0.0601972744334
1050,457.269012451,182.805740356,21.1259403229,63.6915016174,0.0363787083188
1050,519.480895996,208.661209106,22.203119278,50.2506980896,0.0199241927476
1080,557.914611816,187.488479614,25.7177333832,78.4733810425,2.0459568128
1080,539.257751465,185.880233765,30.8165225983,73.1982269287,1.49293625727
1080,73.265838623,169.803863525,27.7427425385,69.8517837524,1.13602904603
1080,486.489624023,170.168533325,20.840845108,55.0641365051,0.42002890259
1110,579.171142578,169.207687378,22.0384063721,53.3693885803,2.7250258252
1110,545.212585449,146.410049438,33.8429107666,69.7944107056,1.89386140555
1110,9.42291641235,159.792251587,23.142244339,65.5233078003,0.0829175696708
1140,529.226257324,153.693466187,21.8277206421,57.234375,0.596072012559
1140,510.981048584,149.980148315,27.2245960236,56.7251625061,0.109629053622
1170,616.271789551,130.964416504,17.9583835602,53.8180274963,5.10314814746
1200,312.976837158,131.3881073,22.4671630859,48.4780540466,1.30660049617
1200,591.203857422,39.4630432129,34.3828010559,54.6567192078,2.2212393383e-09
1230,489.001953125,132.870376587,25.4995670319,67.081237793,11.1091554165
1290,88.0940628052,112.966514587,20.4143466949,44.3501167297,0.0396483083023
1410,45.6762504578,100.974067688,33.5013771057,55.4424591064,23.2075765729
1410,10.0578393936,102.204139709,19.7622776031,51.6224784851,17.5153553486
1410,279.545166016,93.3778305054,28.6526851654,54.5091285706,1.66818015277
1410,616.198242188,111.312347412,15.6919937134,53.9552154541,0.284149800427
1410,67.0124282837,91.1262741089,18.7519264221,57.8415718079,0.227879360318
1410,25.6948223114,88.4805221558,27.1928653717,66.0267944336,0.164490868337
1440,118.788047791,92.9409790039,17.715959549,52.5386314392,2.37724911422
1440,99.8869857788,102.115905762,17.7335510254,49.6891288757,0.110083457548
1470,54.5068244934,130.574172974,21.585401535,51.3332252502,3.29092256725
1470,69.1747131348,129.670059204,21.2732906342,50.1437416077,0.705686863512
1500,23.9151153564,157.164428711,21.8161792755,50.2501106262,1.90085489303
1530,4.20427894592,148.657928467,12.2293977737,60.8049888611,0.800668913871
1530,162.978912354,113.076194763,30.3257369995,70.9292984009,0.314529892057
1560,365.568847656,155.978179932,35.4333152771,53.1080932617,19.342237711
1560,359.748748779,154.055664062,19.3800392151,46.7398262024,1.86446737498
1560,46.5382423401,138.760009766,19.8823680878,61.9324226379,0.448705302551
1560,307.536590576,65.3610839844,23.0073776245,66.4504547119,0.0321580242598
1560,338.844696045,153.516738892,17.14311409,39.7288551331,0.00926226421143
1590,24.2349262238,130.85168457,24.6278381348,90.3345870972,6.99211508036
1590,108.273704529,156.25579834,20.8163833618,55.5316467285,5.34274913371
1590,364.990814209,160.405700684,20.6967182159,49.3449668884,1.88078600913
1590,418.99609375,169.270187378,19.1837673187,52.6156654358,1.46688753739
1590,432.162078857,169.927200317,16.5103359222,48.5709953308,1.26189226285
1590,462.826080322,165.602767944,18.0436534882,52.1733093262,0.759451184422
1590,4.2429599762,160.738739014,13.6834936142,62.5038452148,0.626064557582
1590,76.4608764648,166.688262939,20.525100708,47.4046020508,0.593843637034
1590,434.94140625,104.379570007,24.2602901459,69.3580093384,0.00334049145749
1620,434.105072021,172.584594727,24.7887210846,53.1180877686,88.7216210365
1620,501.528076172,180.282546997,28.5120716095,55.3024711609,12.3563356698
1620,491.817718506,33.1538734436,21.5567016602,65.6851196289,4.50411476195
1620,44.4592628479,161.452468872,21.153055191,58.2575569153,0.590683892369
1620,449.386077881,158.122634888,24.3347873688,64.1488113403,0.349814887159
1620,31.2275772095,161.575119019,19.5121250153,54.7828483582,0.190696446225
1650,469.87878418,162.320724487,19.5519695282,59.6756134033,92.2142446041
1650,545.83795166,154.143356323,21.9730453491,64.579750061,89.6369099617
1650,598.468078613,189.075500488,29.2474441528,71.1987228394,80.0371289253
1650,493.378448486,163.166015625,18.1539955139,54.1434822083,5.41658587754
1650,406.1355896,152.367477417,26.1118793488,85.3843612671,0.672374526039
1650,423.03137207,99.2041244507,22.7159481049,61.0941314697,0.0759092799854
1650,283.660552979,153.591873169,23.4500217438,64.9767684937,0.061088509392
1680,525.819030762,162.265289307,26.0006999969,64.4616165161,97.6983904839
1680,559.765380859,152.470123291,23.2727355957,72.0166549683,92.0173943043
1680,541.937255859,156.697875977,23.1852397919,68.4960021973,0.575600005686
1680,481.710601807,164.788589478,29.0193729401,77.6018600464,0.177779560909
1710,177.565444946,185.841873169,20.5162696838,56.6185112,10.6424674392
1710,580.645324707,162.669906616,33.5064544678,65.5330429077,7.00160488486
1710,538.870422363,177.209823608,30.4267520905,84.0375442505,3.71668674052
1710,165.507751465,180.827102661,18.9031620026,50.8600883484,0.346334278584
1740,604.086853027,182.90675354,24.4378890991,54.2785377502,43.2295173407
1740,214.90788269,176.659957886,18.7785224915,65.2643814087,3.60950045288
1740,14.9925680161,43.1207084656,31.245344162,65.2954559326,0.431117368862
1740,9.17520141602,145.550003052,29.2063598633,77.4905090332,0.300028128549
1770,59.8937263489,176.849716187,20.9644927979,56.867603302,1.64861325175
1770,39.0465888977,176.788314819,22.2958240509,62.5134773254,1.58440750092
1770,428.200317383,95.4195175171,20.1866035461,53.5116882324,0.900468975306
1770,72.9685974121,178.8828125,18.3367862701,51.6728935242,0.171996408608
1770,84.8361129761,182.929244995,18.8559131622,50.6054801941,0.0826444069389
1770,454.519195557,184.560897827,27.3640613556,56.392074585,0.0475996785099
1800,330.34942627,51.8438224792,26.9647083282,61.4610099792,9.23276469111
1830,603.372619629,35.1688728333,29.3118209839,71.7291030884,44.9346125126
