30,58.2213134766,186.855178833,19.7239360809,51.7179679871,19.4016844034
30,600.336975098,179.630508423,22.37931633,60.0449371338,6.28353282809
30,145.960403442,182.357192993,20.9202404022,47.3270378113,5.97708001733
30,611.593444824,169.42829895,25.7093257904,63.6929740906,2.38818004727
30,157.814025879,174.454605103,19.3878688812,55.8011360168,0.777059607208
30,540.904907227,127.048744202,23.6492404938,82.307182312,0.0458956608782
30,532.230529785,29.6691989899,24.3664264679,63.8204650879,2.07062611501e-07
60,18.5052242279,190.219848633,20.4849147797,46.6760063171,13.0779951811
60,61.7878875732,195.689468384,20.6196193695,41.1098251343,6.23952709138
60,444.60244751,188.890701294,20.2899532318,80.9465866089,4.55158688128
60,150.442626953,151.849517822,24.7306003571,72.9911956787,3.50939556956
60,134.254043579,169.129486084,22.262298584,57.0433921814,1.03655103594
60,607.613220215,34.6707649231,26.2277736664,82.39453125,1.00538944826
60,458.19833374,202.877731323,26.3800868988,73.2916641235,0.531439110637
60,9.24818229675,196.096939087,14.875784874,44.2314605713,0.253911525942
90,109.551429749,182.385604858,22.0741481781,48.3134765625,69.4451034069
90,9.07746505737,186.063064575,14.4978256226,49.6562385559,2.56016682833
90,246.284973145,84.6328201294,23.2050113678,50.3522949219,0.933669134974
90,126.630775452,170.597763062,16.7182712555,53.9361724854,0.586033146828
90,75.3596115112,170.923950195,20.2904529572,57.2847251892,0.332979881205
90,416.256011963,189.37097168,24.165353775,64.9964370728,0.182599679101
90,524.349609375,46.6691169739,30.8685379028,99.5803833008,0.12399435509
90,439.634857178,191.118087769,32.0076675415,69.1854019165,0.094928429462
90,497.815887451,69.3232116699,32.2831840515,98.5481338501,0.0268466188572
90,23.5605144501,106.96496582,27.805059433,63.3009681702,0.00725165373296
90,513.656799316,29.1408004761,25.3815231323,81.7959823608,0.00447219535999
120,11.4013948441,182.449401855,18.5922679901,51.9199562073,10.2955125272
120,469.897003174,189.301315308,32.3737831116,75.9569549561,5.60608953238
120,470.664459229,36.5503578186,22.4752979279,70.463432312,2.34540123492
120,4.47044038773,179.620376587,11.8768205643,53.4922027588,1.06922499835
120,625.408325195,123.788452148,14.5916748047,69.8408889771,0.790997873992
120,615.440795898,53.3210258484,18.2872924805,51.2279777527,0.183817162178
120,486.951629639,42.1373138428,18.4729137421,59.4730529785,0.170918402728
150,74.9344787598,176.869491577,20.6854877472,51.1991081238,23.6814126372
150,562.473815918,30.0745449066,21.5658092499,81.4329910278,18.0566638708
150,172.052124023,173.839157104,18.8014774323,51.6214752197,1.76678821445
150,28.8437175751,188.780563354,23.9488582611,46.5475006104,1.51686696336
150,9.36940479279,185.459609985,17.9999980927,49.4077415466,1.42322834581
150,185.304443359,175.650588989,17.1190090179,48.3762702942,0.823109969497
150,521.726989746,199.118911743,23.5123500824,57.8454246521,0.589378643781
150,582.289428711,73.2356643677,56.0182228088,141.057052612,0.357356644236
150,545.566589355,17.3246612549,22.8897247314,58.8374328613,5.40232178992e-05
180,483.143280029,187.094802856,19.3596935272,53.9562568665,9.09615829587
180,497.62411499,64.584022522,18.9720783234,58.1473579407,2.5072151795
180,498.382080078,188.470199585,18.3968963623,54.8152160645,0.134732143488
180,535.401977539,128.541122437,31.3080692291,95.1246109009,0.0299534236547
210,530.183288574,187.384841919,18.2294082642,58.8950004578,59.2294931412
210,615.454772949,199.344039917,15.7712745667,52.3848228455,4.80215623975
210,8.19462966919,171.321960449,23.2574977875,60.0285377502,2.43611205369
210,518.31427002,188.833602905,20.3412532806,60.1921348572,1.28428479657
210,587.630187988,36.8716888428,23.7433948517,89.4208297729,1.04507450014
210,586.965637207,185.883300781,17.6891040802,51.3005180359,0.155746121891
210,42.3355522156,168.201477051,19.4029483795,55.4452209473,0.109028967563
210,442.111785889,151.396835327,27.0088367462,75.7654953003,0.0313325290335
240,527.098571777,188.958389282,22.8758487701,60.3207588196,87.5451028347
240,504.605712891,176.251098633,18.0603046417,62.9238548279,67.532902956
240,515.03527832,184.076431274,21.18242836,67.5541229248,11.5002393723
240,601.57019043,181.117980957,25.9088821411,86.5264587402,7.69565850496
240,8.17585849762,170.37059021,20.9764461517,53.0044746399,7.38454014063
240,534.062072754,42.2562599182,29.7811985016,95.134185791,5.39365336299
240,615.94140625,225.508651733,15.8801994324,48.4988517761,1.46404001862
240,20.5304927826,178.26133728,20.4570484161,48.5281105042,0.17821865622
240,598.55255127,174.850540161,18.5469036102,49.2973060608,0.0654762785416
270,587.660705566,181.559738159,27.4538269043,70.2988739014,95.9797561169
270,542.852783203,173.775436401,26.9892559052,77.3349227905,42.105320096
270,478.686798096,160.699584961,24.8360691071,59.4797668457,1.75286326557
300,614.278198242,186.100357056,24.2259654999,63.3196601868,96.5653955936
300,590.938659668,110.306488037,25.6885223389,57.8656768799,6.48086369038
300,228.14125061,56.162689209,21.7207126617,61.4503173828,0.730908103287
300,205.831863403,80.6455688477,21.2970199585,52.8868751526,0.109865725972
330,156.749267578,172.011169434,25.0051498413,62.2294120789,18.9427226782
330,472.351470947,191.585266113,21.0878505707,41.5640296936,6.36088177562
330,413.957061768,160.338775635,19.9547023773,52.8275794983,0.598742626607
330,426.41809082,171.653305054,22.4376468658,51.5724220276,0.407688179985
330,521.747253418,165.134811401,15.9143590927,49.9580574036,0.203599594533
330,225.512313843,43.1614685059,29.8366928101,58.3740882874,0.0516043743119
330,508.025909424,39.227848053,25.0059833527,53.4212608337,0.0320699386066
360,538.359863281,198.05229187,30.1176891327,53.9994239807,36.3000303507
360,447.522094727,154.288314819,19.8211860657,58.4693107605,10.4080796242
360,229.215515137,40.6872367859,22.2365341187,46.2790489197,0.289374683052
390,437.88192749,164.289291382,21.0591144562,58.6202125549,19.0345138311
390,453.666748047,170.405929565,20.2259731293,57.1451454163,13.104121387
390,534.896972656,175.87348938,20.9175281525,58.4964866638,1.87755096704
390,466.936767578,166.547668457,20.4892425537,55.2177772522,1.63661334664
390,597.997314453,193.852706909,30.400724411,66.3534011841,1.4878497459
390,504.429656982,152.448776245,33.0629234314,79.8735122681,1.17600988597
390,221.216064453,36.6972732544,29.0331668854,49.0503807068,1.09635712579
390,245.863174438,83.6058731079,21.0863513947,58.9629974365,0.503761507571
390,479.60458374,159.328979492,18.9778709412,57.9874267578,0.211480725557
390,538.66204834,143.458099365,21.3444271088,66.5606155396,0.0925433589146
420,507.801116943,179.814987183,18.9337444305,49.5287361145,69.4822192192
420,490.124908447,179.142410278,20.3460922241,51.4835510254,21.0982441902
420,11.8692502975,119.165565491,23.8526706696,57.1363677979,2.57458370179
420,517.018310547,164.736328125,26.4030437469,67.0054855347,1.16646206006
420,534.576721191,175.183456421,19.6347923279,53.999420166,0.589768635109
420,224.249145508,36.3471183777,22.7775325775,47.6574249268,0.159938132856
420,406.723846436,179.360061646,17.5593681335,50.6636238098,0.00533299207746
450,554.799072266,168.973739624,19.2173423767,56.34532547,58.7148547173
450,212.257019043,37.38621521,33.9869155884,53.2398986816,0.648731645197
450,603.754211426,87.5805664062,24.8275737762,59.1420478821,0.287843309343
450,582.052856445,187.718215942,23.3446960449,61.237323761,0.272668665275
450,555.608337402,120.482704163,21.2413692474,60.0147438049,0.249704625458
450,241.861190796,77.607208252,28.3018875122,94.4925537109,0.0497220491525
450,495.087524414,116.951316833,29.7636585236,75.1803665161,0.0176070301677
480,589.859558105,147.526351929,25.033952713,73.4922866821,15.498867631
480,577.585510254,80.5726547241,33.6527442932,109.572486877,2.94515751302
480,530.95715332,60.6807441711,18.6538562775,53.2852935791,2.597903274
480,231.327209473,71.5122299194,32.4976921082,86.7024612427,0.267280382104
480,203.259277344,34.3824882507,29.1976108551,58.0747833252,0.104045006447
510,552.3828125,126.906433105,31.9880962372,77.9594421387,26.0180979967
510,34.4952888489,126.045288086,29.8311233521,96.0120544434,2.12167687714
510,61.1496391296,162.934051514,19.0004367828,61.6976165771,0.796031020582
510,15.1599187851,131.765182495,34.3472175598,86.6756591797,0.322321499698
510,72.8564529419,162.130508423,16.8834972382,56.9523925781,0.0893954362255
510,542.809509277,125.136932373,22.4155597687,64.9788665771,0.053349067457
510,224.302810669,73.0335617065,31.108795166,87.0613021851,0.0183316762559
510,435.000701904,47.4314155579,27.072057724,69.2305984497,0.0150773368659
540,513.866027832,201.867141724,37.5782318115,91.9277572632,10.8035072684
540,12.6636514664,133.962173462,28.9620037079,98.7233352661,9.05084386468
540,9.89777183533,184.964950562,18.0083942413,46.6558074951,2.96265184879
540,28.3883457184,137.103286743,28.434545517,84.3102493286,1.69711764902
540,493.153106689,203.941452026,33.1495552063,83.1219940186,0.618003914133
540,76.1521530151,160.241027832,19.8405952454,65.1674880981,0.165568897501
540,7.48672676086,128.144241333,16.7743015289,71.2701644897,0.161167990882
540,151.580993652,42.2695350647,18.8566303253,57.2193031311,0.102238194086
540,365.672576904,178.928909302,20.023355484,51.6546592712,0.0973795249593
570,564.150878906,204.617721558,35.1751594543,103.964500427,19.7526395321
570,582.487854004,199.772720337,37.3513183594,97.4343948364,4.91778366268
570,421.178009033,63.0193367004,27.900182724,63.2124824524,1.57659035176
600,70.2269515991,123.499908447,26.8516139984,91.2402572632,6.46065250039
600,453.292877197,37.0566825867,21.4068851471,57.1976356506,3.02726849914
600,469.536468506,40.3710517883,21.674123764,57.4658203125,1.01802712306
600,83.3092575073,80.9795150757,20.6154384613,72.6806106567,0.545709533617
630,145.049163818,148.858596802,20.4002475739,63.7156639099,12.6213297248
630,39.9460868835,64.0992126465,21.2803516388,72.1490707397,6.53704702854
630,48.1975898743,184.019897461,19.0936985016,36.8278121948,5.69020882249
630,41.3811798096,114.387519836,32.5662651062,101.824684143,1.85358505696
630,404.981658936,158.629592896,31.1089954376,79.873588562,0.404806435108
630,72.8487930298,73.0492630005,24.2775421143,73.7294311523,0.0698049378116
630,486.063751221,14.2144012451,23.7391052246,61.4840278625,0.00011421061572
630,508.559051514,20.8123073578,23.9535064697,61.8911857605,1.70532068466e-06
660,30.1686611176,174.590286255,21.3312854767,49.6337242126,9.62572991848
660,137.322006226,157.706771851,24.2833805084,58.3564338684,5.93443550169
660,427.007568359,153.882522583,21.9151859283,61.3505134583,3.92897985876
660,24.4141464233,99.839881897,27.2309513092,93.1125793457,2.25662272424
660,8.35206890106,34.4322166443,17.679397583,58.0978851318,0.51145371981
660,180.323806763,67.4375228882,26.5204715729,68.2417602539,0.107858970296
660,46.1188621521,100.561065674,18.5609455109,53.0861816406,0.0916838820558
690,36.9448661804,153.64012146,23.3949222565,68.1823730469,11.3296017051
690,8.85782909393,168.50340271,15.441078186,56.7218132019,7.29706138372
690,130.964691162,160.602310181,23.0456390381,62.5182800293,1.92378889769
690,438.136810303,155.728729248,19.45271492,62.8927574158,0.615245942026
720,29.3433532715,185.976608276,20.8070983887,41.1114692688,12.2158773243
720,519.929016113,189.886734009,20.6060886383,43.0656585693,1.23484432697
720,237.205383301,169.955352783,18.092880249,51.2104644775,0.588003965095
720,63.016494751,76.1676864624,19.7797718048,63.0202903748,0.537159759551
720,51.1057701111,177.581893921,18.8885211945,48.6430358887,0.196810509078
750,29.4992046356,97.7031860352,50.431137085,137.219985962,13.556972146
750,489.321746826,166.782775879,16.0982532501,50.4109230042,10.7217572629
750,10.9192647934,182.590499878,18.3449726105,45.1675720215,3.18533293903
750,37.601184845,166.692672729,25.8040180206,63.7302246094,2.14331112802
750,566.731018066,52.2445259094,18.7633914948,63.0358581543,0.428052991629
750,540.642333984,49.4924049377,28.8389415741,82.3051223755,0.293497834355
750,18.81965065,160.341506958,22.8072357178,62.8420677185,0.214618514292
750,560.676635742,144.579483032,23.8145370483,66.5592956543,0.0591413525399
780,498.627655029,160.419006348,19.0832271576,54.8427848816,43.4266716242
780,580.39239502,167.309158325,19.1245441437,51.3617362976,20.0295180082
780,616.703369141,201.261917114,17.3654136658,50.4961433411,5.63546232879
780,433.419708252,146.743667603,19.9554023743,67.1355209351,2.57420167327
780,586.929138184,177.434127808,23.5546703339,59.713848114,2.3887027055
780,603.123718262,178.524276733,26.361289978,66.2051467896,0.387709029019
780,565.345336914,156.07824707,20.1424827576,54.0982666016,0.296218926087
780,445.301635742,161.214599609,19.4363651276,54.5956306458,0.281433318742
780,421.398925781,167.322906494,17.899023056,49.1414642334,0.0173555396032
810,162.922683716,179.577774048,23.6892642975,42.1048469543,92.116779089
810,509.348968506,155.469558716,19.4615917206,54.9349517822,71.5796649456
810,606.520324707,151.723953247,24.3608875275,61.8871192932,37.5429332256
810,579.96295166,153.679885864,20.4991874695,53.8149375916,2.24196687341
810,538.900878906,38.5358848572,19.9113445282,56.5818023682,2.08923965693
810,525.854492188,31.5188140869,22.905374527,68.3859329224,0.38790772669
810,597.151916504,161.32762146,18.5382518768,50.8092918396,0.216736737639
840,189.316818237,166.463195801,22.3853702545,51.6886711121,84.9884450436
840,514.61517334,147.515457153,18.8912525177,60.449016571,58.6705446243
840,617.894165039,158.435058594,18.024105072,52.2523193359,21.5570613742
840,590.324279785,153.487716675,19.2282886505,51.1118774414,1.70671604574
840,542.374450684,33.3906326294,21.9657917023,57.7905921936,1.26184597611
840,479.223876953,158.169036865,17.596616745,52.2164878845,0.801433250308
840,616.423522949,118.3567276,18.6479034424,60.362361908,0.661915307865
840,603.756591797,140.835525513,21.1296482086,63.3155632019,0.377557845786
840,88.4831466675,148.087402344,20.6312274933,55.2069587708,0.215655216016
840,504.79296875,73.3954315186,24.7662258148,69.4599533081,0.00100451525213
870,519.628723145,155.988113403,17.6478366852,56.0518455505,48.8382458687
870,548.631530762,28.6013278961,19.4670982361,50.5188484192,2.54529193044
870,608.32800293,98.3069839478,23.0584011078,76.6076583862,1.91822163761
870,599.325744629,139.362686157,20.567150116,66.2156906128,1.22383786365
870,535.121459961,40.7722473145,36.0029258728,74.1871414185,6.19918409939e-06
900,519.609375,161.324523926,19.7279415131,55.3324775696,14.2398416996
900,613.743164062,133.268218994,19.173833847,69.7815551758,12.4112293124
900,600.666015625,169.250198364,18.1100101471,46.1035423279,2.78471242636
900,549.004516602,32.4805603027,19.9033679962,53.8641357422,1.64776276797
900,444.797698975,160.538497925,18.9439525604,59.893245697,0.0384279381251
930,517.311340332,165.732772827,18.3630466461,58.3610343933,59.9609732628
930,545.004333496,37.9052391052,23.4773082733,60.1779823303,8.51801708341
930,601.06427002,173.595458984,17.633644104,47.0423583984,2.31523197144
930,616.823669434,169.07194519,16.5027446747,49.0565910339,0.611587008461
960,516.360656738,170.562789917,20.5043888092,57.1807289124,30.738645792
960,600.83001709,179.566390991,17.7404956818,45.9407539368,1.7835540697
960,534.790527344,39.3122329712,29.7849731445,72.7674331665,1.32716307417
960,616.129760742,169.33732605,17.7497844696,50.0165863037,0.734543381259
990,539.708251953,41.5515022278,30.7978878021,70.5799331665,21.9343915582
990,519.883239746,174.610107422,18.1196193695,54.2453460693,14.5773231983
990,601.076660156,181.726303101,16.9474391937,44.8496665955,1.36210815981
990,611.107788086,178.324050903,16.0173587799,46.7838554382,0.319836335257
990,131.314804077,102.491577148,20.6501674652,44.891368866,0.0933851522859
990,445.218719482,176.679138184,18.4528446198,56.2744865417,0.0621576153208
1020,517.988952637,171.195739746,19.7681045532,61.1906280518,54.076230526
1020,546.156860352,39.5766181946,25.289812088,66.9371185303,6.55793920159
1020,597.440307617,185.466903687,16.8950862885,42.8543243408,3.13015840948
1020,616.40814209,171.598800659,17.444852829,51.8300323486,0.85636805743
1020,444.45803833,186.967727661,20.9266147614,51.2407989502,0.846680533141
1020,52.6599235535,139.525405884,28.6302013397,74.6891098022,0.00991811029962
1050,481.925445557,185.926757812,20.0377998352,60.1355018616,97.2237706184
1050,541.140563965,41.7442817688,29.7180252075,72.7684249878,19.2265495658
1050,597.29876709,181.785812378,17.0823822021,47.5221290588,6.70828670263
1050,520.108398438,177.062484741,18.4524497986,52.5519752502,3.97277846932
1050,616.017456055,171.366699219,17.9624652863,53.690120697,1.12067088485
1050,441.007171631,179.227600098,23.7986507416,55.1762580872,0.210720254108
1050,465.712493896,181.547683716,19.3257274628,53.9031944275,0.151691830251
1050,49.5632019043,144.178909302,23.0105037689,63.9741783142,0.0106767765828
1080,519.969177246,194.078384399,23.8423595428,56.1328277588,97.3741650581
1080,538.764831543,41.3872032166,28.9297618866,74.537940979,18.1778430939
1080,597.622070312,183.937667847,17.3452625275,47.0005912781,5.97512759268
1080,603.389221191,159.458251953,21.3033542633,64.9238204956,4.35085110366
1080,617.492858887,170.145812988,17.5569267273,53.3512763977,3.36421243846
1080,510.036346436,177.710083008,22.9200000763,64.2122955322,1.05445096269
1080,554.795471191,46.9896087646,18.6321773529,52.621509552,0.324963731691
1080,440.980621338,179.969116211,23.6143817902,56.5351524353,0.0709404295776
1110,553.280273438,195.552139282,21.20952034,48.5844841003,90.751850605
1110,518.563537598,176.277954102,19.8832626343,57.2077903748,28.1355559826
1110,548.601135254,50.1429901123,20.1236972809,52.8062858582,3.77235934138
1110,600.666259766,183.594070435,17.758687973,46.1905097961,2.60691009462
1110,442.129394531,183.8021698,22.0675868988,54.0494270325,0.0614624237642
1140,579.933044434,186.856765747,20.5022392273,53.5240821838,86.8163526058
1140,518.821716309,172.689468384,17.396030426,58.4683990479,70.1600134373
1140,543.960876465,48.3835754395,23.8247375488,58.5217895508,18.6258211732
1140,600.750244141,186.028091431,17.3231220245,48.1171302795,7.04155564308
1140,571.041687012,185.682907104,17.9059734344,47.7737426758,2.59979330003
1140,609.933776855,175.80871582,16.3421401978,52.5230979919,1.27306375653
1140,446.337890625,137.89263916,31.5915431976,93.4689559937,0.654904684052
1140,616.123168945,147.854629517,16.6526985168,61.640171051,0.112835736945
1140,440.713592529,180.928512573,24.415555954,56.0362663269,0.106733071152
1170,595.754455566,182.546157837,23.7941894531,61.0839500427,92.7291631699
1170,520.690002441,175.934448242,18.9343605042,57.9621582031,37.3255342245
1170,536.693359375,44.8151092529,29.7638378143,68.8669204712,17.7697122097
1170,613.858398438,174.176010132,20.7337493896,63.5417785645,0.562560325488
1170,554.89630127,48.2785835266,19.0306224823,53.2992095947,0.496794842184
1170,447.010772705,176.959823608,24.9885425568,56.1074066162,0.190834223758
1170,126.143432617,100.420265198,21.1862049103,46.828704834,0.0269500480499
1200,599.730651855,186.116622925,23.825510025,59.5121421814,95.8594918251
1200,519.399841309,178.588989258,19.6283912659,53.7610282898,11.2532898784
1200,548.831115723,48.0265541077,20.3730812073,52.1580314636,4.42405454814
1200,614.310241699,192.808914185,18.0984020233,50.8449745178,2.76400670409
1200,126.403167725,99.679649353,20.4366111755,47.3302574158,0.138494663406
1230,599.683349609,186.031326294,24.3824748993,61.786113739,97.215116024
1230,520.297058105,175.418258667,19.2379055023,58.4798736572,25.2961784601
1230,542.193725586,42.7199859619,28.3432922363,73.2395324707,13.784109056
1230,614.280090332,185.594665527,18.7498626709,51.9244232178,1.62301547825
1230,135.74798584,95.8270339966,21.1651363373,47.9676361084,0.216961838305
1230,443.618133545,181.785568237,17.4342746735,54.3693237305,0.183722411748
1230,615.214172363,147.987228394,17.5966720581,57.2590332031,0.0620070437435
1230,50.4408874512,142.510147095,21.3540039062,61.8135795593,0.0172009065864
1260,600.443908691,185.624160767,25.250120163,62.2717399597,97.7755784988
1260,520.603210449,174.179153442,16.5038433075,57.5703086853,36.7718756199
1260,549.703796387,48.738368988,19.1413631439,50.7269096375,7.40751177073
1260,533.567443848,41.2848052979,26.7223205566,69.533416748,2.54076812416
1260,614.662109375,179.577713013,19.4095668793,53.9857788086,0.782370939851
1260,131.253753662,101.674530029,21.3471069336,48.280620575,0.210048537701
1260,448.695526123,166.681213379,23.1208286285,68.4210281372,0.106361415237
1260,609.634216309,209.301528931,20.5948638916,60.690536499,0.034170949948
1290,601.648010254,183.902664185,24.2751178741,59.2127494812,94.3209946156
1290,538.480773926,42.5285110474,28.3659820557,77.0358505249,14.6389856935
1290,519.485595703,174.917129517,19.7268886566,58.9717674255,9.33895111084
1290,556.558837891,53.2917747498,17.6164226532,52.1551818848,0.112353882287
1290,133.755584717,97.328338623,24.6176300049,49.0805397034,0.0438053917605
1290,50.7414855957,143.815719604,21.7585201263,60.5471801758,0.024986313656
1320,603.561645508,186.712875366,22.5605010986,58.0529899597,98.3354985714
1320,518.660217285,175.828323364,18.2790145874,55.4661064148,29.0284454823
1320,548.378967285,51.3855781555,20.4188976288,50.5686645508,12.2287727892
1320,615.878967285,173.721130371,18.8008880615,58.642665863,0.312076206319
1320,613.901184082,87.5810470581,18.0246238708,58.5809135437,0.28120179195
1320,130.542999268,101.618598938,21.3358783722,48.5728607178,0.0363529077731
1320,43.7312927246,130.420822144,27.0770187378,67.908203125,0.0179136390216
1320,59.887298584,143.231338501,21.1338062286,58.9822807312,0.00128503834276
1320,511.459106445,91.9873657227,20.9233036041,72.8251647949,0.000518633351021
1350,614.638122559,197.208633423,18.318529129,51.1284179688,66.9805288315
1350,518.861328125,173.894973755,17.4136829376,59.8705482483,33.3906084299
1350,545.248474121,52.2328491211,23.7796001434,59.1732940674,13.6723160744
1350,507.712554932,175.801193237,18.8292007446,56.9727020264,10.9428592026
1350,599.171142578,189.870056152,15.9435567856,45.5967216492,5.9064578265
1350,135.418075562,105.08467865,21.7077159882,43.012298584,0.169321266003
1350,442.035400391,185.474594116,17.5142459869,54.7587776184,0.0882647989783
1350,67.0122909546,157.106399536,20.8605384827,52.889175415,0.00685457780492
1380,519.827575684,183.218795776,20.4156627655,55.313659668,8.12496393919
1380,602.729492188,191.449645996,17.6468257904,46.1170349121,2.54630688578
1380,541.306152344,47.6097145081,29.4548873901,75.6897506714,2.27743759751
1380,615.997375488,189.431884766,16.88920784,45.0325164795,1.18978274986
1380,616.500915527,152.286880493,17.2580738068,60.3565711975,0.370673509315
1380,456.206420898,195.512207031,18.867433548,47.5971984863,0.336455320939
1380,445.128540039,186.432144165,19.1116676331,53.3129577637,0.0538608059287
1410,525.266967773,184.266525269,19.4066810608,56.7121772766,8.95527675748
1410,611.206726074,196.385391235,16.4191036224,42.9596290588,5.82116730511
1410,450.584472656,196.047622681,18.73412323,49.7400550842,1.15222884342
1410,460.399627686,203.562850952,21.0268650055,45.2587776184,0.540378550068
1410,84.3258666992,233.107543945,36.8771705627,109.069984436,0.259729637764
1410,506.621368408,101.304283142,31.2756347656,94.5125350952,0.0011330257621
1440,459.988677979,192.362670898,20.1749649048,53.2444496155,50.2161502838
1440,460.822296143,132.70010376,21.4591007233,68.7891235352,0.421248236671
1440,66.7012481689,93.9012527466,20.3535137177,54.9135780334,0.313026760705
1440,478.343536377,200.694763184,18.042219162,53.6544494629,0.301183620468
1440,43.5814933777,96.3441848755,26.1216983795,83.3379898071,0.173547642771
1440,529.296325684,100.069786072,24.610162735,84.3126602173,0.0702075252775
1470,564.844360352,179.865249634,21.3434772491,68.5267562866,35.8875006437
1470,234.831970215,213.64805603,17.7171344757,48.1479225159,12.8350317478
1470,613.910461426,33.151260376,17.8370246887,49.6226997375,6.02576509118
1470,508.995697021,210.153366089,19.343914032,52.4878959656,1.36261852458
1470,596.318725586,34.3460655212,30.9441070557,69.9296035767,1.31456684321
1470,472.730194092,199.745407104,18.2570419312,50.613658905,0.109637202695
1470,555.306091309,78.224357605,27.839345932,91.4092178345,0.00674505572533
1500,591.648498535,194.569091797,20.9791984558,56.6202812195,1.85846686363
1500,506.583892822,206.100219727,16.854845047,49.365398407,1.72415785491
1500,494.007232666,206.785934448,18.5933761597,54.9638214111,1.3495631516
1500,416.330322266,185.358932495,21.1165904999,63.3317985535,1.14723108709
1500,524.673400879,219.282943726,23.4250278473,49.4001617432,0.939255021513
1500,540.492736816,217.691635132,20.2326889038,52.1392860413,0.554642966017
1500,405.725830078,193.714584351,18.332452774,50.9989585876,0.262590777129
1500,491.611846924,93.1912841797,21.4493789673,61.5713920593,0.166417250875
1500,476.033538818,99.3699417114,23.0861530304,72.7593841553,0.0587456219364
1500,577.762145996,65.1745910645,31.6385326385,106.232849121,0.00231551930483
1530,617.04876709,226.616134644,18.5698986053,50.3632621765,10.8931347728
1530,521.954650879,198.289428711,26.2984619141,69.2252197266,2.69267614931
1530,501.667510986,40.7536201477,19.2469367981,65.5530929565,0.428466359153
1530,418.203521729,204.841659546,21.4181652069,49.440826416,0.254924292676
1530,564.691711426,124.146697998,23.5948581696,59.7071876526,0.214255321771
1530,492.393951416,61.929271698,21.7748355865,72.2708969116,0.192690978292
1530,511.40322876,215.555984497,19.0033454895,54.4378013611,0.127979496028
1530,539.541320801,134.369003296,30.2854690552,77.2389755249,0.070982251782
1560,584.798583984,184.231201172,32.7015571594,94.916847229,23.6312627792
1560,615.483398438,206.227249146,18.4183826447,55.50233078,13.306851685
1560,541.388793945,11.8725938797,23.229341507,63.9332771301,13.1622001529
1560,522.958740234,223.542236328,19.5640850067,51.6019935608,6.61293119192
1560,612.876831055,108.415252686,19.4371261597,54.9662208557,5.10232374072
1560,597.356262207,61.2037391663,30.027633667,84.0548171997,2.14828196913
1560,433.745147705,202.999893188,19.0631999969,52.9950675964,2.11241692305
1560,97.0119018555,98.976890564,19.8458805084,57.7285766602,1.66615657508
1560,542.172607422,220.312576294,18.9236717224,52.0291290283,0.95347110182
1560,525.901672363,33.3322181702,21.501493454,65.2285461426,0.383780850098
1560,538.641906738,80.3524093628,28.9482269287,90.5186157227,0.276024150662
1560,443.790313721,208.479812622,21.8979244232,53.1791648865,0.165935850237
1560,589.649963379,82.7636795044,21.2323093414,70.3166885376,0.163035758305
1560,564.054382324,88.3118667603,30.5840015411,90.7371902466,0.0552269630134
1560,585.471740723,26.651184082,36.3583679199,85.0710830688,0.00112967672976
1590,616.530029297,228.05696106,17.9221687317,55.0352783203,33.8938266039
1590,574.489257812,213.736572266,23.316904068,56.6819725037,22.8257194161
1590,470.51965332,202.230728149,20.0237407684,60.6668701172,10.5354443192
1590,616.760070801,147.930984497,19.1170463562,60.7446632385,9.75549295545
1590,481.791473389,181.944625854,21.4264831543,61.4290466309,2.19273231924
1590,592.582092285,227.370223999,20.5799198151,54.8180046082,0.884305592626
1590,493.127227783,158.572250366,19.0825366974,56.8000030518,0.314093916677
1620,423.088226318,170.25062561,24.5944309235,82.8834533691,2.05482486635
1620,539.407287598,160.153213501,27.7672748566,86.238899231,0.944760348648
1620,521.38092041,142.76600647,21.4089202881,70.1003952026,0.853142607957
1650,388.458496094,198.041366577,19.4347286224,50.4336280823,6.41791671515
1650,150.708435059,184.746932983,18.4998207092,50.4884986877,5.3458776325
1650,456.4269104,206.149856567,22.9423675537,74.7725601196,4.42950762808
1650,476.219085693,211.670578003,21.525604248,67.7868347168,3.63838151097
1650,594.117004395,224.117111206,36.9182701111,79.2019119263,1.91970113665
1650,435.928192139,219.553543091,19.2508716583,48.2314758301,0.614419113845
1650,398.926635742,186.845825195,24.0006027222,66.7863693237,0.379076530226
1650,509.797973633,185.319076538,36.9521369934,89.3650436401,0.243553332984
1650,99.1044921875,188.003829956,21.7247066498,49.6409606934,0.182580668479
1650,418.195068359,195.978897095,28.363609314,66.64894104,0.151703681331
1680,144.584457397,182.779602051,17.6792697906,44.6829795837,11.2122036517
1680,463.372070312,216.352767944,19.7147960663,59.1800079346,0.0861258420628
1680,432.795562744,146.600341797,26.7024402618,67.0192565918,0.0721839256585
1680,442.987884521,199.57774353,26.1443634033,67.2665939331,0.053069513524
