60,548.846374512,176.174850464,31.4339809418,65.0670166016,2.49917525798
60,442.201080322,341.850982666,31.8846683502,69.1795654297,0.0627890287433
90,486.549530029,375.947998047,21.8645267487,52.9489326477,1.07850106433
90,602.927856445,168.954101562,28.7953281403,71.7315139771,0.374828255735
90,504.395477295,367.129394531,29.3406600952,59.2909736633,0.363831501454
90,471.678131104,378.659576416,23.8322353363,44.1920318604,0.196603080258
120,500.185546875,406.285247803,34.3128852844,50.661529541,2.71889138967
120,311.249176025,94.7851257324,18.0935783386,51.4690818787,0.190998357721
120,555.318908691,397.813720703,23.8424167633,55.2955970764,0.074888888048
150,597.691101074,183.323654175,30.8275547028,69.0868530273,20.8302766085
180,614.630310059,195.418777466,20.0565032959,51.1651000977,2.62816753238
210,27.2982769012,201.174484253,21.2749271393,46.5363578796,14.646628499
240,29.3991603851,203.899032593,19.3800697327,44.8456611633,43.701338768
270,23.8487453461,213.744873047,18.2543106079,37.4363975525,17.9509446025
330,27.7013549805,212.125289917,16.1667728424,41.135684967,7.72183537483
360,33.1382675171,203.648071289,18.1263256073,46.8875999451,31.0154944658
390,420.896575928,188.968795776,22.6783885956,58.8093147278,23.8125443459
390,33.7951850891,215.658584595,18.6168441772,44.0578346252,12.4065868556
420,418.220001221,186.994445801,25.8196029663,65.0813903809,98.5865354538
420,436.290649414,188.406967163,18.4056777954,61.0409355164,18.59896034
420,28.1124649048,237.819412231,29.882390976,87.6655197144,4.54976893961
420,407.091827393,192.153076172,17.7066440582,54.9380226135,1.15892151371
420,79.4854888916,199.47454834,20.9708538055,53.4328308105,0.538695603609
420,6.41402101517,237.23286438,16.8192386627,57.4512786865,0.240970589221
420,448.731414795,184.425430298,16.1710910797,57.2122802734,0.0843708461616
450,443.931427002,185.743331909,29.0278015137,72.7464828491,96.3472783566
450,554.755004883,195.367233276,20.6570510864,48.7682151794,38.4822130203
450,30.7919826508,223.352920532,20.0429534912,40.7681388855,27.9090493917
450,374.119018555,199.015884399,21.3836727142,56.9901123047,3.97972986102
450,419.921295166,206.777420044,21.0501880646,47.5508117676,0.929119251668
450,387.887176514,203.479858398,23.892496109,51.4689750671,0.758452014998
450,431.979156494,201.954650879,19.3080730438,52.8760032654,0.691945664585
450,478.941253662,375.064697266,33.3562355042,65.6854629517,0.444376049563
450,503.689849854,145.51411438,20.297668457,56.4242668152,0.0733358261641
450,184.23614502,256.482818604,38.689868927,84.864982605,0.0378191733034
450,495.540893555,157.826843262,17.9966640472,59.1715431213,0.0214901272557
480,482.416870117,168.641586304,39.0530281067,97.5559616089,99.1438746452
480,21.7331943512,215.729782104,22.6557712555,46.4865608215,17.5691649318
480,386.318817139,173.048751831,19.5954265594,70.4884414673,4.0150064975
480,467.567962646,176.958908081,32.3351173401,80.8817596436,3.21538746357
480,419.323394775,305.417663574,25.1374511719,53.7011451721,2.27013900876
480,609.108398438,194.651611328,17.0888290405,47.5266075134,1.67480651289
480,397.697753906,181.012496948,17.9646816254,56.6896362305,1.30896931514
480,195.27003479,202.286849976,26.3653736115,66.4364700317,0.677035329863
480,509.758789062,168.813705444,19.0539684296,62.8337974548,0.607151119038
480,371.879882812,196.557983398,17.7917346954,57.6278190613,0.378865958191
480,477.137695312,344.030731201,22.1259307861,65.3534164429,0.218448834494
480,527.831237793,149.313644409,19.6852664948,61.2611999512,0.0474799540825
480,339.824310303,134.69329834,24.4441585541,59.7788581848,0.00266398619715
510,559.904785156,142.762069702,49.5139198303,133.92477417,99.7975826263
510,8.40208435059,218.030380249,19.5416107178,44.0340576172,83.2156360149
510,400.244506836,203.566848755,29.9320468903,60.5635871887,33.2855373621
510,560.551391602,203.649169922,23.751783371,66.4628677368,13.0418181419
510,457.253265381,208.545837402,17.0233325958,36.0721473694,2.74417549372
510,577.760559082,201.761657715,23.8409500122,71.3519134521,2.12009642273
510,477.568359375,194.735580444,17.1944198608,49.5091514587,1.02319912985
510,497.523193359,41.3319206238,23.0294704437,45.6844291687,0.766724580899
510,79.1313552856,187.532363892,21.4873905182,60.7392730713,0.303480937146
510,376.572784424,173.938735962,35.1499443054,77.7989425659,0.28453040868
510,594.475341797,151.747131348,28.1236572266,93.5492324829,0.246450863779
510,20.9075145721,217.075332642,20.4130420685,46.0242462158,0.152614933904
540,353.630615234,198.957107544,23.3787174225,49.0500144958,7.32821002603
540,70.1589660645,187.599014282,24.0345096588,57.2662467957,1.18354205042
540,13.1821336746,221.453659058,20.544008255,45.8048095703,0.736078899354
540,566.997741699,200.715652466,21.4621047974,55.6244812012,0.280506489798
540,345.891479492,167.962402344,21.4840641022,61.1147346497,0.00199201640498
570,487.763641357,194.574935913,17.4511737823,40.3505439758,38.2992327213
570,443.393341064,178.261001587,16.3765926361,52.8515472412,10.6129549444
570,408.403564453,168.235153198,30.0366191864,67.997428894,3.44675369561
570,431.590240479,169.124313354,19.3772621155,62.6625175476,0.866172090173
570,544.132507324,192.904418945,18.5481262207,44.2990150452,0.346234207973
570,494.327301025,97.2953262329,18.9306735992,58.488658905,0.345372455195
570,524.957763672,182.187271118,17.1858844757,54.772693634,0.187653477769
600,342.47277832,198.584701538,20.6302261353,46.3465423584,1.59768238664
600,535.196838379,342.139648438,23.3428211212,62.9115715027,0.245075719431
600,523.34942627,105.229927063,21.7997303009,54.9651679993,0.222768378444
600,153.416366577,195.977371216,18.9700374603,42.7473564148,0.121310248505
600,356.29598999,194.923080444,18.8159389496,60.0534324646,0.0832010468002
600,553.602661133,102.411720276,22.1173553467,64.3941574097,0.0203809249797
630,106.247398376,186.387939453,21.9807224274,55.4701538086,66.3671433926
630,461.807006836,170.092971802,19.6409721375,63.66015625,16.5533959866
630,361.253417969,191.616012573,23.0191173553,54.3255767822,1.86865795404
630,520.739074707,192.313156128,22.834274292,47.8496742249,0.792100001127
630,605.51751709,165.599914551,22.5631999969,68.4721755981,0.486197182909
630,90.2099227905,189.444580078,18.4721355438,44.2822113037,0.236302893609
630,530.532775879,77.5602111816,25.0561847687,59.4444618225,0.0406909384765
660,465.078277588,180.283203125,20.5819644928,56.3051300049,69.6943640709
660,359.728149414,197.605270386,21.1201629639,49.23670578,8.02352949977
660,332.581817627,189.574951172,20.4469146729,58.0553703308,5.40474131703
660,7.49241685867,187.939254761,19.9164485931,58.4765281677,2.97529157251
660,451.089324951,181.421554565,20.1723423004,56.5736961365,1.15829482675
660,343.472076416,181.704772949,21.6176776886,56.2341194153,0.413017161191
660,546.816833496,84.8591842651,26.3150310516,66.4061813354,0.0313866883516
690,467.282836914,174.504516602,21.7434673309,59.7670898438,53.9757609367
690,360.656463623,204.571777344,19.8774414062,49.401676178,16.8268933892
690,554.745300293,85.811706543,26.6171321869,69.3917388916,9.47873592377
690,578.180541992,192.088699341,19.9065475464,56.6390075684,2.9931332916
690,303.620452881,185.199295044,19.0413093567,52.479839325,1.75609719008
690,332.379058838,197.331298828,19.3543262482,51.080581665,1.60622317344
690,545.363586426,201.628662109,24.9901714325,45.4742164612,0.432355795056
690,563.563049316,204.564743042,22.4026470184,47.8242683411,0.394534040242
690,347.649291992,111.041908264,19.9246387482,61.0530281067,0.2146798186
690,91.3880233765,184.372512817,16.7493572235,48.0541114807,0.132265454158
720,469.034759521,175.056442261,22.1269607544,58.9452476501,53.884935379
720,578.785522461,189.411300659,20.6568698883,56.0021781921,6.27648681402
720,333.229614258,166.260879517,20.6267185211,56.953704834,3.20259444416
720,457.400970459,175.313674927,19.7515926361,56.4454193115,2.2089349106
720,359.522491455,194.407211304,22.2942676544,53.4152336121,2.132884413
720,93.2796401978,180.182754517,18.1530723572,45.2887878418,1.02166933939
720,329.352661133,195.533615112,18.8299388885,49.7634468079,0.959573499858
720,305.561309814,188.40272522,20.4380455017,49.3599090576,0.757366372272
720,557.239501953,83.3827667236,22.1384525299,67.5994338989,0.538496114314
720,564.480712891,193.422912598,24.3767166138,51.1237297058,0.272392691113
720,523.121643066,183.742355347,24.0326919556,55.2974357605,0.247078272514
720,347.08493042,107.906791687,20.1888141632,61.2975616455,0.223007285967
720,481.387420654,183.279525757,19.4807758331,49.3810539246,0.115184474271
720,79.4716644287,191.70930481,17.4421730042,41.3867683411,0.0637832446955
720,319.447021484,185.565292358,18.1073970795,43.800994873,0.0336008000886
750,465.866088867,175.162597656,20.4583683014,58.0267944336,62.9317164421
750,92.5074691772,180.959182739,17.7936897278,45.1234779358,9.36430841684
750,360.220306396,195.879333496,19.9606399536,49.6321716309,4.83871772885
750,579.51763916,194.064102173,22.9293518066,52.2017097473,1.88720598817
750,346.577514648,108.562843323,20.9394226074,54.3417472839,1.31318755448
750,605.258972168,195.647094727,19.3014240265,48.1506233215,0.870915129781
750,524.438415527,185.637084961,23.3252315521,54.2341461182,0.777355302125
750,545.376281738,189.934326172,21.1017608643,51.1751823425,0.520808342844
750,81.745475769,187.80696106,16.6906471252,42.7411613464,0.309973745607
750,480.489746094,176.663101196,19.8948097229,52.7433357239,0.294493581168
750,328.482086182,198.043533325,20.3281364441,48.6061897278,0.244902330451
750,568.46887207,192.823165894,20.3954315186,52.0088233948,0.141260935925
780,468.485137939,175.174850464,23.4476947784,58.7664909363,78.8228273392
780,90.4834976196,179.038513184,16.8761196136,45.5786628723,5.75137324631
780,457.215179443,175.207321167,19.8699092865,55.6352882385,5.33869676292
780,581.226013184,188.040267944,20.1107444763,57.1601257324,4.17183376849
780,529.045471191,195.822677612,21.8362121582,44.8960876465,3.7991784513
780,359.000457764,189.460494995,24.6790714264,55.4531059265,3.10784410685
780,337.586639404,163.048721313,19.4808578491,55.3448638916,2.28332616389
780,543.483886719,190.317810059,21.9767837524,52.0470924377,0.767209986225
780,347.537445068,109.594093323,21.1339206696,58.2794494629,0.46813422814
780,331.628631592,189.284988403,22.2379608154,56.551776886,0.272887269966
780,349.677459717,158.310256958,16.3143043518,52.3692359924,0.224095350131
780,80.1006546021,189.694717407,17.6366767883,41.366317749,0.148470362183
780,68.0163650513,190.858398438,17.5273189545,40.7216186523,0.11085239239
780,484.140167236,56.8182220459,18.5783500671,40.7988471985,0.0518493005075
810,468.355255127,171.515991211,21.0774059296,58.9407081604,70.2874600887
810,359.446380615,195.39263916,20.2483596802,51.5912017822,9.85992625356
810,580.937927246,191.48878479,19.5143718719,54.853805542,5.95877766609
810,331.300567627,158.583267212,22.3692989349,66.6591567993,3.04306074977
810,346.277801514,110.20174408,20.144859314,63.5162200928,1.9281335175
810,86.6328430176,181.506393433,16.9653530121,43.1564216614,0.844501983374
810,306.238769531,178.918624878,17.4305686951,46.6255302429,0.638685002923
810,605.752258301,193.544921875,19.8768939972,49.6402549744,0.39106477052
810,557.550231934,196.156326294,23.630569458,48.0022621155,0.381105206907
810,327.323455811,193.134460449,21.340303421,56.9575614929,0.148494588211
810,68.2163696289,191.912490845,16.5457630157,40.4372749329,0.130392599385
810,316.289581299,175.494277954,24.7667007446,53.237575531,0.0547363364603
840,470.316558838,172.471237183,20.3382511139,56.7490577698,67.6865696907
840,359.672149658,195.88331604,19.3431034088,49.2033042908,26.4275729656
840,332.882537842,164.205673218,22.7645359039,66.6795425415,7.50108659267
840,533.918762207,193.32208252,17.9588222504,45.0555152893,2.12139841169
840,580.181640625,188.865982056,21.2354240417,54.5157775879,1.89020950347
840,346.503631592,108.832862854,21.0946235657,61.03723526,0.810509175062
840,455.900878906,170.883255005,20.2861728668,58.6224708557,0.749773951247
840,604.657287598,190.480163574,20.3700618744,51.4361572266,0.462805433199
840,487.957611084,175.039978027,17.6028652191,54.3412666321,0.283175590448
840,326.443206787,185.708724976,18.7420139313,57.2674407959,0.146386853885
840,550.723083496,188.959243774,22.5961532593,50.9642181396,0.118597073015
840,67.7241134644,189.864547729,17.081155777,42.1475868225,0.117976067122
870,464.523712158,175.901046753,22.1250324249,60.5113945007,95.3594744205
870,359.459564209,193.892715454,19.9852962494,52.1660728455,22.5136250257
870,330.382354736,164.797866821,22.5196781158,66.5063171387,4.19811047614
870,581.02722168,193.74079895,20.4472751617,52.5406761169,3.38503867388
870,560.744384766,85.7908706665,24.8206691742,70.5280838013,1.92871037871
870,343.931671143,110.928466797,25.1592311859,69.3828125,1.11925555393
870,85.6009902954,178.560806274,19.2502002716,45.2049980164,1.03258229792
870,603.954467773,192.669555664,20.3500747681,51.9321784973,0.825527776033
870,442.209320068,160.02394104,33.3199234009,77.9048080444,0.689913472161
870,549.928222656,190.556106567,24.0455932617,50.1402397156,0.126550090499
900,469.378509521,172.245651245,20.0287265778,48.5192260742,2.95190494508
900,457.811187744,173.298904419,19.9866847992,43.9412384033,1.39434672892
900,563.577026367,89.2755126953,26.8410053253,60.4798583984,0.771861383691
900,347.036102295,104.030921936,21.532289505,58.7294654846,0.238541583531
900,553.450561523,70.7178268433,22.4844818115,61.227481842,0.010665217269
900,67.4451370239,184.956893921,17.9912433624,45.827419281,0.0011416954294
930,461.151489258,184.093582153,21.4961395264,55.9895362854,95.094704628
930,306.929840088,181.094589233,19.0486717224,49.4118614197,3.67008559406
930,451.016326904,185.061782837,14.9298295975,49.5644569397,1.8366066739
930,474.449066162,177.188034058,23.9142665863,55.7522888184,1.40754310414
930,359.236083984,193.102233887,22.612991333,51.368396759,0.579554121941
930,347.452728271,111.239067078,20.9598255157,55.5379219055,0.300229084678
930,525.26763916,181.833602905,21.9525470734,56.6725578308,0.106180401053
960,359.860626221,199.786026001,19.8004417419,51.4748535156,3.20753231645
960,307.136993408,187.634078979,19.3136882782,45.9882545471,3.07831335813
960,346.819335938,107.481178284,21.5561847687,58.21043396,2.08413861692
960,331.848999023,161.339111328,20.9397754669,56.2982139587,1.60116627812
960,560.768493652,85.9645004272,24.3297595978,64.8479995728,0.803958903998
960,317.600860596,179.444946289,21.7683258057,50.6178741455,0.0730448344257
990,446.502197266,181.863815308,21.9470214844,56.3203773499,95.2829957008
990,465.244110107,177.856933594,21.4800052643,59.7610969543,13.9173164964
990,332.151824951,157.624786377,21.2231426239,56.1810112,4.02008928359
990,426.445526123,171.118392944,25.0124492645,66.7004470825,3.28077115119
990,9.24534893036,126.604652405,31.7927093506,58.8217353821,1.30503326654
990,346.706054688,107.79486084,21.3106174469,57.2056732178,0.801522377878
990,555.095458984,71.5538024902,27.8421726227,65.3887329102,0.067610637052
1020,415.879058838,185.102676392,40.6932029724,55.9284629822,91.1759257317
1020,357.54800415,197.219482422,20.6361789703,48.5660552979,14.4857555628
1020,307.22088623,189.429992676,18.6174297333,47.5820655823,5.62703944743
1020,462.553314209,182.455154419,21.0232143402,55.0836982727,3.83520834148
1020,445.131439209,186.99597168,16.7652263641,53.2700767517,1.73821356148
1020,344.244537354,105.864784241,21.0309448242,54.4465827942,0.985364709049
1020,331.316741943,177.363952637,23.7928543091,62.8005027771,0.938513502479
1020,559.147644043,74.4923477173,27.1345272064,64.1430282593,0.503268139437
1020,318.198455811,181.038925171,19.0777568817,43.0354042053,0.250134407543
1050,387.081878662,185.954879761,20.306848526,53.4726066589,96.7413961887
1050,412.239654541,189.464614868,19.5934677124,54.8687095642,95.7153260708
1050,466.634155273,169.452438354,26.4406986237,63.5518226624,41.5157049894
1050,305.692077637,185.606201172,18.9120731354,48.1024971008,6.87911733985
1050,372.594207764,187.001327515,19.5600681305,53.9282722473,0.884811859578
1050,337.387908936,157.690109253,19.7175998688,63.4342498779,0.599260628223
1050,345.653564453,104.156242371,22.4085636139,58.4807701111,0.175351009239
1050,328.746154785,183.890731812,20.5903759003,59.3432617188,0.116661784705
1050,421.571533203,164.546035767,27.7340908051,75.9814758301,0.01592484914
1080,392.995849609,190.709213257,19.3936634064,52.3057365417,96.7971742153
1080,375.919189453,183.973388672,19.2067985535,55.3691368103,94.7433531284
1080,471.771392822,168.740692139,22.9663314819,62.8327827454,47.1228301525
1080,338.103607178,183.439697266,18.2732563019,52.3250541687,25.0302046537
1080,306.474365234,179.433639526,19.0312709808,45.2642936707,10.5532482266
1080,360.981811523,186.12437439,21.0116977692,56.3971710205,7.26879909635
1080,451.11730957,144.307678223,32.5008430481,87.776725769,2.78178248554
1080,347.197509766,185.141281128,22.4029541016,56.5919303894,1.60676985979
1080,581.975280762,191.883529663,18.0576648712,52.2428398132,1.33482031524
1080,325.70199585,177.341552734,18.1333370209,55.2977333069,0.550480186939
1080,405.264923096,182.057128906,22.5988903046,57.4727325439,0.383993331343
1080,346.617828369,106.645957947,21.6885738373,57.3214225769,0.133419083431
1080,554.275085449,70.6018676758,27.9012889862,65.4234848022,0.0778643006925
1080,556.082641602,192.437988281,25.5862064362,47.7203559875,0.0505257165059
1110,364.608428955,183.727554321,27.018075943,60.5199623108,98.4152495861
1110,472.282104492,176.040039062,17.3087711334,52.6785774231,64.6544754505
1110,338.279998779,178.048294067,21.0823631287,55.7604026794,14.7046625614
1110,301.482299805,187.278747559,21.1140193939,47.4987335205,3.85351106524
1110,457.240356445,170.403549194,24.647819519,59.1824989319,1.3568919152
1110,383.796661377,189.109802246,18.7472286224,54.3425865173,0.861154310405
1110,346.203491211,104.866325378,21.9426593781,56.3509674072,0.48698107712
1110,579.035095215,189.562240601,21.6236057281,55.4223175049,0.387114845216
1110,325.197174072,182.80859375,19.6265010834,54.3203163147,0.239657470956
1110,554.921813965,71.6334991455,27.5781040192,65.0731887817,0.13458878966
1110,487.246124268,176.016372681,18.0418548584,52.9313087463,0.093366735382
1110,555.299743652,188.279800415,27.9280796051,50.2095832825,0.0742445932701
1140,368.039825439,187.399093628,25.1242618561,58.6754875183,94.4156229496
1140,475.967895508,173.305587769,20.9336090088,56.8216972351,53.4834742546
1140,355.467315674,188.735855103,20.0292720795,54.3028564453,11.072371155
1140,337.560180664,167.182357788,20.6377811432,58.4782676697,7.78239145875
1140,462.459106445,174.540405273,23.1639080048,57.9372558594,6.34527280927
1140,306.115600586,189.609298706,19.6620044708,49.1918754578,3.42494361103
1140,346.784545898,107.418617249,21.8916225433,60.8146095276,1.65408868343
1140,329.44317627,190.234603882,21.8178691864,56.0421180725,0.310401734896
1140,393.707885742,185.533981323,16.7494926453,53.7064781189,0.240000453778
1140,554.246826172,64.4344711304,21.258928299,51.9061889648,0.029229951906
1170,337.46963501,171.608718872,20.6821403503,52.9487800598,4.88097667694
1170,355.150634766,187.675827026,19.1125679016,40.0412216187,3.06341778487
1170,346.984375,107.329109192,20.6998329163,59.0108299255,0.611542304978
1200,140.206497192,124.205299377,33.166721344,77.7812423706,39.8520201445
1200,427.537078857,116.440612793,34.223903656,103.913909912,36.637404561
1200,133.956298828,222.426925659,25.0592727661,59.7484092712,32.8620523214
1200,558.903198242,84.2680892944,37.7779350281,110.971214294,9.8281763494
1200,355.446044922,195.511779785,29.159040451,66.3630142212,3.93197238445
1200,162.91305542,219.909713745,20.2815532684,56.7465248108,2.69184857607
1200,125.654571533,144.32371521,60.9207305908,135.244445801,2.02794447541
1200,449.620697021,204.846572876,22.5143070221,58.0731201172,1.97803135961
1200,313.936004639,149.557022095,30.3185501099,51.0632286072,1.76985375583
1200,179.997970581,216.811386108,25.7990436554,51.0305290222,0.951260142028
1200,217.866577148,131.909896851,27.4382629395,61.702091217,0.52713775076
1200,184.904281616,140.232803345,16.8699970245,46.7816467285,0.320458598435
1200,126.246696472,31.997177124,32.4661521912,61.0761299133,9.56973593702e-06
1230,605.020812988,144.960403442,18.1880817413,45.1961669922,0.712174037471
1230,332.308746338,106.327430725,25.601348877,72.5465927124,0.295048137195
1260,565.922790527,73.0587081909,21.4591999054,61.6489448547,0.0247560848948
1290,473.943145752,183.691665649,20.6701030731,59.1262207031,83.4725379944
1290,604.932128906,93.3648071289,19.8947582245,59.5514411926,1.77342705429
1290,566.393920898,70.603263855,20.974697113,59.4532318115,0.112086918671
1290,549.366271973,200.45463562,18.7947406769,48.1813812256,0.104030047078
1290,494.146331787,185.038955688,18.2145328522,53.9999542236,0.0888530223165
1290,484.104125977,56.7424354553,18.869184494,41.1379013062,0.0335074408213
1290,176.309463501,220.678222656,34.7878379822,75.33543396,0.0287543836748
1320,416.523193359,188.234481812,19.375787735,57.1385154724,86.0717236996
1320,521.621032715,71.9742889404,27.0289936066,68.6632385254,1.60583723336
1350,250.836227417,100.267303467,22.0381946564,58.6693267822,2.56049185991
1350,550.338439941,194.58782959,26.7153625488,64.4334640503,1.57033205032
1350,98.3335952759,41.5959510803,20.465970993,45.8734550476,0.730660604313
1350,120.24861908,37.3965797424,19.2507801056,46.4690055847,0.315733626485
1350,66.6526412964,158.328903198,32.3480224609,78.6072158813,0.191836443264
1350,143.599899292,45.7793426514,18.3910121918,41.8964118958,0.11129550403
1380,579.271057129,171.496139526,40.9556465149,103.856315613,17.7995458245
1380,497.524414062,123.473625183,26.0329113007,45.0949859619,15.2900710702
1380,125.032066345,132.139266968,41.3834075928,102.223564148,8.38790088892
1380,291.532928467,174.701721191,36.7648506165,96.48046875,4.73874136806
1380,337.852020264,109.202270508,40.4952774048,92.8349990845,4.64304275811
1380,125.894615173,172.28527832,21.9114322662,55.5612602234,2.41821091622
1380,514.275634766,118.606132507,18.9628124237,48.4038848877,0.423010112718
1410,53.3278007507,109.193580627,32.4743652344,91.6840820312,20.4307243228
1410,178.691482544,193.120651245,32.5210952759,78.5425262451,16.0181760788
1410,69.4330444336,108.019432068,21.2797527313,53.6314964294,0.249319430441
1410,45.5229072571,179.040054321,21.2492752075,61.5000038147,0.108134641778
1410,568.484008789,195.039611816,27.8584289551,64.8846206665,0.0397498632083
1410,590.445800781,196.941040039,21.5699634552,63.4761352539,0.0226570424275
1440,611.669616699,185.38243103,17.6524562836,50.4938163757,13.6202886701
1440,557.388244629,171.808532715,16.9000415802,47.2415657043,8.39763879776
1440,522.106079102,152.823883057,23.3782119751,83.0869369507,8.11015889049
1440,579.200439453,172.717651367,19.807390213,54.2549133301,6.34085759521
1440,541.134216309,161.372177124,22.4194087982,65.5107345581,1.4398063533
1440,515.832336426,189.682357788,19.1099205017,52.3310852051,0.919408909976
1440,495.637420654,154.088378906,30.5268878937,74.891242981,0.536126410589
1440,598.10168457,176.589157104,19.8726577759,50.9682579041,0.289650587365
1440,386.755218506,191.408096313,18.8349704742,50.5522499084,0.158075802028
1470,444.144165039,149.284133911,22.0398235321,64.7867431641,34.4959884882
1470,554.537475586,177.705734253,17.5824127197,48.5661354065,13.3012577891
1470,490.154907227,170.990524292,22.1376876831,59.5608940125,2.9567675665
1470,529.664489746,162.970092773,22.8255252838,58.1347541809,2.90133003145
1470,511.544525146,171.670959473,16.8955841064,48.1560630798,1.4114741236
1470,462.257446289,144.629501343,28.9298782349,82.1159591675,1.12665789202
1470,568.923522949,173.649169922,17.5886631012,54.4112358093,0.818551890552
1470,605.680541992,179.864334106,18.7494449615,50.5897636414,0.356579083018
1470,509.47567749,95.809928894,24.716255188,60.1768035889,0.0785215524957
1470,582.487060547,178.434509277,23.7563781738,51.381893158,0.0683315272909
1470,522.697875977,64.3037338257,31.5952453613,84.4512252808,0.0514071260113
1470,155.814346313,175.144226074,19.9611568451,52.5707130432,0.0502597657032
1500,613.011657715,167.802612305,17.0626468658,52.1672668457,53.4516215324
1500,530.085266113,168.778686523,19.5205478668,54.2188682556,40.0075018406
1500,439.653076172,118.394622803,22.6216983795,70.7907333374,37.7816230059
1500,546.145935059,150.918136597,22.1868362427,64.4038696289,16.1525025964
1500,463.692504883,118.111961365,21.7027301788,66.9739837646,12.8522530198
1500,385.490509033,166.834823608,21.9826068878,59.8922538757,10.6657557189
1500,517.157958984,149.473510742,25.8308162689,86.1148376465,1.67489163578
1500,497.893798828,167.332565308,20.3282184601,57.739730835,1.57488267869
1500,560.049377441,64.43775177,25.3818950653,56.3577537537,0.823647156358
1500,542.606018066,64.6016769409,23.0351238251,57.3990020752,0.13663865393
1500,541.147583008,72.2251815796,47.1781616211,144.352676392,0.116471538786
1500,493.098480225,102.95136261,30.0528182983,99.9555435181,0.111537706107
1500,582.778869629,59.1126670837,22.4841251373,51.3808784485,0.0165483463206
1500,502.068450928,44.1035499573,44.0616340637,92.8387756348,1.37040454939e-10
1530,457.04699707,103.407463074,31.6163692474,85.1062011719,52.0706176758
1530,416.436645508,165.702957153,34.5680389404,75.8463745117,31.8280190229
1530,560.667541504,153.252059937,22.928735733,69.3715057373,17.4227803946
1530,580.099609375,144.386520386,20.2580986023,70.971031189,7.52871334553
1530,47.1557121277,174.475357056,22.7881183624,52.4907112122,4.23327237368
1530,558.403808594,193.841079712,26.704782486,55.8681793213,0.736699765548
1530,592.933166504,152.006637573,22.9601802826,65.4360733032,0.603349180892
1530,530.285217285,141.416000366,20.0118274689,54.6213493347,0.458919955418
1530,68.6528091431,175.647216797,18.223739624,45.1448707581,0.279038399458
1530,540.442443848,152.345825195,19.8573951721,52.3790626526,0.187650439329
1560,505.957305908,138.57989502,64.4710540771,155.243362427,90.5142605305
1560,547.103210449,153.159866333,21.7727050781,89.3050460815,40.8025562763
1560,612.757385254,45.205493927,19.087644577,52.1720542908,22.2936213017
1560,11.5642118454,178.677612305,19.8265209198,46.4253959656,20.7259044051
1560,498.815093994,89.8906326294,36.3104553223,90.1848754883,3.00588104874
1560,587.771484375,149.869812012,21.880487442,59.0077819824,2.99838092178
1560,147.44229126,144.109603882,18.8528652191,57.7763671875,1.13149425015
1560,158.247970581,144.857727051,17.0460224152,53.4431266785,0.983211118728
1560,449.556976318,158.753036499,18.6522121429,50.4169616699,0.169724028092
1560,475.149627686,152.515731812,16.9277324677,49.7374076843,0.113145879004
1560,167.218536377,148.780441284,19.247171402,50.1440391541,0.0612521660514
1560,463.797576904,151.500427246,17.3801860809,46.4756202698,0.0341690523783
1590,579.85333252,162.669326782,21.7759952545,52.8221282959,20.1183691621
1590,553.355773926,152.977096558,19.8977050781,58.4914855957,15.6439587474
1590,613.382568359,149.760635376,23.5410747528,68.2222213745,4.10153344274
1590,27.2449645996,181.684280396,22.4088611603,46.7766876221,2.25608479232
1590,571.170227051,164.075424194,16.8443527222,51.9918556213,2.13878527284
1590,373.848968506,176.817367554,24.0854892731,71.6154098511,2.00127605349
1590,441.724243164,230.559280396,23.2246265411,44.8039970398,1.90619993955
1590,137.417663574,155.273452759,23.2280406952,58.6468162537,0.347081176005
1590,361.134399414,147.745574951,26.1145858765,65.2429046631,0.213785259984
1590,562.428283691,46.4453468323,28.2221736908,59.5220031738,0.132147350814
1590,5.7917265892,41.3891830444,32.8247299194,79.7040557861,5.20067864329e-06
1620,137.742874146,132.097824097,17.753660202,62.0780754089,2.73196604103
1620,601.577453613,276.745513916,28.7502193451,69.8553924561,2.24233996123
1620,368.276092529,133.00201416,21.2764873505,65.0392379761,1.77459400147
1620,111.753761292,160.091140747,20.6520004272,49.6376152039,0.110374530777
1620,449.942474365,137.686813354,37.3432693481,98.3459091187,0.0918240344618
1620,429.655181885,95.4135818481,24.856552124,67.7072372437,0.0085326966655
1650,446.312713623,153.745681763,18.6878585815,50.5056610107,12.7727746964
1650,464.384857178,145.548599243,14.837477684,50.861907959,4.69785146415
1650,137.637695312,123.078796387,22.8828430176,73.0617752075,3.05256322026
1650,253.812362671,149.495437622,17.5318984985,46.569519043,0.849160458893
1650,481.170654297,160.569946289,26.5201396942,56.3352355957,0.562327215448
1650,68.0074539185,167.216934204,18.9189186096,44.2591438293,0.330871972255
1650,598.005859375,50.9827423096,29.1558303833,81.6401901245,0.310668675229
1650,158.951049805,140.350601196,20.2649402618,55.2180213928,0.123311451171
1650,472.533172607,148.995239258,16.2290019989,50.8355369568,0.112500600517
1650,112.832397461,133.665145874,27.9800167084,64.3391647339,0.0999818556011
1650,468.174957275,60.1189994812,36.147808075,77.2369155884,0.0784335890785
1650,21.7313137054,159.785095215,23.4041976929,60.7329597473,0.0660191581119
1650,580.956542969,69.03099823,28.1358470917,80.1807022095,0.00150575961015
1680,495.790924072,162.748352051,22.759267807,57.9196357727,40.7643765211
1680,613.382507324,150.765777588,17.9616260529,53.27602005,26.1312991381
1680,451.837738037,162.796737671,16.3856983185,47.9023017883,15.2564004064
1680,531.899963379,148.589523315,23.6050434113,54.0465507507,8.46366286278
1680,88.2354812622,155.839599609,23.6857452393,47.3634033203,1.62047054619
1680,574.509277344,143.682235718,17.6418838501,48.5388145447,1.53976175934
1680,549.659057617,36.0360603333,38.2536811829,80.3720016479,1.32595151663
1680,436.142089844,154.550094604,19.568031311,53.9313087463,0.496502267197
1680,506.001831055,154.133712769,20.7094516754,45.6356811523,0.448700552806
1680,558.188354492,165.166259766,22.3779735565,63.7012634277,0.336948782206
1680,546.700378418,161.721801758,20.342924118,53.9367713928,0.247949245386
1680,318.620697021,150.978561401,20.1539726257,48.3540458679,0.149711442646
1710,587.868530273,177.51890564,25.496881485,72.6112213135,96.881633997
1710,14.5221748352,179.619949341,19.1202106476,48.571346283,63.0658209324
1710,491.916229248,162.381515503,20.5060634613,57.1790618896,24.8188331723
1710,504.453521729,169.812667847,24.0353469849,58.1147041321,8.46535116434
1710,618.237243652,185.036193848,15.6696119308,57.1551551819,4.87700998783
1710,542.010131836,38.8837356567,20.503900528,52.9790916443,3.14034894109
1710,541.702209473,151.212646484,19.1219177246,50.7197608948,0.718821678311
1710,320.844970703,165.296554565,20.1407604218,42.1352386475,0.622883811593
1710,442.932983398,171.180557251,16.8175506592,45.5537834167,0.395911652595
1710,480.052124023,170.05116272,18.0107440948,50.704574585,0.0461103743874
1710,338.658538818,160.79258728,18.4564723969,43.3284301758,0.0292712880764
1710,78.7581100464,143.112136841,26.4561233521,62.1262168884,0.0135563954245
1740,600.514099121,159.161483765,29.5427379608,80.8514633179,4.83916811645
1740,558.898742676,152.915878296,23.7062244415,66.8520431519,2.55841091275
1740,251.641784668,159.686126709,19.5192584991,46.4283638,2.04836335033
1740,349.442962646,154.937973022,18.7963008881,45.6391029358,0.688548199832
1740,324.523345947,157.156204224,17.5193653107,48.2523155212,0.667680706829
1740,333.606842041,152.450927734,24.9925842285,49.7548065186,0.612303940579
1740,431.592285156,154.667388916,16.9647483826,41.5560150146,0.162594753783
1740,40.1090774536,160.790252686,25.1074771881,47.7749176025,0.0564481539186
1740,580.46472168,102.650115967,30.8125534058,94.5673217773,0.0120798264106
1770,364.918548584,154.765304565,18.0437107086,48.5820159912,18.5631677508
1770,457.459686279,141.484115601,17.2679195404,47.8370666504,2.64648851007
1770,257.465270996,153.607421875,17.7512226105,43.9114952087,2.19839233905
1770,469.144195557,143.129135132,15.6358880997,45.1744651794,1.29274409264
1770,425.107086182,149.99949646,20.7149066925,56.5203208923,0.972591340542
1770,87.5835952759,100.121520996,30.1232223511,80.7886199951,0.672719208524
1770,328.46887207,156.888961792,19.3787231445,46.1991844177,0.530453072861
1770,478.286102295,146.162963867,15.5567331314,42.3224563599,0.225784513168
1770,439.136962891,135.092346191,21.909204483,59.7928466797,0.219918577932
1770,382.310821533,149.306640625,16.8341236115,48.9604492188,0.0176335335709
1800,396.150848389,156.960159302,24.6483707428,58.4700889587,62.0496869087
1800,492.442657471,140.875244141,20.4398517609,64.0928497314,35.3672862053
1800,425.148468018,160.818588257,17.4011058807,44.6745872498,20.9134504199
1800,504.707641602,144.062911987,17.9778690338,54.1308937073,7.6783426106
1800,467.888916016,118.821144104,24.1204509735,88.4984054565,3.38485836983
1800,515.746765137,146.366073608,17.7919006348,53.2111701965,2.05330550671
1800,411.299957275,159.251312256,23.6856555939,57.3248443604,0.758103234693
1800,332.008392334,151.546829224,17.8325538635,48.8850898743,0.370105262846
1800,440.052642822,155.880447388,17.6172218323,48.7902679443,0.280846469104
1800,166.334457397,156.358062744,20.4846553802,51.813205719,0.14548948966
1800,560.069213867,171.584060669,20.1899452209,49.4891777039,0.14383419184
1800,147.362533569,159.556991577,17.7860641479,46.8012733459,0.0438130053226
1830,591.651123047,164.580444336,29.5293827057,65.3864746094,52.4631977081
1830,494.748382568,151.149536133,18.2142982483,57.0024108887,24.1599440575
1830,469.976928711,134.325393677,19.7493457794,62.1457519531,9.4298876822
1830,526.094055176,158.885498047,28.3100261688,64.6751327515,6.91277608275
1830,10.029961586,49.9007377625,21.7717514038,60.2135162354,3.49124670029
1830,550.910766602,160.495452881,20.1340446472,52.428604126,2.13320180774
1830,610.280090332,179.654769897,17.4608402252,53.8460388184,1.53887374327
1830,517.390319824,157.093521118,20.2095890045,58.2689666748,1.16755319759
1830,65.7028121948,162.596786499,20.0113010406,45.5018920898,0.525232451037
1830,153.112762451,168.974899292,24.8199710846,48.9760398865,0.161692488473
1830,410.065460205,150.739120483,17.7686710358,44.4524650574,0.150983931962
1830,567.421203613,164.536819458,20.6057281494,57.0295982361,0.149787601549
