30,398.245574951,194.639938354,24.9988098145,67.5285873413,31.4268946648
30,419.812530518,181.639038086,30.8817214966,83.7005996704,18.9313814044
30,494.205963135,140.269638062,25.1592159271,71.5300521851,5.23279346526
30,619.345031738,190.594543457,15.2894029617,52.8665466309,2.09550969303
30,616.556945801,131.999084473,17.0470561981,49.2462654114,0.72966129519
30,412.746673584,143.435943604,20.9410362244,57.1397514343,0.341089256108
30,363.031036377,179.361816406,16.9495830536,56.9745025635,0.312908785418
30,497.000640869,70.6400680542,21.6276760101,51.2908325195,0.171562039759
30,605.303222656,134.036071777,19.0844669342,49.2135925293,0.0307342619635
30,419.094207764,29.7582874298,22.7333145142,66.7586746216,0.000103175591448
60,19.040014267,174.794311523,19.2104167938,52.675567627,8.48761126399
60,489.019073486,206.976730347,32.2465591431,96.0814437866,1.15967867896
60,489.632293701,109.329856873,20.439912796,62.9638633728,1.00627038628
60,517.818481445,255.051391602,30.5371837616,69.3633117676,0.056895025773
60,510.859619141,120.446289062,27.7068042755,95.3244018555,0.0496980559547
60,576.780944824,205.021621704,30.4017047882,77.7927398682,0.0361978309229
60,500.13684082,74.3479919434,20.7730693817,57.6907806396,0.0250741490163
60,418.462799072,115.280601501,21.7871837616,58.7731781006,0.0124328405946
90,423.37991333,182.577087402,22.1465072632,48.6125030518,5.63542060554
90,448.925628662,132.286270142,22.6153049469,67.0585327148,1.82706229389
90,613.600402832,121.096839905,19.4833946228,51.5618400574,1.63658969104
90,595.155456543,287.238647461,28.7990188599,65.8089981079,1.38503760099
90,452.066894531,74.089805603,24.2780361176,73.7521514893,0.268567004241
90,460.959259033,118.125030518,20.4134807587,56.1835174561,0.0699971977156
90,98.5791931152,175.092605591,18.5724086761,50.3499603271,0.012772543414
120,428.443572998,180.864944458,22.4485301971,60.370464325,92.6444411278
120,275.652984619,159.305984497,21.4086990356,61.5845336914,4.20212261379
120,590.757019043,112.628265381,26.5534801483,67.4412002563,2.77742594481
120,416.191558838,179.885726929,19.3736438751,62.093536377,2.16438826174
120,479.458282471,166.901626587,18.3768386841,48.6916809082,1.98594853282
120,315.375274658,160.4609375,18.3556919098,54.7044677734,0.386447203346
120,322.125762939,162.156661987,27.4925231934,66.1725463867,0.382354808971
120,491.084228516,167.975036621,23.773399353,50.4391174316,0.183582562022
120,567.101501465,147.544570923,19.0240497589,61.6918983459,0.132996367756
120,410.043060303,33.8968238831,31.7667560577,78.4143981934,0.0191733721294
150,204.245300293,154.662063599,23.5806560516,64.6636581421,22.7794840932
150,529.137451172,38.6031341553,27.7427883148,66.442527771,9.96216833591
150,113.12613678,158.172470093,25.686372757,56.1976776123,6.71302601695
150,326.152679443,141.592391968,19.6268520355,58.4603233337,5.62049262226
150,350.720123291,103.325042725,19.5553874969,55.3782196045,2.46892217547
150,463.065338135,164.955444336,27.8465824127,65.0491867065,1.95919331163
150,375.279174805,186.083236694,21.7494869232,51.7300567627,1.72732919455
150,351.303497314,195.744766235,28.6399059296,67.4040679932,0.817152671516
150,364.669403076,40.3762702942,20.9621753693,65.3837051392,0.35017800983
150,317.803649902,125.135887146,21.5680217743,47.9710273743,0.085936189862
150,307.205230713,91.4657287598,20.9514560699,55.8125190735,0.0699930416886
150,321.666229248,77.0094680786,19.965341568,55.5591239929,0.0537003099453
150,334.137145996,71.5001525879,22.8177547455,66.576133728,0.0343698629877
150,481.641265869,178.088272095,19.4895496368,47.2384147644,0.0157547096023
150,364.141326904,100.814483643,21.0941314697,53.4125518799,0.00325416003761
180,479.368377686,144.428619385,20.0097827911,59.5720481873,41.8583959341
180,285.90612793,168.37953186,18.793970108,47.3201904297,25.6651669741
180,539.263122559,30.2797107697,21.7917575836,67.4322128296,23.0115875602
180,272.017700195,160.670181274,19.4488983154,55.1877632141,1.3169625774
180,536.555969238,135.71836853,38.3634033203,120.930297852,0.622558221221
180,380.521972656,77.6197738647,23.0565567017,66.5169906616,0.605684192851
180,294.013458252,145.112426758,23.2188892365,60.8604393005,0.378879182972
180,489.424346924,144.303771973,25.2388629913,60.2765808105,0.172026583459
180,449.331817627,58.7887611389,21.1998176575,55.1875915527,0.102904508822
180,439.902557373,74.8910751343,26.3673400879,69.6480331421,0.102363224141
180,504.989501953,146.535110474,20.5564174652,53.0138130188,0.0848589057568
180,426.02444458,80.7963943481,27.069190979,54.942440033,0.0295501988148
180,391.487213135,70.8627548218,22.1028289795,55.2085151672,0.016734052042
210,387.426727295,174.358627319,20.4503536224,51.9206542969,47.7193683386
210,577.226013184,44.4811210632,26.5062026978,67.62550354,41.2468522787
210,366.35067749,172.635253906,19.9615840912,56.2192382812,4.24210838974
210,364.555145264,126.705863953,22.1372966766,69.2890548706,1.82746425271
210,609.53503418,56.7340202332,17.1956310272,52.8471336365,1.20929889381
210,401.625213623,170.310562134,21.8940486908,49.4596061707,1.07830744237
210,452.764007568,165.45085144,16.2153835297,52.6680145264,0.802527461201
210,355.054840088,149.599685669,22.1269245148,79.6839523315,0.499626481906
210,594.143127441,53.1735229492,18.5108108521,53.6746635437,0.168573309202
210,339.939788818,173.017044067,18.2131786346,54.8074607849,0.133649399504
210,564.459228516,52.5917778015,20.3311710358,49.2655792236,0.0481487135403
240,568.892272949,160.933944702,29.9220905304,105.298736572,36.1320912838
240,600.500061035,151.537307739,26.5892086029,83.1043243408,28.9945989847
240,338.383026123,178.043289185,29.7854175568,53.7297935486,24.2323622108
240,288.094848633,182.494384766,21.3633823395,61.5119476318,12.4192588031
240,267.967590332,189.723434448,18.2848339081,46.1681518555,5.42970336974
240,306.143951416,119.309776306,28.8390750885,100.668693542,5.38887903094
240,320.503204346,176.460128784,23.1663417816,61.6522865295,3.97657863796
240,611.333190918,49.7810058594,17.586391449,52.9467582703,3.73427346349
240,578.255981445,41.8892326355,26.4814605713,57.0973854065,3.00103276968
240,614.743835449,145.890670776,18.1032562256,52.3661346436,2.84637566656
240,529.525817871,120.887275696,28.6078796387,71.0856323242,2.33440883458
240,460.396636963,127.716064453,18.5622005463,59.506275177,1.8315102905
240,300.435852051,177.980148315,20.4883213043,61.1383323669,1.59560181201
240,587.857910156,175.020309448,24.0542221069,67.1455459595,0.792905129492
240,485.943389893,51.2668762207,20.4401893616,58.4376182556,0.621217628941
240,358.593139648,179.793075562,18.7758846283,51.1349220276,0.457485998049
240,400.028442383,180.102050781,19.0498981476,50.19190979,0.209598662332
240,467.608184814,59.7423667908,22.9043273926,47.779460907,0.0928565103095
270,606.554931641,151.255554199,22.8364162445,55.4645690918,41.4768636227
270,270.850219727,155.249008179,26.7881145477,67.7976608276,7.85769969225
270,16.9315090179,182.469985962,30.8799514771,55.3525085449,6.99298083782
270,146.439544678,40.6475791931,24.4323291779,55.2638092041,2.43101026863
270,39.2543144226,77.5008468628,30.1625003815,70.1454391479,0.230816379189
270,183.329818726,49.2519035339,21.7050266266,53.7998924255,0.219105789438
270,160.77897644,33.47397995,24.077173233,57.886516571,0.0959665048867
270,403.195922852,168.257461548,34.3445549011,93.3266906738,0.0506348034833
270,289.353302002,26.2284240723,21.3559780121,53.7933769226,0.0213242557948
270,267.086181641,29.9362792969,37.8096427917,74.6364440918,0.000774032832851
300,242.562179565,157.076065063,18.8821849823,51.537979126,14.3959566951
300,380.506561279,73.990852356,30.059469223,62.1772270203,4.36081327498
300,223.671081543,148.922866821,21.8800754547,58.5127449036,2.52811890095
300,141.821228027,139.937393188,26.8761901855,65.7433700562,2.21116226166
300,167.65953064,63.1442871094,20.8561286926,47.6389732361,1.05494754389
300,459.911254883,189.514694214,22.6611804962,51.7292327881,0.65515851602
300,377.644378662,146.60144043,19.2567386627,55.6611213684,0.361748086289
300,168.532440186,153.701843262,21.0860366821,53.1877784729,0.321338092908
300,522.356689453,183.250686646,26.7534580231,54.6512260437,0.305098807439
300,253.48399353,151.712844849,19.7449398041,55.5592842102,0.300917867571
300,578.520385742,155.251922607,19.9436969757,50.7048149109,0.217613182031
300,397.168304443,73.4235153198,19.9310932159,47.0652160645,0.153189187404
300,339.670806885,51.3584747314,20.2874069214,52.4706306458,0.0482241186546
330,467.451080322,220.350784302,20.1873645782,45.4798316956,20.2551648021
330,603.053466797,200.253967285,22.7402267456,65.5345611572,12.8797888756
330,215.237075806,198.522628784,20.0764980316,53.9897346497,5.64477071166
330,475.328887939,203.781570435,22.322675705,52.9032020569,2.2169534117
330,114.442970276,148.749038696,22.425201416,51.8034248352,0.875638704747
330,457.729980469,225.430236816,20.8989963531,53.9208106995,0.361286033876
330,312.864593506,156.921859741,19.088218689,51.592590332,0.116575299762
330,487.339141846,216.434082031,20.4833240509,47.1496772766,0.111861166079
360,189.684951782,203.825561523,19.3165302277,50.5513572693,6.8424500525
360,201.811416626,197.496704102,20.6958179474,52.7930183411,0.131211173721
360,412.207763672,201.724197388,20.0257930756,46.7158660889,0.123433303088
360,135.314163208,131.873718262,21.1513233185,52.6582221985,0.104600004852
360,562.360168457,146.306152344,19.4172382355,72.1819992065,0.0155002097017
390,417.544311523,176.456619263,22.0919475555,71.3770751953,4.46329265833
390,564.377624512,201.286636353,20.0955848694,42.8515281677,0.730996858329
390,295.976593018,183.432266235,19.8122024536,54.1980552673,0.0463420961751
420,389.974243164,185.507614136,19.9154529572,63.6075744629,7.99071267247
420,370.922454834,120.728721619,22.9002056122,67.0681686401,1.06468936428
420,373.004302979,169.882156372,21.290063858,75.3954696655,0.505601614714
450,73.8562240601,162.178344727,22.8734455109,53.4462585449,24.1014122963
450,372.928344727,151.114425659,24.4963970184,92.884223938,16.5280237794
450,405.621948242,190.295394897,22.2186756134,58.6248054504,2.76099015027
450,376.453765869,104.63028717,23.5927200317,70.6066207886,0.766069674864
450,558.41192627,190.772583008,19.8206958771,54.3139457703,0.42031169869
450,232.452819824,187.039077759,20.8778095245,60.1043243408,0.156551005784
450,574.667419434,198.910354614,19.7623996735,45.9995155334,0.0938538461924
450,93.7579879761,98.5764160156,18.9868812561,47.3201179504,0.0491408864036
480,29.9249649048,115.000244141,31.3762149811,99.5650558472,25.3908246756
480,385.197601318,140.446182251,33.8743247986,100.936271667,3.43955531716
480,613.347229004,180.400588989,13.9806318283,49.6271018982,3.28655838966
480,449.734527588,186.201156616,19.8837070465,59.7993507385,2.2337153554
480,583.38861084,191.147598267,28.6367969513,68.6447067261,1.19967572391
480,376.919891357,148.33102417,19.873342514,61.2499046326,1.19030307978
480,66.8918991089,83.0440673828,21.214925766,53.8398246765,0.758213782683
480,393.785003662,82.4506530762,23.2320537567,74.2010726929,0.583610404283
480,64.8734664917,176.959732056,21.0721626282,54.7682304382,0.356338918209
480,16.3648090363,131.757522583,27.6988296509,83.0212554932,0.17697600415
480,445.168823242,154.69744873,21.5758285522,61.9558906555,0.0981774181128
480,249.39050293,167.433273315,20.0814189911,54.060634613,0.0397349649575
510,506.690917969,147.140274048,20.4899215698,56.7788848877,21.258559823
510,535.68170166,161.082443237,19.9193820953,61.8690910339,19.9113219976
510,423.108734131,191.993164062,22.0872650146,63.7692604065,9.46273431182
510,523.984130859,149.707015991,18.6975402832,60.1343193054,8.1345461309
510,507.807250977,158.65586853,33.8175010681,93.0905380249,5.43700121343
510,257.938690186,170.544830322,17.5521011353,52.9808616638,3.70689481497
510,245.208862305,166.419021606,17.9644584656,58.6597175598,2.48787458986
510,406.163482666,156.143295288,31.4678249359,98.8990707397,2.44595501572
510,580.724182129,262.390991211,30.0100383759,53.2926216125,1.97111833841
510,558.534240723,249.122848511,28.4150371552,61.386516571,1.49962650612
510,429.963775635,152.645523071,29.7940311432,89.4224624634,0.890499725938
510,396.905548096,141.006134033,20.1216468811,61.8182945251,0.542598217726
510,229.458938599,162.719299316,24.5359783173,72.3814697266,0.517316395417
510,31.1698856354,75.6225967407,19.50141716,55.908290863,0.191184680443
510,406.538421631,125.008384705,20.8961601257,63.1053504944,0.0427200255217
540,466.713012695,149.38671875,38.8431053162,142.064041138,43.6186134815
540,547.172790527,201.371383667,37.8766937256,102.157371521,22.0464423299
540,491.262207031,147.52746582,57.5437431335,141.756149292,6.8918839097
540,459.382720947,189.009033203,27.3530197144,87.3142929077,5.21842725575
540,441.523925781,185.172714233,28.0272827148,74.9388885498,2.83437240869
540,506.426513672,192.639953613,27.0249862671,78.0578231812,2.42298599333
540,570.784362793,202.317504883,41.2152748108,125.614776611,1.70742385089
540,544.002197266,207.959960938,22.7074985504,60.0733451843,0.804901402444
540,86.5211486816,210.983566284,32.0182151794,84.089553833,0.272232410498
540,435.315307617,128.87046814,20.4569454193,60.7393913269,0.12845605379
540,489.337860107,109.286277771,30.591545105,75.3687973022,0.100048747845
540,520.02532959,196.709350586,33.1177864075,77.900138855,0.0743712240364
540,430.110473633,166.711471558,24.3436069489,64.850112915,0.0661682919599
540,504.918060303,79.5302047729,31.6921443939,86.4040908813,0.0341361854225
570,585.57800293,253.262634277,31.5979595184,78.109046936,0.837309006602
570,560.854797363,175.173019409,55.0011749268,139.674972534,0.65805898048
570,569.41619873,199.296264648,20.9121055603,68.3484802246,0.281766545959
570,384.248504639,155.352493286,21.5500164032,51.9047203064,0.0947707274463
570,254.438354492,175.323257446,18.9315624237,51.2982330322,0.0218449815293
570,174.782363892,107.654144287,20.2829990387,72.3273544312,0.00253845446423
600,310.278503418,184.88659668,21.7286758423,55.9246063232,0.344361155294
600,243.644607544,178.672195435,27.4439697266,69.0967407227,0.055412488291
600,403.896026611,195.872909546,21.4099826813,48.6931648254,0.0190945676877
600,154.854278564,95.7154541016,23.5172367096,72.6138458252,0.00877895072335
630,213.247634888,174.699035645,15.5469083786,43.0648460388,27.059802413
630,131.761520386,185.788040161,17.7524013519,41.1874389648,14.5758211613
630,392.227294922,187.209243774,20.5130329132,49.539226532,9.13356244564
630,50.6537284851,195.647216797,25.8268184662,47.296962738,2.50383205712
660,82.9337081909,181.171707153,20.5297603607,52.2347221375,96.5913176537
660,364.533172607,187.414047241,22.1766986847,51.9400062561,2.60368622839
660,153.194030762,154.894760132,22.943239212,64.4823913574,1.47725464776
660,198.197097778,165.35774231,20.1275959015,53.1019325256,0.0956097559538
660,99.3823242188,176.445663452,17.048582077,52.2794189453,0.0767786521465
690,18.0414390564,178.833969116,23.1627979279,62.4627113342,99.0371346474
690,407.61831665,194.807067871,20.8497524261,54.9187316895,1.43873998895
690,9.2969865799,181.377319336,16.3357906342,49.5236549377,0.309026334435
690,338.927459717,183.136917114,26.4302997589,53.6402587891,0.118675362319
720,34.0930747986,182.861755371,19.7940788269,53.4760856628,6.13647848368
720,183.484130859,183.809707642,20.2379798889,39.459690094,2.87236683071
720,226.641433716,173.270935059,18.5990943909,48.7524757385,0.436309119686
720,353.789886475,174.467895508,28.3694667816,61.4146232605,0.38178965915
720,67.5096969604,54.2543449402,30.4792709351,99.552696228,0.112161412835
750,7.68401765823,180.420150757,18.8370037079,50.7577552795,4.03315387666
750,238.086776733,163.094284058,20.0784931183,54.9950714111,3.01486067474
750,19.2113761902,183.808105469,18.2598342896,52.3204345703,0.734651461244
750,34.3706245422,183.458786011,20.876909256,51.0265235901,0.494274171069
750,57.9192619324,110.672645569,25.6811161041,84.9368438721,0.454742182046
750,189.813064575,174.8828125,21.3705844879,46.3090629578,0.224228715524
750,427.812713623,136.679275513,21.9144573212,54.4771385193,0.0575232144911
750,77.0175247192,116.335090637,20.9745292664,52.4517478943,0.0414207112044
750,45.8740882874,29.7691440582,40.3275642395,130.659378052,0.000131292347305
780,373.688201904,169.7525177,26.1777324677,69.0525817871,1.84435620904
780,389.96572876,182.595565796,19.9506530762,65.1867980957,0.203997129574
780,228.050491333,161.458938599,18.5109233856,59.7350158691,0.0965231563896
810,413.265533447,181.427490234,21.3115177155,72.358291626,1.67037583888
810,140.562576294,30.9798030853,25.4865818024,68.507194519,0.00339239231835
840,206.027099609,135.523117065,24.1798782349,74.908821106,8.57886075974
840,438.987182617,182.768753052,31.3769054413,84.2301712036,0.227895891294
870,32.944568634,180.830978394,20.5803108215,47.0501251221,1.49764521047
870,610.151062012,213.368240356,19.1948757172,56.497253418,0.141012412496
870,124.278991699,26.3128376007,21.3167057037,61.6297340393,0.00283234621747
870,137.217208862,17.0785274506,25.4203929901,77.0535354614,0.000346430283571
900,512.044250488,208.592636108,27.0941677094,85.340057373,0.924670603126
900,390.546905518,174.703811646,21.5644397736,45.4979438782,0.655443407595
900,196.71723938,160.819976807,22.0599269867,65.5082397461,0.473687332124
930,75.896446228,163.887130737,21.3606624603,62.1730194092,79.297798872
930,185.640457153,156.94078064,24.3118419647,84.16796875,10.1183533669
930,109.69342041,31.1043376923,21.9123840332,57.3109283447,0.0637714983895
930,199.638809204,154.874664307,19.7006168365,63.4488677979,0.00207483153645
930,126.02747345,17.7163238525,29.7277145386,84.6145095825,0.000959021144809
930,92.7179336548,25.877374649,25.6797580719,58.7841186523,0.000110916005269
960,40.0234565735,171.973709106,21.8680400848,54.139831543,15.0592282414
960,62.0828132629,175.118301392,18.9217815399,50.8578834534,0.20557877142
960,567.292541504,209.173904419,23.4513015747,65.3686752319,0.128646346275
960,113.040130615,30.8357181549,23.020357132,58.1081733704,0.00752048799768
960,189.732345581,149.190704346,28.5604839325,67.8913421631,0.00154565805133
960,126.036781311,21.6512203217,30.2731800079,82.0580444336,0.000761448200137
990,9.94540786743,173.91166687,21.9592189789,54.690738678,91.987323761
990,25.1877040863,182.003799438,18.0941333771,45.3254966736,0.230686832219
990,96.8682937622,31.6460666656,23.8840713501,53.2241630554,0.143646483775
990,113.536094666,33.5569572449,22.6548671722,59.2643280029,0.0324236258166
990,132.079483032,17.7501983643,23.3449306488,66.7098770142,0.0279736763332
990,82.9718475342,24.2469730377,25.7349376678,62.1282157898,0.000160295087426
1020,127.999275208,17.5159893036,23.2468852997,70.9645462036,0.0998425413854
1020,113.609046936,35.1535148621,22.2672805786,59.1672821045,0.0262664601905
1020,91.2087020874,30.8708438873,25.1433563232,59.3867301941,0.00389190827264
1050,118.403694153,32.2363052368,20.5479640961,58.27551651,0.133693905082
1050,132.462417603,18.853187561,22.902879715,68.9442672729,0.0522154150531
1080,576.544006348,255.911636353,28.1011829376,59.4271812439,0.121652148664
1080,118.878379822,32.2944297791,20.7336044312,60.9111328125,0.0535698607564
1080,132.40802002,19.7906017303,23.8590221405,68.0770339966,0.0358610152034
1080,103.90222168,35.1965141296,22.8147373199,58.6004219055,0.0229618017329
1110,573.927307129,240.206222534,37.3926124573,77.6895980835,3.33056859672
1110,60.6215248108,168.956283569,20.5490818024,56.9012565613,2.45886538178
1110,127.144683838,24.5944213867,22.872926712,68.2252120972,0.0388047046727
1110,113.392570496,33.559513092,22.5732345581,60.1261253357,0.0191054568859
1140,132.221939087,18.2196521759,23.8594646454,64.7296295166,0.350763252936
1140,435.625732422,127.167015076,27.7724094391,80.0967712402,0.0136721602757
1140,107.930885315,37.798992157,23.152879715,56.6238975525,0.00486149656354
1170,62.0379753113,180.871154785,19.916343689,53.1327629089,0.199359981343
1170,129.847824097,21.7318782806,20.3340435028,64.6133117676,0.190138479229
1170,108.774932861,36.9743690491,22.8925628662,55.8404273987,0.0169896797161
1200,131.094894409,17.6266460419,21.8429012299,63.9653358459,5.15282489359
1200,56.5828132629,189.120178223,19.1602993011,48.0647697449,0.681430846453
1200,429.53994751,122.070213318,27.7093887329,82.8490142822,0.0770548649598
1200,67.9298019409,184.587417603,18.1115951538,52.4155769348,0.0630118884146
1200,439.738372803,183.692153931,20.4419555664,49.4889717102,0.0218231754843
1200,83.5215530396,29.7429866791,23.1658401489,54.5205879211,0.0204425814445
1230,63.4940605164,160.495254517,24.0479202271,59.896900177,3.94558086991
1230,129.043762207,18.1430053711,20.8590602875,64.7301101685,2.16920953244
1230,88.6637573242,29.1937408447,22.6685276031,61.32579422,0.0192427862203
1230,102.659919739,38.6152572632,23.7491912842,57.7640533447,0.0151963235112
1230,209.354309082,184.282714844,35.518409729,72.0208892822,0.00323186686728
1260,129.11958313,19.0163116455,20.3717422485,63.1929130554,2.04250384122
1260,113.550231934,37.8216590881,20.9886074066,58.4004096985,0.056247547036
1290,128.768371582,20.6165161133,20.8545322418,62.198009491,0.926756858826
1290,92.8940429688,30.7721118927,22.687330246,57.9261627197,0.112662895117
1290,108.745567322,39.8137702942,22.8933963776,52.7311439514,0.0475031760288
1320,109.318611145,143.543518066,20.5963993073,45.2613830566,1.22698266059
1320,118.439537048,31.6536998749,21.3352508545,63.1657752991,0.0971692265011
1320,128.785858154,20.3872623444,24.5385570526,66.9278869629,0.0180222501513
1350,175.005859375,160.184173584,27.6711978912,96.3171157837,6.60001561046
1350,188.807312012,163.221084595,20.5251712799,61.481338501,4.35436591506
1350,475.296875,185.426437378,24.8485965729,59.9356117249,1.74357388169
1350,511.030883789,214.350906372,35.7332878113,72.5357208252,0.760828657076
1350,128.982772827,19.5250263214,21.7384700775,67.2290725708,0.108971912414
1350,92.6791687012,29.4484653473,23.2663497925,58.3642883301,0.0658161821775
1350,108.083824158,32.8738174438,21.8783473969,60.2817649841,0.0312565913191
1380,197.946914673,173.637191772,23.0483036041,76.342414856,2.75154355913
1380,467.516357422,196.279129028,32.9986686707,99.5870437622,1.36330127716
1380,123.670829773,23.0817489624,21.3644618988,63.3253440857,1.30305159837
1380,88.1156005859,32.7519340515,24.1958560944,57.3123168945,0.464314594865
1380,19.7638454437,183.946426392,19.9659099579,47.7309989929,0.366865517572
1380,108.641639709,36.6527824402,22.0200805664,60.1122398376,0.106608844362
1410,10.4142770767,187.276260376,18.7045516968,54.3765830994,6.07745982707
1410,118.475502014,22.8072814941,21.8169765472,66.8947372437,4.40139472485
1410,144.041976929,214.58555603,18.886548996,36.0027961731,0.904614664614
1410,74.3051452637,35.4226646423,21.3129749298,53.0927009583,0.157188961748
1410,97.9641189575,47.6017951965,21.8974399567,55.6511497498,0.151954742614
1440,426.178497314,199.849365234,23.1235122681,52.5107879639,8.38121175766
1440,113.060127258,17.4150600433,21.8641910553,70.3884887695,5.71533739567
1440,135.783187866,221.68687439,19.5610675812,33.1717567444,1.18685867637
1440,88.2887573242,33.3646774292,25.8012161255,66.0423965454,0.219947868027
1440,531.319091797,212.142944336,19.4788131714,44.9118156433,0.16784442123
1440,71.9648361206,30.6944141388,23.3145961761,57.3643341064,0.0913701369427
1470,209.054824829,176.506225586,20.8407115936,62.5291557312,17.0178115368
1470,406.445037842,206.072158813,20.2807674408,51.410823822,7.88411945105
1470,392.098388672,207.03666687,23.1191253662,59.9733848572,4.42050769925
1470,108.031494141,221.944213867,23.579202652,40.5280838013,3.17721813917
1470,164.907730103,191.034729004,18.525888443,46.5217399597,2.45711822063
1470,534.718566895,212.394119263,22.8204021454,45.235168457,1.15283895284
1470,274.205596924,192.907333374,25.3300609589,65.4090499878,0.436228280887
1470,381.147369385,198.846969604,23.1321964264,54.8609275818,0.37557836622
1470,201.27746582,234.130630493,26.6296596527,58.9470252991,0.358604243957
1470,73.3087997437,24.1977310181,25.52394104,63.680393219,0.134932890069
1470,436.197357178,90.4722900391,21.8109836578,59.9947013855,0.0086718267994
1470,89.4948959351,17.8752231598,39.8560600281,106.854164124,2.7763841226e-08
1470,44.0368843079,29.9091739655,30.1446552277,63.0832099915,2.72705746873e-08
1500,79.9456100464,223.573730469,20.3764972687,41.0897521973,16.5253460407
1500,387.453338623,199.816085815,24.9111156464,62.1793708801,7.50508829951
1500,222.067016602,179.313858032,23.9192523956,62.6048431396,3.36617901921
1500,153.566665649,191.468429565,24.2891750336,50.0580711365,2.56424285471
1500,595.644958496,204.02947998,23.8871898651,57.6684989929,0.508593674749
1500,467.773925781,77.1682128906,20.7706756592,64.9400177002,0.0683995313011
1500,167.420303345,194.032531738,20.001914978,53.1828460693,0.0476477987831
1500,470.835235596,106.773742676,34.3289756775,103.148323059,0.024890145869
1500,59.3909416199,21.9126052856,21.8392715454,52.1028785706,0.0170581712155
1500,464.809234619,130.431594849,23.1031780243,61.804107666,0.0134892587084
1500,488.158782959,73.355140686,20.1746921539,55.8956794739,0.0100353972812
1500,44.0240135193,13.74497509,25.4626293182,57.6947288513,0.00748163292883
1530,17.7199344635,228.912582397,19.8670539856,42.6445999146,46.6721892357
1530,372.49230957,192.650741577,19.9711952209,56.3660011292,0.65715322271
1530,521.348815918,90.3543930054,29.8232574463,84.8555984497,0.483067985624
1530,497.759521484,96.5436477661,31.9267044067,93.3072891235,0.16951415455
1530,358.659759521,193.506774902,20.8814144135,49.5595664978,0.160743563902
1530,126.67301178,189.506729126,21.7311477661,51.2806053162,0.122770154849
1530,400.688964844,72.1290588379,23.2089920044,57.8442993164,0.0131013803184
1530,545.453430176,36.2920646667,22.3757781982,54.8625335693,4.37616449744e-05
1560,230.703857422,172.081588745,25.1483325958,55.9633178711,12.0028965175
1560,609.61920166,59.3441886902,19.4639797211,47.1500091553,1.11652435735
1560,400.598358154,187.441604614,22.4908618927,52.9834709167,0.819925125688
1560,354.463226318,183.706344604,21.9236660004,51.9010772705,0.428289314732
1560,576.27130127,56.6441383362,36.1301383972,93.1666946411,0.212635891512
1560,529.325378418,110.634681702,33.6239738464,63.0540618896,0.201439624652
1560,368.340057373,182.852493286,18.337480545,49.6428260803,0.0611454539467
1560,556.497314453,59.6648750305,31.0531215668,103.745445251,0.0228406148381
1590,227.64642334,159.39125061,21.574640274,57.9930877686,12.6729786396
1590,551.953857422,60.8250465393,66.0488204956,160.215316772,2.2089811042
1590,608.487426758,60.7203369141,24.9718933105,70.6405639648,2.07294616848
1590,385.531494141,184.187637329,17.4152355194,45.0574035645,1.06772100553
1590,415.87210083,178.420822144,19.5423164368,49.8534126282,0.498947873712
1590,208.66015625,163.376602173,24.7007694244,62.2269897461,0.171147519723
1590,545.121765137,52.4535865784,25.1964664459,68.5179519653,0.0543601345271
1590,400.227264404,173.569534302,17.4106826782,43.3855476379,0.0519293243997
1590,518.728271484,46.825504303,22.9079284668,56.1587944031,0.0291737553198
1590,471.342987061,31.6135120392,23.1184539795,63.7340660095,0.0153766668518
1590,178.390380859,193.192489624,19.2414035797,49.2062416077,0.0127439474454
1590,496.451629639,31.770318985,24.8630275726,52.8787841797,1.24569709214e-05
1620,510.673217773,75.32056427,47.1663627625,157.550064087,36.8960082531
1620,221.063537598,153.387252808,22.5990848541,59.8976745605,25.3938794136
1620,439.170410156,192.852767944,23.5228404999,51.3648719788,13.4430289268
1620,607.149230957,50.0398445129,23.0243816376,65.4685287476,1.5432972461
1620,11.3164758682,161.153091431,20.4811573029,63.9635505676,1.36630758643
1620,543.64263916,30.4988994598,26.7006816864,66.0303192139,0.690548773855
1620,515.485534668,93.9130630493,22.0427570343,76.8201370239,0.496785389259
1620,559.550598145,71.5410232544,40.2684707642,99.3303756714,0.000325418386637
1650,221.750442505,155.364089966,30.3769741058,62.1844749451,7.97578692436
1650,564.019958496,68.4431228638,66.2224884033,154.066421509,5.0386659801
1650,572.29864502,73.6328125,23.7002792358,73.1832275391,0.6158946082
1650,601.053283691,53.5788726807,29.7707500458,87.2526550293,0.450072484091
1650,552.830993652,59.3227577209,33.9749794006,94.9363937378,0.304116006009
1680,615.598083496,45.9852714539,18.7621383667,58.5685577393,1.72664858401
1680,170.926818848,150.706436157,22.3694229126,48.3404808044,0.428335694596
1710,606.101257324,234.524291992,23.1146221161,53.0773773193,35.7243269682
1710,225.457321167,156.617630005,26.3279705048,68.2024383545,0.916291866452
1740,243.239624023,160.075820923,22.9364547729,63.6784095764,36.8947982788
1740,416.265594482,160.410140991,19.1597995758,59.0942878723,0.601890450343
1740,225.080337524,164.059249878,24.369140625,70.6507110596,0.00844495298225
1770,508.441619873,190.466140747,18.1321678162,48.1314430237,2.69336495548
1770,606.75378418,205.804092407,18.2692737579,44.3492851257,0.777310226113
1770,140.13130188,222.049636841,21.9682636261,55.691532135,0.388344423845
1770,247.861328125,167.240707397,21.3962612152,58.5434265137,0.109178433195
1770,441.744873047,169.556503296,19.0455303192,61.4182472229,0.00934277923079
1800,542.594116211,187.454574585,20.3464698792,55.5882720947,87.4020040035
1800,412.950408936,147.003250122,24.9414672852,79.6227264404,3.94323579967
1800,617.209960938,211.690719604,16.4510784149,49.8503608704,0.474580563605
1800,426.444366455,147.826644897,27.8622608185,73.6114273071,0.0757420726586
1800,248.352111816,168.99458313,20.1318016052,55.9327812195,0.0524851959199
1800,450.169067383,160.433853149,25.0032787323,63.4654388428,0.0395613431465
1800,441.539550781,167.991378784,17.7965354919,61.4864006042,0.0255325023318
1800,151.210647583,145.112533569,21.1712551117,48.6754455566,0.000400625367547
1830,576.000854492,192.669845581,25.1812515259,62.0758018494,93.1443095207
1830,89.0204544067,194.843673706,20.9459781647,56.2428398132,38.998106122
1830,249.452133179,166.284225464,18.7864131927,53.5825767517,0.570841133595
1830,593.219665527,196.483047485,19.7800998688,55.8898200989,0.257865083404
1830,479.232421875,185.851318359,15.8301858902,53.8158073425,0.176821858622
1830,439.450561523,154.791442871,17.1997127533,66.3057937622,0.0536507868674
1830,135.977249146,139.700088501,17.7667446136,50.7989616394,0.00312074625981
1830,457.787872314,163.610290527,27.3156204224,61.5965538025,0.00203625804716
