150,130.684631348,185.336685181,21.3529720306,52.1197662354,24.0888372064
150,115.62802887,190.604797363,20.122215271,51.7093925476,9.58012863994
240,10.3615608215,188.696762085,19.3803100586,50.2472877502,3.20934541523
330,255.577087402,169.799072266,18.9225654602,41.7828712463,0.0188187666936
330,398.939056396,172.406723022,19.3685092926,53.1401824951,0.0126032624394
330,464.457489014,30.7941570282,22.6880435944,66.6318130493,0.0112911227916
330,478.006866455,29.8626270294,23.741394043,74.7554244995,0.000840996926854
360,13.5787324905,155.776489258,26.3605957031,79.9521789551,1.49294100702
360,28.0467853546,180.851196289,20.1790981293,51.1688423157,0.39817141369
360,445.972167969,168.579940796,24.9974193573,62.754776001,0.266534276307
360,134.788619995,186.046951294,21.7275009155,53.8754272461,0.233049760573
360,79.5535888672,186.789489746,20.2198886871,49.1864967346,0.164496561047
360,587.550292969,200.215377808,14.7073545456,47.3993186951,0.0334535783622
390,284.274078369,172.16809082,19.7080745697,41.7018470764,0.0111511777504
420,8.73903179169,193.372695923,15.257601738,52.0496788025,3.85586507618
420,616.434936523,146.805496216,17.0413455963,53.2175712585,0.351560534909
420,447.890411377,168.601928711,24.7995986938,59.8414726257,0.0622010615189
450,585.670593262,168.756912231,36.7098846436,84.2167129517,6.99405670166
450,495.472869873,117.09941864,23.1111679077,65.4966659546,1.60784907639
480,18.7755031586,192.354690552,25.4839935303,52.2954521179,1.45321963355
480,281.801055908,173.155883789,17.3375034332,42.6984138489,0.46408479102
480,162.625289917,182.809326172,25.1424312592,40.9797782898,0.168117810972
510,154.528427124,187.634811401,22.6727218628,44.8740119934,0.121152179781
540,344.085723877,174.551589966,19.3725013733,51.2673950195,0.230255536735
570,379.675018311,167.930999756,19.77850914,62.2979545593,6.96881785989
570,285.556640625,148.849624634,26.8529205322,66.0554122925,0.49795191735
570,537.164978027,181.141845703,19.4769058228,46.5074653625,0.312839564867
570,554.503295898,184.951370239,19.1538219452,43.952960968,0.112220121082
570,394.154876709,163.513412476,18.0425853729,56.4356498718,0.09303240804
600,280.442749023,175.326339722,21.5553131104,47.7710380554,1.09405461699
630,443.274871826,139.156417847,27.8289470673,103.842567444,11.9233392179
630,462.651245117,148.016708374,26.9120540619,80.9969100952,3.56871522963
630,119.84513092,164.679550171,30.9848117828,62.7450065613,2.13193595409
630,433.55758667,158.071121216,24.4297733307,57.4506034851,0.302844098769
660,504.798309326,94.6770324707,38.6176109314,131.596633911,0.519413733855
660,476.397979736,159.477005005,21.1981563568,49.1365776062,0.43150135316
660,489.929077148,165.671722412,17.7301082611,41.0679740906,0.153356743976
690,17.5787830353,178.880905151,18.4883842468,44.4922523499,2.38672457635
690,471.302368164,144.044509888,21.2587451935,53.7156219482,0.450818566605
690,487.8934021,137.607635498,22.209985733,57.8438682556,0.232066237368
720,606.746520996,191.2290802,23.7694149017,74.6918792725,13.7330934405
720,614.239013672,75.3712158203,19.5114650726,61.4959564209,1.13633796573
720,81.2743988037,126.568504333,18.6805896759,44.2333374023,0.260450970381
750,278.806030273,90.2634963989,37.1469459534,77.715675354,17.2094300389
750,218.359725952,122.594215393,19.8423500061,64.7104187012,7.0163756609
750,65.573928833,122.613731384,19.1877746582,45.8087348938,4.74231280386
750,512.641174316,116.908782959,24.2921066284,67.1158828735,1.2573515065
750,572.476074219,108.687767029,22.0528850555,60.2141304016,0.35040313378
750,506.411224365,140.531219482,16.9380302429,49.2519340515,0.0479106995044
780,221.592880249,125.751838684,17.9600162506,54.8440551758,3.55465635657
780,518.895080566,125.807472229,26.1471996307,62.9115943909,2.99544427544
780,278.448028564,88.9579849243,36.9294090271,84.7334747314,0.358782685362
780,58.7107849121,125.61618042,20.5539455414,48.6607818604,0.165026611648
780,511.989624023,148.899154663,17.7817058563,48.0365028381,0.0295739911962
810,210.058395386,133.979568481,20.8565006256,67.8886184692,2.10546888411
840,211.69720459,141.892440796,17.8722686768,56.4026451111,10.4404896498
840,164.748031616,150.093734741,23.5569763184,55.7918357849,0.0646856904496
840,275.932739258,107.834899902,30.8144054413,87.1771621704,0.0359232391929
870,194.429794312,139.111068726,18.0577602386,55.3179931641,26.7141699791
870,597.172607422,130.280334473,22.5946731567,62.5406799316,5.87680228055
870,153.087402344,151.155136108,21.6140441895,60.8482513428,1.45785398781
870,536.581054688,171.065002441,19.1437530518,46.8576545715,0.0193781146663
900,139.966506958,133.82901001,20.6230373383,55.5501098633,12.829887867
900,555.678466797,148.441696167,24.6257686615,65.755027771,8.34233239293
900,595.970947266,114.581176758,27.0594272614,62.9002799988,2.01970543712
900,583.768859863,115.664756775,16.2474956512,46.7769355774,0.635179551318
930,22.2780838013,130.193481445,26.7229213715,101.093986511,36.251732707
930,16.2553424835,123.488395691,21.6148757935,61.4663238525,5.74935749173
930,521.59362793,226.681045532,31.7101459503,66.2100372314,2.56851110607
930,595.088806152,278.888000488,34.2956466675,81.4046783447,0.0555126636755
960,599.008483887,100.857299805,26.7435684204,93.006477356,8.72968360782
960,615.949951172,110.772277832,16.0615997314,51.9435768127,1.28704737872
1020,174.606735229,174.660720825,17.8687038422,39.4763374329,3.97995263338
1050,600.451538086,247.503967285,27.5422801971,57.9390525818,1.84131991118
1050,605.863769531,83.4968032837,25.2704944611,85.893951416,1.7996955663
1050,569.153259277,223.034255981,30.1170902252,51.5782775879,1.18567990139
1050,593.074768066,129.518371582,28.3176956177,56.6104011536,0.786093901843
1080,604.478759766,259.899139404,20.3777599335,55.159992218,4.39340882003
1080,579.750732422,249.718490601,27.9128265381,51.0653572083,1.09327938408
1080,551.933166504,234.052993774,20.4611587524,45.1492614746,0.928103737533
1080,570.639587402,245.175765991,20.5385494232,48.2161445618,0.426267506555
1110,577.805114746,100.056922913,35.7241630554,98.9119567871,17.1210259199
1110,536.919799805,126.969291687,22.8969116211,49.2709770203,0.88163074106
1140,558.080871582,212.08732605,19.9948177338,47.0533332825,7.24800378084
1140,547.107971191,204.831283569,20.4559612274,48.14402771,3.05878128856
1140,617.144042969,112.757499695,15.6427659988,48.6103668213,2.7317725122
1140,596.778625488,116.129676819,21.8976802826,47.3854789734,0.660020066425
1170,606.50793457,126.6848526,18.5115890503,53.9728851318,0.117170135491
1170,212.359741211,107.815788269,28.2069263458,69.0217971802,0.0588552909903
1200,66.1806335449,179.503036499,22.9575786591,53.961151123,1.22504960746
1200,616.713439941,142.594055176,16.3710823059,52.52684021,0.933948345482
1200,79.3010787964,175.821334839,23.913444519,54.050327301,0.727253453806
1230,581.195861816,156.358779907,24.0722789764,53.8406677246,1.04566579685
1230,616.071716309,59.3230400085,16.5665817261,55.9882164001,0.659457920119
1260,327.776947021,167.03944397,19.1658344269,45.8133888245,0.980187021196
1290,403.874267578,148.357543945,19.6117038727,46.6442375183,0.073696236359
1320,29.3014545441,188.715621948,17.9756355286,41.4721298218,0.131923414301
1320,267.347991943,149.745803833,21.3440704346,57.3450431824,0.0337433069944
1350,5.43168497086,56.2306060791,25.618730545,76.0279006958,1.3938752003
1350,51.7936706543,122.506904602,20.941991806,54.8413848877,0.154116901103
1350,132.671096802,142.333236694,30.0483951569,73.5928878784,0.101794116199
1350,135.788864136,101.942932129,21.3739070892,55.0682640076,0.0608150032349
1350,31.2824993134,105.131401062,35.0966148376,77.9972991943,0.0484851625515
1350,148.092178345,181.735778809,18.4571590424,47.7482147217,0.0335901044309
1350,450.642822266,151.455245972,20.252122879,51.477230072,0.0190398524865
1380,15.6616783142,151.166183472,21.5584278107,58.6841316223,1.32579337806
1380,8.72881507874,143.030593872,16.6658611298,51.840587616,1.28604043275
1380,318.612915039,165.499435425,19.2251186371,59.0545196533,0.144973804709
1410,559.944030762,175.518478394,25.2258319855,54.0175971985,7.21356496215
1470,52.3223457336,151.692184448,22.2567768097,50.4199371338,12.4899044633
1710,0.0,151.00201416,125.465667725,203.184204102,0.000265709377345
1740,381.481536865,74.3559188843,26.0166854858,104.822113037,0.0563729729038
1770,20.062002182,74.9219055176,23.0183639526,62.4496459961,0.023821182549
1800,119.607971191,71.2914505005,21.394575119,74.5082473755,0.138495187275
1800,131.678817749,71.6216812134,21.3519439697,72.8233184814,0.0539751606993
1830,304.254852295,46.7754707336,24.3807296753,72.6198501587,2.55092419684
1830,284.363372803,58.0577278137,28.2713871002,83.7302474976,0.292512075976
