30,387.650848389,190.138381958,20.4068641663,64.7356262207,3.17719392478
30,495.700653076,222.408874512,26.9801082611,65.326423645,0.0260227388935
30,462.367034912,222.693527222,18.9978122711,46.3004302979,0.00764000942581
30,453.976348877,221.788208008,15.9077310562,44.3813667297,0.00754464490456
60,390.231170654,195.990524292,28.2537155151,63.0303192139,10.0161887705
60,513.249206543,146.908874512,22.937286377,62.6980018616,6.96907117963
60,405.69140625,189.043533325,26.6100521088,79.9325790405,4.52341027558
60,29.3656291962,201.557815552,19.8742923737,47.2759056091,1.72782633454
60,379.685516357,118.653900146,20.0527820587,66.3183364868,0.686307949945
60,429.0362854,156.222000122,21.5702896118,70.8011016846,0.27016683016
90,452.334869385,201.527267456,35.7942085266,99.2954330444,50.8445799351
90,552.971618652,153.325973511,21.3496494293,51.4954833984,49.4079947472
90,504.292877197,181.373641968,20.3931121826,57.8291778564,43.6372369528
90,535.07598877,159.13041687,22.0891056061,68.5244522095,6.11289776862
90,430.47946167,193.679611206,29.0623626709,78.3514251709,6.00991807878
90,418.887817383,182.837219238,20.3958797455,69.4653701782,4.23494949937
90,516.047119141,166.38067627,21.4336090088,65.2716903687,3.85318882763
90,446.553375244,222.410095215,22.5576248169,60.3352088928,3.72794121504
90,10.4629936218,104.309143066,25.0723743439,64.8847427368,2.24171373993
90,566.31439209,232.234008789,20.2670040131,52.3262138367,1.5942428261
90,482.354705811,146.048049927,28.735212326,85.75390625,0.902962964028
120,565.815124512,179.090682983,64.6655197144,187.410354614,64.8892998695
120,591.251403809,284.557983398,31.9631118774,75.89868927,20.7459881902
120,415.014160156,63.063079834,21.4316387177,60.4643135071,6.71856030822
120,414.517974854,177.819946289,18.8632278442,55.8779907227,1.01348841563
120,456.347076416,193.198684692,26.3646602631,80.8865737915,0.902018323541
120,615.281616211,151.110610962,17.6906642914,54.3499603271,0.0930742593482
150,445.894195557,184.900772095,21.4278736115,77.2510528564,11.1484006047
150,275.989593506,310.543121338,22.3027973175,60.4364738464,1.92804709077
150,368.233734131,35.333782196,30.605463028,81.7929611206,1.82202700526
150,389.626495361,90.6135177612,20.0335292816,56.151058197,1.17151131853
150,242.369491577,168.983612061,20.4912834167,50.6347503662,0.138576189056
150,473.149078369,160.759384155,32.9590568542,92.3483505249,0.111445435323
150,252.912414551,153.755599976,25.0670146942,58.7976531982,0.103691814002
150,565.756286621,246.718276978,30.692937851,78.7889862061,0.0465123157483
180,210.582275391,172.635513306,18.5508174896,47.2174720764,25.9993374348
180,227.560409546,161.657806396,23.3078556061,54.6275024414,0.360934156924
180,611.968322754,291.183929443,19.3175182343,65.4617156982,0.0975745439064
210,591.870361328,162.978973389,32.3139533997,85.8531723022,96.1612701416
210,592.971618652,247.249984741,39.5945091248,117.007987976,34.7133368254
210,607.579406738,297.075897217,20.2250175476,61.3160820007,1.30973104388
210,570.31072998,169.338912964,30.7450008392,74.1699295044,0.174159719609
210,595.162719727,209.487106323,22.648399353,66.5344848633,0.0740383111406
240,405.235748291,178.479110718,17.0203285217,46.1669158936,28.3168375492
270,443.926544189,179.308120728,18.5024757385,47.5746650696,81.2799215317
270,103.866218567,200.456954956,18.0835437775,41.4302902222,7.27697759867
270,432.91809082,176.401260376,16.1356334686,49.5346221924,1.47561598569
300,496.15612793,177.555099487,23.870141983,57.4279670715,97.6077616215
300,480.158050537,182.07649231,16.7294826508,43.7342720032,3.25387753546
300,451.014862061,184.391769409,19.4633274078,45.9723815918,2.54279654473
300,511.815307617,180.174987793,19.3164386749,51.0471611023,0.709083443508
300,469.705657959,179.966567993,17.492811203,45.6012763977,0.228383648209
300,146.025466919,183.713134766,20.4350624084,52.9172782898,0.162300129887
330,596.929870605,168.895095825,25.6247081757,82.024307251,99.9075829983
330,536.38269043,179.217666626,20.5354061127,59.9944114685,98.4962582588
330,612.536987305,176.731872559,22.6881256104,76.7495193481,0.486412737519
330,500.869628906,172.843765259,26.0001373291,69.3801803589,0.245850742795
330,491.261810303,186.423599243,21.2979373932,58.888507843,0.0860037340317
330,551.805358887,163.384689331,30.5332431793,75.2379760742,0.00374117407773
360,578.176574707,164.153427124,23.6382522583,69.6802215576,97.9470491409
360,566.383605957,167.083755493,18.2654438019,54.9436607361,3.04918959737
360,599.284851074,160.695419312,23.5968322754,69.0919876099,0.0463848351501
390,415.957519531,193.3618927,17.7189846039,44.3260345459,3.91832776368
390,13.8061714172,164.090835571,28.0021953583,90.7198257446,1.41814071685
390,276.462799072,166.540847778,16.4485301971,43.9992523193,1.14444922656
390,371.634277344,175.003356934,19.276676178,44.196685791,1.03122880682
390,428.493560791,187.97895813,19.0701980591,47.8151092529,0.563516980037
390,152.689193726,168.94493103,18.8234500885,47.8988304138,0.365085504018
390,467.320678711,177.467285156,22.1615695953,52.00938797,0.158079678658
390,404.376953125,180.789306641,20.8866634369,51.6379699707,0.114168447908
420,109.683891296,142.069534302,21.1471595764,59.9957427979,19.8143601418
420,71.8106765747,169.851242065,17.7701301575,40.5813713074,7.69824534655
420,98.1520385742,143.734939575,18.5628890991,69.6023483276,5.75899593532
420,457.092773438,190.562484741,37.4210624695,76.9747543335,5.1367495209
420,436.968658447,194.515090942,17.9493770599,49.2199516296,0.784429349005
420,445.888061523,200.057174683,24.4144134521,57.1363067627,0.458060577512
420,83.8443222046,170.52053833,17.4233074188,43.1672973633,0.292692403309
420,122.810295105,143.196716309,20.6459522247,63.8526191711,0.158176652621
450,307.998504639,164.02394104,20.3903865814,45.0911064148,36.8411272764
450,515.311950684,191.56086731,26.6691188812,99.5006942749,15.8245772123
450,486.843048096,202.770553589,22.3538970947,64.4705505371,15.240894258
450,119.813514709,165.199874878,29.6277446747,68.4184494019,8.26547220349
450,595.696716309,330.843505859,27.9473876953,50.3915901184,2.15129591525
450,31.8983783722,131.590942383,19.1113986969,67.3762130737,1.67641229928
450,276.734954834,167.373092651,19.4410991669,43.611743927,0.141674058978
450,400.584625244,41.8043365479,26.4889469147,53.0305290222,6.01974026182e-09
480,168.48399353,166.386398315,25.9053497314,42.1307487488,11.6508029401
480,400.311248779,210.263671875,18.0181331635,44.89220047,10.0161068141
480,421.026977539,42.6112327576,19.3404560089,57.5093994141,5.06892725825
480,547.83013916,319.416015625,39.6676139832,82.8744277954,0.621583824977
480,486.849517822,27.4378051758,23.3288497925,53.1301269531,0.230376445688
480,519.661132812,148.358535767,20.2074165344,41.7010917664,0.101921125315
480,272.869903564,44.514251709,21.765953064,56.3275413513,0.0412924506236
480,117.505279541,145.113632202,20.1720180511,48.3478851318,0.00689419539412
510,368.730834961,151.071517944,22.2264194489,53.9861869812,98.0572998524
510,341.623748779,155.59072876,20.5837688446,52.8556060791,13.6893302202
510,274.300750732,160.176620483,19.4746074677,52.204120636,4.7708503902
510,330.157592773,161.342758179,18.7593345642,49.136428833,4.26176339388
510,558.826171875,84.2063293457,23.2136325836,69.8650436401,2.85216029733
510,5.0142455101,270.28414917,23.6033382416,78.9000396729,0.885779969394
510,0.0,129.264389038,20.9185352325,63.6242523193,0.30763654504
510,595.821044922,367.416503906,29.3741779327,68.5549850464,0.201779487543
540,547.575256348,160.66506958,20.2931613922,51.6505737305,60.2434933186
540,557.024963379,153.718063354,19.8529529572,47.1098060608,20.8316922188
540,469.167114258,125.373130798,26.2823944092,68.47681427,12.5671759248
540,325.962585449,163.756210327,22.2119503021,57.0956687927,0.172829104122
540,62.0559844971,173.967788696,20.6172103882,49.8056678772,0.0396560644731
540,338.719390869,166.834487915,25.0641536713,55.0321464539,0.030452205101
540,134.973861694,154.010971069,27.8180713654,55.6857337952,0.00279635387415
570,600.209411621,107.474487305,20.3202896118,60.8016777039,8.60717892647
570,516.77520752,167.400634766,25.3879089355,67.6793136597,0.114074733574
570,586.99432373,22.1057720184,21.50274086,55.5873069763,0.00124377356769
600,355.851165771,163.112167358,24.6921787262,65.012878418,95.676612854
600,474.784667969,169.265518188,26.8190612793,53.7937965393,93.7941253185
600,401.872833252,162.492111206,27.9411449432,60.7066764832,71.5794861317
600,453.866699219,156.416381836,27.3423786163,61.4582824707,1.62139907479
600,549.579467773,185.739273071,20.3672084808,37.0991249084,0.231900182553
630,325.777526855,164.286026001,27.7497501373,73.8540420532,98.4488129616
630,262.629547119,184.60345459,21.1373901367,55.0572624207,97.6582586765
630,286.052947998,183.681152344,19.325094223,55.3900260925,95.2851653099
630,418.775604248,171.245559692,24.662771225,56.4828643799,91.5222227573
630,434.762695312,168.929336548,24.2836780548,60.7544593811,86.1404955387
630,191.093566895,207.529602051,20.3095722198,42.3018684387,3.08546256274
630,199.876663208,277.478790283,21.7686519623,47.0534820557,0.425251480192
630,35.9473876953,182.069824219,19.2784919739,48.555644989,0.360573618673
630,44.5155792236,174.301315308,24.8497638702,51.2448539734,0.0205396223464
660,161.713653564,194.144515991,25.590385437,61.2348060608,99.4362950325
660,229.334289551,174.946395874,23.9522380829,70.3027267456,98.2204794884
660,189.303604126,189.063430786,21.1314220428,60.9860115051,97.7158010006
660,381.765869141,176.692398071,23.8092403412,59.2028694153,97.5180089474
660,322.002838135,178.28666687,22.6139431,63.5249977112,93.7004625797
660,303.079559326,180.444320679,23.4748668671,61.660320282,93.4217512608
660,114.940002441,158.975234985,20.9942550659,65.7515640259,14.6097898483
660,163.519668579,62.5341072083,23.4119205475,61.1172027588,1.19444690645
660,442.964355469,201.133285522,23.3235301971,40.3621749878,0.609136419371
660,146.930465698,189.696960449,26.5114994049,59.7787628174,0.541795557365
660,338.575256348,166.925918579,28.1491146088,72.9006271362,0.348445726559
660,211.586730957,181.662536621,29.4955615997,65.106048584,0.318302144296
690,78.0853729248,189.338623047,29.9603557587,69.5943374634,99.6217787266
690,54.6532440186,192.065170288,26.0840530396,66.5237808228,99.3706583977
690,211.772460938,188.556625366,24.648267746,52.8791999817,86.0153257847
690,288.815948486,118.558677673,29.7129669189,75.8399963379,7.10564479232
690,176.621276855,201.511581421,18.3951225281,44.025844574,0.270336144604
720,432.870391846,180.299194336,30.6564731598,46.1139411926,1.73329319805
750,488.283050537,134.987136841,136.148910522,289.198883057,37.72957623
750,7.77419710159,210.413833618,20.4329738617,44.8956451416,6.51744008064
750,132.698806763,213.163192749,18.6119174957,41.7015724182,4.25479710102
750,146.165512085,212.357055664,16.4141559601,44.0643615723,0.319747906178
750,17.9938678741,206.701675415,24.2005691528,52.2005615234,0.239417515695
750,617.343322754,202.469543457,16.4999046326,45.4308433533,0.192339532077
780,503.429656982,192.593185425,21.2162075043,45.2885742188,3.82783003151
780,574.772644043,208.391494751,20.1977558136,50.4605827332,0.756990723312
810,522.092468262,186.448654175,20.765663147,52.7936286926,91.1260962486
810,491.157470703,195.059829712,20.7956562042,48.5348243713,43.0704087019
810,512.579650879,186.557312012,17.6872768402,54.272151947,4.58569228649
810,617.176574707,164.006546021,17.7315692902,48.7274284363,1.62972677499
810,522.441833496,53.3527259827,29.5860958099,90.754486084,1.1258257553
810,466.13180542,190.734191895,18.6531848907,47.2253265381,0.307466671802
810,455.298858643,187.429199219,18.7366466522,49.1750946045,0.246960879304
810,419.21206665,188.29296875,19.2385463715,50.391910553,0.0814368599094
810,479.940155029,190.297607422,18.3547115326,49.8056030273,0.0112754532893
840,606.271362305,175.376296997,22.2081069946,71.3770675659,97.2052097321
840,548.111877441,187.27784729,21.9868907928,55.3003387451,93.2664573193
840,467.814453125,180.945144653,19.676279068,46.1421775818,30.1238805056
840,438.632446289,178.874145508,18.0440769196,53.9030647278,16.6895717382
840,524.084655762,34.4254417419,19.558588028,51.6741294861,12.9602849483
840,610.47479248,59.683807373,24.0129413605,79.1522445679,9.75427031517
840,616.984802246,102.130584717,19.0086956024,55.0119018555,5.36000579596
840,481.529785156,181.423477173,20.3941631317,49.2722930908,3.43924388289
840,497.980804443,180.16633606,20.5568580627,50.8118591309,1.90002806485
840,628.556274414,97.7195663452,11.4437255859,46.9590263367,1.49903558195
840,620.87487793,167.759902954,18.8944225311,65.6413955688,1.27764800563
840,593.705932617,180.545730591,17.4191055298,62.2985534668,1.02396914735
840,627.891845703,128.585021973,12.1081542969,48.0412483215,0.964620709419
840,425.571502686,173.178405762,17.4197540283,54.3202705383,0.750395143405
840,532.371337891,181.284790039,22.975812912,54.5868873596,0.351478019729
840,611.354309082,131.805969238,25.9134597778,74.2891693115,0.255448021926
840,457.228057861,185.397079468,19.0883464813,47.4156799316,0.232905265875
840,506.591308594,49.8257484436,32.0197257996,61.9769897461,7.12285730398e-08
870,354.516815186,163.139587402,18.6756439209,57.7526512146,66.3950622082
870,491.572631836,164.276168823,28.4841899872,70.2669830322,55.2131056786
870,553.109680176,170.87739563,23.7664794922,61.72889328,45.2435106039
870,466.8203125,175.389816284,18.6897659302,53.4813842773,11.2705685198
870,342.360015869,160.821914673,20.6397266388,60.2459220886,3.1032897532
870,509.095458984,184.431274414,19.2110328674,53.4666900635,2.34306957573
870,474.533935547,160.171676636,28.771697998,77.0668411255,1.75938960165
870,445.963287354,177.996154785,17.7724094391,45.0587158203,0.818314030766
870,504.359283447,128.671386719,27.8209018707,83.6827926636,0.318579305895
870,433.045043945,181.384750366,17.2689170837,45.2607879639,0.191393576097
870,453.48828125,164.134689331,22.9577636719,53.9887046814,0.165271502919
900,613.929016113,156.736282349,23.7419261932,96.7422561646,84.4793617725
900,408.136810303,150.198745728,24.7961177826,73.0411987305,2.0976042375
900,398.600341797,164.305007935,18.9899177551,63.1771850586,0.00374385635951
930,83.899269104,37.2035865784,27.3171596527,67.5001831055,7.75140335918e-05
960,516.384094238,207.286804199,20.4430789948,44.4212646484,0.654316321015
960,12.3120079041,57.5999908447,23.5009536743,61.46641922,0.115615304094
990,488.966949463,145.059707642,20.9582633972,62.9216804504,66.0859882832
990,473.049804688,146.960266113,19.0251750946,59.2908630371,3.75701263547
990,328.230804443,142.390365601,17.6196498871,44.5584564209,0.336818071082
990,504.717193604,130.420333862,28.7077789307,73.1918945312,0.169478030875
990,514.33026123,100.910667419,29.9351978302,73.5466461182,0.0565579975955
990,501.125976562,180.139404297,31.7514419556,86.3623352051,0.0500105204992
1020,326.495880127,140.565750122,18.4244174957,44.2329673767,1.65945254266
1020,340.516265869,141.682800293,17.2623882294,42.189956665,0.135833804961
1050,588.170471191,259.344421387,51.8295288086,163.761886597,41.7897701263
1050,372.062866211,137.612197876,17.9737873077,48.8144493103,3.79034727812
1050,4.89612197876,141.862335205,14.5034074783,49.9413299561,2.63458527625
1050,290.891082764,138.035629272,16.9150238037,43.1767082214,1.50272427127
1050,534.875427246,147.559951782,20.3709506989,48.3384895325,1.4480673708
1050,258.339324951,145.887161255,21.8357543945,44.4427185059,1.39226699248
1050,523.36529541,148.101028442,19.0318775177,46.2498588562,0.833817757666
1050,52.2566070557,137.39225769,22.6230297089,44.1894645691,0.467400765046
1050,309.914520264,131.330276489,19.7622718811,51.1354522705,0.346074043773
1050,550.352844238,145.578887939,19.7065792084,59.5379371643,0.140053534415
1050,338.828826904,143.900588989,19.7095813751,45.5421485901,0.00560042681172
1080,287.816864014,144.909500122,21.4998188019,54.699798584,35.4915708303
1080,199.100814819,146.934295654,16.7129802704,46.7494163513,21.0654705763
1080,231.830871582,149.049026489,24.3014354706,53.6527442932,3.7949219346
1080,7.54841661453,152.825973511,16.4893226624,44.4514350891,2.64692939818
1080,464.046539307,147.041854858,26.7645645142,54.7208099365,1.96275226772
1080,217.121032715,145.480041504,20.9558887482,56.0512809753,0.98639158532
1080,602.891296387,143.946594238,25.2535953522,59.29114151,0.313283526339
1080,246.402267456,135.445068359,22.9619369507,58.0228004456,0.146792863961
1080,302.88772583,133.783432007,28.1421718597,65.1474151611,0.089693168411
1110,210.474685669,159.572738647,20.9610652924,53.9758720398,97.2080767155
1110,307.492858887,148.302536011,19.1068973541,51.1292381287,24.6826976538
1110,454.073577881,149.692245483,27.7754421234,65.0767288208,5.47534413636
1110,229.057556152,153.938583374,17.8658161163,53.8616218567,1.71577651054
1110,320.166595459,146.334655762,21.8333358765,58.4256706238,1.58545728773
1110,280.25112915,162.434249878,20.3681163788,51.5199165344,1.24752167612
1110,190.684692383,157.030517578,17.8488826752,44.3772850037,0.879023317248
1110,331.215209961,128.485061646,27.5611171722,65.3513717651,0.322121428326
1110,350.342437744,130.791519165,19.2872314453,50.2709388733,0.0620165723376
1140,194.286972046,177.329833984,20.4948215485,48.6545829773,90.897589922
1140,276.360198975,165.818939209,22.9432582855,54.0680503845,71.5127110481
1140,234.040100098,164.358215332,18.8645954132,44.0228385925,26.2463390827
1140,336.500244141,156.407531738,20.2815055847,54.5457763672,5.66117689013
1140,348.761932373,151.604690552,21.5598506927,62.2213630676,3.50906960666
1140,263.877807617,163.738540649,19.2262306213,51.5552635193,2.86198593676
1140,6.00105524063,170.553695679,15.264216423,46.847366333,1.96493659168
1140,326.506195068,154.729782104,18.367313385,52.8511238098,0.88737886399
1140,249.107498169,156.529449463,19.7021389008,49.4988441467,0.410597631708
1140,224.384536743,164.883163452,17.3418121338,43.1165504456,0.265262532048
1140,211.376602173,165.661270142,19.3619155884,46.0440940857,0.133455940522
1140,344.255889893,83.3237228394,32.6023292542,89.2719802856,0.0300114275888
1170,151.985443115,174.700195312,22.5011062622,58.6185798645,12.8751397133
1170,333.626922607,164.336425781,25.2553405762,58.3322753906,0.454507069662
1170,305.407043457,196.524093628,22.279466629,43.5815734863,0.240511889569
1170,375.150421143,153.809402466,18.9135665894,46.0372047424,0.126908312086
1200,112.024803162,188.588012695,19.4944820404,49.4419136047,63.9476537704
1200,98.8718185425,176.667709351,22.8617630005,59.6991767883,10.7875205576
1200,558.913024902,191.683517456,26.308763504,39.4803237915,2.40777824074
1200,70.3103103638,181.013671875,26.8720302582,62.7119445801,1.19911339134
1200,483.594116211,190.312210083,20.275718689,48.2374076843,0.414240593091
1230,440.51965332,189.292800903,22.7628803253,51.9312286377,4.68337126076
1230,559.920410156,193.304870605,24.9516277313,41.2357978821,3.42717841268
1230,452.5128479,193.359069824,22.6882228851,40.010761261,2.43285428733
1230,473.88192749,194.807876587,26.0087413788,42.8031425476,1.6979329288
1260,269.919769287,163.697463989,19.1994533539,49.008480072,20.4796776175
1260,232.125778198,177.443603516,25.2721252441,56.1928100586,0.86995176971
1260,344.789520264,153.938735962,20.8952827454,50.6021575928,0.155032845214
1290,8.68563365936,200.406860352,17.4263134003,43.2893943787,58.5137665272
1290,108.309043884,193.249557495,21.9775104523,45.0924034119,58.1704139709
1290,235.25352478,173.166824341,24.4157562256,45.2903862,29.6452581882
1290,455.464019775,193.694763184,20.0299434662,46.0514411926,9.42876860499
1290,442.969329834,187.672485352,18.9698619843,44.7543983459,6.90014660358
1290,369.454711914,158.636154175,19.3638362885,61.3647918701,2.91611030698
1290,335.561981201,161.076309204,25.8277873993,53.5174827576,0.478346599266
1290,355.700653076,164.40838623,22.1487178802,60.1432342529,0.185593543574
1320,335.265441895,169.737472534,22.9753665924,49.5927429199,5.77852427959
1320,314.832977295,184.250991821,30.975561142,58.1225891113,1.7568109557
1320,462.159576416,185.273681641,20.6699066162,47.9722290039,0.166598113719
1350,159.487350464,179.505981445,27.2441959381,65.808265686,12.7745106816
1350,11.3641462326,215.818054199,27.8868350983,75.0903396606,0.706641562283
1380,306.039031982,194.217605591,33.1576919556,67.6182250977,32.079410553
1380,222.094833374,200.182022095,19.8212547302,58.8867149353,18.0974647403
1380,250.345474243,197.292160034,27.4829883575,60.2394828796,7.24523738027
1380,286.845428467,195.977401733,34.2369499207,58.7136726379,2.12148725986
1380,90.7118148804,196.482345581,24.5549259186,62.0125160217,1.40120461583
1380,464.186157227,134.812927246,16.956407547,49.5837097168,0.508479168639
1380,266.57913208,187.26399231,25.2153167725,71.4804077148,0.42545767501
1380,28.7620220184,132.335800171,50.2428321838,130.304138184,0.166193407495
1380,108.813110352,207.470870972,21.1886386871,52.2775878906,0.143563945312
1410,5.7179107666,198.73248291,17.0929470062,41.3071632385,36.3641053438
1410,306.397247314,155.145462036,32.6371154785,92.6812820435,10.1435348392
1410,108.940574646,194.007034302,20.2170906067,44.9492912292,2.24221237004
1410,343.023712158,209.31048584,20.1206531525,49.6733894348,0.343439378776
1410,202.880859375,181.391647339,19.1451320648,42.9721641541,0.0242970010731
1440,611.700134277,195.614517212,16.47772789,44.1023216248,14.8326009512
1440,353.338500977,137.306213379,20.376707077,50.6112174988,0.359857128933
1440,477.480926514,163.549911499,26.585609436,69.4014358521,0.124772277195
1470,370.581695557,193.245361328,27.4459457397,54.0934753418,0.795606896281
1500,559.269470215,192.007736206,26.8737392426,45.9183616638,13.7293592095
1500,7.14324569702,197.195129395,15.0919370651,39.389995575,10.3877820075
1530,0.0,215.010009766,43.7988739014,167.266281128,68.5107052326
1530,481.162139893,197.418823242,19.8629589081,42.8216362,3.02655529231
1530,446.424560547,190.972702026,22.9653224945,42.6504859924,2.76879463345
1530,559.328369141,195.143676758,25.0252666473,43.6949424744,1.64617467672
1530,462.40713501,196.868103027,17.8938522339,42.5402526855,0.607819901779
1530,354.369171143,194.995178223,19.7515354156,50.5669822693,0.575981382281
1530,387.552337646,183.031845093,18.43699646,46.4387702942,0.360502768308
1530,375.901733398,171.133468628,20.4038410187,54.2546539307,0.35664178431
1530,6.99391937256,196.475021362,33.862033844,86.4293441772,0.130068301223
1530,24.4765014648,148.210449219,92.624671936,202.110153198,0.0140306146932
1560,114.35723877,116.062004089,142.110961914,337.801208496,97.6813495159
1560,383.688476562,183.06880188,22.1739273071,50.5261955261,91.3043558598
1560,40.6050224304,119.969596863,127.967262268,328.746856689,88.7570977211
1560,162.325073242,118.481750488,68.6406936646,143.573043823,21.5895846486
1560,115.903533936,138.338516235,63.2690086365,169.229507446,18.2693257928
1560,124.466453552,197.014358521,25.4920864105,68.9789505005,7.11569041014
1560,441.689910889,188.868484497,18.1176891327,44.0350151062,6.44000917673
1560,474.264038086,198.40234375,25.8433246613,40.6598014832,5.54174482822
1560,368.445343018,176.738082886,23.290473938,53.943862915,2.65844780952
1560,190.53968811,168.93321228,63.5059547424,150.46925354,0.933757983148
1560,204.198928833,172.698348999,29.2478847504,82.4207763672,0.908375997096
1560,461.424041748,193.627059937,18.4425258636,40.2374153137,0.706000998616
1560,19.7627887726,173.968811035,55.5287017822,168.66343689,0.699270516634
1560,282.318908691,160.743911743,21.4956378937,61.9946174622,0.597020471469
1560,135.206878662,180.626708984,24.4528026581,62.2461090088,0.503525137901
1560,77.542640686,141.636886597,69.5133285522,176.262954712,0.469336891547
1560,125.592712402,227.00932312,29.6087589264,105.35358429,0.359278381802
1560,332.739715576,164.803375244,20.2475605011,54.1073646545,0.253628171049
1560,148.56678772,183.970169067,28.932970047,69.2495880127,0.12426446192
1560,191.707763672,240.708557129,67.1812362671,211.032272339,0.0817715772428
1560,136.765823364,199.04914856,31.0538005829,99.1696548462,0.0691368302796
1560,125.959899902,230.7318573,68.1866531372,202.091659546,0.0582684704568
1560,230.709091187,158.984619141,60.4357414246,95.0852584839,0.025888523669
1560,72.9102935791,297.805297852,35.5141487122,113.363212585,0.0124793703435
1560,74.6704483032,233.657714844,36.1391296387,113.324523926,0.00616420147708
1560,160.447296143,285.935974121,58.9159126282,146.706268311,0.00315853249049
1590,396.701263428,115.51499176,123.130493164,342.651123047,98.4303236008
1590,282.567230225,109.206916809,135.170730591,325.69317627,89.1779303551
1590,369.329559326,156.624038696,51.3635368347,198.738647461,52.3236334324
1590,427.944976807,112.868141174,65.1449432373,176.986251831,41.5555208921
1590,225.002609253,201.502365112,47.0151329041,118.071754456,20.2095061541
1590,332.840545654,231.70149231,46.5323028564,134.942520142,16.3757666945
1590,401.319061279,134.103500366,56.3560638428,177.690200806,11.2888514996
1590,267.214355469,153.069046021,71.8345184326,209.213943481,9.39461514354
1590,270.449890137,177.800857544,33.2733001709,88.3298034668,8.6448892951
1590,327.784393311,125.881835938,61.0903778076,183.416213989,3.53752784431
1590,204.063537598,216.293746948,39.7464256287,86.2907180786,3.33436876535
1590,371.54598999,172.754043579,33.2926063538,82.2326812744,3.03483381867
1590,239.609634399,188.529174805,28.305513382,67.5569458008,1.3601644896
1590,362.480865479,185.504470825,19.3243579865,62.3110351562,0.753021985292
1590,391.770019531,172.421798706,32.7507591248,106.191551208,0.387528073043
1590,301.969299316,225.558288574,52.1946105957,139.954788208,0.23125691805
1590,367.235565186,279.852935791,29.8759918213,88.7120895386,0.0869666226208
1590,368.618530273,211.280227661,25.5496139526,71.649810791,0.0726599071641
1590,333.470397949,241.88218689,23.9756450653,72.1206283569,0.0555399863515
1590,386.690460205,274.794525146,31.9615345001,83.3855667114,0.0474780157674
1590,414.191619873,174.409500122,24.0349407196,88.0509109497,0.0471777486382
1590,474.212402344,171.143692017,22.7020549774,68.8326721191,0.0437328999396
1590,232.083908081,210.140914917,21.80078125,61.7352027893,0.0309489172651
1590,392.376861572,262.172210693,70.4608154297,171.132369995,0.0140230520628
1590,270.395874023,167.952636719,21.5270214081,51.3211784363,0.0121197001135
1590,458.168914795,160.89730835,30.286272049,95.2036361694,0.00536729276064
1620,495.7734375,109.809997559,140.639602661,370.190002441,96.6949045658
1620,392.462738037,181.914794922,20.8722400665,52.6115608215,90.0541722775
1620,476.505279541,187.28503418,49.1356201172,131.858535767,31.8970531225
1620,587.40411377,166.728347778,44.7263679504,159.062042236,30.2540034056
1620,569.992675781,257.205841064,55.5982170105,174.30418396,20.6822320819
1620,603.360778809,294.141326904,26.9306774139,77.0512313843,9.19551253319
1620,601.204772949,181.269332886,24.7404613495,68.7074890137,8.26008990407
1620,598.959655762,332.03225708,31.1582317352,104.198120117,5.18927276134
1620,501.679107666,170.11807251,54.266330719,175.217880249,3.86380366981
1620,543.994628906,133.096847534,67.6900558472,207.703735352,2.47354283929
1620,250.155654907,183.048019409,23.8210697174,53.6069908142,2.13712118566
1620,267.174499512,168.204650879,18.367811203,55.5724372864,0.635182857513
1620,527.06463623,215.32244873,20.9382171631,73.847984314,0.393171003088
1620,359.250579834,167.281982422,22.4928665161,57.3832206726,0.301266368479
1620,383.676483154,176.660827637,18.0552082062,52.3550376892,0.229985849001
1620,490.340911865,232.407287598,23.5883102417,77.4891281128,0.207716668956
1620,236.553237915,175.161453247,24.933134079,59.3343849182,0.201756320894
1620,330.141998291,183.192184448,26.9871349335,56.1500740051,0.0743201409932
1620,599.614135742,253.205917358,24.4540157318,84.3019256592,0.0712878478225
1620,443.911773682,190.697265625,19.7705020905,45.8218803406,0.0595203775447
1620,537.112976074,197.609451294,30.9101734161,102.345062256,0.0505801523104
1620,567.849731445,223.202987671,27.0435562134,95.58959198,0.0155337533215
1650,391.896514893,176.226379395,21.583814621,58.7316169739,63.7843728065
1650,202.909362793,198.927856445,27.4685459137,49.4875297546,4.04532179236
1650,358.450195312,176.984863281,22.6060314178,53.3753204346,1.03660998866
1650,246.632522583,188.188308716,24.6151638031,48.2013244629,0.733889313415
1650,334.779602051,164.480300903,20.5166511536,53.0443153381,0.448959833011
1650,259.704589844,169.733215332,18.1404647827,51.2069129944,0.190727959853
1650,232.379501343,171.461257935,24.8769454956,56.9642486572,0.13597967336
1680,394.018798828,181.18182373,18.9941329956,52.1933708191,76.9770443439
1680,613.438293457,194.364929199,18.1857204437,44.5356407166,3.56768481433
1680,547.958007812,195.267990112,20.9298877716,41.7333335876,3.55903767049
1680,562.357177734,191.842575073,25.0091876984,42.1233673096,2.76235975325
1680,359.379425049,165.878799438,25.0970401764,60.664932251,2.55596544594
1680,195.294021606,209.805419922,25.2246875763,42.4068984985,0.678812386468
1680,378.295806885,171.02571106,17.5668544769,53.2609405518,0.327532412484
1680,350.312042236,185.473953247,24.4670276642,53.544631958,0.203849608079
1680,329.819915771,166.929763794,20.1335754395,46.650970459,0.0886770954821
1680,405.469360352,182.277389526,21.4318523407,48.6866798401,0.0844049383886
1680,200.857925415,127.282836914,26.3549213409,50.507019043,0.0107564948848
1710,394.673095703,179.980407715,17.3503360748,54.1903114319,76.0289311409
1710,329.614257812,165.801116943,20.7015476227,52.2045707703,3.18884439766
1710,557.18927002,194.732803345,19.3427581787,41.4488601685,2.80216485262
1710,354.701568604,190.921386719,20.5847892761,45.2857666016,2.12204512209
1710,184.767990112,209.00642395,27.5442485809,49.8869018555,1.23349716887
1710,241.674865723,188.682373047,24.7166423798,53.3159942627,0.760818459094
1710,378.699981689,177.016860962,17.0662250519,50.3870124817,0.703877909109
1710,403.535980225,185.753662109,18.9840240479,50.2014274597,0.487256981432
1710,264.345977783,158.317901611,20.8145866394,59.4865455627,0.242679403163
1710,220.222396851,159.747360229,19.4403514862,66.909576416,0.212093186565
1740,392.694854736,180.459518433,20.4478797913,55.8265800476,89.887714386
1740,553.17388916,195.283813477,19.2250556946,44.1816902161,3.55356670916
1740,231.073059082,191.850219727,23.9945011139,52.2788238525,3.19408997893
1740,572.266784668,193.569458008,25.1942138672,43.4243927002,2.7420675382
1740,404.866577148,179.65246582,18.7965297699,49.910320282,2.30894107372
1740,181.547409058,199.279663086,24.3676586151,57.7990913391,1.70985180885
1740,352.444244385,152.173324585,28.3050918579,73.0217285156,1.47236399353
1740,260.258270264,158.060592651,22.4129314423,66.7376708984,1.2378548272
1740,218.730529785,183.393386841,19.4080276489,49.08543396,0.496337283403
1740,327.835266113,160.014480591,20.9757080078,56.0995445251,0.444672722369
1740,244.035354614,175.394210815,18.266122818,54.8392677307,0.429751677439
1740,378.978515625,176.419937134,17.3109340668,52.6494598389,0.398367270827
1740,335.540252686,135.163757324,31.5757884979,81.5319747925,0.279736379161
1770,392.650726318,185.02986145,21.8057041168,51.6423492432,88.0077898502
1770,222.611526489,185.977233887,30.396490097,63.1658935547,3.24514396489
1770,169.609115601,177.76701355,31.4857540131,88.250793457,0.570863764733
1770,451.847991943,189.780349731,19.5137939453,41.1910171509,0.453299144283
1770,338.900146484,153.680221558,22.3761577606,64.374130249,0.255713472143
1770,323.411834717,167.779800415,21.8157348633,53.8417816162,0.237651402131
1770,407.381835938,189.806259155,21.9711742401,48.6999168396,0.144048943184
1770,245.416152954,175.393127441,17.6214008331,50.5680580139,0.0506500015035
1800,394.040161133,178.047729492,18.4693202972,57.0992088318,38.5873794556
1800,191.447189331,184.20880127,25.993516922,63.4732666016,5.42472861707
1800,162.422546387,192.497879028,29.4585723877,77.3788833618,3.40525321662
1800,321.947570801,173.61164856,21.0545368195,55.1269645691,1.08180381358
1800,348.794921875,146.616043091,30.0628814697,75.2399902344,0.495232315734
1800,18.8908557892,169.680038452,18.7653961182,50.1720314026,0.0310090515995
1830,292.062072754,186.431472778,23.9140224457,56.6722717285,90.2925908566
1830,580.952880859,198.565795898,19.944475174,44.7127494812,10.489462316
1830,240.985946655,189.227584839,18.9997234344,46.3621101379,3.278369084
1830,482.6171875,209.420898438,22.0689144135,46.758228302,1.93502102047
1830,212.857009888,179.533752441,25.3486385345,58.0657958984,1.8734253943
1830,311.851898193,176.106552124,24.0596561432,64.0517654419,0.781020056456
1830,249.113418579,165.786575317,24.3326721191,64.5006561279,0.751548493281
1830,153.962234497,217.996627808,27.6224441528,52.2748260498,0.593249173835
