30,456.770507812,175.522994995,25.7165679932,67.8769607544,99.3931055069
30,437.943115234,182.633911133,18.9698925018,58.3887481689,92.0329749584
30,321.982086182,157.52381897,30.423204422,80.0599746704,67.2527432442
30,338.319458008,172.382446289,19.9570941925,55.703754425,24.1477414966
30,545.779296875,70.776008606,20.8174800873,60.836139679,3.46901118755
30,305.316131592,160.366470337,28.1653575897,63.3048439026,2.93979495764
30,610.911376953,69.8885879517,18.2375736237,45.0708961487,1.67872048914
30,509.071075439,77.7302474976,20.5697231293,51.8352355957,1.6092877835
30,296.703857422,169.983428955,18.9466381073,52.7640190125,1.15792648867
30,575.036010742,65.1279907227,19.1612625122,48.1880836487,0.285776285455
30,472.275634766,172.789855957,23.4143657684,64.8371124268,0.201706006192
30,177.750747681,69.1923904419,22.0783462524,50.7268180847,0.0190233506146
60,611.619384766,167.926803589,18.4039382935,59.9785804749,11.448238045
60,398.416778564,126.810150146,21.8958282471,54.040725708,5.85349611938
60,444.772949219,141.682357788,26.009103775,106.356834412,2.82019171864
60,133.993286133,145.225341797,53.8458900452,117.084709167,0.741247180849
90,385.080230713,194.74786377,28.4848861694,71.205696106,0.630345055833
90,109.729301453,202.548416138,21.554145813,52.7493019104,0.45972187072
90,409.331695557,83.6738586426,30.2240390778,67.3188323975,0.313465413637
90,178.05921936,44.8271522522,21.784034729,50.3159370422,0.0808204931673
90,231.700759888,71.5172958374,23.9492321014,64.3997116089,0.0209016681765
120,472.665771484,174.740158081,25.8623886108,71.1977005005,98.3989834785
120,448.565063477,181.380432129,19.0589675903,64.6830673218,78.1176447868
120,522.191345215,72.1748580933,20.7828063965,46.6976318359,2.61031333357
120,556.624206543,73.0707931519,23.2863178253,65.6637878418,2.18933876604
120,124.856040955,151.230117798,21.0790538788,53.7879333496,0.179847225081
120,542.053100586,76.9556350708,18.4276485443,50.8185462952,0.132224010304
120,404.157012939,74.9897537231,20.311882019,50.4758033752,0.0164431272424
120,237.419204712,74.1237869263,19.5630245209,70.8722305298,0.00358154175046
150,442.490844727,184.700820923,25.8930454254,63.989566803,99.457681179
150,472.372283936,178.642440796,27.720703125,70.0746688843,98.2608556747
150,531.485290527,70.0361938477,20.2138500214,53.0888519287,6.67858794332
150,615.727600098,185.875656128,17.6319923401,48.5582580566,5.91788366437
150,464.909576416,183.151412964,18.2600231171,62.7016334534,1.30779780447
150,584.623840332,60.4765968323,19.6404438019,52.1142463684,1.2611025013
150,330.75592041,168.636032104,23.1614170074,68.2756195068,1.05777774006
150,491.686676025,186.054641724,17.1396007538,58.7301025391,1.056190487
150,599.63470459,56.4460792542,18.5094051361,49.2441711426,0.750127760693
150,125.161491394,142.23109436,23.0403366089,70.5165023804,0.279455282725
180,466.527130127,176.268173218,26.9950122833,74.8496322632,99.1779386997
180,431.914794922,190.739028931,26.3384246826,63.2284088135,98.5072374344
180,599.155456543,50.9595298767,20.3338813782,51.7081604004,9.52750295401
180,526.748962402,66.7348251343,20.0182285309,51.3328857422,5.79989627004
180,612.656799316,184.47328186,17.5545978546,52.2077598572,5.32456748188
180,112.780418396,149.161453247,26.0525798798,67.2959213257,2.65147909522
180,602.830383301,175.666137695,18.4615058899,45.8889045715,2.62727681547
180,422.636322021,185.726196289,19.28855896,55.0520324707,1.93431936204
180,322.246490479,183.708267212,20.6049747467,52.6427345276,1.42813231796
180,449.78427124,188.488647461,15.2534217834,61.6072273254,1.27732679248
180,564.167663574,70.9144058228,22.6172409058,71.7558059692,1.24939158559
180,485.051971436,189.022567749,18.8789157867,58.8658599854,0.626908009872
180,164.63067627,38.2597465515,24.3175354004,54.8730506897,0.105474318843
210,415.414520264,189.075942993,24.9224624634,67.9151611328,99.4532585144
210,457.52645874,176.366226196,29.2368011475,83.7644500732,96.641767025
210,294.415313721,164.678039551,25.848274231,65.1767120361,5.98023459315
210,436.831268311,190.806030273,16.8929901123,52.5882911682,2.49077472836
210,96.3999252319,151.757949829,27.6296062469,70.7185134888,2.41350997239
210,405.847045898,188.222610474,19.8112010956,59.8400726318,1.85249540955
210,523.987915039,68.8374328613,18.4493808746,51.129776001,0.909863598645
210,280.49105835,164.806503296,23.9742031097,60.6014671326,0.884927622974
210,448.635040283,183.242492676,16.7840023041,67.1412277222,0.862482842058
210,270.5730896,175.19859314,18.8629550934,52.2628822327,0.79577146098
210,576.914611816,61.4834327698,22.4946899414,53.7034797668,0.451790029183
210,327.795806885,170.588317871,26.5109386444,61.7567634583,0.123196246568
210,152.525650024,69.0340423584,22.2544937134,53.7985534668,0.0658662291244
210,386.064849854,77.2043533325,21.6492233276,51.788848877,0.0233714075875
240,403.577484131,186.964065552,28.721529007,76.7496795654,99.6591866016
240,454.156738281,176.944641113,31.1412372589,87.9362487793,99.3712306023
240,446.07434082,187.422714233,19.8333721161,70.9976806641,7.70909488201
240,435.613616943,189.215652466,18.9356098175,56.6863975525,3.26754972339
240,530.31237793,117.199462891,22.0194034576,55.1266365051,3.1238656491
240,424.249298096,190.285446167,19.6064739227,61.4389228821,2.37371902913
240,515.887145996,63.4255867004,19.6108512878,48.7000160217,2.27785333991
240,302.043762207,131.420471191,25.0650234222,78.607635498,0.298137636855
240,86.6011047363,143.733169556,24.3512039185,71.8070602417,0.0335422169883
270,394.902557373,186.078063965,33.0301856995,82.583366394,99.7263252735
270,457.2081604,175.22038269,34.8122291565,94.477973938,99.7147619724
270,427.691009521,189.793579102,20.5893344879,61.827922821,9.38498303294
270,76.332359314,145.279083252,27.6709442139,79.1053314209,2.42841187865
270,447.580169678,208.581359863,19.4692783356,56.355682373,0.184266373981
270,386.906860352,166.062789917,18.8559436798,55.579284668,0.176975037903
270,508.493255615,66.2768554688,22.868314743,58.3283653259,0.0836556020658
270,306.500457764,149.436386108,21.7076473236,59.8876991272,0.0609335431363
270,308.555145264,183.053909302,25.9013462067,58.1617736816,0.0208996847505
300,475.780975342,170.254318237,38.9982795715,108.289642334,99.4951605797
300,392.900268555,183.616455078,33.9919395447,92.9251403809,99.0732431412
300,611.94720459,58.5498390198,17.2203731537,48.0133552551,10.5735763907
300,375.596557617,172.422225952,21.5989761353,58.7487449646,4.17713262141
300,414.862426758,189.655578613,23.9427661896,72.9130325317,3.89317721128
300,428.192871094,188.877365112,26.0268344879,70.6814804077,1.65046341717
300,500.659790039,64.4798202515,20.8162956238,52.0582008362,1.399678085
300,454.575683594,175.629577637,29.7568912506,87.5163497925,1.1474031955
300,384.782592773,188.028503418,20.5101890564,60.7833976746,0.789964199066
300,64.4028015137,144.357528687,29.5717487335,80.958114624,0.149717368186
300,120.6508255,78.4914321899,21.2824840546,52.2990150452,0.053891853895
300,279.109039307,133.257843018,28.3206195831,79.260597229,0.0528624805156
330,394.233032227,182.237503052,39.9915122986,99.3334655762,99.6497452259
330,510.088378906,164.576049805,42.4695625305,114.145050049,98.8313019276
330,365.119018555,163.588760376,23.8839359283,53.0289573669,6.70791938901
330,525.007141113,169.549850464,24.087310791,58.7558746338,2.72623915225
330,424.669952393,185.710098267,28.1171188354,80.5246276855,1.63595937192
330,498.771392822,67.0122299194,20.9161643982,53.3450965881,0.527669023722
330,522.204772949,231.060012817,24.7215099335,50.6804504395,0.479277828708
330,607.12701416,62.5167961121,19.0572414398,44.612575531,0.406300788745
330,389.580596924,188.187316895,23.5047836304,65.2391738892,0.348708685488
360,551.708435059,164.157791138,45.3098297119,132.386856079,99.7258424759
360,398.882415771,177.271850586,41.1481513977,108.634521484,99.4321465492
360,610.807006836,60.2174491882,18.2184906006,46.9005393982,4.40244153142
360,572.524108887,171.616882324,29.5174999237,70.6135787964,4.16324399412
360,390.689117432,184.896469116,25.0670471191,81.2887802124,1.59857813269
360,365.167388916,163.32019043,19.8298110962,54.2792243958,0.808044523001
360,422.340698242,198.849716187,20.0908336639,72.5350723267,0.621882267296
360,53.0556640625,153.950393677,27.747838974,67.7345123291,0.326053216122
390,576.006286621,166.868804932,52.9521179199,129.307189941,99.8647749424
390,407.635406494,178.950912476,46.2409248352,110.832550049,98.8075852394
390,363.10256958,163.648727417,19.9270458221,53.7071685791,32.9877316952
390,391.484375,189.571411133,18.0834159851,57.7090454102,25.6216853857
390,413.106567383,183.064285278,21.5424747467,65.4288711548,10.1902917027
390,399.676849365,186.178451538,22.2516422272,73.902671814,8.2144357264
390,52.9090538025,163.804916382,22.931312561,62.5655555725,5.55481165648
390,437.13583374,181.084060669,27.4543743134,93.8660583496,5.22407665849
390,603.944519043,175.587158203,24.6082687378,66.2482528687,2.29018777609
390,610.12298584,59.5380210876,18.2679271698,47.7815551758,1.922798343
390,510.871063232,129.242935181,20.2098064423,57.6108283997,1.86192821711
390,278.698150635,181.343399048,27.1055660248,63.1408691406,1.51973180473
390,570.505615234,186.422683716,25.2671737671,73.5914077759,0.937042851001
390,578.011291504,220.104492188,24.9544067383,76.5361633301,0.845918059349
390,424.443359375,229.584945679,22.2704467773,62.9669456482,0.811857078224
390,495.728393555,67.7998428345,21.5075893402,60.3764190674,0.290874997154
390,267.644561768,140.559524536,25.0525341034,79.0757751465,0.121907948051
390,513.79901123,166.63192749,20.8751316071,54.0912475586,0.0710885389708
390,376.460357666,175.182296753,18.2279872894,49.9124298096,0.0653540017083
420,426.667327881,173.054031372,48.4468727112,129.159683228,99.3590176105
420,595.471374512,160.682815552,37.2535972595,133.089370728,21.1518138647
420,361.317749023,167.912612915,19.1973247528,50.8585205078,16.3928896189
420,412.735748291,179.420608521,30.5739650726,88.5154418945,8.02442356944
420,607.003417969,243.928939819,26.4836425781,70.5250701904,4.88658361137
420,266.553863525,139.035385132,25.0262527466,80.4509887695,4.46705967188
420,509.450469971,128.916763306,20.2559871674,58.9280586243,2.45252512395
420,609.63671875,59.6026916504,17.0272312164,48.7995605469,2.18367278576
420,262.83380127,192.26524353,21.8261852264,58.1404685974,1.37150529772
420,430.976104736,174.935470581,23.3117694855,75.8588638306,1.26300798729
420,404.459564209,195.853561401,18.6776943207,59.2572517395,0.754577340558
420,496.002044678,70.7253723145,20.1807479858,60.1101493835,0.664306664839
420,433.16027832,225.402282715,24.2727413177,74.9829559326,0.641275849193
450,440.81338501,166.506515503,47.0878753662,146.474273682,99.5172679424
450,567.184875488,145.984207153,60.2011375427,192.481201172,93.7712430954
450,597.479736328,229.542007446,32.7773132324,100.556602478,46.2316393852
450,266.937652588,178.223815918,21.5538253784,67.0113449097,37.0769679546
450,363.48815918,163.676437378,18.0586013794,51.8371124268,24.4136497378
450,255.840652466,195.987991333,17.8856067657,58.7036399841,19.3285912275
450,445.549194336,232.137207031,23.7049255371,70.2325057983,14.6422430873
450,438.068389893,179.270751953,23.8658466339,75.8281097412,4.19229008257
450,260.758300781,145.649658203,21.5999526978,57.928188324,2.86710094661
450,425.529937744,182.656997681,24.3193721771,87.3073806763,2.22983937711
450,508.206329346,131.474731445,20.956205368,61.1876068115,1.56665220857
450,572.368896484,144.995361328,39.1102867126,83.703163147,1.53817180544
450,451.559570312,171.189407349,21.713432312,85.5784912109,1.50784309953
450,216.217391968,192.580154419,20.0323352814,50.9469032288,1.36024905369
450,610.809692383,172.684570312,20.5190944672,75.7717895508,1.14314481616
450,616.311767578,221.604003906,18.1334590912,58.5774116516,0.589812360704
450,563.018310547,173.776382446,32.5043983459,103.195281982,0.496754096821
450,249.548843384,173.503463745,18.3516120911,63.1144065857,0.359191955067
450,487.475006104,66.4520263672,25.5542221069,63.3043022156,0.291047827341
450,351.280029297,161.852249146,19.6557216644,53.2733268738,0.17134983791
450,465.440917969,181.771133423,25.0098247528,73.4294204712,0.0829331402201
450,226.235046387,185.930465698,20.9043674469,50.5839805603,0.057018006919
450,155.560928345,83.1425857544,28.6007213593,76.0667800903,0.000192793982023
480,462.450592041,168.84046936,55.8808784485,157.012878418,99.3274092674
480,528.669128418,149.797683716,74.3902664185,169.126098633,99.1198837757
480,599.125427246,170.747329712,34.8322753906,141.918167114,83.6435139179
480,573.991088867,176.695556641,33.1575813293,114.371246338,22.4072903395
480,525.315490723,220.977981567,31.4397945404,82.9962997437,16.0684168339
480,600.249816895,178.580978394,24.0434627533,59.7907524109,16.0504877567
480,610.414855957,260.370788574,20.8378353119,58.7721366882,9.92697700858
480,354.540130615,164.955505371,20.3320388794,55.4690666199,7.70088285208
480,484.458129883,169.854232788,29.1991596222,83.2880783081,7.19446241856
480,446.20791626,178.076217651,40.3280143738,108.455993652,5.5197339505
480,249.620544434,190.455490112,20.0992298126,64.1669998169,4.94410395622
480,494.685455322,213.138412476,20.6798496246,67.7916183472,4.68719676137
480,548.946899414,258.612670898,21.5692462921,61.2418556213,4.61921952665
480,467.728485107,177.202758789,21.961812973,63.7201423645,4.56063076854
480,586.517089844,181.647628784,21.5055599213,52.8653297424,2.86713894457
480,610.134399414,58.6339912415,20.0866146088,48.4432563782,2.82725002617
480,534.433532715,146.326660156,38.5860748291,99.7352828979,2.78846174479
480,494.533843994,153.710586548,54.0554618835,162.264434814,2.35208198428
480,612.058776855,168.969833374,20.0255489349,51.9034996033,2.15013772249
480,46.0340003967,149.760772705,25.3605270386,79.3245239258,1.89044382423
480,510.024993896,179.167282104,19.6815776825,65.4679946899,1.47690409794
480,458.762420654,228.664962769,19.339515686,56.9125480652,1.4046442695
480,442.555297852,186.020324707,22.7496185303,69.6604537964,0.412939442322
480,269.078338623,193.42829895,18.5259742737,53.1030769348,0.220215856098
480,484.8984375,68.6803207397,27.5934066772,67.8817825317,0.0569235300645
480,557.382141113,152.223464966,25.8413677216,65.6448287964,0.0243686430622
510,488.510009766,163.230667114,101.628456116,166.907318115,94.7676062584
510,558.544311523,173.433334351,49.8248405457,134.060256958,93.2830035686
510,477.475982666,151.739944458,52.821559906,139.949783325,69.525706768
510,501.78213501,247.306808472,31.1316051483,78.2363052368,57.2520375252
510,584.910827637,208.586288452,29.4749736786,78.7083587646,42.9177075624
510,531.12677002,202.053344727,39.0635604858,138.30406189,23.000612855
510,261.915405273,198.045516968,17.3722362518,48.4571647644,14.1865253448
510,239.352905273,181.088195801,21.6942462921,72.0985031128,12.7611100674
510,537.417053223,175.183700562,22.5945606232,75.2346572876,9.65034216642
510,516.865966797,208.472595215,28.787355423,96.6512527466,9.41674336791
510,38.0063323975,154.002182007,27.2370281219,76.0012893677,8.19421038032
510,345.029693604,164.205673218,22.1521205902,53.7106971741,4.77387160063
510,611.606262207,60.9512023926,16.3436927795,47.6483650208,4.71869185567
510,548.413635254,268.13885498,21.308927536,64.8142471313,4.04994413257
510,595.602600098,57.3865852356,20.320514679,49.9148826599,3.99567224085
510,18.1796512604,127.188781738,21.2637767792,56.6673774719,3.82324568927
510,221.578857422,183.824142456,22.9231014252,60.1046600342,1.77375897765
510,562.371520996,263.954681396,18.2146816254,53.6040992737,1.60021036863
510,551.538757324,178.514602661,20.365940094,56.8723144531,1.50787923485
510,495.934967041,147.528366089,26.3451633453,77.7326278687,1.25509370118
510,490.495727539,259.185119629,24.8107051849,62.9190177917,1.08157470822
510,250.73614502,132.828872681,26.3387699127,106.20917511,0.96190283075
510,608.767211914,230.238815308,17.58527565,55.0504646301,0.958953332156
510,480.301727295,67.441078186,21.9050350189,60.7595710754,0.89227007702
510,562.169616699,176.352172852,24.7334289551,68.9741210938,0.63394876197
510,569.365234375,240.645553589,28.3855800629,72.941947937,0.226321164519
510,506.096710205,184.447036743,23.5115642548,74.090385437,0.132379261777
510,468.020172119,174.778686523,30.7868785858,84.8739852905,0.0233093829593
540,439.034301758,150.208892822,57.4054832458,155.437149048,99.5367884636
540,508.114746094,168.014572144,51.1084136963,140.842483521,99.1000771523
540,574.527526855,147.89414978,61.9761657715,216.112106323,94.9204206467
540,338.58807373,163.705123901,17.7932701111,50.7005348206,55.9122562408
540,598.346984863,136.212097168,31.9015026093,104.312141418,27.7651816607
540,467.672332764,159.443634033,65.3308334351,149.062927246,20.6918925047
540,539.335876465,183.310012817,26.2091808319,91.4777145386,19.6489706635
540,580.578918457,241.40802002,35.6287879944,97.2486190796,14.67923522
540,439.944366455,239.302108765,19.0569248199,50.1866455078,12.1928453445
540,495.192993164,169.733627319,27.4179477692,87.359336853,11.4162743092
540,572.6875,179.646286011,32.6732292175,90.3578186035,6.83043450117
540,30.2990207672,159.749893188,27.0298252106,65.5573883057,5.67605942488
540,584.070007324,49.9545173645,19.4421195984,51.7727355957,5.05144149065
540,564.600769043,173.784683228,18.9700450897,52.2186927795,4.94830571115
540,550.532653809,165.210266113,42.6724281311,139.744018555,4.61737848818
540,425.600341797,167.004577637,38.8342552185,109.673248291,4.49125878513
540,450.752593994,220.310562134,27.458946228,82.1953887939,4.10512313247
540,228.443283081,191.630111694,20.477437973,60.4174232483,3.44790443778
540,601.720214844,226.675292969,30.5057373047,95.3668212891,3.23130339384
540,611.347595215,57.4245872498,17.5461502075,49.1323432922,3.08845397085
540,552.993225098,184.152145386,19.163028717,52.8126411438,2.13329289109
540,348.252716064,167.92024231,18.3419933319,50.72914505,1.84920299798
540,524.241027832,171.674331665,22.4991474152,66.6711730957,1.628594473
540,237.860092163,166.639068604,26.1176738739,86.5577163696,1.62376388907
540,485.395507812,167.549636841,19.6077880859,78.6255722046,1.45574146882
540,530.890197754,240.086380005,24.1310424805,63.6186714172,1.256892737
540,468.660552979,225.738449097,24.0174541473,78.6571807861,1.01121393964
540,44.4032554626,183.519775391,19.9300937653,45.0333862305,0.924675911665
540,608.635681152,274.427703857,21.4474048615,80.8907699585,0.772905023769
540,534.976623535,55.9473381042,20.6362953186,58.7531776428,0.517018465325
540,252.581115723,189.30619812,20.3895683289,55.7306632996,0.276622502133
540,247.68548584,142.603561401,21.922914505,69.6672439575,0.140161975287
540,515.157897949,233.33996582,27.6791973114,73.5279998779,0.0536544830538
540,456.072601318,151.066955566,27.8924274445,68.6144638062,0.0145587444422
540,472.058074951,144.511062622,21.0347976685,48.9950561523,0.00847981427796
540,131.912750244,79.5667114258,29.5137767792,77.3976211548,0.000172622674199
570,533.94543457,144.624679565,55.8719444275,164.110595703,99.8297274113
570,466.043701172,171.336990356,48.7665596008,131.745498657,97.9067504406
570,403.813568115,161.085571289,54.9487419128,146.093093872,96.9065368176
570,380.298706055,184.99206543,34.8830833435,107.847297668,89.6778643131
570,431.107330322,219.105056763,23.4792003632,79.613319397,45.0672358274
570,327.808380127,163.171737671,22.1047801971,55.7025413513,34.0879350901
570,240.394119263,195.071548462,17.6851577759,50.0256767273,28.5066962242
570,20.7122516632,157.948226929,22.5826091766,69.0842208862,24.5312571526
570,499.143707275,206.728775024,22.8685302734,61.9610595703,19.9132725596
570,611.149719238,221.47845459,21.0280399323,62.1039085388,10.6992334127
570,460.485076904,179.467346191,27.3593997955,83.3944854736,8.86606350541
570,221.872695923,185.937072754,22.735918045,68.5274887085,7.07534179091
570,604.481933594,49.7987365723,22.789484024,56.3678321838,5.21953329444
570,568.092468262,51.3464355469,18.8400402069,48.5105743408,4.7430716455
570,491.653106689,243.880905151,21.9076538086,54.1661682129,3.27249504626
570,584.950622559,51.0695304871,21.2658042908,54.0368347168,2.39510070533
570,418.006988525,156.480361938,29.8013057709,67.9923934937,0.770030263811
570,476.677124023,176.558670044,23.0000457764,70.1469650269,0.704880431294
570,462.284423828,61.6385612488,28.2893676758,68.355140686,0.666373874992
570,356.945220947,187.744995117,29.1289157867,72.3680953979,0.65141459927
570,490.451385498,183.237365723,22.8535861969,71.1873626709,0.625500269234
570,386.656097412,247.497619629,24.4116420746,52.3289909363,0.59725116007
570,249.855545044,181.357681274,21.5138645172,63.2375984192,0.558748934418
570,508.045013428,157.808364868,42.1116943359,128.610488892,0.465765967965
570,75.4935073853,87.0728378296,21.3369293213,56.5126037598,0.33603485208
570,552.656799316,246.832260132,20.2060279846,58.1560821533,0.294999335892
570,562.503356934,227.934188843,26.581911087,78.0577926636,0.245416536927
570,539.162414551,144.461486816,33.4787406921,70.6215133667,0.149669882376
570,404.124542236,191.325195312,25.9579753876,89.1465148926,0.0724839570466
570,463.661529541,225.339279175,21.6870212555,66.599937439,0.0336152734235
600,370.581695557,160.025222778,49.9925231934,143.620803833,99.2904961109
600,497.017578125,152.148330688,53.9586486816,159.673797607,98.6318349838
600,330.043487549,188.655960083,41.9998779297,95.6741333008,97.9938209057
600,426.977508545,171.120529175,47.4445152283,130.178741455,97.8275418282
600,568.960388184,176.876586914,45.1791496277,115.374450684,85.6190502644
600,594.082214355,207.58605957,28.4007034302,79.1637878418,38.7552171946
600,453.181884766,215.660690308,27.8283786774,78.0399017334,21.8370705843
600,226.438705444,199.145797729,21.1565494537,52.2252807617,20.7302153111
600,525.279785156,176.652709961,37.9766044617,110.416740417,10.9160289168
600,484.836151123,160.914321899,35.9713478088,122.963691711,8.52844566107
600,419.335479736,186.830886841,27.1459445953,103.149284363,6.94656819105
600,205.600646973,199.074111938,23.9521713257,59.4702949524,6.61710724235
600,600.388000488,180.408676147,19.2293815613,65.8198623657,6.02377355099
600,578.233703613,48.0591163635,20.3148956299,50.6555175781,4.54106628895
600,478.228790283,216.638259888,18.8108634949,52.8721466064,4.08046171069
600,447.556854248,246.69190979,19.1123485565,52.6334991455,3.79291847348
600,500.289550781,221.093612671,27.2730636597,83.1597061157,2.72574983537
600,402.179473877,184.119369507,24.1292266846,95.2142868042,2.21265945584
600,611.390319824,58.1158943176,17.35131073,48.8704833984,1.851198636
600,464.337799072,164.661743164,35.1560707092,123.006355286,1.68552044779
600,487.738922119,222.242980957,19.0147972107,56.3682441711,1.44384037703
600,594.40411377,50.8003234863,22.98878479,54.4189414978,1.42059661448
600,174.333236694,189.900390625,18.4437942505,45.9944419861,0.725659169257
600,314.264831543,165.48588562,20.5152359009,56.3114318848,0.695400219411
600,543.57220459,194.008666992,25.6811466217,65.7901229858,0.683591887355
600,361.945343018,191.88848877,19.5400104523,77.2025985718,0.569794839248
600,341.199981689,252.860427856,22.822511673,42.7157936096,0.472842296585
600,212.523605347,137.170211792,22.3993835449,70.3553237915,0.403291312978
600,615.479919434,188.472061157,17.7085475922,60.9796104431,0.378344976343
600,436.824676514,170.936767578,28.9973506927,58.7359619141,0.347345764749
600,478.149200439,173.565429688,20.7830753326,58.5747070312,0.246055726893
600,183.726852417,184.475646973,23.4801235199,55.7105369568,0.189199985471
600,459.901031494,61.200504303,19.3128814697,63.1494026184,0.17680155579
600,414.343841553,182.442062378,19.1531276703,63.9066429138,0.131996558048
600,510.672454834,154.183319092,30.0145053864,78.1480178833,0.0533495098352
600,524.622375488,144.475357056,22.6696987152,57.0313911438,0.02683866187
630,499.853027344,177.834701538,38.7540092468,115.793701172,99.3313550949
630,442.638458252,151.564682007,54.5800933838,160.461578369,99.282336235
630,273.772796631,195.233398438,38.2183837891,92.4561691284,98.7817764282
630,374.512054443,181.358932495,50.0771026611,121.296020508,98.0537235737
630,313.316986084,163.178161621,45.1146087646,128.190872192,97.5743293762
630,547.719909668,172.348068237,59.012096405,133.668441772,95.3305721283
630,530.065551758,188.30116272,30.5988025665,109.286460876,65.9856617451
630,357.667358398,198.18522644,26.429479599,83.3423080444,35.4553192854
630,171.587341309,198.451171875,21.3886566162,65.3527984619,24.7254267335
630,481.268585205,202.789230347,18.4810581207,88.2878417969,10.5029039085
630,432.11807251,49.8382568359,21.4440937042,59.0424041748,9.45946276188
630,577.485839844,217.779708862,25.9070949554,86.6783676147,9.18431207538
630,417.939208984,221.460708618,19.5747776031,56.8056335449,5.60173131526
630,545.25402832,45.8751869202,22.81665802,51.185131073,2.13194601238
630,371.105010986,187.515426636,24.9457550049,83.2327880859,1.62326265126
630,573.199157715,181.029464722,26.2622146606,73.7133560181,1.57623663545
630,198.043411255,194.218811035,20.6185970306,57.4350242615,1.56657211483
630,184.987976074,197.84992981,19.2804393768,59.2543182373,1.43074626103
630,319.997589111,240.393920898,29.546503067,61.0057029724,1.30877317861
630,372.819000244,241.93586731,21.2440090179,56.1649665833,1.23961335048
630,432.566070557,185.812133789,33.3781585693,114.900428772,1.20203597471
630,557.431335449,183.278015137,24.2290668488,85.7064285278,1.02084707469
630,560.70880127,45.9888000488,26.2956027985,52.8559875488,0.795658491552
630,154.854919434,187.376358032,19.3087902069,52.7937736511,0.772524718195
630,471.609405518,244.334396362,20.8704891205,60.4675483704,0.762832863256
630,412.408721924,178.265457153,36.539806366,107.658683777,0.49043702893
630,468.070068359,164.718826294,25.5337295532,90.7857131958,0.277129514143
630,343.526397705,205.629394531,25.2719802856,66.3207168579,0.266154226847
630,328.57723999,165.383163452,25.2704677582,59.3489952087,0.139149709139
630,198.131027222,140.731063843,21.553855896,71.5273208618,0.0952278845944
630,403.431610107,234.927047729,24.0593509674,66.6336288452,0.0820927380119
630,283.794067383,157.191940308,23.7740802765,62.5977325439,0.0128277868498
630,385.557983398,243.425415039,21.9263076782,56.6507225037,0.00426505030191
660,80.5674133301,166.008178711,46.0874061584,140.357910156,98.9436686039
660,45.7313842773,193.729171753,36.7046546936,94.9615249634,98.1472671032
660,141.9425354,181.026794434,49.7113456726,122.379402161,98.1320798397
660,326.814331055,163.303619385,54.895980835,136.049789429,97.3006188869
660,209.921676636,144.100082397,58.2210044861,162.736022949,96.8058109283
660,269.71194458,175.694900513,44.5076599121,118.082633972,96.193754673
660,304.776031494,185.798339844,26.0845127106,111.094078064,64.3576323986
660,10.5709009171,180.911697388,23.5083637238,66.8006896973,26.1795431376
660,259.150177002,178.636245728,27.1102600098,106.775993347,22.1949219704
660,172.168395996,194.161132812,26.9757900238,89.6211166382,12.3519487679
660,358.596405029,177.766662598,24.0350170135,72.9553756714,9.67907980084
660,169.784713745,165.146484375,67.6526260376,145.737792969,7.98321664333
660,161.596160889,190.318466187,22.5914459229,74.2355499268,3.53718996048
660,110.992492676,190.595947266,20.7981777191,89.6487808228,2.60270498693
660,121.628883362,195.484313965,20.6014518738,72.6261520386,1.39627857134
660,206.336746216,223.910842896,28.4197101593,73.5025787354,1.21661350131
660,323.937225342,216.526367188,29.8598098755,78.6076507568,1.16885174066
660,28.3277950287,97.4085922241,31.613363266,90.8850631714,1.08506698161
660,147.070358276,181.386917114,22.6744918823,53.5372886658,0.960858725011
660,526.797607422,183.315841675,24.6417694092,54.5434684753,0.696799252182
660,316.202056885,238.743041992,21.3802814484,54.6588096619,0.542771443725
660,187.78338623,218.873947144,20.1324596405,60.8799133301,0.391165073961
660,246.77671814,146.335693359,23.2447185516,63.8571434021,0.317069655284
660,242.220016479,35.932636261,28.5638885498,68.5754241943,0.249965093099
660,228.771499634,144.378112793,31.3756389618,82.0089950562,0.113177415915
660,221.124008179,250.04296875,22.1682796478,56.2612609863,0.0819088774733
690,609.115722656,246.259170532,19.6598587036,56.7637290955,19.4265767932
690,362.115631104,114.985923767,33.7472343445,64.8154602051,3.44905853271
690,553.131103516,32.7176589966,24.914850235,58.4095001221,0.822264328599
690,594.527587891,242.784545898,24.0982513428,60.6659088135,0.804640352726
690,250.174072266,54.3968658447,23.6459789276,66.7672424316,0.00303284286929
690,263.2628479,25.426612854,35.9804649353,64.753074646,0.00222438811761
720,20.266336441,205.984008789,46.0196533203,88.5595092773,19.830057025
720,44.8690338135,134.295898438,28.8635559082,66.595451355,14.5720109344
720,52.1804847717,156.226150513,38.31067276,106.351036072,7.34588652849
720,13.225935936,236.901901245,24.7101974487,53.508972168,5.35479523242
720,233.348464966,184.428573608,33.6622123718,95.7496337891,4.16901707649
720,607.331115723,182.02583313,20.2748279572,63.7050743103,0.986546184868
720,197.827407837,124.434165955,23.7523193359,55.8860473633,0.0195817658096
750,542.976379395,178.426803589,26.6346874237,77.5173721313,99.6720850468
750,577.058105469,174.199645996,27.7896633148,88.229095459,64.9984896183
750,82.5954208374,161.0809021,20.6696414948,48.5097503662,1.47651107982
750,613.654174805,113.190391541,23.2231693268,63.9754753113,1.30833368748
750,592.388183594,174.2787323,19.0580692291,49.6574821472,0.72127119638
750,534.291259766,181.590942383,18.6210155487,65.7850418091,0.360093219206
750,39.9927215576,217.561599731,30.0205001831,72.1705856323,0.319535844028
750,559.375915527,171.25239563,29.5041027069,84.4672775269,0.231361784972
750,504.477783203,174.346740723,24.3681316376,69.4137496948,0.0764025899116
780,601.936767578,164.146057129,33.3288002014,108.890136719,98.4302818775
780,254.314620972,186.731277466,21.1769580841,41.5033950806,11.5395255387
780,407.613006592,178.399765015,21.2210979462,44.8437080383,0.913098547608
780,612.533447266,165.258758545,20.0616130829,52.2530250549,0.595998996869
780,6.80251932144,194.987045288,15.3594741821,46.6090736389,0.499148666859
780,19.1672401428,155.70274353,19.1943130493,47.4836082458,0.134183524642
780,66.9523239136,83.196105957,24.1036758423,64.0513381958,0.0663198414259
780,57.8703727722,97.0826721191,19.8834972382,55.9868202209,0.0628755718935
780,351.196624756,189.503799438,21.4743747711,51.6339111328,0.0382624246413
810,493.697296143,174.983963013,32.1105155945,92.1756515503,95.2343285084
810,528.170349121,178.591598511,23.3176269531,65.7882766724,45.3180372715
810,381.998748779,186.686569214,27.708366394,64.4211654663,31.35420084
810,228.780776978,177.904464722,19.58527565,45.9651298523,21.8399778008
810,242.594680786,187.944030762,18.7329807281,37.302570343,10.99312976
810,500.775024414,176.359802246,58.616519928,121.648109436,8.34005773067
810,531.31439209,198.040405273,40.7874259949,135.41229248,1.87520030886
810,366.705780029,186.469970703,24.6151714325,61.1921234131,1.1552490294
810,485.944793701,215.021987915,27.8198375702,66.1621932983,0.763186020777
810,515.603393555,180.106018066,17.8630409241,54.0497627258,0.556106539443
810,498.212005615,220.661209106,30.5839996338,89.0795898438,0.488008838147
810,120.898872375,161.84753418,19.8981609344,48.8284912109,0.20273225382
810,30.9213962555,60.1583824158,21.4114761353,58.1356697083,0.0292526005069
810,44.5540313721,58.5769958496,22.7041416168,75.682144165,0.00665373154334
840,446.79006958,180.378250122,32.3656539917,96.7345199585,46.7990338802
840,223.504760742,179.724365234,19.8005084991,45.4068946838,35.7952028513
840,204.285217285,178.677810669,22.8708724976,42.5835494995,23.4333857894
840,611.590148926,164.44972229,17.7556152344,43.720035553,14.5799785852
840,109.180992126,176.832168579,23.8705825806,55.1445465088,9.1475687921
840,396.784088135,177.7993927,22.6448421478,50.023601532,2.17294730246
840,10.9999799728,100.229866028,19.2403011322,49.4050941467,0.574996555224
840,460.781616211,214.065475464,31.9100017548,73.3483886719,0.208962126635
840,388.677154541,170.814941406,17.7046451569,48.8665428162,0.192195305135
840,375.970062256,173.541702271,21.7475070953,48.6661567688,0.134594307747
870,158.139633179,192.384765625,24.8314590454,39.3191223145,63.0984961987
870,190.285995483,187.313858032,20.9294033051,43.1503601074,29.191121459
870,470.768829346,152.275344849,27.0733890533,73.1418838501,21.8387022614
870,381.467041016,168.032775879,21.2833042145,50.1985282898,17.12872684
870,454.204467773,181.095397949,16.5278930664,56.5588798523,8.73747169971
870,428.238037109,182.31578064,17.6888484955,49.6711463928,3.7371866405
870,478.771453857,136.246414185,42.9627342224,112.725318909,2.67538372427
870,591.199279785,215.944564819,39.1588554382,100.845916748,1.46655961871
870,439.490142822,181.558242798,20.9846935272,51.6174430847,0.619594892487
870,418.189239502,187.169113159,16.7777328491,43.0589637756,0.540001969784
870,397.710723877,178.495040894,16.4885120392,48.3586730957,0.333857256919
870,116.751434326,174.47442627,18.403711319,50.367023468,0.0987219391391
900,104.853851318,196.816452026,24.5009784698,43.8669128418,69.8166072369
900,442.857910156,176.803390503,23.5437221527,60.3207817078,57.6940536499
900,146.478424072,188.894958496,20.8320465088,45.8430213928,42.7404612303
900,476.531341553,174.956100464,19.9540653229,53.5794487,13.5913446546
900,120.029815674,189.848327637,19.2195682526,43.6590919495,9.11381915212
900,459.826690674,178.503799438,19.9260044098,58.8470726013,3.69111895561
900,518.363830566,153.712051392,25.3572235107,65.6943130493,3.64680327475
900,554.901916504,170.860610962,17.4106655121,63.1793365479,3.60282510519
900,388.033935547,167.666915894,19.6316680908,52.8883247375,3.2207198441
900,562.117370605,152.718643188,29.2156677246,85.0259933472,2.9953725636
900,380.414886475,179.057785034,17.2294178009,45.4231567383,2.4366484955
900,402.456542969,151.877304077,27.6629276276,73.8636627197,2.33707800508
900,605.60345459,172.548339844,21.2561664581,54.2166595459,1.5963498503
900,506.130645752,168.847824097,19.3997859955,57.937915802,1.2276718393
900,51.2653808594,153.65737915,23.7543354034,67.7909469604,0.87905107066
900,535.317443848,154.686233521,31.0635852814,75.708442688,0.85515845567
900,418.894561768,181.853271484,17.5148391724,46.4755592346,0.196656957269
900,6.07168340683,190.83984375,15.972328186,53.4330177307,0.0937926117331
900,429.226837158,160.43208313,25.6445293427,65.264213562,0.0885990215465
900,9.2660074234,121.786247253,20.3182926178,60.6986694336,0.0180546980118
930,92.6145858765,188.847290039,26.0156116486,57.7512969971,93.2075202465
930,32.2113990784,196.953567505,22.5686702728,50.6221046448,78.5766303539
930,549.779663086,185.867370605,23.3003902435,65.8261413574,71.8744456768
930,441.151367188,183.897155762,18.9816684723,50.4297332764,45.8780497313
930,480.81161499,175.978881836,23.97215271,66.7288513184,43.3579713106
930,508.321746826,169.020645142,24.1771068573,60.9691123962,17.4727126956
930,580.727722168,125.612182617,35.7341651917,94.7683181763,12.3684950173
930,113.952079773,184.805587769,20.4849224091,54.0678977966,6.89341500401
930,392.259368896,173.517745972,19.0879459381,50.8640899658,4.95915524662
930,467.610809326,169.564559937,23.263425827,66.5901260376,3.22991125286
930,556.683837891,161.575424194,38.8918876648,99.4094238281,2.78130434453
930,524.494873047,173.262329102,18.343793869,45.6896781921,1.9307108596
930,539.996032715,180.010543823,20.9049434662,49.5298652649,1.27672981471
930,450.019989014,165.210906982,26.7611560822,65.1609115601,0.510214269161
930,404.294677734,109.956825256,20.401845932,63.4660758972,0.502274697646
930,403.440460205,183.31678772,16.6510276794,44.5085334778,0.475624483079
930,45.3122825623,191.835769653,19.4636936188,47.487613678,0.194065377582
930,45.9036064148,82.880027771,19.6012783051,61.6184577942,0.0403251033276
930,417.736297607,111.960998535,27.7570095062,69.0358657837,0.00697982832207
960,29.2758083344,194.467483521,26.60795784,59.8012390137,98.3454048634
960,482.891143799,187.106521606,23.1818752289,55.8791694641,72.6424455643
960,557.254394531,161.791702271,28.3646259308,100.880210876,45.1710194349
960,122.345924377,190.027267456,25.3318500519,49.1196289062,38.5307013988
960,474.540618896,184.349472046,17.0786819458,56.2066230774,23.1624603271
960,408.492431641,175.940734863,19.3282356262,48.7070465088,23.0421423912
960,399.400390625,109.77999115,19.950176239,68.7198410034,17.7458286285
960,497.705718994,187.226028442,17.4713401794,55.2544288635,17.1882808208
960,596.891906738,98.5730209351,33.6380805969,104.562652588,5.60921393335
960,424.146087646,79.8174667358,19.3113765717,51.1222724915,4.8266235739
960,569.123168945,153.905258179,38.8638954163,118.830757141,4.81828674674
960,616.095153809,148.613540649,19.0783042908,53.3651771545,4.43423688412
960,393.97164917,171.367355347,17.975107193,50.7535591125,3.12884859741
960,16.1693096161,196.809707642,21.2766723633,50.7285461426,2.39269454032
960,424.919036865,187.131332397,19.2041110992,45.5918426514,1.76310297102
960,533.850280762,166.767379761,23.9233188629,64.8829803467,1.69403813779
960,9.35012149811,34.0996818542,21.0707950592,70.3053588867,1.39867877588
960,397.813262939,60.5989685059,25.1939468384,78.0061264038,1.10234795138
960,547.747131348,164.604385376,20.6674308777,55.0194206238,0.582189951092
960,48.1336212158,107.648742676,20.1549110413,60.5389823914,0.48612114042
960,592.126647949,179.606323242,23.6835727692,64.354598999,0.324398232624
960,569.493286133,82.4069595337,19.1125926971,51.4570121765,0.221826764755
960,413.915985107,64.5540084839,21.7505569458,57.5068473816,0.185723963659
960,434.630126953,77.2531814575,20.7018909454,60.6721992493,0.0703055236954
960,8.22497653961,118.520507812,20.4205551147,58.362411499,0.0451323081506
960,29.8374710083,110.574806213,26.1348514557,70.4010848999,0.0122420300613
990,135.745162964,186.314453125,28.4173736572,55.0336761475,97.4890589714
990,597.506164551,162.558151245,26.036611557,72.0533065796,44.1462695599
990,570.060668945,186.395339966,25.9772815704,79.8643264771,30.8520644903
990,551.806945801,187.204727173,15.5168657303,67.4814834595,30.8090299368
990,425.662750244,168.559158325,19.1046981812,59.0603485107,28.7914574146
990,447.875274658,55.9745063782,27.2816619873,66.7131500244,8.18119943142
990,561.167297363,182.826721191,21.0640239716,66.0119247437,7.05932602286
990,466.207122803,193.103942871,21.2631340027,46.4499931335,6.99942335486
990,424.183074951,95.8082199097,21.533164978,61.4788818359,5.59442192316
990,419.095428467,40.6171226501,24.9304504395,74.1046218872,4.11376282573
990,384.66305542,186.757766724,17.5223655701,41.656085968,2.26749051362
990,405.524902344,174.263259888,17.3164825439,47.4534339905,1.61631517112
990,19.5987243652,87.4944229126,18.7214546204,64.774772644,0.997102819383
990,439.05859375,177.451583862,19.9596996307,50.5149841309,0.658939732239
990,439.654449463,33.22864151,22.2968921661,62.9294891357,0.555647118017
990,4.18661308289,186.047103882,13.0004692078,56.9784660339,0.111146853305
990,467.130249023,138.337142944,30.0902404785,86.2241439819,0.0907476816792
990,394.648803711,179.792037964,16.0847301483,42.4916267395,0.0309504015604
1020,151.289154053,178.613342285,25.2853374481,61.2601318359,97.1976339817
1020,466.848602295,170.217086792,19.4485645294,60.2071838379,54.1387617588
1020,434.74520874,155.567611694,25.062204361,67.0890426636,32.7585548162
1020,137.282394409,181.784362793,22.1332702637,55.0763244629,4.07662466168
1020,479.312591553,168.68132019,18.7642192841,52.7575073242,3.4215696156
1020,392.804901123,180.437210083,20.0341396332,47.5277824402,3.1920388341
1020,480.848968506,19.6304683685,28.9755420685,67.5663070679,0.547690503299
1020,598.511962891,49.6387367249,23.2255764008,58.2829093933,0.22382044699
1020,416.003997803,173.662841797,16.3384075165,42.7506103516,0.194830272812
1020,488.868530273,184.882568359,18.305311203,47.913269043,0.184000469744
1020,612.373962402,58.1269645691,16.0167942047,52.6593170166,0.157988106366
1020,569.271911621,158.292831421,19.3721389771,64.1284332275,0.151329429355
1020,514.414123535,107.276435852,21.2281208038,57.284286499,0.135190272704
1020,449.677368164,154.722457886,20.7516307831,65.3026885986,0.0916892313398
1020,403.342163086,174.393310547,18.6094493866,46.5943260193,0.0423555960879
1020,525.261291504,100.103263855,23.9585494995,61.5179405212,0.0327262008796
1020,67.0522842407,156.324981689,18.6876296997,51.7854270935,0.02957272809
1020,495.258453369,36.5981712341,22.4689121246,59.7995948792,0.00552921410417
1020,463.182495117,26.5855808258,24.3023738861,53.1269645691,0.00310922332574
1050,178.602767944,166.059188843,35.0185203552,76.0329360962,95.7048952579
1050,447.349609375,170.795715332,18.8015785217,49.2136650085,92.6480948925
1050,505.355438232,168.102844238,23.6441745758,71.1293411255,44.9401378632
1050,583.533630371,207.342346191,22.9460144043,53.5462493896,14.0695556998
1050,473.672088623,174.810653687,18.0402088165,47.6899414062,13.6171415448
1050,432.527862549,169.214782715,17.5361499786,46.2528877258,11.243531853
1050,540.559082031,175.82572937,17.8377666473,53.3353118896,10.6579110026
1050,418.777587891,169.885299683,20.4544849396,55.8118934631,8.98303315043
1050,468.929046631,82.6147689819,29.021905899,72.5776367188,5.51317296922
1050,516.440307617,155.703231812,28.4920043945,75.5796813965,4.32983450592
1050,170.868667603,177.694763184,20.1905612946,56.5921516418,4.16862592101
1050,564.128356934,90.0609970093,32.4272727966,90.9361572266,1.579945907
1050,481.226104736,109.936668396,28.8343200684,82.0641555786,0.706739816815
1050,474.884613037,61.5329780579,19.5122756958,55.3968772888,0.406152149662
1050,493.72756958,141.778793335,25.4043827057,78.2564468384,0.355031038634
1050,157.338409424,172.429244995,19.2334728241,47.0722846985,0.299543933943
1050,515.963317871,122.991615295,19.2142887115,62.3360710144,0.197816290893
1050,587.210388184,81.9557342529,34.7297935486,79.0397644043,0.165450200438
1050,507.341552734,33.3134498596,29.1329975128,88.1033859253,0.0403060286772
1050,50.6253929138,143.58581543,19.8130054474,50.0041007996,0.00909365771804
1050,484.170135498,46.5950126648,24.57670784,82.1480636597,0.00413838752138
1080,221.533493042,163.070602417,37.3336906433,87.1584472656,98.3813285828
1080,465.750762939,165.372024536,22.5973148346,59.1207084656,96.7726111412
1080,497.300415039,167.645370483,21.2569389343,52.4391822815,91.7454898357
1080,534.351257324,156.362106323,19.5707092285,64.7181472778,69.7207927704
1080,559.539611816,157.283401489,27.5025691986,77.6623840332,43.9298957586
1080,549.362670898,157.156661987,17.2902565002,64.3771133423,7.43655860424
1080,454.800384521,167.253952026,15.5407629013,49.5858726501,5.90918809175
1080,436.418304443,163.533859253,25.1761608124,54.827922821,1.77889484912
1080,315.49710083,161.352355957,19.3113212585,49.3784599304,0.702261691913
1080,489.116241455,62.1809234619,24.5236339569,61.476146698,0.370988668874
1080,503.647949219,130.597808838,29.8917751312,93.6350708008,0.21099280566
1080,482.504852295,160.673355103,20.1222553253,54.9622383118,0.201475247741
1080,125.993598938,172.511367798,18.9735774994,41.9093437195,0.0504234049004
1080,361.029144287,168.256912231,21.9427700043,53.0887451172,0.0258021755144
1080,94.2072372437,105.65713501,20.6823711395,56.8778038025,0.0164570083143
1080,24.8019237518,145.819320679,21.3373413086,58.2711448669,0.0162864555023
1080,564.439331055,29.7095394135,35.2614746094,72.4133987427,1.71157282125e-05
1110,510.137207031,159.433700562,20.7471351624,60.6911468506,98.9972710609
1110,475.138305664,160.195236206,22.6883163452,63.801815033,98.6918091774
1110,276.830993652,157.969299316,49.1320495605,100.23563385,98.639279604
1110,458.593231201,165.920715332,17.5649204254,54.5188026428,76.5731751919
1110,558.512756348,150.185546875,24.2112941742,77.0036621094,70.2906906605
1110,10.8050498962,141.393783569,23.5730419159,63.4082336426,16.9807821512
1110,306.229797363,156.679519653,19.1733150482,67.1685409546,3.17060500383
1110,494.558319092,159.008728027,24.675567627,61.8614006042,1.74508914351
1110,367.78805542,167.096786499,18.736410141,48.778427124,1.03307086974
1110,6.77143144608,173.557785034,17.1897220612,55.9972229004,0.540560251102
1110,376.810058594,161.985183716,22.5546016693,59.2469825745,0.482277339324
1110,317.139099121,159.376907349,26.8933048248,64.3506851196,0.432119565085
1110,525.199035645,60.5462646484,27.8586559296,75.8664169312,0.431057438254
1110,523.098632812,152.633880615,24.4950790405,69.2339096069,0.354161625728
1110,577.487121582,155.952880859,23.61211586,69.7884902954,0.331565923989
1110,536.114562988,133.263702393,25.3723964691,78.880027771,0.106256641448
1140,516.784973145,163.689193726,20.4490222931,62.7013587952,99.3656039238
1140,486.494232178,162.045852661,21.9692668915,63.8925933838,98.3203172684
1140,346.894744873,163.695144653,43.5779914856,100.367088318,96.0981249809
1140,572.46673584,155.920700073,23.3062000275,73.3278579712,85.463231802
1140,315.423858643,168.306686401,18.0590763092,42.7592353821,6.42342269421
1140,602.188110352,156.662948608,21.8134403229,74.5179824829,5.50907105207
1140,588.609680176,167.871353149,21.0094089508,65.1984863281,4.94538210332
1140,616.329772949,180.726623535,16.2298526764,47.4360847473,2.35293079168
1140,476.939849854,172.770187378,16.8454322815,49.4023132324,1.98023542762
1140,467.67980957,163.965881348,18.455745697,49.2136573792,1.10255796462
1140,323.744171143,171.414871216,39.3588752747,89.8251571655,0.842619035393
1140,377.223480225,164.936782837,19.2067928314,60.8027153015,0.802468601614
1140,561.041320801,154.148223877,20.8943843842,67.6360931396,0.281955627725
1140,532.116210938,165.628814697,18.5525074005,52.8412017822,0.154860247858
1140,7.08978319168,139.854736328,16.867231369,58.4901428223,0.116429594345
1140,346.162506104,177.264831543,20.1999378204,60.1988792419,0.109569285996
1140,110.548362732,178.067520142,18.7560863495,41.077709198,0.0645718944725
1170,410.396820068,167.383346558,42.0503005981,102.21572113,98.2719421387
1170,515.588195801,163.315933228,24.3030452728,69.3220748901,97.6964175701
1170,479.254730225,173.257873535,18.2855224609,48.2973060608,64.3785834312
1170,495.541046143,169.94720459,18.9814567566,56.4920349121,54.2653501034
1170,579.138244629,160.709945679,32.7942733765,75.8144989014,46.2826758623
1170,615.161437988,180.159378052,17.3038883209,53.4215354919,3.87454926968
1170,391.791137695,165.265014648,20.3361263275,62.5135040283,2.79007740319
1170,403.802246094,175.890197754,22.9713058472,64.3308029175,2.67055984586
1170,575.323059082,152.636779785,20.906879425,54.4274787903,1.91839877516
1170,600.522766113,190.106445312,18.5222320557,49.7416687012,0.694625545293
1170,531.140808105,171.691299438,16.4740657806,54.3709220886,0.400262745097
1170,317.173614502,168.223022461,24.4560165405,50.8719139099,0.307083665393
1170,432.241729736,210.860473633,21.5892047882,58.5157661438,0.295850122347
1170,449.549468994,189.549118042,26.0225925446,61.4824867249,0.209689093754
1170,6.8539557457,147.537033081,15.2748918533,57.8626098633,0.0799175119027
1170,365.438873291,173.304824829,26.3380031586,63.4233283997,0.0221570662688
1170,580.476074219,101.981544495,32.4176597595,86.6066207886,0.0107211155409
1170,547.19921875,60.414352417,34.6025810242,84.5405349731,0.00464912009193
1200,470.974029541,171.07270813,41.035282135,107.481788635,97.9914784431
1200,524.449401855,172.096054077,21.4762020111,65.2680130005,96.5004205704
1200,599.834655762,159.016830444,24.4741840363,84.8382568359,69.8471963406
1200,504.732910156,174.026901245,19.0610084534,64.2281951904,49.0475654602
1200,609.499206543,199.966918945,18.468919754,48.3089332581,17.4723610282
1200,589.385314941,165.889022827,20.0795879364,71.244102478,15.7405927777
1200,491.74105835,178.763442993,20.7863082886,61.0405693054,10.262387991
1200,614.437683105,166.212112427,18.5767498016,55.4480781555,1.56368743628
1200,558.838195801,179.100708008,22.5008239746,60.6741447449,1.08565408736
1200,464.8019104,196.327331543,21.8242740631,73.1754608154,0.286633800715
1200,314.024841309,174.158889771,25.4368915558,50.7111167908,0.183968339115
1200,539.468688965,172.45880127,19.7219524384,60.6465797424,0.111191649921
1200,352.49331665,182.480834961,27.1321640015,56.6030426025,0.00648275236017
1200,371.248901367,180.946426392,26.58552742,62.5999488831,0.00247290372499
1230,549.293945312,169.070526123,43.1883049011,118.198913574,98.9798784256
1230,520.788635254,173.371261597,20.9863529205,65.574508667,95.8872973919
1230,589.034301758,180.803634644,22.7279281616,64.9212799072,6.06857761741
1230,538.553039551,174.174301147,27.7266101837,89.0503768921,5.6959271431
1230,574.598449707,185.937179565,22.9769420624,71.9580459595,1.6631834209
1230,554.855773926,171.462234497,23.9186306,62.2587547302,0.839682295918
1230,63.4561157227,116.544532776,21.0921421051,54.742855072,0.507082045078
1230,377.334350586,170.906982422,29.7176456451,78.9701766968,0.0106523191789
1260,583.679748535,167.611328125,29.0480289459,76.1722412109,97.9264199734
1260,567.305786133,170.521179199,18.643491745,67.2923202515,59.8413228989
1260,601.332275391,175.760681152,20.8405780792,59.7990989685,1.92856863141
1260,551.366149902,161.484176636,28.2592029572,92.2512893677,0.284435972571
1260,366.897460938,190.430892944,15.9985389709,56.2351875305,0.130759400781
1290,151.20274353,177.817687988,18.960559845,47.3123512268,6.60473778844
1290,553.754089355,120.365379333,32.3353309631,78.861579895,2.6358474046
1290,377.937011719,190.314743042,20.9868240356,63.4845924377,1.77217498422
1290,64.1200790405,195.765625,24.1900081635,42.7987709045,0.569559028372
1290,367.709228516,193.982971191,20.0483531952,50.5838661194,0.191119976807
1290,350.928436279,194.675430298,21.083032608,48.0666389465,0.0807018717751
1290,312.988830566,175.973800659,20.9489173889,51.713684082,0.0278431456536
1320,398.115844727,190.979492188,20.333404541,70.4630203247,46.0583388805
1320,611.743164062,275.109039307,24.6718139648,80.6548843384,6.72990381718
1320,420.795806885,193.375045776,26.8506832123,75.0248718262,4.17861267924
1320,381.825286865,194.513671875,24.5523014069,59.8360786438,0.515589537099
1320,357.404418945,195.358322144,19.5989189148,42.4918060303,0.103234092239
1350,611.993774414,162.919845581,19.7768135071,51.3709106445,13.8482794166
1350,553.861572266,222.36177063,48.1133384705,134.086715698,12.8126785159
1350,557.857299805,269.05166626,22.225271225,72.1458587646,9.49022471905
1350,428.039886475,204.801925659,27.6747665405,81.7580184937,3.06200329214
1350,443.186187744,195.874389648,30.865737915,92.2263793945,2.02080029994
1350,541.567687988,258.807830811,25.6469593048,69.2526016235,0.680446624756
1350,9.07073974609,190.808334351,19.8413562775,49.3061408997,0.41089518927
1350,387.365814209,195.935501099,18.5741825104,54.309967041,0.318491249345
1350,314.687103271,170.642364502,20.8050746918,54.1184692383,0.295645766892
1350,499.964233398,204.328018188,29.0220794678,79.6867980957,0.157623994164
1380,580.223083496,207.953292847,47.9051856995,149.964523315,43.2833582163
1380,348.06640625,185.057846069,23.3069400787,55.0810966492,8.6221896112
1410,459.688476562,174.440933228,27.7732410431,52.3546104431,3.89573797584
1410,243.727783203,179.161376953,21.2983379364,50.2725868225,2.59965192527
1410,95.4910354614,183.706466675,17.2182579041,44.1251411438,0.36136850249
1410,588.250671387,251.073196411,40.6627883911,111.213356018,0.0277637009276
1440,564.520935059,206.285095215,20.7511005402,53.050037384,41.960555315
1440,461.301757812,175.669784546,15.9267196655,53.3184051514,14.0239104629
1440,581.007751465,238.251876831,45.4875679016,137.875045776,6.66162595153
1440,369.404449463,197.01701355,23.3080272675,42.0060157776,5.63122555614
1440,570.749267578,181.585220337,24.1052150726,65.2671279907,1.90299749374
1440,100.510414124,183.574050903,19.261051178,44.1846923828,1.6277179122
1440,141.364013672,176.938644409,19.4024028778,49.9677009583,1.09050041065
1440,583.49017334,177.647537231,20.1399478912,55.3295402527,0.60325129889
1440,74.982749939,173.081283569,24.1473140717,54.1516265869,0.366584048606
1440,601.401306152,194.233703613,16.8134288788,55.2305183411,0.299181439914
1440,386.675750732,188.142883301,20.7251605988,46.4809608459,0.214732764289
1440,530.075317383,187.956344604,18.0754718781,59.5428199768,0.214457791299
1440,564.236206055,224.844619751,27.8243770599,75.7407608032,0.166892108973
1470,403.845092773,202.659500122,23.779006958,44.1590843201,63.671708107
1470,265.099182129,172.346878052,25.2100925446,79.8425140381,4.94938157499
1470,349.666046143,152.197341919,23.9735183716,79.8213043213,2.66412775964
1470,29.2481842041,179.214797974,18.561876297,48.5808982849,0.458975508809
1470,601.300354004,170.036804199,21.9104099274,55.6355895996,0.438566226512
1500,476.660614014,204.132522583,23.9357662201,55.7537193298,48.0726480484
1500,115.611579895,183.339111328,19.4008159637,47.0629310608,11.6605214775
1500,578.247497559,184.121536255,19.522151947,48.3321380615,1.8463678658
1500,100.33089447,183.70135498,18.4445114136,46.2980537415,1.38681670651
1500,385.275634766,121.04183197,17.1403827667,48.6577148438,1.05950739235
1500,132.530471802,177.188186646,18.4599227905,50.485004425,1.00308982655
1500,369.407226562,118.290519714,20.409412384,49.0075683594,0.488440785557
1530,141.992599487,182.330307007,22.3603897095,51.3314666748,89.6581172943
1530,611.17401123,174.39680481,19.3691577911,55.6682014465,6.81561380625
1530,198.770507812,185.780654907,34.9757881165,74.2487792969,1.27865737304
1530,5.81747579575,177.475601196,14.9646806717,48.9476966858,0.822579767555
1530,31.5985546112,150.6224823,20.2734546661,50.1470298767,0.422213738784
1530,457.659790039,100.600280762,24.3608703613,72.7385559082,0.114200497046
1530,179.04876709,189.040359497,24.4745121002,49.8519859314,0.105905113742
1530,393.502075195,109.179344177,23.7772750854,61.5792579651,0.0079023942817
1560,13.446803093,179.308349609,21.2865142822,57.8632545471,15.2183800936
1560,21.9166965485,157.936645508,30.1719284058,82.6063156128,6.12845793366
1560,58.2258872986,147.355377197,26.0883197784,61.2901802063,1.97977013886
1560,417.449462891,170.042892456,18.2303619385,46.7034606934,1.27474498004
1560,325.916870117,183.804199219,31.5037517548,74.6761856079,0.948030687869
1560,56.0566368103,189.748977661,21.7633075714,46.0480194092,0.904691964388
1560,20.0333709717,148.010742188,20.8292980194,51.1443595886,0.468197232112
1560,7.55324697495,152.136795044,18.4597988129,57.0333366394,0.0872419448569
1560,232.228469849,186.310791016,26.7516784668,64.8721389771,0.0748093880247
1560,414.407440186,105.424949646,21.3495159149,57.1171569824,0.0680499884766
1560,580.133544922,39.2456512451,32.0990486145,92.0256881714,0.00467041172669
1560,561.580627441,41.1715431213,31.1043300629,65.401802063,0.00146149150169
1590,234.557174683,171.293701172,22.8414840698,63.6570701599,94.9420750141
1590,183.519760132,184.051895142,22.3781719208,57.6555290222,68.8670933247
1590,285.224090576,193.096511841,30.2074489594,68.7954940796,4.893713817
1590,547.158874512,166.525222778,19.7445373535,51.1020011902,4.14520613849
1590,170.987808228,183.608139038,17.36186409,49.0579414368,1.07499668375
1590,267.33392334,171.400436401,20.2844142914,56.5430145264,0.959202647209
1590,196.245254517,176.5287323,21.6591567993,55.0054626465,0.719598168507
1590,222.251113892,176.203674316,21.0431804657,54.0679206848,0.392673816532
1620,68.3191146851,197.142272949,19.482000351,49.2180328369,55.7494103909
1620,80.9865951538,192.951156616,20.7563705444,54.3528785706,9.85035821795
1620,4.08992242813,147.081237793,14.9481124878,41.6322822571,3.67169976234
1620,140.756530762,184.142089844,20.8850002289,57.8635978699,1.19608789682
1620,493.636474609,192.246902466,29.5606555939,74.7033462524,0.745406467468
1620,377.739501953,172.062423706,38.5768928528,107.121398926,0.229392456822
1620,39.8549842834,139.780395508,21.5535106659,50.0948944092,0.183459965046
1620,15.7455253601,146.675979614,18.4180774689,45.2253074646,0.160901539493
1620,26.6737117767,78.7058944702,25.8106307983,72.4328079224,0.00154306890181
1650,286.038513184,188.584060669,23.1517868042,58.7988166809,95.0633168221
1650,216.116867065,189.676086426,21.8183517456,61.6342124939,93.684220314
1650,316.647155762,186.561721802,20.9004325867,51.594379425,7.33860805631
1650,100.892585754,238.251037598,20.650812149,61.862247467,2.50871665776
1650,125.623817444,156.908828735,24.6377029419,72.3487472534,1.51022961363
1650,251.823410034,210.549972534,21.911157608,42.8184204102,1.35724451393
1650,268.246185303,186.039260864,18.2229614258,57.0936698914,1.28770880401
1650,16.0169620514,86.7373046875,21.7111759186,57.7274208069,1.12007968128
1650,303.442138672,185.3775177,17.0807495117,57.6952514648,0.838230829686
1650,388.223602295,187.663742065,20.4194850922,48.3802146912,0.439471332356
1650,436.099517822,173.534790039,19.6166210175,48.400844574,0.313047715463
1650,434.033935547,107.974143982,23.8431568146,64.4876098633,0.0017424026737
1680,280.534088135,180.733840942,30.0656986237,65.5647506714,97.7680265903
1680,201.579238892,182.200363159,29.7527770996,71.8591842651,95.5502927303
1680,574.402526855,168.831893921,23.0812530518,60.2164764404,25.2346873283
1680,220.603439331,178.972976685,24.7006969452,71.7806091309,7.31825008988
1680,194.539916992,191.60987854,20.0201663971,54.105052948,5.29513396323
1680,8.32391643524,210.125366211,15.7797956467,49.5226325989,1.74656901509
1680,366.643432617,181.275512695,26.4709682465,50.2551307678,1.6289703548
1680,588.264343262,161.556945801,21.0036792755,55.5872917175,0.436626933515
1680,402.722290039,118.30620575,22.3804950714,58.2697792053,0.40216720663
1680,217.376937866,159.538146973,21.4010906219,52.5819129944,0.0566106580663
1680,13.3548440933,135.43800354,22.4448566437,55.6872253418,0.0407842569984
1710,184.488525391,167.143096924,26.2318782806,79.2776947021,96.4775562286
1710,94.9008560181,189.389328003,29.5367183685,66.8054580688,95.5404162407
1710,586.647399902,150.117630005,24.6128921509,63.0281066895,82.7958583832
1710,473.804077148,170.749938965,20.415555954,51.5308189392,74.9186038971
1710,147.152694702,183.973571777,24.2154312134,60.5458564758,40.3327792883
1710,614.940856934,133.864761353,18.2279109955,63.2255249023,13.608327508
1710,599.458740234,133.133224487,25.5263061523,74.1289138794,2.43612416089
1710,611.165466309,109.585075378,17.6602306366,50.4321937561,2.28735599667
1710,286.248596191,110.655754089,21.7433757782,53.5364112854,1.38150323182
1710,199.327346802,168.367523193,18.0630168915,58.3532562256,0.699017057195
1710,466.784820557,81.6600723267,20.8694648743,69.6238327026,0.569635629654
1710,488.173461914,165.927383423,17.7903575897,48.8065643311,0.478242198005
1710,21.1145458221,180.950439453,31.4951381683,66.5201797485,0.283403787762
1710,167.461410522,176.342269897,21.0751857758,59.3385887146,0.270410510711
1710,82.7295455933,162.530410767,19.0286312103,52.6342811584,0.152426236309
