30,541.682800293,154.633377075,25.1388378143,56.9293937683,76.975530386
30,604.196228027,157.636062622,21.4943218231,55.9628295898,14.4906044006
30,444.931243896,132.743972778,29.655298233,82.6666946411,6.99361935258
30,252.01890564,93.0103149414,21.0522632599,55.8778381348,6.26301690936
30,531.422790527,160.654830933,19.7998180389,57.2191963196,1.13852862269
30,394.330200195,134.74230957,33.9441184998,75.6068572998,0.905562099069
30,464.55847168,149.549377441,21.2311534882,56.5920410156,0.738258427009
30,436.728240967,128.868942261,21.2666110992,59.1373023987,0.526607874781
30,280.214813232,68.2112426758,32.7233047485,70.3629074097,0.478824460879
30,226.737915039,93.8112869263,21.7029399872,57.896938324,0.377208436839
30,593.484191895,170.327713013,17.1260185242,46.062374115,0.263025611639
30,615.52154541,181.197036743,17.754442215,43.221206665,0.197658617981
30,349.834625244,70.7672424316,20.9709758759,49.3134613037,0.149703351781
30,64.1904754639,168.897598267,21.0142250061,53.0884552002,0.0268039118964
60,441.668182373,147.872650146,22.7902050018,64.9749221802,13.9573425055
60,226.553268433,95.3593139648,21.9103565216,55.1456642151,7.31823071837
60,614.649841309,186.710021973,15.3090810776,40.7003555298,4.35831584036
60,465.014648438,144.421859741,19.9609870911,63.6218986511,1.07173761353
60,246.565597534,95.0108261108,21.5641326904,55.2789916992,0.805628672242
60,625.347839355,182.731704712,14.3928108215,51.0215644836,0.567997386679
60,544.880493164,147.959991455,28.494140625,64.6846313477,0.367853790522
60,8.41303253174,147.908340454,21.6244449615,46.8516426086,0.127399072517
60,472.35244751,126.510353088,19.6227436066,54.6748390198,0.0895863340702
60,210.331222534,80.4724807739,26.8331375122,70.3980941772,0.0435134279542
90,216.632675171,83.2182998657,30.1424713135,75.6372451782,17.9057881236
90,246.493667603,103.167755127,20.7556629181,52.165851593,5.98758906126
90,22.7032394409,189.597213745,29.4017486572,52.4570503235,3.58175635338
90,366.66305542,163.884414673,30.7805175781,74.5026779175,1.90569814295
90,352.518280029,58.2135734558,21.853269577,59.713760376,1.88455749303
90,426.800872803,195.733596802,23.567024231,59.5555305481,0.322029110976
90,158.264068604,62.0289344788,29.2737827301,83.1443786621,0.282743107527
90,209.836227417,75.748878479,19.9187927246,63.7676048279,0.282132648863
90,10.9686393738,187.846069336,23.2388839722,56.4751396179,0.0876315170899
90,616.162231445,339.347991943,17.4093818665,44.8976783752,0.0598789367359
90,435.281280518,142.790390015,18.8916835785,46.5624580383,0.0551743607502
90,220.586807251,44.0004310608,30.1977672577,79.4301376343,0.034386763582
90,45.1615715027,186.331481934,19.2961978912,45.3530693054,0.0263118359726
90,472.552246094,122.870544434,20.9715747833,52.1228637695,0.0118173418741
120,174.413696289,80.6668167114,20.7452068329,65.1603622437,34.2593669891
120,109.457069397,236.977050781,34.2999000549,71.8908309937,4.63167801499
120,187.987167358,87.0773086548,24.5225353241,60.7948303223,0.849987939
120,594.171081543,194.117782593,21.3622951508,58.5122947693,0.783183611929
120,448.266967773,153.645889282,18.5708446503,49.0691184998,0.636066682637
120,383.525543213,195.484207153,33.0788421631,81.0443725586,0.517617352307
120,350.931518555,53.5183906555,24.4580936432,73.5959472656,0.339425075799
120,516.717590332,186.522460938,31.4615726471,61.3665924072,0.250809430145
120,242.919128418,63.9865074158,30.8034038544,86.3503341675,0.236866530031
120,615.525817871,206.922836304,17.7718868256,45.4306945801,0.212062895298
120,211.419662476,88.3341064453,22.1531276703,57.6258277893,0.150096754078
120,129.661514282,216.15687561,31.0040340424,84.3815917969,0.143117259722
120,404.132324219,191.917907715,29.3486003876,65.2345275879,0.0172238433152
120,34.5978889465,387.779205322,30.2919445038,65.0418167114,0.011120623094
150,56.8304710388,66.4689941406,27.6607131958,100.724266052,20.3593105078
150,82.7948303223,93.1615524292,26.7727108002,67.655166626,8.90520438552
150,6.01893377304,90.2837142944,26.8383541107,68.3013839722,6.312084198
150,274.923126221,158.91178894,60.1867523193,92.5776672363,3.47254350781
150,617.661560059,137.648498535,15.9563903809,49.6089515686,2.60003153235
150,341.943725586,151.648834229,19.7367019653,54.7628746033,2.02282816172
150,119.911682129,93.4672012329,23.7054157257,59.2088928223,1.67954713106
150,312.220367432,150.752334595,19.0112361908,61.3996620178,1.10480356961
150,204.910842896,70.898475647,20.9462032318,51.8047332764,1.08348950744
150,265.94519043,168.204193115,27.3019161224,80.314994812,0.944525096565
150,48.2027130127,93.0479354858,19.2999591827,62.0422210693,0.615453766659
150,195.046066284,82.8757553101,20.6986923218,48.2865447998,0.605457602069
150,97.1111984253,112.319740295,22.7223682404,56.4204559326,0.275412388146
150,552.304504395,106.610557556,21.6822223663,61.943649292,0.260406197049
150,5.1001868248,132.149612427,19.9441146851,55.5769920349,0.251717772335
150,615.498413086,209.808639526,17.5827579498,48.8916053772,0.237538013607
150,484.199615479,204.845748901,19.2826805115,48.4713439941,0.118224835023
150,294.78994751,154.344711304,21.1799526215,53.1342773438,0.0920588732697
150,129.423675537,112.390380859,24.5406208038,58.7029762268,0.0892046082299
180,196.401260376,175.542160034,27.0867538452,89.7141113281,8.3825238049
180,561.944396973,134.566299438,35.773399353,115.61403656,4.19940836728
180,521.735595703,149.271194458,18.0928611755,49.265335083,3.31675633788
180,536.161621094,136.895553589,23.1712856293,68.4164886475,2.27683149278
180,587.332580566,54.8039245605,20.9652423859,47.6268882751,2.09075491875
180,146.490737915,164.761260986,58.360534668,95.0325698853,0.972495321184
180,103.219848633,182.784484863,29.5684280396,72.5464706421,0.934625882655
180,568.532409668,124.033027649,22.8058719635,55.7119560242,0.896316114813
180,190.970214844,156.757858276,17.2841701508,58.1286735535,0.839275214821
180,473.479522705,64.276725769,17.2751655579,43.4315605164,0.803638808429
180,132.975296021,156.342849731,28.6940975189,93.5964660645,0.756445294246
180,379.199462891,203.186294556,26.014755249,54.2871665955,0.460788467899
180,462.891723633,63.7333183289,17.0153903961,48.3390159607,0.401134276763
180,437.53024292,206.872070312,19.4116764069,50.0210914612,0.376679049805
180,510.863311768,137.780654907,19.8592681885,51.5713996887,0.192423234694
180,611.042236328,51.8433494568,17.586145401,46.7163887024,0.18992483383
180,514.981994629,53.3010978699,19.6691913605,48.8503608704,0.14550088672
180,616.30859375,228.759719849,16.818157196,45.8616905212,0.0797205313575
180,116.754554749,86.5555038452,18.9830341339,58.1347160339,0.0712949491572
180,516.481384277,95.0782241821,26.102432251,79.114151001,0.0483323441586
180,443.593017578,93.0367202759,26.683921814,76.0373764038,0.0316924153594
180,172.635803223,160.168182373,22.6753616333,54.7067718506,0.0190052844118
210,617.289733887,222.353500366,18.4799098969,52.7898750305,25.1666754484
210,519.015075684,53.5304527283,19.9163837433,46.8754882812,4.72118631005
210,301.627349854,219.335861206,19.8732948303,48.145980835,2.49343588948
210,483.80480957,134.890335083,37.0332336426,121.56275177,2.09296755493
210,359.434112549,99.6018066406,22.2401981354,64.6927108765,2.01210957021
210,456.346832275,145.456710815,29.3288478851,73.459526062,1.94145087153
210,441.717773438,153.677841187,19.671377182,49.5906829834,1.90804433078
210,493.867279053,128.2240448,22.9479961395,58.8218536377,1.89456995577
210,379.259124756,222.958602905,17.4402370453,41.67370224,1.40248080716
210,74.0733566284,40.8257026672,25.8622589111,90.0114364624,0.612141657621
210,8.1704082489,233.477722168,16.3694725037,46.5036582947,0.53100050427
210,506.868865967,54.5667266846,19.8767261505,51.4555168152,0.435867346823
210,288.810333252,217.40574646,18.168346405,48.1654777527,0.399032514542
210,440.048858643,52.3338508606,20.5817565918,51.9549102783,0.292783882469
210,38.4706001282,104.696655273,20.8325805664,61.6107063293,0.275706266984
210,333.078552246,216.994140625,20.9557762146,50.7722473145,0.206209719181
210,479.728851318,53.561706543,19.0505886078,55.4892158508,0.178344210144
210,125.769294739,183.519165039,23.1141986847,80.6998214722,0.143935985398
210,393.357055664,65.3045883179,19.4644069672,47.3321647644,0.130784849171
210,380.181854248,70.4126663208,21.465057373,61.2617301941,0.112516328227
210,461.368896484,46.2110710144,29.412569046,109.077636719,0.109789567068
210,440.047485352,106.026161194,20.3608703613,56.207321167,0.102689152118
210,113.798194885,207.746414185,23.0522403717,60.7197723389,0.0518633925822
210,457.004150391,101.734931946,21.1527729034,60.0777168274,0.0491264741868
210,435.578979492,131.986480713,20.1504440308,50.2523460388,0.0449527200544
210,466.554962158,108.046852112,27.057352066,83.9535980225,0.00951882248046
240,7.73971939087,179.30909729,20.9406490326,64.4132995605,27.1560698748
240,395.611358643,46.621471405,18.0877323151,52.7642478943,8.14247354865
240,457.609588623,131.20249939,23.2675933838,57.3521308899,2.72213444114
240,335.784545898,231.9974823,18.1864490509,41.4414672852,2.48397495598
240,440.569824219,58.5546875,19.5470199585,49.558883667,1.90624631941
240,441.03213501,135.757736206,33.7515068054,110.475135803,1.81000325829
240,245.610534668,213.214904785,19.2836360931,58.09034729,1.41310533509
240,417.839202881,146.68939209,26.9157848358,83.1162948608,1.33939925581
240,255.157394409,203.650390625,24.8775501251,65.9359893799,0.973142776638
240,350.583526611,64.1848983765,18.3640193939,49.7086219788,0.936606805772
240,76.7084960938,211.258926392,20.5409946442,59.5787315369,0.793330650777
240,316.474731445,113.111785889,21.9881591797,58.1071166992,0.698259659111
240,418.460723877,205.351974487,20.8991203308,52.6724510193,0.494816573337
240,16.0477619171,179.751327515,33.5558624268,80.4952392578,0.440844614059
240,45.5217323303,172.031600952,20.7804298401,49.3608055115,0.362485647202
240,470.552093506,58.3833427429,20.4447364807,51.4302864075,0.310008600354
240,393.56161499,146.922622681,19.7326011658,47.2199211121,0.283653708175
240,421.391601562,53.5022926331,27.6092357635,83.2747268677,0.247871992178
240,458.375640869,57.2709655762,20.5434646606,49.5170135498,0.225263647735
240,164.982788086,152.056106567,23.435213089,66.6939315796,0.155881722458
240,339.422088623,65.693901062,18.42927742,52.8786277771,0.144254474435
240,615.906555176,247.106155396,18.7098255157,50.688659668,0.143821514212
240,12.1483421326,50.4778404236,36.4731216431,85.0997848511,0.140835659113
240,615.678649902,322.16897583,17.4400005341,44.3967475891,0.123994261958
240,429.517608643,128.099838257,20.1512565613,56.9621620178,0.0971805478912
240,442.16015625,129.247817993,18.4277324677,55.9469184875,0.0915771757718
240,614.005432129,403.221099854,22.0523452759,52.6997261047,0.00164420398505
270,449.548065186,67.4000320435,16.741065979,44.0205841064,5.41874878109
270,612.20098877,231.096328735,18.3699970245,50.7648658752,1.35688390583
270,313.558197021,232.860305786,17.5050468445,43.1505088806,1.22293233871
270,3.71121525764,62.0393562317,20.4204654694,69.4733428955,1.2133911252
270,395.044281006,138.429916382,30.2248287201,93.8383102417,1.0108826682
270,5.69878768921,186.695632935,31.0057659149,91.8180465698,0.698671396822
270,48.90234375,159.814086914,20.4031238556,66.4119338989,0.467583024874
270,376.119598389,56.3540458679,19.6503810883,50.8890647888,0.455758580938
270,372.024078369,153.109909058,19.694770813,47.4375114441,0.436671078205
270,420.044647217,142.415878296,32.6531105042,103.593719482,0.425747036934
270,222.908248901,226.181884766,20.4406700134,50.4089164734,0.360196945257
270,45.129776001,219.310974121,21.7150249481,63.1386680603,0.337887345813
270,23.5254497528,178.068710327,17.0256099701,57.7609214783,0.186330510769
270,235.061386108,210.657943726,25.5022945404,64.6560897827,0.159615429584
270,616.543579102,317.214874268,16.8203468323,45.6418151855,0.0886553199962
270,7.73853063583,242.254074097,17.4541835785,52.4564628601,0.0781024922617
270,420.291748047,137.831192017,19.6703777313,52.1928062439,0.0713239132892
270,141.114105225,185.664901733,21.8085193634,54.2467155457,0.0186283476069
300,390.102416992,144.053466797,28.7310028076,87.5949325562,1.98263078928
300,367.384521484,49.9678955078,20.1555843353,59.4776916504,1.51520501822
300,307.344085693,230.24420166,20.0176715851,47.8304100037,1.34928608313
300,231.166564941,230.759140015,20.0963840485,49.0862922668,1.0502689518
300,218.512069702,233.777236938,19.7986354828,47.6893882751,0.87939184159
300,280.827301025,227.202804565,22.293794632,52.8734436035,0.604347744957
300,427.464752197,138.719741821,23.8749847412,59.6509437561,0.595327932388
300,603.178344727,229.762252808,24.2317790985,53.5254211426,0.53274743259
300,35.7690429688,227.379333496,21.059387207,60.9021644592,0.311273569241
300,616.543029785,335.670562744,17.3164958954,45.7987098694,0.104001036379
300,392.163421631,114.66583252,20.4083194733,64.5292434692,0.0738427857868
300,15.2720365524,174.236251831,19.058467865,55.765827179,0.0733991444577
300,402.500030518,137.418716431,20.7826423645,56.6151428223,0.0544729758985
300,416.297485352,136.554290771,18.7450809479,54.4281425476,0.0523133028764
300,371.575592041,144.154769897,18.5893554688,47.737071991,0.0481663708342
300,317.881835938,76.1143188477,17.8547039032,46.7803153992,0.0463091302663
300,119.214202881,296.755065918,22.382642746,45.8443107605,0.00769143516663
330,435.791351318,180.963302612,127.231719971,232.041763306,97.8555381298
330,447.042266846,220.675476074,34.1125831604,85.1447677612,61.2483918667
330,368.000366211,50.9003181458,19.2900295258,58.9822349548,18.7943518162
330,284.53503418,114.232673645,23.3420238495,60.0796546936,12.6358196139
330,503.826538086,306.7628479,44.976474762,102.907623291,5.18872439861
330,8.16073513031,176.501953125,21.4303512573,59.8602104187,2.02923379838
330,522.719848633,228.376205444,28.5340213776,72.005645752,1.95484440774
330,217.011795044,230.010070801,21.3240222931,52.3122596741,1.39467855915
330,505.087310791,199.349609375,35.3646583557,90.5417175293,1.28486845642
330,302.853881836,240.456802368,18.3503456116,41.6356887817,1.23297777027
330,604.951721191,234.495346069,24.2749271393,57.616317749,1.19880931452
330,413.619750977,151.751220703,88.2194290161,151.816207886,0.664789648727
330,229.476379395,219.794509888,22.4028568268,61.4922447205,0.513167865574
330,45.237323761,225.960449219,20.4877300262,57.9459381104,0.508985761553
330,418.817108154,67.9199829102,19.0521125793,49.752620697,0.503799272701
330,328.121948242,75.814163208,17.5332736969,45.2729187012,0.454863812774
330,57.6952552795,245.502670288,18.7656955719,44.5010414124,0.32141644042
330,35.1074295044,241.205734253,20.016872406,55.2790031433,0.249025272205
330,422.923675537,137.807632446,24.8864574432,60.7372398376,0.152206525672
330,392.181121826,202.75390625,20.9184818268,58.7507362366,0.117179204244
330,436.121246338,65.2113342285,20.2755680084,50.1841773987,0.112941663247
330,7.35926580429,131.691207886,27.3104782104,77.0471115112,0.0665219384246
330,386.325531006,128.858657837,30.6186885834,92.6761703491,0.0661526108161
330,338.162811279,70.690032959,20.4842720032,47.5631752014,0.0508152472321
330,410.25869751,138.45552063,18.5612697601,50.4486656189,0.0245008646743
330,616.142333984,208.982955933,16.615486145,46.7562866211,0.0225798474276
360,337.409393311,151.691802979,82.8696670532,234.09173584,96.7183113098
360,334.641143799,197.21496582,32.9821357727,94.5086135864,75.3549933434
360,365.788848877,49.8438110352,18.9984645844,54.3993682861,19.9959844351
360,285.480560303,108.71472168,20.8849277496,67.2861251831,6.77051395178
360,379.368164062,155.785446167,50.1367492676,132.649749756,4.38396632671
360,306.665313721,222.14982605,19.6506557465,55.9757652283,2.90780756623
360,414.476928711,67.6959152222,18.240436554,48.1119422913,2.13974993676
360,13.3115310669,175.077941895,19.6986293793,61.8196220398,1.60300191492
360,351.179229736,59.9485282898,23.010679245,51.4483642578,1.19287660345
360,323.667938232,74.4948654175,17.3948402405,45.894443512,1.14520639181
360,217.26802063,233.040115356,19.5655632019,47.7984008789,0.907006394118
360,38.6774597168,226.138061523,23.4901256561,63.0082054138,0.82273138687
360,438.286651611,64.5094833374,21.5069103241,49.0460166931,0.706242257729
360,390.511627197,315.926422119,28.0868091583,68.4002609253,0.60261990875
360,400.607330322,218.204360962,23.4703445435,64.2766342163,0.594105198979
360,358.158569336,254.170608521,48.842250824,110.40990448,0.550917442888
360,231.124771118,229.174758911,20.4061660767,51.0531005859,0.460564577952
360,338.072021484,66.2355575562,21.0552616119,50.7981681824,0.452534714714
360,311.829620361,70.8668518066,20.1738567352,54.9031524658,0.394311593845
360,384.231323242,228.733200073,31.4654560089,77.0173950195,0.367525895126
360,356.188690186,157.927825928,34.3930053711,93.0155639648,0.26988950558
360,422.162109375,139.317749023,28.4480495453,64.4901123047,0.224438635632
360,617.519958496,342.280914307,16.594329834,45.7581596375,0.178029423114
360,425.448760986,62.7920837402,19.3887367249,54.1406707764,0.155850080773
360,450.970794678,64.4181594849,18.5861110687,46.0196380615,0.143392116297
360,354.277709961,211.411300659,36.0852203369,101.293235779,0.122162734624
360,406.617034912,340.428344727,20.9883956909,46.7143707275,0.104250060394
360,345.752197266,168.081634521,20.7356739044,57.0750999451,0.0652341812383
360,326.702545166,234.016830444,18.1662845612,50.681640625,0.0380622775992
360,410.029693604,136.616638184,18.8785800934,50.7679634094,0.0281027780147
360,395.852386475,133.704315186,22.3298816681,61.6687583923,0.0261560751824
360,616.047058105,209.805496216,17.1121749878,47.7320747375,0.0127477949718
390,258.047180176,183.57182312,71.9260635376,169.016220093,96.6907262802
390,247.711410522,193.448043823,29.6064739227,84.9140853882,51.9579470158
390,438.870513916,65.0260620117,20.9597148895,46.8583717346,13.0846321583
390,415.032836914,54.3920898438,21.4512729645,53.358921051,8.30167084932
390,226.151000977,208.484863281,22.7799606323,66.4587402344,2.93909497559
390,366.935089111,162.988632202,20.2310314178,45.2307739258,2.82185822725
390,312.20803833,210.720596313,21.7979640961,63.8010749817,1.35913137347
390,217.549499512,226.772140503,19.9963054657,50.5121879578,1.35685401037
390,11.1491136551,170.199645996,19.6294841766,59.0628318787,1.1155708693
390,388.16885376,143.152282715,26.6361789703,75.2559051514,1.08148185536
390,327.508148193,74.8487014771,16.8959503174,42.2243156433,0.868300627917
390,293.316589355,106.927131653,24.0134944916,74.1477432251,0.493479846045
390,40.2313919067,237.902938843,18.9490222931,51.674861908,0.30572374817
390,263.997314453,198.947219849,35.2736854553,92.7136459351,0.187088642269
390,605.982849121,233.865539551,20.267572403,51.0321159363,0.185160513502
390,421.826904297,139.806594849,28.4134464264,65.9883499146,0.0937069766223
390,361.782440186,139.195144653,19.5071392059,49.3359260559,0.0929993926547
390,278.761657715,121.331169128,25.6690006256,64.7245941162,0.0807180127595
390,136.739334106,171.646957397,20.2886619568,46.3227233887,0.069294066634
390,294.788116455,179.558029175,29.6178951263,89.108039856,0.0670398003422
390,410.469360352,136.775344849,18.8449611664,51.7603874207,0.0230332720093
420,195.470596313,186.709762573,60.7643890381,155.234848022,96.2676227093
420,555.804626465,137.988296509,84.1953735352,323.503570557,71.0557162762
420,443.837158203,62.0210990906,19.9837322235,48.4431495667,45.5864965916
420,581.763549805,126.418151855,49.8269767761,162.482589722,37.352964282
420,183.022766113,196.900268555,30.1093654633,84.1875534058,20.4181268811
420,368.207733154,50.8465766907,17.809671402,55.7703971863,15.8624574542
420,287.222167969,114.023109436,20.9896659851,62.7583732605,4.05960790813
420,307.606292725,239.564743042,18.9808292389,40.8686103821,1.38078844175
420,361.425994873,155.265274048,19.9075069427,47.6071472168,1.31333852187
420,418.323638916,54.8977813721,21.0024623871,57.8497200012,1.31035614759
420,578.508728027,316.35559082,53.3194541931,133.726409912,1.23106846586
420,338.794189453,63.7452812195,18.6939144135,48.4947357178,0.958753749728
420,240.327270508,201.991744995,22.39361763,63.0462608337,0.957187917084
420,6.724173069,179.386169434,23.2888050079,71.396270752,0.547962170094
420,328.228668213,73.1101989746,17.695646286,43.2855567932,0.394814927131
420,350.777313232,59.7600288391,18.9299564362,48.5376739502,0.275393039919
420,36.1349983215,224.660583496,20.3794364929,60.9294395447,0.133871554863
420,253.458679199,227.303726196,19.6879463196,47.706943512,0.128978735302
420,405.897979736,65.5121231079,19.8726654053,51.4737510681,0.125026144087
420,219.058303833,188.080123901,34.6193084717,72.1964035034,0.121056626085
420,396.057342529,135.175247192,21.193113327,58.9801025391,0.0729352643248
420,422.417694092,139.871017456,27.163690567,61.8703804016,0.0729098741431
420,410.483154297,137.911682129,19.2574710846,51.1757354736,0.0466161116492
420,606.993041992,120.414222717,26.0005397797,70.294631958,0.0423576857429
420,202.76902771,210.036605835,25.9393386841,77.6389541626,0.0292703422019
420,614.705200195,387.479522705,19.013589859,52.0288200378,0.0126112106955
420,136.025604248,184.038772583,20.165594101,42.6253662109,0.00287559814751
450,409.128662109,128.452926636,109.273895264,283.040405273,96.9418287277
450,505.061187744,162.219985962,86.574180603,261.895355225,94.5435881615
450,140.777313232,189.736404419,65.2399291992,151.540847778,94.1719889641
450,422.806396484,138.5234375,59.6121940613,132.262405396,44.851449132
450,182.725570679,213.790664673,23.0130977631,62.7465171814,21.0158586502
450,546.897460938,255.747009277,63.4046363831,163.281417847,18.0419951677
450,517.011779785,181.693588257,46.0340156555,135.891311646,14.9939015508
450,457.527252197,135.172561646,36.9897689819,96.5357894897,8.97969678044
450,364.642730713,55.5733375549,17.5526943207,53.5327949524,5.46034872532
450,405.393310547,156.675521851,40.658657074,111.157600403,4.55511771142
450,412.52822876,297.680419922,51.6697692871,119.098655701,4.20041866601
450,226.228988647,233.48878479,20.2074871063,48.4236793518,3.34443338215
450,434.275177002,64.2356948853,20.495223999,48.5753326416,3.29909026623
450,374.689178467,39.4246063232,27.8303813934,88.8467788696,2.8662532568
450,381.163452148,152.325134277,23.7810230255,64.4344100952,2.34524011612
450,362.229095459,162.405670166,19.8206272125,48.4260063171,2.0066132769
450,300.537994385,223.938674927,21.2207183838,53.7931213379,1.98420546949
450,483.353546143,308.299102783,48.981967926,115.755714417,1.96542814374
450,421.601043701,137.606521606,20.3244495392,62.6434745789,1.9210755825
450,279.858428955,116.167320251,21.5947742462,60.3562164307,1.71604324132
450,6.76605463028,174.769973755,18.9217739105,53.0278511047,1.30133107305
450,505.170501709,187.967605591,21.45038414,68.9436721802,1.14393988624
450,480.407470703,149.854629517,27.6238708496,91.3895950317,0.997271668166
450,581.987731934,281.317382812,21.6909275055,53.1590309143,0.819562375546
450,616.235290527,258.732086182,16.8951568604,48.6755638123,0.654712831602
450,120.477180481,200.799697876,24.665222168,78.2813034058,0.591932376847
450,7.32471132278,246.340087891,15.7865486145,47.0273323059,0.58195469901
450,566.667785645,240.590103149,32.3574523926,87.3719558716,0.470519810915
450,568.370056152,353.304718018,34.4403915405,67.4079818726,0.379251386039
450,511.865325928,293.452697754,46.1813354492,127.624725342,0.371203524992
450,351.267211914,150.301834106,18.7539424896,48.1055030823,0.347444042563
450,132.866592407,194.086547852,38.0256233215,102.742622375,0.303487968631
450,212.346084595,238.156921387,19.3655376434,46.2354698181,0.278793508187
450,404.876953125,56.7516593933,20.7996292114,57.4865989685,0.238950084895
450,615.758300781,207.184341431,16.8144016266,40.5663337708,0.21480389405
450,32.6813964844,161.542648315,22.7213134766,88.5004348755,0.196891184896
450,508.870605469,233.143875122,17.8677539825,57.4609565735,0.174425693695
450,241.644821167,231.888870239,21.1870975494,46.9290428162,0.15424991725
450,410.873413086,135.841323853,19.1223068237,56.7574424744,0.132463907357
450,27.3080844879,219.992858887,24.7782001495,67.6669235229,0.120021612383
450,389.959259033,46.3957519531,26.5023574829,85.5477294922,0.111879908945
450,386.89855957,198.811325073,21.3007411957,57.01039505,0.0947775726672
450,617.108825684,323.448944092,16.6793346405,45.0626373291,0.0914934498724
450,164.876174927,194.643127441,25.8711090088,76.0545349121,0.0742590113077
450,398.164031982,134.824859619,20.702671051,58.9974555969,0.0692228437401
450,9.6381893158,134.791748047,19.3329105377,71.1937942505,0.0546873663552
450,419.962493896,61.2259635925,20.3754558563,56.1015357971,0.0349759386154
450,444.12890625,139.340316772,27.8225345612,76.6576919556,0.0311652984237
450,471.708831787,264.984344482,42.0956344604,113.248176575,0.00101528448795
480,470.191650391,143.10395813,100.827140808,254.344467163,99.1772532463
480,60.9684562683,181.342041016,60.2095146179,152.780151367,98.469465971
480,355.071746826,159.615463257,75.6605758667,238.043411255,98.033952713
480,257.865966797,134.76411438,99.6806335449,263.364654541,96.3535487652
480,315.216308594,299.080566406,47.5384712219,108.26473999,19.4339096546
480,610.097229004,102.271446228,21.0478687286,62.0649719238,16.8551594019
480,308.744018555,149.520217896,28.3458881378,78.2856750488,14.4573539495
480,327.583099365,168.317504883,20.2291660309,57.1237335205,11.3140463829
480,343.526641846,155.703933716,25.8533325195,84.6520004272,11.1179001629
480,279.181060791,138.462600708,52.0886421204,134.800857544,8.96746218204
480,369.281402588,174.326187134,39.5884666443,102.353767395,7.57146179676
480,397.041870117,60.9277229309,20.3273353577,50.9556427002,6.15937262774
480,403.788299561,250.848648071,29.4572753906,65.9471054077,5.8823350817
480,468.299316406,157.969726562,57.3229408264,119.852592468,4.18925508857
480,356.570648193,239.42578125,21.2249011993,56.0616760254,3.87723147869
480,262.693084717,283.501983643,40.2074623108,104.502319336,1.77016146481
480,312.096557617,141.788848877,80.6555938721,173.964660645,1.71268600971
480,254.714859009,224.539794922,18.7655677795,51.6767616272,1.60667486489
480,408.956939697,283.193389893,28.22797966,64.9475097656,1.27427978441
480,504.474487305,160.18901062,32.5475959778,90.7061080933,1.24602802098
480,513.613952637,197.36769104,46.5212135315,153.085586548,1.18381921202
480,8.76330852509,243.918167114,15.6671323776,42.5736923218,0.849479436874
480,65.1812286377,201.678421021,25.4290485382,84.9690170288,0.830314215273
480,102.842674255,204.123779297,22.3084506989,60.1355857849,0.674345158041
480,169.068191528,233.713638306,19.5613384247,47.4505462646,0.523429503664
480,472.071990967,180.189437866,21.8072795868,60.3796539307,0.453705200925
480,257.47946167,166.794830322,36.7420768738,110.762878418,0.38431067951
480,411.361206055,222.84703064,26.5744686127,65.5297775269,0.315893581137
480,241.946456909,109.79259491,20.8489780426,64.5041046143,0.294657121412
480,379.694824219,287.154388428,38.8670387268,100.321022034,0.281074456871
480,419.455078125,268.220367432,22.2626972198,50.4555053711,0.166260229889
480,256.529205322,312.630004883,25.2756404877,69.7915115356,0.159545871429
480,382.111541748,59.5552253723,21.7774581909,51.9385719299,0.0994451111183
480,540.99597168,303.861846924,30.4674282074,82.0769577026,0.0950043438934
480,438.732025146,176.065933228,68.9346923828,198.396682739,0.0893154297955
480,371.188812256,61.0014343262,20.5959606171,54.6940956116,0.0811065547168
480,628.898925781,99.1214981079,11.1010742188,45.3734703064,0.075623212615
480,514.260742188,311.85836792,22.9787654877,56.5921363831,0.0641170889139
480,305.258392334,236.692520142,45.5627479553,120.35382843,0.0636026903521
480,55.2317848206,210.605178833,18.6847553253,60.431854248,0.0367098225979
480,354.504119873,195.565383911,22.9369602203,68.0466156006,0.0365130632417
480,353.335357666,131.461135864,22.6024875641,62.6153755188,0.0269128417131
510,128.08241272,147.210006714,98.9606933594,250.134597778,97.9831516743
510,17.6770381927,175.756912231,67.7981185913,219.117660522,96.6794610023
510,7.41062545776,191.247070312,17.7611637115,72.4838180542,35.3392928839
510,43.69348526,108.09551239,22.0055103302,61.094619751,18.1921258569
510,136.640151978,140.242675781,40.9140205383,116.033149719,12.4149642885
510,162.519790649,131.478439331,46.6217346191,139.243972778,10.6977887452
510,178.247085571,261.754760742,38.8976249695,130.128646851,10.1564899087
510,30.2053527832,275.396942139,39.8117980957,99.4423828125,8.44639390707
510,561.448669434,96.6409301758,46.751789093,88.638923645,8.4205776453
510,30.1693286896,193.291213989,38.9359779358,97.491973877,8.08418095112
510,54.4761772156,148.227462769,123.131629944,253.687988281,7.65905156732
510,164.968521118,49.8982849121,17.7645988464,53.7489204407,7.26585537195
510,10.9875040054,190.741394043,36.2755241394,101.733695984,5.97468726337
510,69.1748199463,247.032775879,24.2640209198,60.8783912659,5.2419885993
510,139.798294067,253.607315063,46.2436027527,133.24458313,4.74305562675
510,603.522766113,134.971618652,20.8893890381,54.341884613,3.44025939703
510,174.905700684,53.1277351379,19.2640895844,52.2478790283,2.85752676427
510,421.187133789,100.30178833,26.0113925934,64.7657623291,2.6873068884
510,199.133682251,309.335601807,31.5763759613,78.2462387085,2.53532715142
510,127.027992249,160.876464844,25.8482818604,75.1036682129,2.40773968399
510,59.7530326843,321.670135498,23.7547740936,65.8862228394,2.32214536518
510,479.484710693,119.398872375,26.4560184479,72.9069442749,2.22239382565
510,7.43728256226,240.2709198,15.6810045242,54.6189079285,1.8292311579
510,364.676391602,248.459960938,24.1710910797,57.1632728577,1.68587937951
510,113.028236389,60.0503044128,75.4885787964,229.859268188,1.03389397264
510,66.1412124634,291.964508057,24.4727706909,59.3034362793,0.988064147532
510,222.280899048,317.490478516,19.9151630402,49.5715141296,0.965858530253
510,64.5103378296,183.088516235,45.6699256897,126.996665955,0.888653006405
510,142.115859985,47.8633308411,28.6440105438,81.6130218506,0.741818454117
510,85.0037536621,68.1903305054,16.6061820984,45.3104286194,0.672720139846
510,77.2806549072,319.059234619,20.1858406067,49.69713974,0.570261664689
510,189.869766235,57.0061149597,25.9201583862,55.4373817444,0.512738106772
510,616.27557373,146.773727417,19.7135982513,46.7213401794,0.475763482973
510,122.169898987,126.12322998,18.9159622192,53.9371910095,0.426778430119
510,599.387939453,64.4554748535,21.9441890717,58.0106391907,0.424404162914
510,159.416625977,186.414291382,24.2311172485,70.0649337769,0.344682834111
510,168.27394104,312.213897705,22.1037445068,59.3151397705,0.304781715386
510,52.8056182861,298.373443604,23.2786178589,63.2616844177,0.301672425121
510,615.795349121,346.146972656,18.2867965698,43.8364448547,0.275673670694
510,116.563591003,151.949462891,19.5993309021,56.3016357422,0.262502324767
510,129.130065918,115.68875885,29.2183132172,86.9752731323,0.216979440302
510,183.5572052,323.111938477,24.3859272003,59.2505531311,0.191152282059
510,55.020111084,253.79864502,29.6143398285,85.1343765259,0.16372599639
510,205.12902832,59.8952827454,20.0644760132,50.218875885,0.154600990936
510,614.850402832,74.0153579712,18.809387207,56.6180419922,0.136464834213
510,467.302978516,273.653442383,21.7680568695,52.6927909851,0.102812808473
510,624.667602539,159.676132202,15.3323974609,56.8100585938,0.0610948889516
510,28.8415470123,334.673309326,23.6809253693,63.4561347961,0.0548057665583
540,295.136260986,117.630859375,33.4513702393,76.9806594849,61.2478196621
540,590.968444824,112.462646484,41.3235435486,113.181854248,36.6653203964
540,313.819396973,123.966346741,30.9301509857,85.4093093872,23.0896264315
540,317.635864258,108.332130432,65.4137268066,126.814727783,17.5924345851
540,439.447418213,69.0165328979,20.7858562469,50.3888511658,15.3869599104
540,271.475219727,130.717315674,24.7627048492,62.2024803162,9.67447906733
540,137.548599243,126.417732239,35.4170875549,66.3374633789,5.82059435546
540,600.030822754,114.588645935,23.049779892,58.0172920227,5.25624491274
540,223.814315796,96.0216369629,68.2774581909,98.0785903931,4.24889996648
540,350.672607422,160.53175354,24.3787212372,63.5286598206,4.11195233464
540,353.958129883,119.502174377,68.1994628906,124.315315247,2.7688536793
540,274.854644775,41.2933616638,23.9685955048,69.3650283813,2.48089339584
540,463.476348877,73.5269546509,31.3300170898,63.0928192139,2.47123111039
540,73.0582809448,96.6557235718,23.9736423492,53.1946258545,0.771537702531
540,615.315368652,134.453918457,17.9348545074,57.225063324,0.405900506303
540,424.985870361,118.975791931,20.9526844025,56.4200325012,0.312481424771
540,288.544952393,37.5650405884,27.2901363373,72.7234573364,0.163077272009
540,616.001159668,202.726455688,16.1667633057,47.8255195618,0.153036252595
540,310.490631104,48.2977752686,24.3080234528,64.6812744141,0.035340237082
540,561.186218262,35.5142364502,35.4907951355,110.420379639,0.0196960027097
570,100.815437317,118.001182556,18.4313964844,46.0491600037,22.9768067598
570,11.863152504,128.297607422,32.1273574829,88.1628494263,5.89221008122
570,342.931152344,137.336990356,28.4930171967,88.1895370483,4.80896532536
570,490.388671875,166.835525513,18.7605686188,50.067653656,3.72254811227
570,114.994529724,221.404541016,20.074634552,45.2288780212,3.22943814099
570,452.239532471,151.564697266,20.4194393158,58.8522949219,2.87686027586
570,7.41198396683,217.707229614,17.4545841217,49.9431304932,2.81375218183
570,287.567352295,125.388313293,23.634683609,57.5391082764,1.40772145241
570,220.475845337,80.4401092529,19.5626964569,56.75938797,1.11900595948
570,10.1924104691,138.498062134,17.1443748474,53.3406066895,0.793562363833
570,235.173873901,87.5381088257,23.5035247803,60.642414093,0.775758503005
570,426.482025146,164.01512146,25.0755405426,56.9878578186,0.637927558273
570,446.012908936,168.873672485,17.5867938995,56.6328086853,0.637226831168
570,341.061431885,47.4469490051,26.453004837,66.3611984253,0.44123865664
570,616.863952637,172.932128906,14.9613084793,45.7636871338,0.157549546566
570,204.870986938,76.5216751099,21.8988666534,55.3873786926,0.123037141748
570,515.022277832,153.71824646,22.5031890869,57.5010986328,0.0253665813943
570,245.347976685,42.6780662537,31.5171146393,96.2362976074,0.00159668925335
600,90.6139297485,196.769424438,20.703245163,43.0774230957,85.8313381672
600,4.70667314529,187.605209351,16.994808197,53.2966041565,15.9631848335
600,28.7678890228,197.139648438,19.3991107941,44.3654518127,11.691249907
600,241.898452759,162.870315552,18.427904129,45.0834655762,9.36546698213
600,333.323455811,159.876022339,30.6243648529,62.662979126,9.03717800975
600,174.134475708,159.770568848,23.4115085602,61.9389610291,5.86197897792
600,22.9025783539,119.672950745,33.1335105896,107.178588867,4.55038435757
600,40.6118812561,125.075965881,27.4078655243,73.932472229,3.15261669457
600,579.321166992,169.03237915,17.8007049561,42.2990913391,1.18442811072
600,537.16192627,132.768035889,28.5607967377,75.4274291992,0.834372080863
600,15.4070386887,154.576217651,22.3034057617,73.0239868164,0.781032349914
600,269.67489624,146.613815308,20.5066204071,58.1227416992,0.733189797029
600,186.580734253,175.913452148,22.4236354828,50.3908958435,0.489790737629
600,534.397460938,42.1506500244,28.8934803009,77.71459198,0.400854460895
600,301.104644775,140.243728638,27.1715259552,67.2983169556,0.18477026606
600,330.571563721,142.712692261,19.5544338226,55.2268562317,0.152239191812
600,318.504516602,146.911056519,18.2023048401,55.007598877,0.0593159289565
600,590.36907959,157.688659668,16.7275104523,47.0231933594,0.0459428818431
630,176.326675415,163.346176147,24.0515041351,59.2447509766,3.18704806268
630,481.511871338,58.4135398865,22.0757675171,68.5617141724,3.05011291057
630,465.637695312,63.1858825684,25.7642765045,85.2937164307,1.97456590831
630,251.306533813,155.605667114,24.9697093964,61.6314659119,1.30844721571
630,103.155700684,140.908889771,21.1846885681,57.8841362,1.27378851175
630,521.876159668,89.9555664062,17.2689838409,55.4655456543,1.25071490183
630,493.109771729,175.484207153,19.7924423218,53.7710266113,0.810862984508
630,386.370727539,49.1215324402,27.6446857452,78.3313980103,0.552771706134
630,531.036376953,169.634399414,20.0888385773,55.9637413025,0.344430049881
630,276.086791992,159.387573242,17.1769580841,57.3988952637,0.333773647435
630,6.62392997742,158.317169189,15.3984365463,50.6961860657,0.328076886944
630,138.297073364,188.056777954,24.7222518921,49.9966583252,0.283433566801
630,615.333129883,182.07572937,17.9736537933,48.0832328796,0.234620482661
630,87.883354187,142.098861694,23.8350372314,70.1654891968,0.225218362175
630,554.704711914,107.628845215,17.8760490417,50.7251396179,0.208653463051
630,72.7594985962,156.794692993,20.5530281067,62.8472862244,0.178821198642
630,491.992401123,89.0994491577,19.4056339264,54.2914390564,0.101132330019
630,0.699757874012,113.270362854,21.8474826813,55.6876487732,0.0906674365979
630,159.909011841,172.633666992,18.416601181,55.1858711243,0.0706079998054
630,70.9536437988,40.597240448,32.233455658,79.1935806274,5.18029219521e-07
660,615.596801758,183.390686035,18.1000804901,48.3651695251,5.80818466842
660,554.118225098,177.26914978,19.0371227264,49.5406646729,4.8441555351
660,45.2587013245,140.017593384,20.4456863403,58.0346794128,4.29391600192
660,518.225402832,168.075958252,23.8612041473,58.2883110046,3.67152094841
660,207.582015991,157.371932983,22.7070560455,59.9785575867,3.26417014003
660,454.873779297,29.9854831696,27.2680988312,85.6031417847,2.98604294658
660,6.18528938293,139.906906128,18.1184253693,53.6924285889,1.66390817612
660,527.373962402,148.225784302,30.637544632,85.6542129517,1.08973439783
660,515.226501465,126.405693054,18.3266239166,54.3938865662,0.713628856465
660,348.666381836,46.3091468811,30.0391330719,74.395942688,0.622119102627
660,72.991973877,73.9408798218,24.0375919342,60.6333961487,0.33876108937
660,470.429473877,43.0634765625,19.3910999298,51.2128448486,0.316123315133
660,507.281829834,175.750656128,18.1130828857,50.7424888611,0.271170958877
660,522.511657715,94.5077209473,17.7057437897,52.9980201721,0.14002424432
660,604.745727539,201.574279785,21.7719097137,49.2108879089,0.129542965442
660,470.836578369,82.8138656616,22.3331012726,61.0620384216,0.0988579704426
660,16.6775989532,144.475982666,19.323059082,50.3675270081,0.0517233507708
660,31.7960071564,140.769088745,19.5567932129,56.0575218201,0.0451876199804
660,397.956542969,134.038345337,18.72133255,51.5447998047,0.0267681811238
690,564.618225098,163.448120117,34.652381897,76.7576217651,6.22435174882
690,555.092285156,189.847412109,17.9401760101,49.5255851746,5.86427561939
690,185.701400757,165.64793396,18.7264881134,54.1482276917,4.45737875998
690,519.027770996,188.209762573,26.6270904541,59.0893554688,4.25946041942
690,6.17473268509,115.049079895,17.2211818695,62.5576438904,3.07591632009
690,532.336120605,179.906265259,19.4842395782,49.553768158,1.99265498668
690,619.078918457,172.567749023,14.4945268631,45.3447761536,1.6662620008
690,15.0773954391,78.9011688232,20.8715763092,53.9962654114,1.23439952731
690,452.935882568,32.0817565918,20.116558075,60.4566955566,1.08235506341
690,445.064605713,126.570251465,25.1143436432,91.2079696655,0.817387271672
690,114.670539856,145.081863403,18.9214324951,48.4412193298,0.47281277366
690,470.266937256,95.1041488647,24.040719986,57.5416412354,0.409302208573
690,461.67086792,175.578140259,20.8472042084,51.253993988,0.404862267897
690,332.101654053,43.7361450195,29.4195861816,80.3951950073,0.401711091399
690,329.512817383,85.0550537109,21.0110797882,60.4929962158,0.388007215224
690,12.3468437195,99.6614379883,25.9550037384,83.6509780884,0.3468234092
690,470.382293701,151.329650879,23.3123569489,72.3098449707,0.17151114298
690,542.614501953,194.759033203,18.921339035,48.5653953552,0.159969727974
690,466.644500732,33.8051872253,20.5427799225,55.0845603943,0.149758742191
690,378.137908936,154.173706055,17.994348526,52.2371482849,0.0266517075943
690,438.102416992,32.8014450073,23.6503982544,63.703994751,0.00833418744151
720,528.029724121,185.028137207,18.9771327972,46.8039588928,93.6539053917
720,591.851989746,199.164794922,22.9473056793,58.688079834,27.4105131626
720,537.743774414,183.466064453,20.0270671844,55.2663116455,12.7165302634
720,185.33833313,165.133728027,19.354757309,54.7023925781,9.06407088041
720,554.352844238,185.873519897,17.3171291351,51.123249054,8.86078253388
720,28.3003540039,194.336227417,16.0412311554,41.4979286194,3.85675393045
720,500.518951416,178.696456909,22.224603653,57.5297546387,1.56017933041
720,568.114257812,176.604232788,25.5330657959,67.163734436,0.950736366212
720,615.188293457,172.693069458,17.2711162567,49.3413352966,0.677361059934
720,397.97668457,163.641738892,19.4150295258,45.6155128479,0.534163415432
720,515.555541992,183.491287231,18.5916996002,51.6349639893,0.466693425551
720,342.232177734,93.2111129761,29.7964248657,84.3196640015,0.369003834203
720,453.151611328,87.9954910278,17.6156482697,49.735622406,0.340510020033
720,334.58493042,96.4777145386,21.0263633728,52.6451683044,0.250417622738
720,605.362426758,196.885238647,19.1617984772,50.4871368408,0.198256643489
720,97.4389038086,137.877670288,21.288444519,55.8479728699,0.181995180901
720,467.412445068,103.770317078,30.2306461334,91.7329101562,0.102884368971
720,461.745697021,27.0435733795,35.7678413391,105.147834778,0.0114720620331
720,480.002716064,21.8742427826,24.9999217987,64.0248336792,4.80903452171e-05
750,579.388549805,180.192825317,19.8724918365,57.9722290039,97.2539484501
750,612.121765137,182.780715942,17.8685836792,53.4194602966,89.8138046265
750,559.150756836,182.037399292,20.2956447601,60.4465942383,83.852827549
750,601.066589355,182.737808228,17.5685176849,53.2196769714,67.3757493496
750,416.779632568,52.5588226318,22.4388217926,65.2152633667,4.43484447896
750,77.2654953003,129.525680542,18.8157901764,58.5180206299,1.57829392701
750,7.84391927719,195.299987793,16.0916919708,42.5914001465,1.44540341571
750,200.410415649,166.686752319,24.9741744995,53.6213264465,0.768042868003
750,377.53894043,105.204627991,19.8030776978,57.3688850403,0.556436134502
750,429.265594482,55.8741569519,18.7747116089,50.0643959045,0.375685538165
750,90.1961364746,133.42276001,18.0874996185,55.2633323669,0.320011354052
750,509.175262451,142.975112915,21.0206203461,63.967754364,0.137936288957
750,627.710876465,185.570236206,12.2891235352,49.2874259949,0.0723957200535
750,341.176300049,29.5025691986,35.7715530396,102.660522461,0.071259541437
750,467.505889893,58.6195373535,20.4931488037,55.6187744141,0.0138300893013
780,534.578125,59.8716926575,20.7552394867,84.5939559937,1.20924850926
780,416.499664307,158.357620239,23.2981700897,54.3559761047,0.69248857908
780,330.050079346,77.5466766357,19.3364276886,50.2290763855,0.534036150202
780,7.92910003662,194.880126953,15.1407394409,42.3879203796,0.526768621057
780,547.601745605,209.625930786,22.5120639801,52.5341300964,0.33177069854
780,75.7905349731,137.992752075,22.4153671265,54.4387817383,0.18080585869
780,150.462524414,159.286651611,24.2126789093,59.7048530579,0.10834382847
780,414.521118164,108.58001709,18.4377212524,49.2366371155,0.0871860596817
780,415.690795898,38.5507202148,23.1599254608,84.6151733398,0.0254362093983
780,427.104766846,41.8901519775,29.5186309814,96.3870162964,0.0215213745832
810,190.363891602,150.894592285,24.5602016449,62.4260597229,5.93660436571
810,35.1814575195,109.10382843,20.2808914185,70.1862030029,5.31225576997
810,435.075897217,107.661003113,19.9374141693,53.98487854,3.26887406409
810,499.348876953,52.3804893494,19.0459098816,50.2756462097,0.873495545238
810,335.245269775,70.5780105591,20.0266933441,51.0370635986,0.623048096895
810,64.5660324097,199.954544067,38.9104728699,68.5545883179,0.589043879882
810,15.7976236343,115.226013184,19.177778244,53.1302947998,0.556700397283
810,541.663146973,33.24792099,19.3546600342,58.414516449,0.484906462952
810,528.030822754,139.943145752,26.9019031525,94.5543441772,0.193820125423
810,400.079711914,179.161972046,15.5904817581,46.8730735779,0.153150793631
810,112.706184387,96.9112167358,22.7407455444,58.8933410645,0.09470115765
810,617.203918457,185.637832642,14.8143491745,48.7902870178,0.0888117356226
810,424.359466553,113.676200867,22.8238697052,69.4418334961,0.0451083644293
810,449.168670654,43.1485443115,32.1879463196,111.167633057,0.000210422149394
840,15.889040947,105.378562927,23.2129821777,71.8246765137,32.3162913322
840,581.224121094,126.460014343,20.9364776611,60.1369628906,14.0462964773
840,7.80050086975,190.345321655,16.1007442474,48.1298561096,4.48508448899
840,340.559051514,69.7879104614,19.594373703,48.9880638123,1.43711362034
840,350.615875244,51.1257286072,21.2448177338,52.3421020508,0.416174996644
840,494.32119751,139.042495728,26.600402832,84.7199401855,0.0512099068146
840,386.853485107,64.5363998413,28.178155899,71.0541763306,0.0124046273413
870,611.428588867,177.760818481,21.4828033447,53.6373901367,28.1840413809
870,5.95951461792,189.259841919,18.1633281708,51.6268882751,4.44244369864
870,95.1570358276,170.976669312,16.2968883514,50.7460899353,1.91764384508
870,104.421691895,166.604797363,18.8382434845,51.8651542664,1.48364361376
870,350.628082275,49.9774284363,20.4424343109,49.5174064636,1.27244731411
870,340.173248291,59.4252929688,20.1639938354,48.4017791748,0.874146446586
900,23.3228702545,166.044708252,20.9145126343,61.7041969299,66.3360953331
900,172.418716431,159.12878418,20.7287731171,56.2979316711,45.8958685398
900,44.1781349182,160.063781738,23.859254837,62.5953788757,5.09607046843
900,405.004058838,173.358535767,18.4867038727,50.6096343994,3.29193547368
900,146.112182617,179.501403809,21.8824386597,53.9350624084,2.93018743396
900,98.8136367798,144.770217896,21.3732318878,63.5175895691,2.19744052738
900,458.57144165,164.793579102,16.7786502838,56.2585334778,1.43440971151
900,36.5637550354,168.156677246,17.5074577332,57.3069190979,1.34827569127
900,345.845184326,50.8371162415,18.8948001862,49.9406700134,1.09166316688
900,357.027923584,43.7979316711,20.1891231537,51.8358192444,0.973378121853
900,513.606872559,116.449768066,20.1639499664,59.3662567139,0.826374907047
900,610.003112793,156.703475952,19.7661724091,53.4455757141,0.824990030378
900,510.723480225,192.981521606,33.8113975525,73.0351486206,0.720118917525
900,453.875518799,76.0226974487,17.4664535522,57.9604530334,0.717527605593
900,392.705230713,170.160934448,19.1663188934,50.2484588623,0.637519638985
900,161.908432007,158.198135376,19.3867549896,60.3919715881,0.579652329907
900,3.79890561104,203.504104614,18.8567218781,48.851474762,0.47029289417
900,424.302947998,122.658073425,21.7731018066,58.137512207,0.373532273807
900,11.2813186646,169.145767212,19.3400917053,60.9665260315,0.308426097035
900,429.761260986,170.982894897,18.9739093781,56.5885314941,0.286258966662
900,62.4690856934,176.421264648,19.6221065521,46.4511108398,0.217758235522
900,448.063354492,181.614868164,17.7303066254,48.4256439209,0.214947480708
900,5.61699724197,128.484176636,16.116230011,51.2242546082,0.158501672558
900,497.665283203,120.983802795,22.1374492645,56.519115448,0.063923484413
900,525.599060059,116.366630554,19.4388237,50.2791404724,0.0520552217495
900,1.89938604832,26.5190353394,21.532125473,54.2560691833,0.0346279586665
900,10.1535339355,29.5714969635,27.4779109955,73.7837753296,0.00128139099616
930,503.78012085,182.157592773,19.5925579071,47.7250480652,49.9041259289
930,162.870559692,140.826980591,30.7426757812,88.6733703613,46.2520360947
930,461.942901611,189.353988647,19.8522510529,46.5265808105,3.80343236029
930,491.968597412,184.008621216,19.9756088257,50.9275550842,2.7197137475
930,0.0,178.484329224,22.1553058624,55.5248413086,2.50311866403
930,431.715698242,176.753097534,19.5149211884,49.1530914307,1.60203892738
930,612.754089355,199.032272339,18.6151485443,56.4128379822,1.33981909603
930,521.060302734,137.774047852,23.2738342285,85.7920227051,1.18858041242
930,583.46472168,194.859069824,23.7186374664,62.2224845886,0.924051366746
930,358.854248047,33.4902000427,29.8776168823,66.4390640259,0.306825665757
930,456.666534424,69.581489563,17.3892116547,49.649307251,0.289253494702
930,40.3494606018,196.329238892,19.3410797119,38.7867355347,0.221630791202
930,616.850463867,306.087982178,17.7119026184,43.7565002441,0.182580179535
930,73.3069610596,105.555091858,19.9869098663,58.6605796814,0.139530806337
930,30.153711319,198.860595703,19.5585956573,41.342716217,0.0889579532668
930,74.3795089722,191.749160767,18.7945041656,40.8657341003,0.0879691971932
930,476.946807861,185.104934692,19.7873382568,49.9620552063,0.055177527247
930,63.1262359619,185.624923706,17.3962059021,42.5280342102,0.042284160736
930,351.87890625,36.1236000061,20.5151119232,46.7656135559,0.0272010627668
930,86.9371032715,96.4019546509,21.4237213135,57.2303314209,0.0133098903461
960,548.691162109,180.549438477,23.5812702179,61.1571807861,87.3751819134
960,501.009735107,173.846725464,19.264623642,59.0851707458,35.4906409979
960,436.759857178,184.899246216,18.1699619293,43.1945648193,8.71954411268
960,471.992553711,182.012207031,19.6660900116,49.038143158,8.67797881365
960,534.711853027,183.055465698,19.3107948303,53.3342552185,7.98629149795
960,562.250305176,185.041854858,23.2687835693,56.046005249,7.53082036972
960,449.679412842,185.390762329,17.8744735718,48.988407135,3.20137105882
960,189.796279907,123.897521973,27.3538455963,75.888710022,1.50517104194
960,606.537658691,158.417053223,23.1565036774,70.1816329956,1.23037323356
960,615.669616699,192.157287598,16.7626018524,45.316242218,1.14398812875
960,14.5902814865,177.401901245,25.1645565033,58.0695610046,0.678456900641
960,484.708343506,173.212234497,18.3844852448,59.6997032166,0.675867777318
960,522.899780273,180.794296265,19.1577510834,51.5782051086,0.525464629754
960,9.29929924011,160.457305908,18.2201976776,47.5807533264,0.369671569206
960,108.561668396,78.4707489014,21.4697742462,66.4513244629,0.314191519283
960,404.749420166,169.380966187,15.7239990234,50.0202484131,0.219799228944
960,583.82611084,97.7925415039,31.4638137817,98.1337966919,0.204304140061
960,463.902435303,192.911422729,17.6969661713,44.0493927002,0.193953129929
960,343.682128906,30.3140201569,27.5009975433,60.6836051941,0.190812034998
960,482.087310791,62.7776832581,20.4632396698,50.7569084167,0.133126205765
960,424.715240479,164.052322388,23.3349514008,59.3366203308,0.120762491133
960,576.585876465,182.783325195,26.001991272,55.0806541443,0.0985414721072
960,422.512969971,39.7192268372,29.4923019409,74.2438430786,0.0650295231026
960,35.2265777588,92.8277206421,20.6335334778,56.7120361328,0.0285687186988
990,505.209106445,177.852127075,19.7888431549,53.9079742432,92.6935493946
990,448.710784912,178.90826416,17.7077198029,50.1200523376,48.8924235106
990,9.17288589478,150.901443481,22.3208179474,72.7041702271,29.4532328844
990,431.004150391,172.038009644,18.2334976196,51.5394325256,20.1044514775
990,614.277160645,204.241943359,16.9454574585,49.5397453308,17.8502097726
990,472.902069092,179.540390015,19.0831279755,54.6490211487,12.8145158291
990,409.541656494,137.688140869,20.5569667816,70.1020736694,6.18599578738
990,519.294799805,171.036010742,19.446641922,55.3137817383,6.14415407181
990,579.758911133,180.314559937,31.5510616302,67.2785568237,1.21639287099
990,421.131500244,161.036071777,18.321931839,58.3467521667,0.853158533573
990,564.338623047,199.281311035,20.1308498383,54.4616394043,0.57130116038
990,99.4649353027,100.888824463,25.0482540131,72.1872711182,0.57073882781
990,489.820892334,184.336746216,16.6920795441,51.1540985107,0.230723666027
990,30.9473400116,190.094955444,19.7161598206,41.6674461365,0.167173764203
990,5.83589410782,188.485153198,18.7814712524,52.2857933044,0.0966029590927
990,324.40222168,55.6523933411,20.0384578705,48.9178886414,0.073747424176
990,19.6821880341,188.567764282,19.8245372772,42.8501014709,0.0657745345961
990,597.518981934,193.220291138,23.0670852661,53.6326599121,0.030353089096
990,4.9346408844,24.4820327759,19.1614189148,59.7313995361,0.0259835913312
990,110.394325256,111.739784241,31.1495132446,76.549156189,0.0127045874251
990,120.927467346,23.8162536621,33.3686637878,74.9102172852,0.00999015464913
990,8.38112640381,49.9747619629,26.5730800629,72.5255508423,4.0895015152e-08
1020,588.660217285,181.330627441,23.2485408783,58.9557228088,98.1517553329
1020,499.870605469,176.691757202,18.5845298767,51.3622322083,78.4513294697
1020,484.449462891,179.469116211,18.8861083984,51.4346733093,45.7467377186
1020,458.77243042,161.983139038,26.2738208771,66.052116394,6.03762865067
1020,602.027099609,88.7924118042,23.9381198883,72.673500061,3.89501899481
1020,556.080627441,190.213745117,19.6828937531,56.8366508484,3.28321121633
1020,65.0784072876,72.143661499,36.5110359192,84.5438308716,3.17593440413
1020,579.163269043,172.637069702,18.6298313141,57.1161613464,1.15219866857
1020,615.356567383,109.395927429,16.8540897369,49.5981483459,0.494149047881
1020,515.69140625,177.486679077,20.5160503387,58.0353507996,0.364507758059
1020,586.868713379,96.892250061,24.347410202,78.9208145142,0.342438789085
1020,365.253143311,140.93019104,20.7535991669,64.2530441284,0.240112119354
1020,324.682220459,38.1949882507,18.9358844757,43.5345726013,0.225866329856
1020,570.847839355,182.751220703,16.6500053406,52.8393821716,0.207224837504
1020,5.84388923645,60.7829170227,19.0493755341,54.4614830017,0.112698471639
1020,131.206741333,34.9734764099,26.6529846191,64.2726898193,0.0577592931222
1050,574.952453613,188.07258606,23.3050708771,51.5301017761,96.6724336147
1050,561.943908691,187.153198242,21.3812656403,56.8811607361,20.5896988511
1050,510.660125732,181.825119019,22.6378040314,54.9254760742,16.0191178322
1050,542.727478027,176.790237427,21.886510849,63.1176948547,12.3465299606
1050,610.901184082,198.631347656,19.8134651184,57.2666969299,2.55192127079
1050,444.832244873,170.175643921,18.1905612946,54.5276756287,1.83028373867
1050,595.467956543,188.02305603,20.7567176819,54.4565925598,1.43771860749
1050,424.945281982,171.968612671,17.9142189026,52.8042640686,1.12835541368
1050,375.690887451,152.616958618,20.1086597443,53.6731300354,1.00009767339
1050,34.6514434814,53.1040802002,29.3399524689,91.0704040527,0.678275804967
1050,524.288879395,176.905715942,17.8077335358,57.6760559082,0.539083918557
1050,77.7897720337,146.870147705,28.8999500275,69.1911773682,0.418121553957
1050,450.936981201,63.4679107666,20.2311344147,51.9701042175,0.290397391655
1050,400.641113281,145.014450073,25.5855007172,76.7874298096,0.28314020019
1050,44.1830406189,115.546165466,28.4287414551,76.882850647,0.262465514243
1050,617.142150879,224.370956421,17.2164669037,45.8011322021,0.227126013488
1050,67.1267318726,142.408630371,22.8142242432,60.1521492004,0.141862186138
1050,345.756561279,30.5530414581,33.7174835205,67.419960022,0.0697451760061
1050,403.572052002,63.1862792969,21.0925884247,55.5183258057,0.0251450372161
1050,387.322601318,144.916625977,19.3529186249,58.2044334412,0.0250584707828
1080,468.012329102,172.951431274,21.2620334625,53.4538993835,34.4052165747
1080,40.3450431824,130.647781372,30.7262039185,85.6136703491,11.469142884
1080,588.596740723,67.2804718018,28.0417404175,77.5313415527,3.0830739066
1080,466.039794922,34.5547065735,19.7393321991,56.3077583313,2.77705509216
1080,11.764588356,126.362670898,24.7394180298,88.3519973755,1.96101628244
1080,611.206237793,167.271286011,19.3447055817,52.7979316711,0.901513174176
1080,375.760864258,145.715652466,21.8734512329,57.7567443848,0.820583663881
1080,414.89831543,183.114120483,17.8905696869,46.5137519836,0.802496541291
1080,413.362823486,33.5441093445,22.1443042755,60.5329399109,0.681047607213
1080,585.937927246,188.42326355,22.8045883179,57.823425293,0.197470607236
1080,453.707519531,171.410583496,20.1323471069,56.5964927673,0.166553177405
1080,430.42074585,131.294677734,35.9746742249,87.1840820312,0.0909072172362
1080,22.9923458099,56.6087379456,21.7811584473,52.1944465637,0.0383109028917
1080,429.814605713,45.4192619324,23.9758758545,76.088508606,0.00693170877639
1110,507.604217529,164.675292969,21.8363704681,62.1872520447,53.1482279301
1110,444.0050354,104.902931213,33.6225166321,115.718048096,17.7328333259
1110,5.92798614502,140.105163574,22.1575756073,69.5122756958,14.3549978733
1110,616.403747559,51.6701469421,18.3940048218,46.2080345154,3.34773547947
1110,462.489746094,135.72958374,24.6683979034,77.5021286011,1.76006779075
1110,6.26034498215,103.736610413,16.394197464,53.2388496399,1.53369335458
1110,479.964447021,145.376403809,28.3083705902,75.5031051636,0.833782274276
1110,378.806762695,120.912467957,22.4251766205,58.4173851013,0.628825556487
1110,173.795669556,178.748855591,21.0645580292,51.7063140869,0.409876229241
1110,215.066390991,49.746307373,20.9069766998,48.1596336365,0.315499142744
1110,435.03894043,163.724945068,20.9675521851,54.694644928,0.297125941142
1110,465.771881104,103.735229492,18.6818294525,60.5742607117,0.241743656807
1110,486.425933838,367.1690979,24.0199832916,50.5584220886,0.211827759631
1110,145.8697052,132.932281494,20.1788425446,54.6007347107,0.177916605026
1110,417.692382812,116.067504883,27.4154052734,92.902671814,0.130410131533
1110,546.809265137,292.976806641,22.8820819855,47.9751586914,0.0594369019382
1110,519.39263916,159.392501831,20.5653572083,56.5811882019,0.0342199811712
1110,18.4885673523,156.201095581,18.2383136749,48.4019737244,0.0309329945594
1110,471.190216064,38.8896751404,22.0451030731,53.306728363,0.0160931900609
1140,587.592956543,163.608474731,30.3887004852,82.5348434448,99.3936359882
1140,467.352874756,172.987258911,19.7495059967,55.3980102539,1.08204828575
1140,3.41735768318,87.1865921021,21.3255596161,48.1952972412,1.02190384641
1140,574.411193848,170.191772461,25.1115856171,73.3723068237,0.919433217496
1140,130.596221924,137.272018433,19.9217205048,49.7953681946,0.878140889108
1140,496.265411377,174.591049194,21.1632709503,54.0556488037,0.519897416234
1140,523.768615723,174.796569824,17.2606105804,43.3467597961,0.500273099169
1140,548.250793457,52.6726036072,28.38032341,108.180732727,0.357093242928
1140,451.566436768,172.869949341,25.9408550262,58.0587348938,0.35157490056
1140,532.26385498,180.133483887,19.848241806,55.1157875061,0.345206493512
1140,560.904724121,42.2130508423,20.9729404449,68.8579864502,0.273758242838
1140,480.684844971,156.652954102,28.4306125641,74.6945724487,0.241095898673
1140,611.675598145,173.812927246,17.2369823456,52.7367095947,0.206740456633
1140,371.621948242,43.6766471863,28.4583129883,86.7509155273,0.151587487198
1140,391.765716553,120.897483826,21.1153278351,60.3368988037,0.119208544493
1140,47.8357276917,181.321655273,18.4369754791,57.8413696289,0.0748879392631
1140,431.339019775,44.6254615784,32.1184043884,91.4474563599,0.0557281833608
1140,141.687026978,135.681304932,20.1982192993,55.8339080811,0.0348039466189
1170,529.417541504,171.616928101,31.3703384399,63.0914955139,43.0280894041
1170,579.944641113,169.487319946,28.8519916534,75.0708465576,14.7536203265
1170,521.349182129,165.060577393,20.2772064209,58.3801422119,9.86040011048
1170,404.640045166,113.093025208,21.4113101959,69.1494140625,7.3370732367
1170,490.899383545,43.3289985657,37.5173912048,126.800109863,6.21575266123
1170,614.239196777,98.1161422729,18.0353145599,62.4666900635,4.83505539596
1170,551.884643555,159.865890503,25.5892658234,64.5933456421,2.54883188754
1170,611.61126709,154.942977905,18.6327457428,64.0708465576,1.70434508473
1170,512.066894531,77.3037414551,21.9862232208,73.0237884521,0.607170816511
1170,132.808959961,72.4961090088,20.0906276703,54.8578987122,0.409647962078
1170,507.143066406,170.995834351,20.5692176819,53.4689292908,0.214025657624
1170,115.758537292,127.634254456,21.0008296967,57.009349823,0.173673871905
1170,499.863128662,32.1834335327,24.1607875824,64.7170562744,0.141722336411
1170,154.019821167,54.6589050293,24.1030063629,65.8140106201,0.0757962639909
1170,595.066345215,157.810562134,24.659318924,58.6010322571,0.0497978879139
1170,511.101959229,126.697113037,33.8891601562,82.3869400024,0.0142433767905
1170,385.686798096,113.686065674,24.2359237671,63.7063865662,0.0113655070891
1170,450.186309814,29.9961948395,29.7078647614,87.8840942383,0.00038119258079
1200,51.7676277161,154.268203735,21.6362552643,54.9778442383,19.2279517651
1200,435.075714111,103.590797424,25.4977397919,84.1993179321,18.7303975224
1200,571.340759277,169.812850952,23.3346862793,55.209197998,6.76144734025
1200,575.588684082,170.646575928,31.9555530548,108.454444885,1.83486863971
1200,135.485305786,41.3739356995,21.3125324249,63.1791229248,0.680311955512
1200,535.427062988,127.839996338,20.9264278412,62.8002929688,0.494192866609
1200,600.765686035,168.193191528,25.9510402679,75.7799835205,0.433077989146
1200,122.820091248,71.7313537598,21.2187519073,63.4203948975,0.367166032083
1200,417.161651611,71.1951828003,22.7230167389,60.2471885681,0.21860585548
1200,106.465507507,52.3034362793,25.7721195221,77.8388671875,0.199495838024
1200,145.340118408,44.4074516296,27.7840652466,84.8453216553,0.111126899719
1200,549.690002441,107.201560974,30.3803100586,107.261100769,0.0433199747931
1200,617.010864258,159.808380127,16.3115844727,49.6650238037,0.0391155015677
1200,64.2133712769,140.59967041,19.3098163605,47.2499046326,0.0379758625058
1200,195.302536011,22.8099460602,24.5913829803,58.2376594543,0.0238552645897
1230,540.305786133,174.295639038,20.1878871918,54.2049713135,83.0930292606
1230,489.954498291,138.010391235,19.8423252106,79.7365951538,5.40972203016
1230,344.516723633,141.201751709,24.8133869171,65.336479187,4.6332873404
1230,455.381866455,82.647644043,25.8599624634,76.9401016235,3.08528002352
1230,423.987823486,36.9309272766,29.7508182526,70.0737838745,2.11627762765
1230,616.545715332,121.918159485,17.1178836823,61.7929954529,1.29176145419
1230,514.675231934,176.5365448,16.6640377045,45.8456382751,1.07622612268
1230,90.9479293823,80.0545883179,21.5141677856,54.0764465332,0.64707971178
1230,410.593841553,115.535179138,25.3807525635,60.2047424316,0.423351768404
1230,97.1478881836,108.076263428,24.7825775146,67.4129257202,0.318165705539
1230,581.702331543,34.874797821,50.3326835632,203.158203125,0.297562056221
1230,7.9063782692,175.171646118,15.8305330276,43.6600227356,0.285006756894
1230,76.7688369751,62.4024620056,21.5246181488,68.4510421753,0.264635169879
1230,610.567626953,57.6927909851,20.8513793945,63.5321617126,0.26128992904
1230,625.536376953,113.389564514,14.4636230469,56.0347709656,0.254282797687
1230,12.256814003,152.838195801,19.3038196564,51.5201072693,0.220647989772
1230,48.9313354492,125.940216064,22.5648822784,61.5642547607,0.149760802742
1230,115.276100159,38.9532279968,30.2898788452,80.5509490967,0.0906370521989
1230,595.367797852,19.8399429321,28.7345275879,83.1206283569,0.0742082600482
1230,615.351989746,27.4555835724,17.3336048126,53.2509727478,0.0157500835485
1230,181.65461731,22.425863266,22.1117935181,57.4299430847,0.00763336429372
1230,431.303497314,132.634567261,18.9498386383,55.7927284241,0.00629706410109
1260,540.547668457,184.13923645,20.2586517334,51.6659240723,38.6159151793
1260,443.305908203,171.36932373,23.9673404694,51.5352630615,11.7591328919
1260,496.221282959,53.216003418,40.2516822815,93.8592758179,2.3564344272
1260,483.675994873,31.0966205597,20.2304935455,67.8927154541,1.88987217844
1260,503.794433594,187.289535522,25.1877975464,57.9914398193,1.84113029391
1260,18.2922115326,158.058761597,21.6134414673,61.8445701599,1.66915468872
1260,238.883483887,156.22618103,20.4329242706,54.7113647461,1.26401539892
1260,190.73651123,161.144836426,26.0734920502,58.3583488464,0.508020306006
1260,577.887207031,155.930847168,26.7550983429,70.9660949707,0.502995308489
1260,68.9579238892,114.954307556,25.1909408569,74.5631790161,0.467079225928
1260,527.715209961,184.818618774,21.8852596283,53.7835845947,0.390151143074
1260,7.41547250748,164.019088745,15.7549133301,53.5495643616,0.324485846795
1260,617.987731934,186.613815308,14.6170225143,48.0833244324,0.316628906876
1260,29.3838291168,167.55128479,22.8197231293,54.8359375,0.229499628767
1260,214.771972656,144.539260864,21.6169567108,62.6928520203,0.168999296147
1260,564.970214844,178.590682983,18.0376491547,55.492389679,0.135754456278
1260,94.2229919434,36.903011322,22.6576061249,72.5531616211,0.116055028047
1260,429.475585938,98.2649154663,28.2812290192,96.2852478027,0.109225115739
1260,78.792175293,43.5755767822,19.4365215302,58.9319572449,0.0496494176332
1260,118.904693604,30.6198177338,28.4298629761,81.6151351929,0.0132161774673
1260,142.651779175,27.1806182861,39.5719566345,103.830879211,0.00304753630189
1260,464.616912842,26.3062515259,22.9764328003,62.5720787048,9.64033688433e-06
1290,13.0136461258,156.075256348,30.0630493164,83.9103927612,8.79307165742
1290,552.493774414,201.560470581,22.7635440826,53.2775764465,2.05927509815
1290,164.148452759,175.940002441,17.1453914642,42.7868652344,1.09943542629
1290,7.27338218689,172.334609985,17.9097270966,63.3079795837,0.709226867184
1290,4.61246299744,47.4481086731,17.0460948944,50.0013389587,0.50148172304
1290,173.453125,170.285339355,18.810426712,44.1447868347,0.236511067487
1290,419.999755859,102.0835495,19.8065452576,50.8255767822,0.221822643653
1290,206.403427124,165.84992981,16.9364376068,46.8797569275,0.164198619314
1290,115.176109314,178.798461914,21.8804111481,56.2317504883,0.11259962339
1290,28.9545841217,175.010574341,19.9416637421,58.120716095,0.0886516005266
1290,427.530670166,127.461860657,23.5283203125,60.6074867249,0.0822841830086
1290,127.699440002,38.4678382874,39.2485656738,90.4783401489,0.0096725205367
1290,53.7121734619,28.4822387695,26.0611190796,67.035484314,0.00150445284817
1290,64.871131897,35.9342918396,31.3500614166,88.6762161255,0.000366768631466
1290,29.3534030914,20.2745456696,23.4182910919,56.6693916321,5.07163164798e-06
1290,39.2588233948,36.8218269348,27.7516098022,77.8894119263,3.16942561085e-07
1320,438.890594482,121.636047363,24.6023159027,71.3038406372,0.78034074977
1320,164.52545166,166.672119141,14.8404226303,47.8331260681,0.55562350899
1320,418.235351562,140.714645386,21.3676586151,59.5567436218,0.525908218697
1320,460.842407227,88.2032775879,24.2790660858,77.1715240479,0.471889320761
1320,484.746826172,161.643478394,20.747592926,51.0406913757,0.198592594825
1320,431.814971924,78.4636306763,19.7212181091,53.3614463806,0.123309716582
1320,572.976379395,331.00378418,22.399641037,47.7632751465,0.0517051201314
1320,588.862121582,331.584503174,21.8023910522,49.4616737366,0.0225923591643
1320,525.705810547,320.484161377,21.8201313019,46.2372779846,0.0051612551033
1320,8.23139572144,22.9564189911,31.8508434296,82.1430130005,0.000119439982882
1320,108.361457825,47.1320228577,38.6835365295,75.9679870605,5.46610401386e-06
1350,456.591949463,110.098243713,29.7477092743,82.9519271851,9.40874814987
1350,5.2084197998,179.415588379,16.8792171478,47.4509429932,4.73421253264
1350,610.296447754,245.131591797,22.0727615356,55.5377655029,3.41896675527
1350,509.389282227,153.701019287,28.8354568481,74.627784729,1.09600005671
1350,465.218414307,54.5387077332,23.2486896515,63.7287864685,0.046703411499
1350,512.262023926,51.9185180664,28.6244258881,119.198326111,0.042226415826
1350,499.421356201,68.0616989136,22.1793289185,63.6832580566,0.0391737208702
1350,71.1688308716,31.0833568573,22.4010906219,62.0651512146,0.0289678515401
1350,5.77021789551,41.2119140625,36.7109985352,105.80456543,0.000621379012955
1350,443.394439697,41.3429527283,30.418510437,85.1256332397,9.37965353387e-05
1350,79.9690628052,38.330165863,27.3681583405,81.2913589478,2.60525126805e-05
1380,546.090942383,144.927627563,34.2788047791,79.491104126,45.5190360546
1380,33.1498374939,173.679702759,23.8033981323,59.1307678223,3.05119976401
1380,607.921081543,181.375106812,22.3093242645,60.8882141113,2.48194281012
1380,574.62298584,153.470199585,24.0023174286,61.589931488,0.725125428289
1380,452.592926025,53.3996124268,18.9359588623,53.4060554504,0.0760005437769
1380,136.790512085,145.282470703,23.2017059326,65.1181564331,0.0460212118924
1380,526.776306152,147.951705933,19.7085037231,54.0742759705,0.0318189850077
1380,5.84335565567,173.683288574,16.5620822906,45.7327308655,0.0258628278971
1380,471.829956055,154.320907593,31.9935245514,71.5530776978,0.0245758128585
1380,402.131835938,26.4580020905,21.5348720551,59.4908943176,0.00955835275818
1380,44.2561988831,51.6066741943,25.9751052856,74.6128845215,3.69555747115e-08
1410,7.50926971436,183.447250366,17.4834976196,48.5966644287,2.25705876946
1410,19.2062988281,181.409423828,17.1897544861,46.1269836426,0.698073534295
1410,483.350097656,85.3545455933,34.0843849182,96.4083251953,0.458765774965
1410,441.66897583,39.9921722412,18.1477489471,55.3699836731,0.393151910976
1410,407.411529541,69.2278366089,20.4493789673,59.3490409851,0.0239671207964
1410,535.960693359,31.6386814117,33.8856239319,91.5175476074,0.00980145487119
1410,5.04995965958,25.2312374115,21.5572528839,53.0773010254,7.11109350959e-05
1440,477.299591064,173.579360962,23.4171161652,55.7697257996,47.7654188871
1440,616.447265625,145.261581421,16.7580699921,48.6550712585,27.8315752745
1440,529.092407227,70.158241272,35.6943511963,139.859603882,22.9624584317
1440,83.0267105103,165.118988037,20.8813686371,50.5955963135,6.08490929008
1440,499.510253906,184.734817505,23.4710674286,59.5540428162,5.35446964204
1440,551.575744629,165.795410156,22.1229457855,57.3549079895,1.92512385547
1440,488.727905273,194.428787231,19.6306171417,50.0874443054,1.84450466186
1440,515.440795898,182.366287231,27.4070205688,66.1735610962,1.3410853222
1440,7.54856729507,180.528121948,14.5577163696,46.5583648682,1.30772152916
1440,530.082946777,174.114578247,20.950504303,56.756778717,0.382518395782
1440,627.646240234,146.366485596,12.3537597656,51.3501930237,0.302336039022
1440,25.3607940674,181.683151245,17.9581184387,43.327999115,0.26805808302
1440,14.9642105103,176.69480896,18.2417755127,50.4813079834,0.231854151934
1440,512.145935059,74.7893295288,27.5758743286,102.042854309,0.203518406488
1440,95.9674301147,31.238702774,25.9217166901,80.9457321167,0.088900414994
1440,528.149963379,190.069458008,37.0014839172,74.0983657837,0.0645095657092
1440,40.3787956238,178.113693237,18.9939537048,42.8239746094,0.0536615785677
1440,394.652252197,81.9402236938,28.3185329437,89.3775024414,0.0403674581321
1440,424.651519775,52.2027244568,20.5933895111,55.8412284851,0.0112293841084
1470,579.682373047,209.506164551,27.155752182,58.4025230408,30.1937490702
1470,613.286132812,168.546585083,16.8130512238,49.7778282166,17.2192275524
1470,590.49407959,156.747802734,21.1319923401,63.4524383545,10.5455294251
1470,574.756530762,85.8753890991,52.9647865295,147.40486145,2.75272466242
1470,553.382019043,177.747924805,19.3775997162,60.3402061462,2.15432737023
1470,66.9825210571,172.857528687,18.6916675568,45.0396308899,1.82735584676
1470,571.321960449,163.706466675,22.8401031494,54.9415092468,0.471233716235
1470,77.7865524292,163.202972412,18.670999527,53.4529457092,0.442622508854
1470,606.291442871,82.0824279785,23.1042785645,95.8022232056,0.439234497026
1470,400.800689697,53.6772460938,30.3424301147,95.9731216431,0.329928728752
1470,603.152893066,202.751815796,27.0499095917,62.4824180603,0.287265446968
1470,616.772521973,241.787033081,17.3882255554,39.8339881897,0.208826572634
1470,52.0941047668,171.528701782,18.9277305603,46.2370758057,0.105125072878
1470,559.187805176,207.596069336,27.2094402313,54.9964790344,0.0867805618327
1470,381.877960205,168.471374512,17.569480896,48.9270057678,0.0769324426074
1470,79.8731689453,22.0111293793,25.9781932831,68.4313735962,0.0177786321728
1500,9.08386135101,172.727615356,14.1728582382,42.3033409119,3.29741276801
1500,490.689453125,173.065307617,22.5929317474,58.8023414612,2.73893158883
1500,18.883108139,173.365646362,16.4187469482,44.0672607422,1.4120073989
1500,105.43536377,160.454574585,18.8637924194,51.2025642395,0.860634166747
1500,40.7540893555,167.072036743,19.2630634308,49.8826179504,0.795213878155
1500,431.136627197,180.960708618,24.185503006,60.1447410583,0.649918802083
1500,62.2093315125,171.662963867,17.3573360443,43.9576911926,0.602102186531
1500,344.820770264,35.6602325439,20.9595794678,53.8677062988,0.549683254212
1500,614.356872559,176.414840698,17.6818408966,51.483921051,0.381064903922
1500,451.702728271,33.9121704102,20.7884616852,63.7245483398,0.348567846231
1500,404.036956787,51.0561981201,29.8269786835,100.667266846,0.310657639056
1500,474.139801025,175.593643188,29.107465744,68.9125442505,0.219555106014
1500,59.2732391357,31.7709217072,30.9090480804,79.4362716675,0.157219392713
1500,611.306091309,32.5998954773,21.9785556793,87.8845748901,0.132493849378
1500,354.976409912,29.6068935394,21.6776943207,49.4925842285,0.0436394911958
1500,627.874694824,31.7529678345,12.1253051758,53.4656524658,0.0250485347351
1530,169.390014648,76.2517318726,21.7731952667,60.4436035156,15.1393547654
1530,404.278930664,175.815231323,18.5465431213,49.0212860107,7.30652585626
1530,345.243682861,39.1573371887,20.2604408264,49.7906303406,2.58332304657
1530,50.0511360168,154.743789673,19.2863712311,56.8824958801,1.65140628815
1530,182.209106445,72.1275253296,20.878036499,57.1940002441,1.59317851067
1530,529.67175293,178.39906311,32.9705924988,72.5168457031,1.13460561261
1530,428.859344482,172.883850098,20.015619278,55.733921051,1.03470850736
1530,83.226776123,49.2747612,20.8803119659,44.0067939758,0.719228805974
1530,9.1456823349,175.241821289,14.7160596848,45.7972602844,0.653947796673
1530,418.593109131,74.2012329102,21.8434371948,70.5107421875,0.174693285953
1530,61.9685707092,154.157150269,20.0417881012,56.4128456116,0.0777144741733
1530,356.082550049,27.3605976105,21.8196392059,46.2645301819,0.00554406906303
1530,34.573551178,33.261631012,34.0101890564,90.9941940308,8.31207671581e-05
1560,19.9463863373,158.924804688,20.4743671417,54.0917549133,38.1865680218
1560,409.750610352,175.364013672,18.0172367096,45.6460990906,37.9881083965
1560,7.73546457291,167.369628906,20.2649669647,49.7847442627,23.2887685299
1560,603.66229248,217.226974487,25.1662826538,95.3318481445,15.8687695861
1560,35.9380149841,160.937438965,17.171339035,52.9300231934,9.31695923209
1560,446.213653564,181.076858521,18.2410678864,49.5184288025,5.13592585921
1560,422.330566406,30.2144489288,24.9362239838,65.8904037476,3.24053131044
1560,177.077453613,64.1309509277,20.9204235077,56.791103363,1.34363817051
1560,63.8344917297,44.2704811096,22.2044124603,47.2188224792,1.12347621471
1560,6.80577611923,63.3526115417,16.9936237335,47.856426239,0.833095517009
1560,422.078979492,177.818283081,18.8295173645,44.4641723633,0.422595720738
1560,161.545852661,53.7188224792,24.2771244049,60.8679618835,0.381287024356
1560,131.954177856,162.734268188,18.2675457001,51.4742126465,0.256593665108
1560,98.7634658813,88.4787597656,23.1559009552,61.3345222473,0.234983884729
1560,29.9746723175,43.1417655945,20.8388805389,54.9974822998,0.162405648734
1560,567.836853027,164.645950317,24.0476322174,53.0832481384,0.0428153405664
1560,453.906402588,25.8185787201,20.4058856964,50.4533882141,0.00909793016035
1560,46.3598213196,27.6538944244,28.4459991455,66.5324783325,0.00186588367797
1560,5.65182924271,23.924074173,19.1671104431,53.5345420837,5.48199295736e-05
1560,481.611236572,24.518415451,22.6560688019,51.2219696045,3.56509417543e-05
1560,441.209197998,35.5707893372,28.2058124542,66.6490707397,2.30169050042e-05
1590,9.01544284821,158.949996948,19.549703598,52.1719703674,77.1119117737
1590,413.761016846,175.844482422,19.0800876617,44.8369407654,30.8480352163
1590,15.4091835022,27.9964313507,20.2002696991,63.6367454529,2.86364983767
1590,56.5351295471,31.990316391,20.126739502,50.9126777649,1.52051448822
1590,94.6039428711,81.1940536499,20.0747509003,56.6539001465,0.952257309109
1590,423.995574951,42.4935798645,30.4430084229,70.273399353,0.910665560514
1590,503.341766357,167.858413696,25.1750431061,54.9991340637,0.279299239628
1590,62.1787986755,150.866287231,23.2673854828,60.4232826233,0.200843019411
1590,344.75302124,56.1960449219,22.6279582977,53.9917602539,0.137053593062
1590,627.31628418,141.81690979,12.6837158203,46.344455719,0.0118025178381
1590,4.34202003479,26.9768276215,20.5273838043,55.775390625,0.0111005458166
1590,38.7324752808,33.6385154724,22.6240997314,60.4116096497,3.69746942397e-05
1620,604.494873047,167.765762329,25.9936389923,63.4492149353,19.2857354879
1620,88.5627670288,73.9464416504,20.9954681396,61.2969512939,9.11833643913
1620,5.81482934952,163.784439087,16.5518321991,52.3047447205,7.33208209276
1620,412.301391602,175.068893433,19.1384143829,42.9155693054,3.04855685681
1620,511.964996338,181.985580444,22.9633426666,51.946762085,1.31656108424
1620,49.921459198,30.3430099487,23.083978653,53.5719146729,1.15876253694
1620,100.446838379,156.691482544,22.0554943085,54.9832000732,0.682795513421
1620,442.152832031,37.0736198425,23.6261425018,57.0029754639,0.674047088251
1620,90.2413635254,162.526519775,17.0135440826,54.5449790955,0.36188068334
1620,528.76751709,185.273132324,23.9422302246,59.7332191467,0.239961524494
1650,100.808174133,152.782699585,20.4248638153,57.7972717285,40.7799750566
1650,478.518676758,175.893478394,21.179567337,57.4400024414,10.2916955948
1650,399.034912109,178.135543823,17.8443431854,40.6506080627,7.48787745833
1650,79.0291824341,73.3711471558,20.2876758575,56.4239959717,4.30964305997
1650,167.727767944,74.972946167,21.9527587891,54.6782951355,3.68280634284
1650,413.096160889,174.92741394,20.3161354065,42.8691978455,2.76246573776
1650,88.5010070801,158.455978394,20.9544944763,54.547668457,2.22780723125
1650,79.3445129395,165.498733521,18.763961792,50.4995727539,1.06165595353
1650,156.049209595,67.8252944946,21.306646347,58.1369171143,0.924629345536
1650,611.828125,206.672363281,18.2749500275,49.8476905823,0.34009644296
1650,572.304992676,167.890380859,24.6585159302,64.6534042358,0.243813171983
1650,606.311340332,148.610824585,19.38397789,45.0221290588,0.239186221734
1650,458.635131836,28.7134399414,25.7025356293,58.7769355774,0.143462768756
1650,471.084320068,199.472976685,22.3996276855,49.774597168,0.0881535816006
1650,350.032196045,27.4212970734,29.5836353302,66.2398757935,0.0434295128798
1650,37.4190101624,27.3542022705,25.6162338257,53.9669303894,0.000430500995208
1680,95.0604934692,151.066513062,19.6353416443,52.9136695862,39.6677285433
1680,76.8251419067,163.245880127,20.4571723938,50.213886261,35.8243852854
1680,531.725219727,172.706771851,21.4065170288,41.2159996033,14.9464800954
1680,163.859039307,70.1205062866,20.4945201874,56.6263465881,3.5446126014
1680,484.014984131,176.577590942,21.2054653168,51.4684028625,2.96141132712
1680,8.97460460663,177.545578003,14.4387140274,43.6908607483,2.79192570597
1680,44.8651237488,142.002838135,22.813079834,70.9727096558,1.58162619919
1680,110.49886322,160.724990845,17.3428173065,47.2979698181,1.16424979642
1680,583.052368164,179.437179565,22.2356395721,51.4498901367,1.07347900048
1680,405.364135742,169.268417358,17.3301525116,45.4148292542,0.957665871829
1680,63.562286377,160.815628052,17.2888278961,50.6562004089,0.561903463677
1680,423.668914795,170.07649231,18.4322299957,44.4900512695,0.385559163988
1680,617.412841797,147.729522705,15.2362747192,52.0314750671,0.292359432206
1680,447.836456299,37.56665802,22.4665374756,52.8486595154,0.195511826314
1680,465.624389648,23.311340332,23.2440109253,52.8565483093,0.0761974428315
1680,425.894775391,40.9177818298,30.4669647217,85.4585266113,0.00616928009549
1680,357.052459717,21.483171463,25.962896347,61.0113258362,0.00181860523298
1710,566.913757324,170.732467651,26.0432662964,54.7951927185,98.6200034618
1710,524.761230469,169.102798462,20.9558601379,47.7246513367,38.9498710632
1710,76.4316940308,155.905563354,19.1884479523,53.7077140808,26.7849445343
1710,9.39632129669,157.322433472,14.9960594177,54.855304718,16.6646897793
1710,458.9894104,170.25138855,17.7229347229,44.0100822449,7.97796472907
1710,400.852142334,172.416519165,16.1910457611,44.7354698181,5.31829632819
1710,54.0726928711,75.9718399048,22.8929805756,62.5848808289,2.64138858765
1710,148.597457886,66.3221588135,19.9599094391,56.4478034973,2.06997729838
1710,192.852584839,79.0701370239,21.0011119843,54.8823432922,1.67822148651
1710,414.035858154,174.828735352,17.4065933228,43.3591117859,1.40191614628
1710,140.310745239,177.867965698,18.7009754181,44.7451324463,0.685892999172
1710,512.741210938,173.465744019,17.3919944763,51.2878570557,0.471626361832
1710,19.9900226593,152.666610718,19.3741436005,63.0561180115,0.349138840102
1710,390.471801758,176.21937561,17.5657672882,48.1856422424,0.260576978326
1710,605.906188965,167.060806274,21.2284870148,51.2131614685,0.156692008022
1710,481.868438721,222.662216187,23.253080368,48.7276763916,0.128445005976
1710,493.547943115,217.080184937,29.049325943,53.9794921875,0.0845573900733
1710,383.837799072,38.6778640747,27.1320934296,71.2650985718,0.0680158322211
1710,509.438812256,231.411560059,21.3871536255,45.4202613831,0.0414578069467
1710,6.16583776474,18.9866771698,21.9867401123,59.3881187439,0.00376621210307
1740,526.989685059,171.353042603,26.1423778534,57.5564002991,97.2450137138
1740,590.361694336,176.268386841,21.0483074188,50.4009742737,91.9216513634
1740,408.047149658,172.821289062,19.8855037689,44.9283256531,72.1278548241
1740,610.065002441,176.127975464,18.0408840179,52.4831352234,44.2786514759
1740,11.2474794388,166.068618774,19.4334468842,47.7541847229,42.4315065145
1740,32.2087173462,154.869338989,19.4437770844,54.6426849365,16.1982864141
1740,576.654724121,176.638565063,18.2942829132,47.1476325989,9.43491011858
1740,501.625579834,170.558609009,18.6554088593,48.2701530457,6.99952170253
1740,462.858886719,173.594665527,21.767950058,63.9870185852,5.36575242877
1740,115.76374054,63.1919403076,24.7054653168,64.365020752,3.30440849066
1740,45.1596794128,152.123977661,20.9892425537,56.4072761536,1.15109682083
1740,372.979156494,169.519714355,17.0679721832,47.6295928955,0.871306657791
1740,7.12759971619,61.2405853271,17.5185642242,57.6069831848,0.46078460291
1740,565.614990234,171.790939331,18.0581378937,47.2790107727,0.213310751133
1740,382.920166016,166.622650146,18.3952350616,49.0808296204,0.209483364597
1740,388.035125732,39.1855125427,29.9522953033,85.8492660522,0.143696018495
1740,491.879638672,161.977539062,17.3926200867,48.3429450989,0.0902260304429
1740,482.075164795,175.247177124,19.5252285004,49.9739265442,0.0768309691921
1740,517.589538574,170.465942383,17.9662780762,54.5649375916,0.0449741608463
1770,482.689727783,167.056732178,26.7714099884,64.2617416382,96.7541277409
1770,577.35369873,171.628463745,26.397108078,56.932598114,94.8444664478
1770,546.789733887,179.777450562,22.1717376709,49.3474884033,80.1460683346
1770,443.207519531,180.252563477,19.1770896912,57.6079711914,36.9850844145
1770,565.313415527,174.835388184,16.8169879913,54.3828544617,34.6417635679
1770,356.122772217,169.605270386,18.8003635406,44.7537841797,11.8021428585
1770,337.27822876,171.538284302,16.1072330475,43.6202545166,9.75000634789
1770,419.987060547,172.655319214,17.4774074554,42.2791404724,4.12818640471
1770,431.927642822,187.782058716,19.7359905243,49.8472557068,2.06954609603
1770,8.26542282104,170.387802124,14.7995681763,45.1926994324,0.779829081148
1770,473.387451172,175.071090698,20.4539241791,63.4678649902,0.707570835948
1770,30.5323810577,177.015945435,18.8940467834,41.8772544861,0.635948590934
1770,448.806549072,149.959442139,20.2180767059,57.7438697815,0.461230706424
1770,506.237548828,164.457839966,17.1819553375,54.2243614197,0.14637975255
1770,366.1925354,30.0049304962,28.9009780884,80.0983200073,0.00482446666865
1800,520.804077148,167.649154663,21.865655899,56.510433197,89.8035466671
1800,484.272583008,171.665878296,21.4091186523,55.1902122498,86.2715482712
1800,503.735015869,167.116821289,28.5185146332,61.1883544922,25.7324099541
1800,288.859405518,165.358764648,18.4873809814,47.3339118958,10.9603889287
1800,388.696777344,168.620620728,19.6935005188,67.5407333374,7.78860300779
1800,415.468048096,170.860305786,21.5195007324,54.7117347717,7.67494440079
1800,471.68258667,174.340896606,17.68501091,50.7499198914,3.85849103332
1800,276.04888916,160.962112427,19.0501041412,53.3048820496,1.04720313102
1800,331.297241211,170.530441284,22.0443706512,44.040145874,0.673351995647
1800,240.898864746,108.32509613,27.4470653534,75.3447570801,0.0750021601561
1800,232.956726074,129.026184082,20.996011734,52.7502937317,0.0450368068414
1800,300.175567627,23.9174957275,30.8586978912,73.9368286133,0.0142756616697
1800,251.452896118,18.0356693268,24.8587207794,60.0540962219,0.000672713667882
1830,459.330841064,164.749328613,25.2375640869,65.0414276123,97.6754128933
1830,313.360321045,153.007003784,30.5403594971,92.4737014771,95.7457125187
1830,435.243988037,162.900146484,25.1857738495,70.7239685059,83.9052140713
1830,414.732666016,173.147567749,21.2216472626,58.6994781494,80.0526678562
1830,237.054489136,170.667922974,20.6179561615,47.0056724548,57.4254989624
1830,355.349273682,166.118713379,19.9319553375,44.8658485413,36.4835947752
1830,122.418907166,159.935165405,24.9453334808,56.087223053,29.0326863527
1830,602.561462402,169.68699646,32.1605072021,79.0393676758,4.40951548517
1830,601.893432617,72.2834091187,27.210439682,69.6104812622,3.00882831216
1830,109.539421082,154.222946167,22.3288192749,59.6222648621,2.57533434778
1830,73.0111160278,146.0337677,20.6218776703,49.8227539062,2.2383639589
1830,67.9982452393,164.969314575,30.4115600586,66.0655822754,0.753455655649
1830,214.535171509,165.022476196,20.1119232178,50.252155304,0.702550355345
1830,73.3177566528,284.396759033,27.930311203,75.9997024536,0.560329994187
1830,77.2972488403,58.8733329773,23.7329921722,59.850315094,0.535925664008
1830,106.448356628,122.476554871,18.8209285736,53.4766235352,0.530637660995
1830,90.3673934937,286.962402344,25.5551605225,72.2267074585,0.519957346842
1830,210.317306519,41.7693214417,21.195520401,64.0499038696,0.467724725604
1830,67.5952911377,37.8108024597,21.7722702026,54.4419555664,0.277154357173
1830,201.758499146,162.389266968,19.0243339539,54.6604499817,0.245625921525
1830,101.226837158,143.284393311,18.1509399414,56.4935951233,0.154438219033
1830,342.396606445,160.703842163,17.3229579926,50.7398681641,0.0815155101009
1830,349.844451904,241.240646362,21.8811416626,48.8093452454,0.0590309151448
1830,156.600814819,105.087890625,25.861158371,75.1012039185,0.0215573760215
