30,545.723266602,178.864624023,21.4275283813,55.5362968445,82.5198233128
30,617.347106934,177.410232544,14.8535261154,80.5388870239,80.2437603474
30,476.161956787,183.383666992,19.0944423676,51.6743125916,63.2890462875
30,438.433929443,181.782424927,19.2684307098,45.2828865051,31.149238348
30,491.943603516,181.019607544,15.167725563,54.5628852844,19.696341455
30,115.824607849,129.715438843,26.6753387451,75.6572799683,14.4367590547
30,400.371002197,174.998397827,29.7162494659,57.6014442444,9.72806364298
30,424.863891602,177.56829834,18.3074741364,48.8139686584,5.69361113012
30,142.348526001,133.466720581,21.442779541,66.2803115845,4.96749430895
30,465.326934814,186.430786133,16.5468463898,47.5383911133,4.27737012506
30,604.28692627,187.254714966,18.8045272827,65.3971939087,1.94620024413
30,131.760543823,129.803955078,19.3344898224,62.349773407,0.57114395313
30,500.81729126,176.024353027,23.6489162445,51.9267234802,0.491197081283
30,533.986022949,180.28137207,18.3318424225,49.2395057678,0.45618051663
30,592.077148438,201.786193848,15.8643417358,43.532623291,0.286304368638
30,518.863220215,176.408691406,21.9332885742,50.8849182129,0.256758416072
30,599.499938965,108.417564392,29.9459857941,92.6717224121,0.150876713451
30,452.976531982,186.16986084,14.8756341934,46.1689567566,0.101383205038
60,604.960021973,175.961227417,24.0727844238,62.8942871094,97.4836826324
60,504.830108643,179.330673218,24.7160053253,61.7171516418,95.0880646706
60,520.286865234,179.166213989,19.5025653839,60.9196166992,22.9688197374
60,491.31362915,186.536209106,15.6999502182,49.7371177673,6.54962807894
60,128.349105835,125.851585388,21.5874996185,71.7944335938,5.78744374216
60,572.828308105,174.964828491,21.9477024078,57.1698570251,5.51215708256
60,424.060455322,168.689163208,24.0637264252,61.9761390686,3.7695068866
60,107.690177917,120.717132568,21.0392780304,63.1115112305,3.66491302848
60,9.32663631439,136.614639282,27.1129226685,79.1320037842,2.11471188813
60,453.024139404,179.468551636,15.581076622,50.2473564148,1.77061464638
60,594.063537598,175.661148071,19.6118297577,56.4852600098,1.70719753951
60,99.6133041382,190.937606812,26.8809585571,56.4316711426,1.53278242797
60,543.228393555,173.571884155,18.861246109,53.855014801,1.21752656996
60,95.0215682983,115.469329834,19.7281360626,49.8502998352,0.465587340295
60,615.45123291,254.968063354,17.8456382751,45.2658882141,0.143907649908
60,627.614807129,188.10736084,12.3851928711,48.8271179199,0.119970901869
60,614.707092285,218.753845215,17.9832267761,50.5650596619,0.0229255645536
90,551.211853027,171.966369629,27.6336460114,72.8257751465,96.2821960449
90,532.269897461,187.716720581,18.958896637,49.6990470886,74.1967499256
90,102.633483887,113.092857361,25.5222549438,89.1688919067,25.2252697945
90,425.851043701,162.979782104,35.5287971497,66.4594039917,17.3048436642
90,491.488800049,179.329544067,16.1773738861,50.3515014648,13.3720174432
90,543.516662598,181.469619751,18.2359905243,60.3770751953,7.34634026885
90,570.048461914,175.93145752,19.9442462921,64.5556259155,2.73679401726
90,26.2164897919,183.108474731,18.2489109039,42.5872497559,2.58416738361
90,410.007904053,164.683563232,29.8229885101,62.145816803,2.11219228804
90,499.971405029,185.17779541,17.2714042664,44.988571167,1.64300277829
90,516.032836914,186.138839722,17.3020362854,49.7228240967,1.62015128881
90,481.427764893,177.488967896,15.7316007614,50.8235473633,0.7221783977
90,83.0621261597,105.041236877,20.5630149841,61.6325645447,0.717737246305
90,467.132171631,172.960494995,18.8924045563,55.311542511,0.686135189608
90,94.7043075562,104.970573425,19.8697528839,59.7152748108,0.677827233449
90,112.885917664,107.979949951,20.4066314697,52.7731781006,0.652922037989
90,6.31681680679,376.649688721,18.7211971283,50.5186462402,0.433659879491
90,617.045593262,194.211532593,16.9453125,44.3495292664,0.348728708923
90,276.161651611,319.361114502,27.1391296387,60.8137817383,0.196704664268
90,456.5859375,162.898193359,19.2446460724,65.1751327515,0.132135243621
120,600.202392578,187.424697876,31.153137207,68.5024719238,85.9047949314
120,455.656524658,164.060974121,34.3520469666,74.7350997925,55.9752881527
120,520.329772949,173.41960144,22.3117351532,63.2971191406,52.8677105904
120,503.789581299,178.155395508,18.4996070862,55.5774116516,10.9612651169
120,93.1636276245,171.751052856,23.4259090424,59.9389801025,5.15712760389
120,535.58026123,176.842575073,18.1569595337,56.0798950195,1.79558750242
120,552.089111328,181.482467651,22.1165828705,60.3727607727,1.17519441992
120,491.879150391,178.555480957,16.9740085602,53.1555595398,0.885183550417
120,565.025024414,144.164657593,26.5103130341,80.6968460083,0.470701884478
120,429.474273682,162.336196899,30.2291889191,64.28515625,0.367659493349
120,7.54803466797,89.6245956421,17.6332645416,52.7384338379,0.147215405013
120,612.254455566,167.976119995,19.3899097443,54.8022155762,0.0390941189835
120,586.821350098,162.910415649,25.680109024,61.480922699,0.00278444222204
150,591.800109863,195.647644043,23.6772251129,60.4433631897,45.0959205627
150,533.248352051,178.838546753,20.6187267303,60.8098297119,35.4234546423
150,521.182189941,172.69140625,22.0869617462,62.9905891418,6.73433914781
150,554.751708984,192.434936523,18.2295360565,53.2097358704,5.81043846905
150,567.081970215,190.217178345,20.094461441,53.1435661316,2.46001612395
150,445.012664795,135.331115723,20.8865680695,61.1544189453,2.22749765962
150,610.210998535,201.100997925,18.3003635406,52.0740242004,2.17941273004
150,454.128997803,148.649581909,23.0786190033,55.9420585632,0.6713535171
150,572.699157715,125.249633789,19.7791080475,57.5135383606,0.257002771832
150,513.637939453,152.881942749,22.7576541901,55.7694892883,0.184274162166
150,615.502197266,300.759796143,18.7015419006,46.3447914124,0.12522857869
150,629.034790039,76.4443435669,10.9652099609,50.1887016296,0.0978261232376
180,577.439147949,179.959716797,48.3717918396,112.539604187,25.9484708309
180,29.5850830078,114.088600159,20.3953647614,58.3518791199,5.00949658453
180,7.39844894409,83.6724853516,29.5756397247,100.896400452,3.49100753665
180,615.83392334,231.878067017,15.929558754,52.3383827209,1.26902861521
180,513.422851562,147.730285645,27.4596691132,69.1796035767,0.891996640712
180,607.032531738,182.042236328,23.764875412,88.1001586914,0.662912521511
180,466.046386719,130.277053833,20.6634750366,56.3260307312,0.54768291302
180,522.125244141,198.603805542,29.172700882,77.1619491577,0.430097943172
180,621.960388184,180.033584595,18.0396118164,81.9802322388,0.214394088835
180,496.311431885,146.946304321,28.2896404266,69.945930481,0.181644037366
180,440.247558594,161.475479126,18.9108047485,58.3445930481,0.152761046775
180,41.2018623352,88.9699707031,20.7852535248,57.1709098816,0.141642789822
180,616.070068359,158.933227539,18.0978221893,52.9208221436,0.0805151823442
210,536.109069824,172.411727905,26.0554885864,70.6214447021,17.4801230431
210,610.102111816,166.55015564,20.5665111542,51.4615440369,7.91554152966
210,510.866851807,183.708236694,23.9919338226,50.3658599854,5.91867789626
210,447.524078369,182.509353638,17.5480804443,44.9516143799,4.24424149096
210,492.863891602,165.979217529,22.97615242,55.165019989,1.05391405523
210,526.544616699,184.4818573,19.349527359,55.0368995667,0.609029829502
210,504.75112915,64.0557937622,21.0649433136,58.3040275574,0.589515455067
210,20.720582962,181.969619751,22.5654373169,68.0335159302,0.334283825941
210,593.968444824,171.168930054,25.5572032928,53.1751976013,0.282010156661
210,615.688354492,117.457092285,16.4957828522,51.1854286194,0.273356144316
210,615.229248047,196.40284729,17.8662433624,46.3531227112,0.139552343171
210,612.68572998,24.8187999725,20.4976177216,59.2700653076,0.0190677761566
240,569.63458252,173.939453125,27.0394878387,70.3581771851,48.9924013615
240,606.783081055,173.073120117,23.9046878815,80.0826873779,12.9895567894
240,444.291656494,152.218200684,21.2320213318,54.1250038147,9.89461615682
240,561.702209473,193.488540649,19.1581077576,55.5486335754,5.69617412984
240,587.915588379,175.252548218,20.2674369812,54.7899665833,5.26132881641
240,576.672302246,127.580169678,39.981678009,116.686462402,5.1435444504
240,584.781005859,120.407981873,22.515335083,62.8886413574,1.34999630973
240,433.420166016,151.261734009,17.6841640472,49.1570930481,1.00813573226
240,5.62357711792,114.933280945,17.4350814819,56.103679657,0.707279937342
240,494.150970459,179.144287109,16.4793186188,47.9208106995,0.461092125624
240,615.308349609,213.114868164,18.4048480988,48.2976722717,0.445488234982
240,582.535095215,201.276046753,20.5684108734,54.6336021423,0.239792256616
240,454.066925049,163.095245361,19.8393821716,59.2263450623,0.217076716945
240,601.850585938,123.623085022,23.8006381989,69.3405380249,0.126260053366
240,566.43170166,221.683914185,24.2280864716,47.4538269043,0.0242389112827
240,558.538574219,19.8284683228,24.5515537262,60.9158363342,0.0028485977964
270,470.496459961,153.16166687,19.9867477417,49.7394065857,4.56267818809
270,517.762756348,128.038803101,26.2798175812,80.0875167847,2.33677979559
270,496.255371094,185.783706665,17.5335636139,48.8128623962,0.720286602154
270,456.811523438,149.756378174,19.8156814575,48.8384399414,0.194698409177
270,22.6324443817,136.768493652,23.7508144379,62.6713447571,0.129438226577
270,476.235015869,170.803848267,20.2544822693,54.0663146973,0.0137163107865
300,575.496276855,89.5821228027,57.6613197327,149.724899292,8.36442783475
300,563.963317871,194.762649536,19.7481708527,51.0913581848,4.39309030771
300,373.584350586,173.02180481,17.1671733856,44.7929573059,2.58598066866
300,611.137390137,104.58380127,19.3435688019,61.9065895081,1.22065516189
300,447.294555664,186.014938354,19.2657222748,59.4998817444,1.047326345
300,574.101989746,202.266952515,19.9899845123,52.8644714355,1.03758871555
300,439.796478271,154.158187866,23.2847900391,57.3650474548,0.41687306948
300,436.565673828,182.138244629,18.9949970245,60.5915031433,0.282874680124
300,627.562805176,110.790870667,12.4371948242,50.9409217834,0.00673294489388
330,384.726806641,179.467178345,18.4302139282,44.4032745361,52.0655691624
330,461.830413818,158.02772522,19.608549118,59.3798332214,4.5613002032
330,7.35664749146,173.706130981,26.0524349213,73.3010787964,2.00393125415
330,67.7184448242,148.676208496,27.383436203,69.6969909668,0.338670308702
330,472.862945557,128.026123047,26.9627170563,71.5647506714,0.242374651134
330,609.136352539,59.4993171692,25.2697067261,70.5141525269,0.0173585503944
360,390.220489502,178.212356567,17.7937641144,45.701385498,48.839110136
360,430.01953125,167.377944946,23.0062046051,66.2929000854,11.0279649496
360,19.3180675507,191.963088989,18.8497753143,46.8556175232,4.2092692107
360,504.155853271,182.999740601,17.8977947235,51.0154075623,2.63920072466
360,372.54309082,171.793685913,17.6683063507,46.4546546936,1.45450234413
360,8.53078556061,125.338813782,33.4877967834,98.4149780273,1.03742666543
360,5.49387741089,131.915512085,19.877576828,53.4057884216,0.975536089391
360,533.681884766,194.725708008,18.4124393463,51.1086235046,0.391403445974
360,83.1827316284,138.759994507,19.2070274353,62.4801025391,0.118308339734
360,522.977844238,188.110412598,16.8201541901,47.6686897278,0.11298294412
360,183.857498169,146.134048462,21.547492981,56.6513557434,0.0921200553421
360,625.84552002,154.675338745,14.1544799805,70.4913101196,0.084593828069
390,389.374481201,179.85144043,17.6541843414,46.8838157654,37.313964963
390,586.16027832,168.218734741,18.0342540741,60.0079994202,23.6190825701
390,490.307373047,143.352355957,20.2399272919,56.0360527039,18.0393666029
390,590.80065918,81.1696853638,26.8310852051,93.8246078491,9.39955636859
390,610.237792969,209.179550171,18.8782844543,50.598033905,3.11861783266
390,582.447509766,77.7117080688,21.6371841431,59.3491706848,2.45300922543
390,472.629760742,90.8873062134,23.6221561432,61.3802757263,1.60172712058
390,554.074523926,186.282958984,17.3044052124,51.8840904236,1.26160141081
390,465.150543213,200.397293091,20.4284076691,54.2271270752,0.990107469261
390,607.258605957,93.9490127563,22.7159137726,87.2410202026,0.27577818837
390,370.039886475,171.702072144,16.0435733795,44.360370636,0.242545059882
390,379.966552734,172.491226196,15.408367157,47.9084625244,0.189402245451
390,40.5062141418,132.477920532,19.2296943665,52.7010345459,0.138579367194
390,628.747924805,92.9906005859,11.2520751953,58.9844703674,0.0796469161287
390,6.48577833176,165.476501465,17.2186794281,49.999786377,0.0463837059215
390,472.865509033,144.083023071,21.3894195557,59.0083427429,0.0410591397667
420,381.920135498,178.979537964,18.8196163177,52.0583496094,92.2410368919
420,524.641235352,150.330688477,20.8308792114,61.7618751526,14.664067328
420,5.45120000839,192.449081421,17.1230773926,49.5715370178,3.41194458306
420,495.200958252,192.304763794,18.9559803009,44.0262565613,2.76591274887
420,472.617340088,185.095809937,16.0449123383,43.8513183594,1.75130143762
420,369.01675415,171.952438354,18.9672031403,49.3952903748,1.44543498755
420,465.80480957,269.747314453,25.7132205963,48.2513580322,1.10653936863
420,615.807983398,188.249557495,17.9122638702,48.0634765625,0.828830711544
420,542.11932373,151.535369873,17.5874080658,48.1524505615,0.578982755542
420,482.913085938,267.006378174,21.4006576538,49.8312797546,0.543584907427
420,484.338226318,184.58039856,17.8214817047,49.2579841614,0.374152697623
420,456.646697998,261.04473877,21.4677944183,45.873500824,0.0535531493369
420,520.583557129,196.028640747,29.290063858,76.4698104858,0.0297938211588
420,449.953826904,153.800354004,22.7122821808,64.4717483521,0.0291510397801
450,385.557983398,174.74609375,21.3162937164,55.677520752,96.0638999939
450,608.761291504,154.593002319,21.7098751068,71.7064437866,13.1133437157
450,509.387786865,181.65852356,17.8234977722,47.8353538513,4.88899983466
450,537.611633301,201.133789062,20.8342113495,48.0389251709,4.27617356181
450,578.13482666,167.556472778,21.613576889,62.4512290955,3.56818847358
450,480.790008545,138.49559021,20.5029182434,55.3000679016,2.94351652265
450,595.111633301,148.482009888,20.9876766205,74.709312439,2.48855259269
450,31.5339050293,99.1332168579,21.5678634644,56.046169281,1.44401816651
450,375.494506836,172.711196899,15.3477487564,46.7468833923,0.896321237087
450,618.554321289,34.7377510071,14.966178894,41.2068748474,0.672406237572
450,465.559661865,139.470565796,21.6270885468,60.0147590637,0.644549308345
450,520.635742188,190.216781616,18.7413768768,49.8617706299,0.564190093428
450,566.546813965,132.289810181,23.6361923218,58.4383964539,0.462993932888
450,30.3832683563,179.920532227,18.2146472931,51.8666381836,0.460516149178
450,450.219238281,139.647018433,21.9313373566,60.5080757141,0.367368804291
450,559.429931641,169.405975342,27.0348300934,60.497341156,0.3128901124
450,546.856506348,176.099624634,22.3170719147,57.0375480652,0.222989474423
450,626.507446289,173.679244995,13.4925537109,48.6803741455,0.0469437160064
450,174.317642212,165.917251587,20.2486934662,45.0527648926,0.0255076156463
480,392.64730835,178.838180542,21.9171009064,55.1012268066,98.3234167099
480,556.094238281,184.433242798,17.9404201508,51.8657188416,22.4586740136
480,507.026519775,133.214935303,20.0841293335,61.3290557861,13.2872328162
480,615.917114258,211.259353638,16.2064247131,47.0846595764,2.67151277512
480,480.562133789,140.481063843,25.4083194733,59.7062187195,2.08262931556
480,7.53132390976,90.2250061035,17.6613712311,52.634765625,1.87017545104
480,380.755981445,173.845962524,13.995347023,50.3966178894,1.2726912275
480,525.269287109,130.321670532,21.4721813202,61.6293907166,1.27188665792
480,368.639984131,167.84274292,15.8015785217,49.4782524109,0.284985592589
480,616.473327637,239.399032593,16.4795303345,44.2006874084,0.256251078099
480,441.151763916,161.480255127,19.3357791901,56.4660072327,0.125236331951
480,109.296684265,152.482894897,21.0759506226,51.8217430115,0.116691272706
480,468.546417236,150.629379272,19.1079044342,54.4614830017,0.0954843533691
510,398.378448486,177.369552612,25.8950405121,60.7399711609,90.3868913651
510,615.834777832,41.0099143982,17.5931186676,46.4694480896,19.9539512396
510,618.456542969,179.348831177,16.2497177124,44.5923194885,4.98617850244
510,5.18206930161,195.981765747,15.8518419266,47.6220436096,3.52122224867
510,457.791595459,172.60534668,20.0355987549,48.7651405334,3.29280272126
510,529.809265137,129.045761108,22.779302597,59.9822120667,2.10916362703
510,525.067626953,168.487258911,19.5643978119,55.5929718018,1.14470794797
510,56.0047187805,97.3221511841,21.1320648193,49.5727500916,0.80812163651
510,578.556030273,117.906578064,23.5525360107,66.9778060913,0.805980712175
510,392.945037842,175.995788574,14.9243307114,52.1526985168,0.662359967828
510,471.813018799,175.765853882,18.4893512726,49.2505340576,0.262364605442
510,569.92199707,103.001853943,19.233549118,57.9347648621,0.169519800693
510,589.053527832,60.1815643311,25.592376709,104.216743469,0.0775480642915
510,594.050964355,134.499267578,20.5414180756,51.0173835754,0.027922357549
510,564.635070801,127.564781189,19.6050167084,53.7432136536,0.0162233802257
510,87.2974472046,140.068252563,23.4474182129,60.6818885803,0.00119838086903
540,566.68182373,170.65965271,26.4506931305,62.2520904541,89.3483161926
540,412.940826416,177.159408569,20.394908905,57.3738975525,84.3202054501
540,533.465026855,110.638633728,29.21575737,89.8027648926,6.69962242246
540,616.894592285,174.075363159,16.6836223602,51.6318969727,6.40294849873
540,581.27130127,117.234558105,22.9681396484,56.6366996765,3.60393449664
540,492.679199219,167.252120972,23.7483901978,50.8178291321,3.15040946007
540,545.309936523,121.816917419,52.8697357178,110.330535889,1.5772074461
540,604.297424316,186.926757812,22.6530132294,55.3393249512,1.50782950222
540,552.316711426,161.725769043,18.1181144714,61.7764434814,0.419773580506
540,6.83041954041,61.9020957947,16.9311466217,46.0094184875,0.367745454423
540,594.104125977,130.116378784,20.4265289307,59.8133201599,0.240844720975
540,391.164672852,164.094390869,18.0176372528,50.6328697205,0.160911097191
540,615.604675293,26.1849346161,18.545917511,46.4663047791,0.125291605946
540,591.725158691,155.839828491,19.3499927521,73.6698226929,0.120023672935
540,506.35256958,157.851699829,25.5519123077,65.0968170166,0.0445281417342
540,517.904052734,116.547363281,27.5596847534,88.8754501343,0.0415488699218
540,68.0573425293,142.407531738,22.5283641815,58.1312561035,0.0181721683475
540,82.1703796387,142.29637146,23.6997909546,59.6445732117,0.0137755792821
570,423.744384766,166.592910767,19.8292675018,67.5214080811,96.2204754353
570,518.734741211,99.4295883179,38.8176078796,127.606964111,64.7381901741
570,571.080871582,95.0870361328,36.6122741699,134.352127075,35.5312496424
570,616.361633301,172.09135437,15.87733078,52.3876075745,20.1703056693
570,601.113342285,112.075683594,29.9040470123,107.932777405,19.0024152398
570,527.866882324,159.042037964,21.2180900574,56.8592643738,5.25307096541
570,406.95980835,165.226486206,20.6301441193,56.6926078796,2.40152347833
570,626.918273926,174.044998169,13.0817260742,49.9591674805,1.88984200358
570,579.539855957,169.852462769,19.6079845428,57.6162872314,1.36325033382
570,541.996459961,185.725158691,19.3268203735,52.2976112366,1.29813579842
570,517.166687012,105.092933655,24.2768115997,53.6914863586,1.03023694828
570,7.1391658783,57.4389190674,16.0683479309,48.7608146667,1.02240042761
570,603.829406738,171.351806641,19.1686439514,53.4722633362,1.01039288566
570,566.597290039,91.7630004883,24.8857593536,69.5167770386,0.867469236255
570,81.7993087769,145.377182007,20.9922389984,55.6709861755,0.0817896099761
570,6.66607713699,82.235710144,18.9417057037,63.3701477051,0.0345476670191
570,65.3617477417,139.811019897,23.8031253815,56.6078491211,0.0233548227698
600,414.664337158,173.530639648,20.4784603119,59.0046195984,79.9450814724
600,539.136474609,172.499404907,23.1452541351,61.7906761169,16.2283360958
600,602.900634766,153.701309204,20.690694809,65.1922836304,5.19544370472
600,539.186584473,93.5585098267,55.1427001953,145.460144043,5.08305542171
600,402.935699463,162.653182983,19.3832702637,53.2245597839,3.90703529119
600,596.436096191,74.6318359375,29.6386489868,55.3810272217,1.51324765757
600,553.489196777,74.6943664551,32.9913520813,82.3148345947,1.28610748798
600,573.183654785,174.622497559,24.3733291626,59.9152526855,0.738636124879
600,330.037567139,150.04296875,25.8471088409,48.6183586121,0.605753669515
600,615.441101074,189.351760864,16.079957962,45.5974082947,0.56135142222
600,531.601501465,152.67779541,21.1091022491,58.7406768799,0.243902532384
600,237.580932617,146.625198364,23.9349269867,59.8420677185,0.101807503961
600,573.733215332,75.7923278809,28.8923549652,89.0739974976,0.0711988366675
600,347.081420898,154.798706055,29.6850223541,61.1133995056,0.0328449124936
600,41.9628753662,134.944595337,27.7350254059,61.9792442322,0.0124104539282
600,20.9777908325,128.960266113,30.1544551849,67.1403503418,0.00933376359171
630,404.425415039,172.474243164,19.1696529388,55.5924072266,82.196778059
630,554.585876465,192.297531128,19.3734016418,46.647567749,64.7691309452
630,616.02911377,177.941345215,15.597943306,54.0968589783,6.89006894827
630,610.073547363,74.9227218628,22.0719509125,60.98985672,5.90478517115
630,610.107849121,118.688018799,23.4317340851,65.7698287964,1.94020140916
630,537.881408691,161.363296509,16.5558509827,47.2014503479,1.20883826166
630,597.986572266,177.087158203,21.9894809723,62.3632621765,0.815702043474
630,348.86605835,148.517440796,23.0627841949,56.1613731384,0.522998534143
630,5.10156965256,204.522628784,16.9922199249,50.5325317383,0.48178108409
630,413.45401001,163.029541016,20.4298057556,55.1437492371,0.378264067695
630,547.817443848,167.565856934,19.5028018951,52.6452674866,0.133137661032
630,7.02022314072,152.498306274,16.9046611786,47.9359703064,0.0309555267449
660,563.628540039,181.13722229,19.662776947,53.6688232422,50.4642963409
660,375.593536377,179.433822632,25.9497070312,73.0674667358,9.14480686188
660,600.886169434,171.740707397,25.9018268585,73.181312561,1.9815126434
660,543.301879883,160.887954712,19.5983314514,49.2645263672,1.38600068167
660,162.370651245,143.423828125,21.1443538666,49.7539367676,1.15915453061
660,616.642333984,197.814529419,15.895825386,45.3340187073,1.07942009345
660,554.128540039,74.069190979,26.3833370209,69.055229187,0.532635254785
660,53.642414093,178.964477539,17.0123920441,49.1336479187,0.468007056043
660,7.52737808228,66.3887329102,26.1809310913,60.7597007751,0.326983002014
660,407.796875,164.648986816,22.3972682953,56.9685783386,0.272189057432
660,351.524627686,149.278610229,24.4733715057,60.9749450684,0.21577377338
660,397.353240967,172.24382019,21.1025943756,56.5342903137,0.176671263762
660,8.27736568451,129.993118286,20.0372676849,58.8138465881,0.169597147033
660,370.717132568,162.649475098,19.918428421,53.2977790833,0.124495930504
660,614.895874023,224.87437439,18.329284668,47.2794914246,0.0450105726486
690,569.039978027,183.405929565,18.6645050049,56.129486084,30.1963359118
690,134.094665527,141.694656372,22.053319931,48.2377204895,9.1309197247
690,373.957183838,169.476867676,28.6520671844,71.5933456421,5.12683577836
690,8.39386081696,183.193847656,23.8404006958,54.5644989014,4.28501367569
690,596.115966797,175.16545105,15.1285896301,52.0569419861,1.83581467718
690,6.03049612045,391.878295898,18.4463024139,51.8229637146,0.46251299791
690,7.09467124939,76.5056991577,17.0864620209,49.5063209534,0.313551537693
690,559.399597168,163.64503479,19.1434230804,48.9351234436,0.195266923402
690,22.5095825195,179.454223633,20.4501953125,51.487033844,0.11258093873
690,365.873809814,164.798355103,21.0457191467,56.7899971008,0.0989844906144
690,614.974182129,216.489257812,19.5454807281,48.0003051758,0.0634321360849
690,426.36819458,166.557128906,18.3242816925,60.7782325745,0.0259680993622
720,586.430480957,66.9290161133,41.2563743591,172.37512207,55.9410095215
720,573.357971191,177.432556152,19.250169754,55.3752861023,25.8530348539
720,589.652099609,63.487865448,25.4827194214,75.626121521,5.04577644169
720,380.60559082,166.365707397,22.4540653229,72.4857711792,4.10677678883
720,29.4622592926,146.467346191,18.611497879,68.3338546753,2.12618708611
720,596.649719238,172.113082886,18.0789356232,54.4859352112,0.922509189695
720,547.796386719,155.257766724,18.304599762,48.8406066895,0.777200609446
720,603.459777832,70.6668930054,22.8824520111,78.7929229736,0.568455271423
720,6.0055065155,55.7576408386,17.0396823883,50.9618110657,0.312233692966
720,414.570770264,168.074829102,21.8353099823,55.2929344177,0.251109735109
720,585.781738281,176.44921875,19.1641979218,52.8315315247,0.240732217208
720,135.117446899,136.014785767,20.8909835815,47.3127593994,0.204897951335
720,124.61013031,147.452194214,22.7531585693,50.8275794983,0.169309868943
720,564.439025879,162.843063354,18.9264125824,51.6360206604,0.164331321139
720,393.480682373,163.28453064,18.7126541138,57.9893760681,0.048285748926
720,615.224853516,211.309280396,18.5012435913,47.1959877014,0.0347703433363
750,577.074157715,181.606201172,18.3391704559,55.6875610352,51.6559183598
750,570.052307129,57.5665588379,62.0962524414,187.604309082,38.6221498251
750,567.199157715,59.6634101868,21.8450775146,63.2387886047,35.2624595165
750,597.401306152,61.0815849304,34.6537742615,98.8258285522,8.4366440773
750,598.315002441,173.269454956,17.1462802887,55.1843299866,7.02653974295
750,27.9889316559,146.396911621,19.7935848236,66.5482177734,2.74460148066
750,9.71983242035,75.1656494141,19.4522838593,48.222454071,2.10764613003
750,8.0117559433,180.08454895,22.6550273895,56.3594322205,1.48979704827
750,376.878753662,167.458129883,27.1986980438,79.5125350952,1.11532416195
750,117.03629303,139.294631958,26.4519939423,52.3907470703,0.489977514371
750,7.02500772476,394.343780518,18.9306106567,56.48179245,0.184361764695
750,569.876647949,166.792098999,17.4552745819,47.7261962891,0.125103618484
750,614.907653809,215.689224243,19.1178531647,44.4258918762,0.0742293545045
750,133.429504395,135.932174683,22.9334716797,46.2623100281,0.0187585625099
780,577.070922852,183.799758911,18.9607563019,59.6719551086,47.2186952829
780,566.985046387,59.1778755188,23.1033267975,62.1171836853,18.2779893279
780,568.276306152,63.3164863586,66.1049041748,175.497070312,12.5025674701
780,607.286804199,67.9069747925,23.9701309204,66.6320114136,6.24602586031
780,597.602905273,175.609024048,18.3558864594,54.5817985535,4.46423776448
780,6.12551832199,187.224716187,20.5034770966,53.65026474,2.31327153742
780,13.186709404,74.699798584,19.762556076,50.2234916687,0.436194194481
780,141.066894531,135.303604126,20.0858612061,49.3442649841,0.371345039457
780,27.4459819794,146.69960022,20.67436409,68.3025436401,0.30057115946
780,6.63231897354,391.808135986,18.321149826,53.61378479,0.22570763249
780,368.754394531,169.008590698,29.15675354,62.901348114,0.0912733492441
780,551.139099121,154.575073242,19.4923000336,51.921497345,0.0826409144793
780,614.059020996,217.762252808,20.2000827789,45.7744560242,0.0590564974118
780,425.047363281,159.688186646,27.4972019196,68.0172653198,0.0261740613496
810,5.73401117325,188.799484253,19.3081073761,56.8003845215,45.2114969492
810,20.9626255035,146.59828186,23.3936233521,71.7392425537,38.8919651508
810,571.094360352,58.4642601013,28.100107193,71.2156906128,36.4901840687
810,559.352478027,55.9901313782,76.8649749756,178.025634766,9.86309424043
810,606.519104004,176.112533569,18.7134990692,56.3304748535,8.97979289293
810,386.768463135,167.676071167,17.3929615021,55.1695518494,4.88344058394
810,578.463806152,184.747299194,20.1504192352,58.2877540588,4.52103093266
810,602.506164551,62.5486869812,25.0349369049,82.1409301758,4.4558390975
810,16.8110580444,187.685241699,18.258764267,48.5357246399,0.867314171046
810,569.97088623,167.908737183,17.8508052826,47.2256660461,0.301321502775
810,7.81790924072,74.4762649536,17.3772506714,55.8043479919,0.300637772307
810,396.677856445,161.577789307,19.7145595551,52.930393219,0.157944485545
810,6.07854795456,395.545898438,19.6160087585,55.3570594788,0.153109314851
810,423.560211182,185.721359253,26.1238994598,46.4562339783,0.0183407493751
840,589.923461914,54.0012550354,48.4003105164,154.652420044,21.1252063513
840,574.956726074,50.1025886536,34.0797309875,83.646522522,20.1672241092
840,7.31602907181,192.683654785,18.584394455,50.9676246643,18.3991253376
840,16.5182781219,147.495239258,25.3497180939,78.9430007935,12.7796381712
840,610.263244629,174.39515686,18.6131687164,55.7721099854,7.37534761429
840,606.591552734,58.1479187012,24.720489502,78.9312362671,6.46735802293
840,5.8706073761,79.1581192017,17.5720710754,50.2612915039,4.25159148872
840,584.511291504,181.044311523,16.8965034485,47.1970825195,1.76310893148
840,6.47528982162,392.028839111,18.2873935699,52.4338531494,0.499324174598
840,553.104919434,153.744674683,18.1982097626,47.8210144043,0.252672075294
840,341.724243164,177.143844604,38.1323738098,88.134727478,0.161121936981
840,429.944061279,172.337997437,19.3524188995,57.9037780762,0.0718842435163
840,616.93927002,200.323501587,16.3626842499,44.5170021057,0.0597427773755
870,8.17066860199,145.374755859,19.0590419769,65.5514297485,27.1499663591
870,611.79095459,177.173751831,18.0987644196,60.543964386,16.1126986146
870,592.440856934,43.0406150818,38.4935493469,114.882026672,3.69001850486
870,6.62898302078,392.546508789,18.3988666534,50.5738334656,0.53844358772
870,430.60824585,174.835617065,19.7014331818,60.6709709167,0.106969336048
900,507.551391602,109.815467834,19.2332057953,54.8969154358,14.5143806934
900,509.058197021,198.682907104,22.4069042206,54.052230835,0.816328357905
900,8.15231990814,203.630050659,15.5620336533,42.8387794495,0.607252679765
900,424.956207275,177.808822632,20.9869232178,58.4774589539,0.534962303936
900,612.178344727,84.0439376831,16.537279129,49.2490348816,0.389450835064
900,410.718231201,154.538696289,25.5172672272,73.5432128906,0.169325398747
900,593.661804199,79.2511749268,24.3742542267,64.3205490112,0.144071329851
900,616.174926758,205.507568359,19.1286220551,49.1962280273,0.121758633759
900,437.422729492,179.469604492,18.7400760651,65.3893280029,0.0216065251152
930,415.418182373,151.90461731,24.1270313263,74.8515167236,3.98322194815
930,543.38293457,195.103744507,28.5006465912,70.2049179077,0.760790891945
930,568.64440918,121.104919434,25.728225708,67.5786819458,0.760113075376
930,7.04565858841,203.787796021,15.7502603531,45.9449768066,0.745879719034
930,443.173065186,178.428115845,16.908033371,67.6480331421,0.74027129449
930,583.093139648,118.238647461,25.6430416107,71.5532455444,0.368564017117
930,587.929931641,147.811813354,30.537727356,82.0277328491,0.320121203549
930,578.786987305,152.349197388,20.8777637482,59.762512207,0.222206860781
930,544.297363281,145.979248047,31.5664310455,88.0560302734,0.179329514503
930,616.253234863,252.927963257,15.949848175,54.2391319275,0.0821549678221
930,568.356750488,163.213134766,19.6395454407,56.4229698181,0.073161086766
960,421.307342529,147.376800537,21.8018360138,72.8668823242,35.833093524
960,8.59722042084,199.874938965,16.6305370331,53.0294952393,9.56043079495
960,371.802734375,184.277359009,20.2648239136,45.0299110413,4.84260879457
960,9.9786863327,158.790176392,27.6893005371,74.9039230347,3.72102074325
960,450.43460083,186.350524902,24.0528488159,62.8354187012,2.03166007996
960,590.839782715,197.60345459,25.2075405121,57.7403297424,1.09311975539
960,455.871307373,131.415740967,20.089176178,49.2456092834,0.747044431046
960,470.548095703,198.377792358,15.4252328873,56.8164978027,0.132678810041
960,614.991943359,96.1134033203,19.6090087891,73.3662109375,0.0602762040216
990,426.925994873,137.188293457,21.3316783905,80.4759140015,76.7098963261
990,6.72529840469,186.857971191,26.1795806885,59.4954071045,10.6046669185
990,437.995483398,142.690795898,22.2222747803,59.7133750916,0.294152786955
990,485.616790771,188.998550415,27.1789798737,71.2554702759,0.285749905743
990,72.8153533936,163.181930542,20.1590938568,52.5401573181,0.156590889674
990,615.34979248,265.235321045,17.5870342255,49.3246421814,0.127465708647
990,99.8725357056,120.205909729,21.4978637695,47.7353172302,0.0753697531763
990,113.893127441,121.377655029,19.8512973785,48.8122901917,0.0475937587908
990,60.4226379395,160.283721924,20.9293994904,54.6494750977,0.040200658259
1020,436.870269775,122.271217346,26.9701747894,97.540977478,46.0269272327
1020,57.7352905273,130.931671143,20.1155643463,51.3971214294,1.40768000856
1020,542.778381348,153.607727051,29.9092350006,63.3291473389,1.30235059187
1020,606.342407227,195.859741211,23.7376937866,88.8693313599,0.996267795563
1020,591.081787109,185.205078125,27.0354976654,70.7624130249,0.788570940495
1020,71.6462097168,119.411231995,23.075422287,54.0144195557,0.592997996137
1020,610.089172363,177.88331604,19.8819637299,52.7486572266,0.590445008129
1020,464.158325195,145.412033081,19.5097026825,54.2427825928,0.446941843256
1020,5.85601091385,229.758163452,18.8614902496,57.4682159424,0.236968905665
1020,518.695983887,201.172683716,28.2259044647,68.0147171021,0.176262296736
1020,584.304870605,239.919509888,21.4609889984,57.93542099,0.12787845917
1020,559.071960449,144.561843872,28.1737918854,78.8384017944,0.0788517761976
1020,556.703430176,204.378158569,22.3871688843,58.1353759766,0.0209207180887
1020,37.6921310425,131.618652344,22.8560638428,70.146697998,0.018771077157
1050,7.3295006752,162.857162476,15.6177568436,47.532283783,36.7946892977
1050,103.39151001,162.236602783,17.2521476746,47.1096801758,11.6058535874
1050,172.873550415,155.911392212,21.8172855377,65.7294235229,9.04814824462
1050,562.776794434,101.97127533,21.0765895844,54.9684753418,3.20319980383
1050,467.19543457,187.186813354,16.505739212,43.7709159851,1.26756187528
1050,446.220184326,114.638916016,30.7902755737,89.1901550293,0.691636931151
1050,550.516662598,97.5444107056,21.3544368744,59.4653015137,0.619061477482
1050,499.810760498,193.519470215,20.9706325531,53.2205467224,0.542825320736
1050,470.582519531,76.9797439575,23.7338466644,67.1811904907,0.337280007079
1050,498.693145752,148.437316895,22.072019577,66.939994812,0.198314804584
1050,510.458282471,52.0849571228,26.4368839264,64.1450805664,0.14407314593
1050,72.5644836426,182.728439331,16.4430465698,41.5800132751,0.0815121340565
1080,489.515838623,179.658569336,19.0281257629,44.9488258362,24.8405665159
1080,602.625183105,181.401565552,18.9594211578,54.4689216614,6.46533444524
1080,573.125366211,187.03527832,21.7523937225,48.1295509338,4.89659197628
1080,77.3637695312,153.940170288,18.5842037201,62.9353523254,4.67150919139
1080,474.026947021,180.734237671,18.1125946045,39.6298980713,1.97119601071
1080,613.023986816,94.4606933594,18.1899433136,61.346698761,1.51361012831
1080,600.259643555,205.273025513,29.0879974365,87.7958374023,1.06959603727
1080,585.56072998,177.838439941,17.6394615173,41.062046051,0.86175808683
1080,545.788208008,50.7744255066,22.5550479889,56.1048545837,0.761915650219
1080,502.798248291,182.839584351,19.4830684662,50.93567276,0.718818604946
1080,615.495666504,146.731765747,18.4156627655,55.5976371765,0.457587838173
1080,459.414031982,105.266990662,27.6539592743,78.8516159058,0.442601228133
1080,8.04435634613,183.950546265,15.4966554642,44.8911018372,0.439614057541
1080,87.8514022827,165.374420166,17.7131385803,51.2173805237,0.409512547776
1080,557.797119141,212.932540894,20.7847270966,45.588973999,0.270533980802
1080,596.251831055,98.3344497681,21.8473758698,57.6356811523,0.186099670827
1080,430.036712646,168.493362427,21.3846912384,50.9214668274,0.154715846293
1080,159.048843384,147.026184082,21.2818984985,56.2606239319,0.148276402615
1080,608.544372559,31.4424953461,19.4211177826,55.2512207031,0.104401388671
1080,535.679748535,32.6448669434,21.3782176971,56.2681770325,0.0364282343071
1110,517.68963623,177.138504028,19.538766861,48.6047668457,77.6265084743
1110,7.88494062424,173.808029175,18.2486095428,43.3986625671,6.5088942647
1110,480.300079346,89.8275985718,18.3354740143,51.3426513672,5.51998615265
1110,618.48248291,185.566818237,15.4856300354,40.5055656433,1.49753289297
1110,143.764465332,141.12046814,24.4161586761,68.6422042847,1.14701297134
1110,547.853149414,119.168968201,21.172410965,64.1843338013,1.03128207847
1110,616.022460938,213.388870239,15.7528333664,46.5754547119,0.670529250056
1110,447.479949951,175.616195679,18.7126522064,48.1816711426,0.481120729819
1110,616.101745605,41.40442276,16.9810523987,47.2722473145,0.451278267428
1110,534.31829834,139.058242798,23.1348133087,78.1400527954,0.346343591809
1110,22.1000003815,177.638626099,17.7320423126,41.9844322205,0.304637849331
1110,461.21081543,173.34942627,17.6036834717,48.8020439148,0.152327679098
1110,616.474487305,103.186401367,17.6737251282,44.5737876892,0.136200757697
1140,571.444335938,177.418151855,21.4812774658,57.1426544189,96.5029358864
1140,556.857849121,175.846511841,16.9120483398,53.9944496155,30.8497488499
1140,521.138061523,183.630508423,18.5116176605,46.3970146179,14.7398844361
1140,8.9353761673,175.787475586,15.1781415939,41.2917289734,12.1206916869
1140,21.5199871063,175.934204102,17.7246189117,42.012172699,11.4394903183
1140,542.639221191,181.036682129,17.9831829071,48.6674842834,10.2853558958
1140,498.349121094,76.1833572388,20.5599193573,56.5001182556,5.75277395546
1140,515.042053223,63.5063056946,21.2182369232,61.3323326111,4.15509305894
1140,483.213012695,178.429672241,19.3942470551,52.1175804138,3.65899726748
1140,120.699775696,133.96913147,31.7918949127,79.8706054688,3.29661369324
1140,507.785308838,183.441329956,18.567407608,43.6051635742,2.50835921615
1140,467.445343018,181.422164917,17.5321788788,47.6666069031,1.81801989675
1140,533.461730957,188.010910034,17.1570453644,45.8506660461,1.16949472576
1140,151.26713562,140.930252075,20.7415599823,60.1888694763,1.14531656727
1140,616.084411621,75.6383590698,17.7738780975,43.600933075,0.768234813586
1140,586.883972168,180.345504761,18.2424678802,50.9384803772,0.547439977527
1140,495.109893799,178.065185547,16.594499588,47.212223053,0.192127481569
1140,105.314331055,157.362182617,35.4676818848,76.7575759888,0.0566410832107
1140,415.017486572,138.293685913,27.4239730835,65.6960678101,0.0087463784439
1170,585.971618652,177.637252808,20.1487674713,49.2698364258,68.2571649551
1170,609.732971191,169.544906616,17.8366146088,56.140247345,64.757168293
1170,560.691833496,180.895217896,18.5631999969,46.4725799561,44.997137785
1170,532.908752441,179.229507446,17.3042469025,44.7932395935,16.4222866297
1170,466.077606201,141.249008179,21.7817058563,64.3359451294,4.70104031265
1170,7.6954460144,185.943222046,16.1868686676,42.4778709412,4.31450493634
1170,520.166442871,179.6743927,20.1630630493,49.8822631836,2.38651894033
1170,27.1540470123,164.550567627,18.7314300537,55.4703636169,2.25732699037
1170,543.016418457,177.916687012,16.3661518097,48.3940124512,1.90756544471
1170,531.699645996,43.6312980652,20.9081935883,54.4927215576,1.60105172545
1170,549.068908691,40.4090995789,28.3806304932,67.6784591675,1.17412330583
1170,576.170349121,183.947891235,17.6153526306,46.2839775085,0.938668195158
1170,501.363067627,96.3581008911,20.6132221222,78.1771621704,0.908069591969
1170,19.0676364899,184.477615356,19.6567192078,44.3437080383,0.549630587921
1170,505.943084717,175.229934692,18.4911880493,53.8447151184,0.367944012396
1170,70.451789856,134.543441772,21.5267715454,61.2321166992,0.313289789483
1170,520.945678711,97.1595840454,22.3062229156,53.2897949219,0.192687043454
1170,86.5709228516,123.464988708,24.2038097382,56.4520149231,0.0634651223663
1170,418.215057373,122.886482239,25.3302097321,62.3274116516,0.0483824522234
1200,615.848083496,176.526016235,16.3172626495,47.7527160645,44.0471410751
1200,32.4738922119,170.004592896,16.6654109955,47.9129447937,15.2581900358
1200,602.042236328,173.599060059,19.4084339142,49.5978889465,8.10794606805
1200,590.550964355,179.022705078,17.8016147614,48.7595100403,3.92245687544
1200,516.88684082,111.772224426,19.5936450958,47.2891273499,3.51460427046
1200,437.53527832,97.9874191284,26.4286499023,64.9546737671,2.9921060428
1200,490.716918945,122.633056641,21.7481403351,71.0644760132,2.70521342754
1200,539.467346191,40.4076957703,30.3987407684,98.6966781616,1.61631293595
1200,6.32982397079,168.977767944,16.3887958527,47.9986763,1.37870870531
1200,569.564453125,182.790512085,16.95520401,49.0745506287,1.21802100912
1200,5.70666694641,86.6136550903,19.9954776764,47.2310447693,0.75926524587
1200,499.981231689,172.558547974,17.7730140686,50.6925354004,0.561641342938
1200,498.619293213,107.914665222,25.9159145355,59.6092681885,0.403689360246
1200,587.124206543,58.5474586487,19.9030246735,48.6695861816,0.254587316886
1200,625.781982422,171.727249146,14.2180175781,46.7458686829,0.241714180447
1200,101.013816833,104.774208069,20.5358600616,51.7212181091,0.133700144943
1200,8.40197372437,105.07157135,32.7434272766,89.7487564087,0.100651779212
1200,27.5614032745,103.744850159,33.6368255615,95.4230041504,0.0362313672667
1200,47.0461883545,92.5163650513,32.0761833191,70.8130493164,0.0214615196455
1200,454.61730957,102.807472229,25.9912433624,69.733581543,0.0213040955714
1200,530.225402832,34.6930618286,21.3416213989,67.8073806763,0.00803336079116
1200,112.869865417,102.37525177,26.5012588501,76.6248168945,0.00717656221241
1230,542.191833496,88.3238220215,33.7844390869,139.955337524,24.2274880409
1230,7.93164491653,172.788345337,16.0024375916,48.6308288574,18.9793378115
1230,183.73789978,166.239334106,20.6240882874,49.7624702454,15.8526390791
1230,599.657348633,152.280700684,27.697555542,74.7545471191,4.95949015021
1230,99.515953064,160.726196289,21.6469020844,53.6307487488,4.84976284206
1230,596.167236328,184.604934692,19.8755302429,51.6842460632,3.76436933875
1230,456.405517578,170.502456665,16.8969841003,53.3007354736,3.56615670025
1230,456.411346436,77.3135604858,23.6305942535,68.7382965088,3.45645099878
1230,523.435119629,96.3675842285,33.0416564941,103.687316895,3.41077707708
1230,383.505828857,161.235839844,16.4389209747,49.8766784668,3.17913591862
1230,612.323181152,195.652328491,17.3492450714,44.2453765869,2.72307209671
1230,13.7983589172,73.504524231,22.2743816376,64.9495773315,2.18452308327
1230,550.79095459,170.624206543,20.4048175812,55.9089012146,1.59411542118
1230,567.888244629,166.350418091,20.0119132996,59.0444831848,0.647065555677
1230,416.297973633,130.652496338,23.1575088501,62.6539115906,0.212757312693
1230,45.0547828674,124.086296082,26.7323303223,71.2476577759,0.111197924707
1230,445.873321533,108.196586609,22.1807537079,73.0033493042,0.0951697700657
1230,627.358459473,194.773803711,12.6415405273,47.5372161865,0.0903256586753
1230,7.63641119003,106.404502869,26.2439403534,72.2534255981,0.0774806772824
1230,584.906799316,164.913696289,22.9825592041,67.4769668579,0.05743104266
1230,514.554626465,78.9287719727,21.1783771515,53.7255401611,0.0275172176771
1230,528.879943848,77.705619812,23.6049575806,54.8606529236,0.0267380062724
1230,433.899536133,143.435775757,20.3699569702,58.7956352234,0.00838116175146
1230,598.756286621,18.4251556396,30.5874500275,98.899230957,0.00182818312169
1260,7.64099884033,171.116470337,17.3344497681,54.5057640076,22.590996325
1260,380.077667236,168.632583618,17.3748664856,48.0284729004,6.29495978355
1260,499.521972656,56.5274391174,45.4585456848,131.334503174,3.4840464592
1260,433.785003662,141.740219116,23.6442489624,68.9901809692,2.99711320549
1260,597.304199219,73.5783538818,32.6563453674,108.869171143,2.62642186135
1260,508.79019165,134.587890625,19.0413093567,59.1718101501,1.63414999843
1260,567.575744629,103.495399475,33.9553833008,92.4036331177,1.47931957617
1260,615.256164551,192.99659729,15.8898468018,43.897228241,1.39245148748
1260,66.7469787598,129.38067627,21.6636104584,50.4228248596,1.28509867936
1260,571.102355957,41.0440177917,20.9437637329,68.2233581543,0.354101485573
1260,419.461090088,169.39855957,20.0938854218,58.7395477295,0.217982451431
1260,444.378570557,125.10710907,28.5632476807,79.0128936768,0.215684343129
1260,49.351726532,79.015296936,34.4797401428,95.6653213501,0.124140095431
1260,509.792327881,169.350067139,18.1445102692,56.2533226013,0.0712231791113
1260,21.4067840576,79.935218811,25.5374736786,70.8933944702,0.0489309895784
1290,387.11630249,178.372192383,15.9537353516,48.3417778015,68.7958538532
1290,579.262817383,169.539138794,23.2204360962,68.1135635376,17.5890147686
1290,587.88470459,140.130783081,30.3333148956,89.4851150513,13.5892003775
1290,8.49217128754,187.351196289,15.3653068542,46.3297119141,13.1920292974
1290,435.000244141,162.471923828,26.9944229126,75.9225234985,9.0183570981
1290,17.8649101257,138.054122925,22.214509964,53.5189361572,7.78481811285
1290,458.638458252,129.537414551,21.5828723907,50.1931724548,2.27545592934
1290,27.1529388428,145.825546265,32.7967300415,63.37840271,2.06992123276
1290,137.407043457,175.645935059,22.9921321869,53.2208251953,1.61725934595
1290,601.862609863,131.393249512,20.7843513489,64.045463562,1.56292710453
1290,448.915618896,175.569625854,24.4028530121,70.2414779663,1.22358910739
1290,492.356719971,91.5536727905,28.3829402924,93.277557373,0.89023951441
1290,491.932891846,191.677734375,21.9856777191,58.7201423645,0.808021612465
1290,606.101806641,171.406570435,17.361328125,55.1849403381,0.779741210863
1290,509.746429443,64.2221908569,70.341758728,136.3487854,0.680457288399
1290,40.2474212646,122.359672546,22.1098022461,62.8814697266,0.61889286153
1290,520.906066895,39.6701545715,27.5892868042,83.8339080811,0.0767080171499
1290,593.963317871,195.861190796,20.3633346558,52.3238105774,0.0690026325174
1290,614.282409668,24.2516326904,19.3662128448,56.8278694153,0.0037135585444
1290,511.299316406,38.5628204346,21.5334911346,58.4515380859,0.00117607305583
1290,588.643371582,27.3046112061,27.6774768829,92.5039596558,0.000968052427197
1320,522.266418457,193.443603516,29.6653690338,74.8933486938,48.909920454
1320,492.138305664,183.361816406,27.1661510468,79.0467376709,33.1769675016
1320,387.103118896,177.863525391,17.7854824066,47.2420463562,32.1741163731
1320,165.385681152,176.425369263,25.1166629791,50.6718292236,6.81578367949
1320,617.959777832,146.754318237,18.0577449799,57.5213737488,6.07255026698
1320,469.290527344,185.149337769,26.5615558624,64.9018783569,5.66101484001
1320,567.301696777,92.9126281738,33.4476585388,73.9144515991,3.52188274264
1320,23.8233127594,131.371322632,23.4573535919,64.9625167847,2.77920253575
1320,192.219589233,174.435913086,21.0880451202,48.6985931396,1.24696893618
1320,564.59576416,80.0782852173,20.0947933197,58.7652168274,1.1976015754
1320,579.977966309,87.3406295776,45.7152061462,111.088134766,0.891462154686
1320,38.4438743591,122.0129776,24.4787044525,58.6189880371,0.590663030744
1320,605.640869141,159.964904785,22.4644546509,55.8749694824,0.423895241693
1320,507.611206055,181.333969116,21.6494064331,69.283821106,0.293253082782
1320,546.879333496,55.6537017822,28.449136734,94.9405212402,0.140417797957
1320,460.651947021,147.351867676,22.2565307617,61.9869842529,0.105986231938
1320,577.23449707,190.974182129,33.1507301331,70.5721054077,0.0952974369284
1320,614.869445801,192.641479492,20.1167964935,58.789478302,0.0417625473347
1320,587.530151367,29.2663192749,28.5300674438,71.8080291748,2.33264756844e-05
1350,409.150909424,182.054260254,20.720949173,52.0737419128,96.2922811508
1350,615.458190918,230.667709351,17.546125412,82.4818344116,25.9601831436
1350,545.488220215,183.157531738,20.5387973785,58.5594215393,13.8148725033
1350,125.013183594,169.346862793,28.0478515625,68.74609375,11.3992668688
1350,67.1368331909,176.333053589,27.6729354858,68.9583358765,5.26002012193
1350,459.095184326,177.460632324,27.5207805634,62.5184020996,3.16532701254
1350,5.31727933884,101.00151825,19.7442970276,64.2515640259,0.82973819226
1350,551.460632324,72.0955886841,21.1335735321,64.611076355,0.739595573395
1350,564.804382324,63.3578987122,24.6972484589,72.6565704346,0.449243513867
1350,579.631225586,53.0072441101,28.8711013794,84.0825958252,0.272660469636
1350,474.174163818,99.8512573242,23.2536392212,67.0057449341,0.0618866935838
1350,444.937286377,134.8074646,21.7546329498,52.4066810608,0.0172640342498
1380,419.829223633,179.641098022,21.4180774689,61.5493965149,97.2171545029
1380,101.818153381,176.935974121,30.0748577118,65.224357605,9.52711105347
1380,530.75189209,79.3426589966,31.0428161621,78.1674575806,3.57592366636
1380,614.710998535,108.494544983,17.8801021576,64.9901199341,1.7681889236
1380,40.0883522034,101.356300354,34.20835495,96.6684036255,1.5425558202
1380,610.250793457,82.4048843384,19.7710132599,55.4716491699,1.4222830534
1380,58.7756347656,144.809463501,22.2807674408,57.0534706116,1.07239950448
1380,6.11219549179,396.239654541,18.8817882538,50.9991149902,0.506761996076
1380,435.811187744,180.278091431,18.6693286896,55.2549476624,0.432231836021
1380,494.338989258,143.141983032,20.4723377228,58.176700592,0.384948845021
1380,596.261047363,64.1354446411,30.2352371216,111.082519531,0.369092798792
1380,537.298034668,166.693222046,20.0960597992,52.7338752747,0.334897241555
1380,515.540161133,199.309341431,20.0656967163,60.0935516357,0.186029286124
1380,37.4814414978,195.197738647,23.4395523071,53.0706443787,0.166923378129
1380,336.441833496,145.00793457,26.2376556396,62.7623252869,0.0230884819757
1410,424.724731445,176.939758301,25.4974422455,69.6261749268,97.1258163452
1410,556.999572754,127.479408264,18.5722026825,56.2380485535,7.92104974389
1410,512.048400879,86.9887466431,22.5851039886,71.7481689453,4.82839420438
1410,585.889343262,191.065963745,22.8466815948,55.5556945801,4.17746566236
1410,589.291931152,46.8820228577,34.2131729126,87.9476623535,1.70866753906
1410,14.738863945,118.470024109,28.1026973724,85.9193725586,1.07716489583
1410,498.952789307,98.9967346191,21.3021602631,57.9636230469,0.990831665695
1410,615.014282227,58.310836792,18.4070911407,57.2644958496,0.700902566314
1410,6.79798650742,382.813568115,17.0062847137,44.9942512512,0.466572958976
1410,508.60949707,124.027198792,22.54337883,65.3318634033,0.0849201343954
1410,36.4935722351,71.84375,31.6656703949,81.3177261353,0.0337968638632
1440,432.294281006,182.969360352,28.7329807281,72.860458374,98.7671017647
1440,14.9324264526,177.617019653,28.3638057709,85.0184631348,37.3653888702
1440,533.49407959,170.751647949,23.616186142,52.5948600769,22.1858918667
1440,604.962219238,229.846054077,23.3964996338,85.1294631958,5.1370292902
1440,534.342102051,91.6422424316,25.2859745026,79.3907699585,1.2330904603
1440,6.27195930481,396.185302734,19.1758899689,52.4751281738,1.01711051539
1440,585.908996582,29.6957702637,31.0028362274,86.0111083984,0.424587214366
1440,105.182624817,189.01574707,18.6673107147,43.0257759094,0.384759274311
1440,550.714111328,100.636993408,21.9465770721,62.4070014954,0.275284820236
1440,449.634185791,183.687805176,20.0570888519,63.8157463074,0.18682150403
1440,537.582702637,214.374343872,18.354177475,55.8986167908,0.172096770257
1440,566.710571289,37.9702262878,28.1284866333,102.976844788,0.106880324893
1440,614.243469238,273.609588623,17.9298477173,47.6718635559,0.0979446573183
1440,548.897521973,35.1372261047,29.8397979736,65.1706771851,2.04572625506e-07
1470,447.384033203,174.395996094,34.1916351318,94.7827758789,97.5485920906
1470,501.038604736,194.122634888,20.0743789673,64.8307571411,4.47356775403
1470,122.559875488,177.935546875,17.8263149261,51.9160346985,2.39070598036
1470,574.705932617,84.8681106567,18.4001922607,50.1003303528,2.3365912959
1470,569.185852051,104.395843506,19.5790691376,54.0469703674,1.19160125032
1470,585.144042969,81.2173995972,18.3891601562,53.8230438232,0.987573154271
1470,111.498832703,183.141616821,16.5012321472,45.6455841064,0.770833157003
1470,135.885009766,181.35887146,21.6477203369,51.5320930481,0.741113862023
1470,435.076171875,175.116577148,16.5511398315,55.8082847595,0.626198202372
1470,577.979492188,114.77747345,20.6099643707,56.9606933594,0.2884558402
1470,6.25090742111,399.966888428,19.2144565582,50.9790458679,0.283040036447
1470,609.734313965,54.1787834167,19.9745616913,53.5582084656,0.230540265329
1470,615.70135498,190.339126587,17.2706127167,51.427822113,0.216983491555
1470,520.213684082,213.867538452,22.4638767242,54.8984260559,0.208076555282
1470,546.133605957,226.482315063,19.9423408508,54.3280067444,0.107973697595
1470,486.242828369,191.411254883,24.3807582855,64.1866989136,0.105431128759
1470,473.024658203,196.78112793,20.3851947784,58.7777748108,0.0689797278028
1470,196.157516479,168.239883423,17.6794204712,47.0940704346,0.0110764493002
1500,471.232666016,168.136779785,40.1912117004,106.893341064,99.1919338703
1500,554.936096191,173.624191284,24.1057910919,65.674331665,78.1427562237
1500,587.994750977,174.488479614,41.6803855896,108.988868713,75.6574273109
1500,558.670349121,170.183547974,45.0095329285,99.6580123901,20.7681939006
1500,609.743469238,183.163162231,19.9848804474,51.5749168396,4.75347340107
1500,174.683792114,170.691223145,18.8824291229,46.7861785889,2.88886465132
1500,435.969970703,144.019241333,20.9864177704,67.1772537231,2.83589698374
1500,5.93787193298,397.092559814,18.3550395966,51.9101753235,0.956920161843
1500,543.257324219,180.563476562,18.9788131714,52.8805236816,0.955866649747
1500,7.35096549988,191.787231445,16.18708992,49.7549629211,0.859069172293
1500,164.043441772,175.243774414,18.4539089203,45.5403137207,0.617529824376
1500,572.957946777,170.477508545,19.780424118,53.5130004883,0.59612877667
1500,496.192474365,193.436935425,25.5481777191,73.073890686,0.391911109909
1500,609.989318848,231.344604492,20.5345802307,59.4813575745,0.27746995911
1500,464.354248047,190.420394897,20.9582576752,59.8589782715,0.138455722481
1500,122.919166565,171.027038574,17.7813873291,48.4731864929,0.0979469507001
1530,517.253479004,164.373855591,45.1165618896,118.178352356,99.4682729244
1530,589.691345215,163.43296814,26.4028301239,79.3909912109,91.1979079247
1530,13.3249235153,180.736831665,21.0637493134,44.2371025085,30.3629219532
1530,457.903106689,185.127685547,18.8099193573,43.5663261414,29.3581277132
1530,605.745178223,168.636154175,19.0620307922,61.2245941162,8.97948294878
1530,562.112060547,178.991867065,16.1507740021,53.2437553406,6.52296543121
1530,530.64855957,231.930969238,20.8934230804,58.9872741699,4.24503833055
1530,24.1849002838,188.849716187,19.5792560577,42.590587616,3.55521328747
1530,569.228942871,172.888244629,20.5956897736,68.6117630005,2.76511516422
1530,147.846847534,171.042724609,18.5216159821,46.8987579346,1.19188977405
1530,97.9156723022,164.725845337,18.1859798431,47.4186401367,0.726535497233
1530,548.910705566,176.130493164,19.9769153595,69.2894058228,0.57443077676
1530,135.815261841,181.062637329,19.4019908905,43.3154563904,0.45046932064
1530,614.867431641,196.728012085,17.4295082092,48.3241691589,0.306214368902
1530,157.571365356,162.59413147,19.8891983032,49.5095863342,0.2441233024
1530,579.317260742,199.072998047,21.6756343842,52.8843536377,0.105395796709
1530,115.796974182,164.643234253,20.5980243683,51.8219909668,0.0973706308287
1530,598.178955078,211.057067871,23.1873397827,51.7834968567,0.0938498938922
1530,564.059753418,207.226364136,19.9216785431,49.3781700134,0.0924652267713
1530,61.362701416,192.925643921,19.4498062134,43.0460243225,0.0879881205037
1560,545.112792969,164.555725098,45.9337348938,123.783477783,98.0094909668
1560,475.313476562,185.213485718,19.3671207428,47.4575653076,38.3975446224
1560,585.832702637,178.169662476,21.0694389343,66.3132705688,34.0426117182
1560,421.271728516,138.952713013,25.3158931732,71.727432251,19.0806359053
1560,395.776031494,139.479812622,23.2700481415,58.891834259,3.16908732057
1560,567.701599121,215.402832031,23.6309108734,66.7968826294,2.8923496604
1560,61.3662605286,186.834030151,18.1945838928,41.2960548401,2.58150156587
1560,571.266296387,180.030929565,22.5780544281,70.9663696289,1.88822690398
1560,456.105377197,177.138290405,14.9810914993,46.2062644958,1.79263819009
1560,132.190093994,178.469436646,19.0250072479,44.1680030823,1.20023507625
1560,542.733215332,175.476257324,26.0661087036,63.7691917419,1.10813109204
1560,141.226516724,163.038284302,18.2864379883,51.7277641296,0.632459064946
1560,615.624511719,205.364608765,17.3043956757,42.3205108643,0.294942851178
1560,156.907424927,169.277709961,18.4356079102,44.2505340576,0.240098428912
1560,448.709747314,59.7995185852,24.9225826263,56.9396629333,0.17718616873
1560,485.057373047,197.126327515,22.9115066528,46.9335784912,0.098083470948
1560,7.62592840195,109.35634613,17.0830402374,50.4153709412,0.0653618073557
1560,121.445533752,163.794754028,19.85663414,53.4998207092,0.0606895249803
1560,447.670806885,127.526939392,25.0388393402,77.5912094116,0.0248082680628
1590,544.411010742,168.414505005,46.4455299377,118.284515381,98.9341139793
1590,616.488220215,176.827682495,16.9890384674,43.8391571045,50.7149636745
1590,467.757598877,175.756973267,15.9657411575,47.4543914795,21.3727369905
1590,427.562957764,131.966903687,26.8505840302,77.5402450562,12.8512352705
1590,40.2772903442,154.567672729,22.8060970306,58.3647270203,5.18183223903
1590,398.048736572,135.270965576,22.2120895386,59.25258255,5.0970222801
1590,489.774780273,185.429153442,19.017080307,46.6775627136,3.3348556608
1590,557.663085938,225.333816528,22.1947784424,66.1264648438,2.50624436885
1590,84.7739334106,176.538589478,17.8461399078,45.3208427429,1.97066087276
1590,67.8299179077,175.253097534,19.5443172455,47.5593452454,0.8814512752
1590,94.9340286255,172.910140991,17.2456130981,48.6915740967,0.738475797698
1590,104.225654602,169.72795105,19.6811599731,50.8312950134,0.65507250838
1590,31.5301971436,176.75579834,18.0428905487,48.6791038513,0.626589776948
1590,413.69631958,136.50151062,18.7300415039,60.519744873,0.589137710631
1590,55.8970603943,172.261917114,18.6051197052,46.9918403625,0.51152408123
1590,538.722473145,180.166152954,16.133605957,51.7932701111,0.495954882354
1590,544.925231934,230.90763855,22.30119133,56.8663063049,0.374160590582
1590,115.758888245,167.149032593,19.3243465424,51.0846748352,0.333364633843
1590,42.5205383301,185.40574646,26.0806884766,50.5159606934,0.248744478449
1590,569.044433594,176.042251587,21.7168254852,72.2453536987,0.227654585615
1590,569.867614746,219.806686401,23.9258480072,58.6411743164,0.0255756254774
1590,457.727813721,32.6541023254,27.9972858429,63.978931427,0.0014818485397
1620,551.942199707,174.100112915,42.5048446655,107.259407043,99.4272589684
1620,487.431121826,175.567489624,16.6487579346,46.8451576233,59.9497795105
1620,437.719512939,129.178833008,30.8501110077,78.1126022339,9.1521538794
1620,516.05657959,187.032226562,19.4287815094,45.729549408,6.98012337089
1620,527.33190918,183.132766724,25.4550113678,59.9634399414,6.88916370273
1620,568.273071289,229.56199646,23.2238674164,57.6365089417,5.05261905491
1620,35.9783973694,165.737442017,18.9612979889,54.5026512146,2.85448618233
1620,543.959960938,180.905227661,18.8876399994,56.4738616943,2.72447057068
1620,24.0329284668,173.92805481,19.021282196,48.5372009277,2.35930588096
1620,426.075805664,145.541809082,21.728395462,60.1375274658,2.02686451375
1620,55.9902496338,165.07635498,21.1543617249,55.5733642578,0.623690430075
1620,508.290679932,176.651077271,15.0862264633,45.6357536316,0.29583950527
1620,534.091247559,209.485473633,25.1449718475,52.7714233398,0.131697871257
1620,575.349060059,186.099914551,20.1274585724,60.3362617493,0.109624769539
1620,43.9073066711,133.66758728,26.0980072021,62.9588127136,0.0887357338797
1620,593.731018066,31.9597396851,21.8766689301,52.3921165466,0.0591116782743
1620,406.407806396,139.960235596,23.9471282959,59.0141868591,0.0371003960026
1650,528.519775391,172.543411255,34.3206596375,100.954345703,94.7385132313
1650,512.585205078,172.305374146,17.4585514069,50.8114471436,38.4569168091
1650,8.26913833618,181.444717407,19.0156002045,44.3116493225,8.57040956616
1650,41.5417327881,169.388198853,18.2809333801,53.9769134521,5.59875331819
1650,519.795166016,174.466537476,23.5370635986,68.4086380005,2.13402621448
1650,21.1746997833,170.628845215,20.3222522736,48.7655067444,2.06174124032
1650,594.588439941,184.952316284,18.7216186523,53.6087532043,1.72079186887
1650,610.616516113,195.339065552,17.6177005768,44.8928184509,0.805022288114
1650,574.639282227,163.753295898,29.582321167,73.2252120972,0.724339764565
1650,548.87689209,181.243347168,18.8627548218,59.3213653564,0.712087098509
1650,448.690216064,120.444038391,36.1912307739,79.2139511108,0.66538322717
1650,559.957214355,184.909133911,16.0170726776,51.4460639954,0.476795621216
1650,615.980285645,221.938354492,18.3332862854,47.438457489,0.276628322899
1650,544.785827637,219.916091919,22.4748306274,60.3680839539,0.225839600898
1650,117.456390381,167.526138306,18.8730068207,47.4377632141,0.0815827108454
1650,567.695617676,205.635635376,31.2560195923,64.061050415,0.0594142649788
1650,34.6134681702,129.288330078,22.7699298859,70.205291748,0.0523014634382
1650,558.765441895,84.9960632324,29.9556789398,79.9067153931,0.0357254291885
1650,541.207397461,88.0950241089,19.4794387817,64.8621749878,0.023975543445
1650,483.270904541,109.315368652,23.8250713348,106.926887512,0.0225999756367
1680,535.957580566,169.860015869,20.3647193909,50.1854515076,94.4583117962
1680,500.244842529,169.301071167,31.5313568115,91.6166610718,93.2068526745
1680,521.188537598,169.896453857,19.1930751801,57.5151939392,18.6900049448
1680,179.622055054,167.191604614,20.8902759552,50.157913208,15.2187809348
1680,569.847900391,177.943008423,18.1263751984,51.4645957947,7.96855539083
1680,455.365234375,105.408172607,51.241607666,118.297279358,7.42353945971
1680,323.978790283,148.069747925,24.2178649902,56.4354858398,6.5711170435
1680,141.512817383,174.15586853,18.5393390656,44.5689697266,3.2817851752
1680,7.79764556885,182.914489746,16.0382976532,45.3413887024,1.83832179755
1680,19.4496269226,143.410797119,26.5312366486,80.9322738647,1.63472853601
1680,586.078308105,179.466247559,17.661857605,53.0383758545,1.26852774993
1680,561.905029297,180.179321289,15.8813819885,42.0195503235,0.892298296094
1680,115.571960449,166.210662842,18.7563076019,50.0182952881,0.88111339137
1680,73.5056228638,166.886001587,19.4325504303,50.9599761963,0.879673287272
1680,452.530883789,160.945449829,20.9252758026,54.7295570374,0.735844299197
1680,61.3444328308,169.499191284,17.9275150299,48.8225364685,0.605861190706
1680,551.234436035,175.607528687,18.6411819458,43.9729042053,0.257607270032
1680,611.89630127,29.2342224121,22.2709503174,66.4477462769,0.205219909549
1680,615.085021973,213.850341797,17.9819355011,44.9302787781,0.148603657726
1680,482.608154297,149.70854187,37.4408302307,89.544128418,0.0669744913466
1680,518.210327148,197.809326172,21.9117202759,63.6039009094,0.0399840559112
1680,27.0102291107,113.143218994,26.9497890472,82.1851577759,0.0364406150766
1680,583.513183594,24.5597438812,39.2866859436,112.783988953,0.000212349095818
1710,555.85723877,166.155685425,20.9381580353,55.1462402344,98.3385801315
1710,474.748046875,168.387329102,25.219285965,81.7753829956,94.174438715
1710,537.604858398,169.15473938,19.2752323151,56.4929656982,82.282859087
1710,112.801887512,154.960617065,20.2277622223,59.3518180847,30.2296727896
1710,10.9439668655,169.457473755,19.9085140228,54.7525787354,5.88750429451
1710,36.8712768555,178.259841919,17.8968524933,46.5186424255,3.71934659779
1710,601.043762207,176.685012817,17.2478675842,49.5731391907,3.67791317403
1710,22.1878414154,164.887741089,21.160484314,57.5803833008,1.63552779704
1710,580.273742676,167.372009277,16.3825435638,48.5983428955,1.1064203456
1710,67.4869003296,165.887802124,20.2267475128,53.0864715576,1.00465239957
1710,57.3507537842,171.401870728,17.5637512207,45.2035179138,0.680434005335
1710,616.629455566,197.697036743,17.3356208801,42.2564430237,0.440272269771
1710,46.1387748718,168.551101685,18.8933506012,45.1731147766,0.266673369333
1710,507.364776611,50.6313438416,29.2542419434,90.0184020996,0.231195404194
1710,6.3555355072,116.150611877,19.1048755646,52.3680725098,0.0611570139881
1710,427.483398438,119.015113831,32.8154830933,81.0009536743,0.0162069758517
1710,11.2561216354,109.89465332,29.0508575439,86.8733520508,0.0130133965285
1740,575.532043457,167.778335571,20.5990161896,54.9580116272,97.9240000248
1740,427.055145264,173.237106323,29.1518115997,73.8322525024,91.538143158
1740,551.917724609,169.913208008,22.7972793579,55.0496711731,77.8021752834
1740,101.562255859,177.674911499,18.8661403656,47.0834159851,52.8244793415
1740,13.3349914551,177.692001343,20.4074859619,47.4441184998,15.6139433384
1740,132.41355896,178.356216431,16.2996368408,41.1517791748,15.5763968825
1740,591.664855957,165.174438477,16.6355285645,57.2609825134,1.86111796647
1740,28.2291126251,180.338394165,17.465013504,41.9587364197,0.638844678178
1740,7.6513466835,112.786170959,18.4827671051,56.0912513733,0.520376767963
1740,61.5912895203,163.78894043,20.9199962616,55.6746826172,0.451183551922
1740,467.161590576,166.33605957,22.4293613434,64.1259841919,0.315806060098
1740,108.910804749,167.855300903,25.8551425934,52.260684967,0.310927955434
1740,512.425476074,102.032661438,30.3449039459,98.114112854,0.0986097729765
1740,427.956298828,130.408920288,24.4267559052,59.149356842,0.0210467565921
1770,593.16809082,170.630874634,23.5999240875,60.6542625427,98.8867998123
1770,568.559692383,166.320449829,20.5308494568,65.645614624,94.4889605045
1770,107.162208557,163.691452026,23.1389636993,57.1628456116,79.2623817921
1770,59.1181945801,172.802383423,18.7014522552,52.6201438904,11.9118072093
1770,9.84239959717,178.548965454,17.174955368,49.1141471863,9.60054323077
1770,528.249267578,54.0611381531,22.7602939606,65.0200653076,3.50811928511
1770,323.54574585,133.234863281,34.444896698,67.7783279419,1.35654350743
1770,616.820617676,178.420944214,15.1967124939,51.078792572,1.2896463275
1770,592.452453613,59.2125968933,24.6093292236,62.3100318909,1.22044105083
1770,396.036621094,115.155128479,21.4422683716,49.2475166321,0.392147758976
1770,519.879577637,98.6771011353,28.1632137299,97.8419876099,0.386120961048
1770,46.8928413391,174.557296753,19.0296878815,47.3727874756,0.216081761755
1770,30.5474014282,177.317520142,17.6375770569,45.7324066162,0.143585109618
1770,427.602386475,125.024475098,28.3513259888,68.1722335815,0.100698543247
1800,607.344299316,169.62828064,21.9372158051,67.1295852661,99.3989050388
1800,580.592346191,166.703399658,26.0177688599,69.6228256226,99.066144228
1800,28.6558685303,186.854736328,20.8106441498,49.6060333252,80.3906857967
1800,7.94099807739,186.829269409,14.9728879929,46.3654785156,9.38832461834
1800,528.15057373,46.6442070007,23.5995025635,68.8542861938,7.63738751411
1800,596.860229492,166.664016724,17.3365345001,65.717086792,5.0088878721
1800,570.790344238,171.745285034,18.9981613159,56.3624076843,2.70927529782
1800,43.6131706238,189.740951538,19.4692058563,44.9048271179,0.824946258217
1800,523.314575195,123.95627594,23.7138500214,71.286567688,0.761795556173
1800,622.003723145,173.273681641,16.6557483673,59.3885536194,0.642009964213
1800,427.751617432,136.174926758,20.4805164337,51.5861854553,0.36750563886
1800,54.2748298645,169.339477539,23.6298370361,58.699508667,0.24385699071
1830,594.619812012,170.905700684,25.4523677826,70.4414901733,98.7086176872
1830,617.535461426,168.689254761,14.9230413437,71.3051147461,85.1812660694
1830,571.547180176,181.444763184,20.2435359955,59.2696838379,63.5000824928
1830,125.961753845,175.227401733,20.0546875,49.6378135681,7.98929184675
1830,84.7825698853,182.463500977,16.2811069489,42.2464103699,7.31104984879
1830,6.93898153305,180.964767456,15.9787874222,49.2177467346,4.18418385088
1830,533.302246094,54.0258674622,22.9901580811,64.8337783813,3.45815941691
1830,321.472961426,133.022293091,38.3069801331,68.8222885132,0.70030214265
1830,52.2222099304,174.889083862,18.4660015106,50.0624046326,0.273247575387
1830,74.121635437,174.873046875,17.6038703918,49.2286643982,0.227208691649
1830,521.012145996,101.362060547,30.4233570099,102.375556946,0.194171944167
1830,430.329711914,136.580947876,21.3623180389,52.7042732239,0.140659336466
1830,42.0112228394,182.302246094,18.65675354,41.4278678894,0.1062758849
1830,608.650146484,81.0763931274,21.2120113373,54.6449890137,0.100239086896
1860,606.918762207,173.649276733,24.1440505981,68.475112915,98.6820995808
1860,106.777183533,167.663284302,21.0714740753,59.5907096863,50.2883911133
1860,574.552429199,183.460006714,19.781583786,49.393901825,39.0147775412
1860,74.6899185181,180.191833496,16.8936309814,47.2328948975,4.58319410682
1860,533.899108887,50.3081970215,22.1090831757,69.0919799805,2.91898157448
1860,589.13470459,177.036239624,19.131696701,53.5428619385,0.968362390995
1860,578.956054688,51.6606941223,27.1896972656,68.1109161377,0.482077291235
1860,521.26348877,100.820159912,30.8933391571,102.418556213,0.436777854338
1860,362.291625977,201.474777222,34.2825889587,73.5172424316,0.330101768486
1860,429.575836182,145.287033081,21.5706996918,52.8584480286,0.324031198397
1860,47.6457214355,179.662658691,18.0050487518,44.9104919434,0.317603396252
1860,596.790466309,189.501342773,20.7524833679,53.2723846436,0.310045713559
1860,609.692199707,81.2716369629,20.3413715363,53.9601173401,0.2569622593
1860,447.961547852,117.50177002,26.892911911,83.1903991699,0.106934527867
1860,120.646034241,172.750411987,17.3399906158,48.5840911865,0.0728991464712
1860,613.459899902,214.467056274,20.2918586731,47.4288902283,0.0216527012526
1890,615.116271973,172.550582886,18.0521736145,70.6042709351,92.2977268696
1890,574.004577637,185.854385376,20.9506702423,50.5411109924,29.8777401447
1890,95.6660232544,185.629745483,17.6780357361,41.8358955383,11.8805214763
1890,532.341674805,54.7800483704,23.4124126434,68.1613006592,2.22260989249
1890,523.036865234,129.708084106,22.5342540741,71.4084091187,1.33567955345
1890,47.6269798279,178.96472168,18.4067306519,48.615688324,0.291921640746
1890,609.086853027,81.9040985107,21.2356815338,55.9557380676,0.216253846884
1920,577.340820312,186.083862305,17.6860980988,45.9617652893,23.0467110872
1920,579.338562012,46.1733360291,24.8104038239,71.5515213013,4.97710816562
1920,532.558166504,53.5942840576,22.5949802399,72.0585403442,3.56598719954
1920,194.38494873,295.076751709,22.7679290771,51.6357383728,2.73217428476
1920,53.0919799805,181.447677612,18.0267677307,47.5504722595,0.52107218653
1920,429.429473877,139.867797852,22.4966907501,50.5977478027,0.0720838143025
1950,577.066894531,183.926773071,18.9038982391,49.6800231934,28.1664907932
1950,606.701782227,73.4971923828,22.5083065033,59.963886261,6.40210956335
1950,532.519165039,55.973941803,22.6082630157,69.1527023315,3.48079912364
1950,52.8822288513,181.254577637,18.7444324493,48.4523963928,1.31465904415
1950,519.598205566,106.395233154,28.7510242462,104.434486389,0.4329376854
1950,74.6862716675,184.58555603,17.1940479279,43.5534667969,0.277351215482
1950,430.110107422,140.87840271,22.0188674927,49.7479286194,0.0133579451358
1980,575.005310059,185.780319214,19.5029697418,50.5682106018,40.7044887543
1980,533.221740723,57.3032035828,21.8785152435,67.0332489014,2.08390317857
1980,49.2796897888,185.664123535,16.0088443756,42.6517410278,1.84784382582
1980,524.164611816,104.242378235,27.7393341064,100.312011719,0.066704058554
1980,429.957794189,138.669448853,22.1070270538,51.6037330627,0.0156905211043
2010,576.988525391,184.530349731,19.1776638031,50.4463996887,43.2414859533
2010,46.7058105469,187.259155273,18.4028778076,42.6747894287,9.01487395167
2010,533.067382812,57.9478759766,22.5530033112,69.4369125366,2.19049807638
2010,518.558288574,132.793624878,22.8401279449,67.9973297119,2.04145703465
2010,56.1764945984,176.309204102,20.0484485626,53.2595672607,0.213379273191
2040,575.046447754,186.619216919,19.3888893127,51.4656524658,39.3413156271
2040,534.030822754,57.0518913269,23.0461578369,69.1590805054,2.18019876629
2040,109.147918701,170.571243286,18.7519512177,59.0629615784,0.374485133216
2040,608.497924805,80.4755172729,21.3526744843,56.4359703064,0.121945177671
2040,524.616882324,101.873046875,26.6969852448,101.360870361,0.100535433739
2040,429.847564697,141.116439819,22.4010009766,49.6227684021,0.0255664315773
2070,576.015930176,184.454177856,18.7180633545,48.8475532532,39.2871052027
2070,533.093933105,54.0739097595,23.6122722626,72.9585037231,3.26790511608
2070,516.737487793,106.83820343,31.722902298,100.723777771,1.87003389001
2070,28.9941768646,182.836135864,25.9017925262,68.3151855469,1.6705840826
2070,7.91108465195,180.323379517,16.9789066315,53.0812988281,0.222259457223
2070,46.7477874756,180.580001831,22.5544643402,62.0503959656,0.204601464793
2070,608.438354492,82.0402450562,22.0809764862,54.7311668396,0.130226125475
2070,363.422485352,208.130691528,26.4316425323,71.4619827271,0.0454820867162
2070,61.9317169189,187.690307617,18.9347133636,49.5588684082,0.0451492640423
2070,429.120513916,139.374053955,23.3629322052,52.4132080078,0.0177488458576
2100,32.0513801575,182.461242676,18.8230686188,43.6996421814,32.2928279638
2100,575.875427246,182.560775757,19.2136707306,51.8225860596,30.2752107382
2100,606.259216309,65.9791870117,22.7895793915,66.767829895,12.3607233167
2100,533.516296387,58.5494499207,22.1928577423,68.0925292969,1.8331579864
2100,522.938903809,106.196647644,26.7984638214,103.072021484,0.685040839016
2100,45.8522529602,179.992965698,18.301410675,46.756439209,0.29670689255
2100,362.242584229,202.898178101,30.8619918823,80.0713577271,0.269988109358
2100,429.504974365,138.340438843,23.0048007965,52.5197105408,0.0274933554465
2100,441.977905273,121.898292542,28.6515731812,81.6427307129,0.00909546579351
2130,26.1204833984,186.638565063,18.7300338745,44.8815002441,70.2675640583
2130,574.683166504,185.895996094,20.3898124695,51.0916557312,45.0193285942
2130,532.223693848,54.8113861084,22.9680347443,67.9519577026,2.86598037928
2130,5.55761003494,385.404052734,17.9383144379,48.3910179138,0.596449850127
2130,48.2109413147,184.966323853,16.0814685822,41.5472259521,0.290831620805
2130,429.480834961,139.653335571,22.2922267914,51.1505622864,0.0428981147707
2130,442.38684082,123.127868652,27.8371639252,77.1133880615,0.0124881247757
2160,20.0431880951,186.091003418,17.6847133636,43.5539970398,39.4584923983
2160,575.965759277,184.825973511,19.1877174377,54.1500244141,20.5494359136
2160,533.342773438,49.9462585449,21.4686985016,69.9813919067,6.55014142394
2160,589.042602539,52.0513114929,18.9391555786,61.884059906,5.69052360952
2160,505.850708008,187.46081543,18.1306667328,45.8710784912,1.09205367044
2160,6.1397395134,389.564117432,17.8891506195,50.2033729553,0.61265649274
2160,430.325439453,140.226318359,22.5181865692,50.7865905762,0.132070563268
2160,35.2340126038,183.126785278,16.9222755432,43.8091888428,0.0708590669092
2160,8.89836215973,375.716552734,38.1846504211,77.9895858765,0.00709590531187
