30,40.4772453308,186.708724976,19.2850093842,47.4551239014,79.5599281788
30,457.642181396,173.119522095,19.0473117828,49.0921630859,22.0980942249
30,512.809265137,161.440811157,23.4827270508,57.303653717,9.55565720797
30,409.526123047,175.512756348,26.1558437347,51.0305671692,7.78256431222
30,5.6345038414,194.238479614,16.6206302643,50.5677490234,2.87191662937
30,576.733947754,166.474914551,29.5845127106,51.034576416,2.19607129693
30,284.68057251,179.547973633,24.5982990265,58.0532569885,1.19010349736
30,483.74621582,179.943618774,18.8641281128,48.3432159424,0.744266342372
30,473.684906006,175.715652466,18.4460830688,47.8738250732,0.63658580184
30,616.775268555,196.039413452,17.3869628906,43.8987541199,0.210236478597
30,499.201263428,167.192245483,21.1273441315,58.411907196,0.208645383827
60,488.063446045,155.673110962,21.8369007111,55.2930717468,87.1425330639
60,516.974975586,140.042831421,20.88879776,70.1042251587,10.3649437428
60,498.74508667,151.134368896,27.9239177704,59.54164505,7.69700780511
60,37.9403343201,97.9369430542,19.7153949738,54.6639060974,3.04664392024
60,412.821563721,97.1077880859,22.8210601807,65.1009292603,0.82397563383
60,6.95810556412,188.953353882,15.3956708908,54.5276679993,0.367032340728
60,538.938903809,135.764328003,18.9302024841,58.7069740295,0.0974400842097
60,70.1889266968,241.464981079,28.377122879,62.0689430237,0.0473415362649
90,534.855957031,151.267288208,23.5056304932,63.1357574463,95.4795300961
90,550.579040527,147.617431641,18.631483078,66.5007019043,11.5756183863
90,605.113098145,112.504615784,24.7841033936,69.4964447021,4.05925028026
90,461.007476807,158.028884888,26.0084609985,60.7015533447,0.797430612147
90,592.26361084,132.554702759,26.2091751099,70.2557296753,0.5374037195
90,443.706268311,154.974746704,16.2989578247,46.1093177795,0.491095427424
90,616.301635742,200.595504761,16.6908740997,42.5789489746,0.30114648398
90,564.056335449,154.620574951,19.4724369049,55.8331031799,0.283258478157
90,521.051330566,157.56312561,23.4563236237,64.1460418701,0.176659994759
90,582.399169922,146.248474121,22.5071716309,61.9178504944,0.121448910795
90,410.121246338,80.7983779907,19.0718402863,50.6337547302,0.0318084756145
90,578.020446777,70.3095779419,20.521276474,51.2320899963,0.0206520722713
90,615.516723633,37.2041625977,17.0527667999,58.7479858398,0.0115438073408
90,419.361907959,80.9942398071,22.3167877197,59.6352386475,0.0105234357761
120,601.681274414,146.395462036,31.6327266693,80.4871673584,95.0634837151
120,489.271087646,155.901504517,19.1789722443,52.3261070251,18.5760185122
120,436.862213135,154.839614868,18.8711013794,44.7086791992,10.4350239038
120,467.381835938,158.038223267,18.7492809296,45.8608055115,7.2356313467
120,452.398529053,155.910858154,17.4555492401,45.481716156,3.67499776185
120,321.631500244,141.803710938,23.1685810089,56.5747947693,1.57405585051
120,477.897796631,161.614303589,18.8818950653,52.4127616882,0.99314507097
120,615.407470703,188.945083618,18.2190074921,47.1760101318,0.261524016969
120,591.54510498,176.008666992,28.3834228516,63.9657173157,0.0959801778663
120,626.615905762,161.749984741,13.3840942383,52.8632621765,0.00949591267272
150,511.213043213,181.700210571,19.7893009186,46.1269226074,19.1193133593
150,467.778198242,169.526000977,19.4543628693,44.1830329895,13.8289615512
150,425.956176758,156.085678101,20.5834980011,53.8645172119,11.2700015306
150,603.710083008,205.355209351,26.2652187347,72.2412185669,6.79521635175
150,414.579620361,158.924575806,17.1571922302,47.9483985901,6.16695731878
150,487.317474365,169.147857666,20.1153774261,48.743270874,5.87188638747
150,564.823059082,174.779800415,20.2720394135,50.6767082214,2.7870118618
150,340.013305664,158.973587036,19.3369235992,46.1927642822,2.71494090557
150,469.556640625,182.223831177,34.092464447,54.039516449,1.11985653639
150,521.609863281,176.471237183,22.061044693,52.2394714355,1.11224241555
150,18.6657581329,128.416152954,25.2305431366,62.5912208557,1.00982235745
150,553.457214355,175.112121582,19.2137012482,49.7181663513,0.902762264013
150,525.08996582,271.039459229,21.414270401,47.2401618958,0.901183765382
150,446.709228516,172.738708496,16.8925418854,39.331653595,0.659210560843
150,542.633056641,177.655883789,18.7756175995,48.5608634949,0.547521561384
150,500.261810303,180.815383911,18.0446338654,45.4074401855,0.544747011736
150,508.686859131,277.778045654,22.8680095673,46.2971496582,0.526729924604
150,586.545288086,177.117782593,17.9648075104,47.5222053528,0.523182377219
150,5.31535005569,150.071487427,18.5696601868,55.2292671204,0.0305282854242
180,596.827941895,189.12940979,18.9236049652,51.5417022705,49.7109234333
180,9.53407096863,179.153671265,19.1499919891,50.8472099304,35.2126598358
180,572.256408691,181.063293457,19.7430839539,62.624256134,27.2256374359
180,502.489532471,174.996994019,21.5956172943,49.1772155762,26.1064529419
180,609.147155762,196.999893188,22.8675918579,51.59034729,24.5827198029
180,450.955657959,176.42779541,17.8751220703,48.2655296326,4.3714672327
180,428.126831055,178.680892944,20.1037063599,40.4564170837,4.11203876138
180,584.149963379,184.875366211,21.8544692993,58.7234649658,3.65199632943
180,349.299682617,170.143951416,20.4974822998,46.4292602539,1.54120512307
180,493.823516846,179.271591187,17.4700336456,46.0842170715,1.16881942376
180,494.202911377,192.430099487,32.0386505127,63.4368438721,1.05380741879
180,560.583557129,184.230606079,21.3591918945,51.279083252,0.683025131002
180,478.391448975,185.657165527,16.9142570496,38.7273216248,0.544464308769
180,163.895095825,170.181015015,20.7363491058,47.1218566895,0.273233791813
180,525.671813965,193.818847656,18.8968353271,44.8901557922,0.260867760517
180,6.40141153336,110.730476379,17.3568649292,50.7072410583,0.215989723802
180,17.5575122833,194.603439331,21.1980171204,47.852558136,0.172127701808
180,627.196472168,202.371871948,12.803527832,58.7900695801,0.0533491896931
210,536.08807373,184.271896362,24.1438503265,53.5145683289,88.3968472481
210,432.622833252,173.962203979,17.7429637909,49.2254905701,12.9756569862
210,343.9637146,173.179031372,19.2530155182,47.941986084,2.72865779698
210,7.99145507812,192.672607422,15.8984222412,48.5332641602,1.82854272425
210,524.101135254,182.67527771,20.471704483,52.1375694275,1.58534739166
210,609.340759277,203.303100586,22.7809123993,56.2359809875,1.0889235884
210,386.197479248,171.713180542,19.4919662476,47.2955360413,0.990924984217
210,551.315429688,198.860122681,20.0834846497,44.8543663025,0.91814789921
210,127.779075623,166.274185181,15.9002141953,50.1100921631,0.139194680378
240,596.958435059,179.776000977,28.6805706024,71.3105239868,98.8834023476
240,438.208221436,175.014266968,19.4760704041,52.2217521667,90.4518485069
240,78.4592819214,187.588027954,18.2361125946,42.6393280029,28.6739438772
240,4.38687467575,200.01399231,15.8824167252,47.2986793518,27.5748610497
240,461.327362061,179.42124939,18.6034832001,53.8656349182,15.4413893819
240,325.151519775,171.498184204,19.7738056183,50.12109375,12.3348884284
240,615.684387207,194.346313477,16.465013504,50.9696769714,9.3838557601
240,69.9370727539,181.804504395,16.280752182,46.0288085938,4.81815226376
240,309.263366699,169.672241211,18.8549823761,52.5843048096,0.771602150053
240,510.527252197,200.312393188,18.9286899567,44.1607627869,0.352651113644
240,427.15512085,175.555053711,15.7827444077,48.9344291687,0.225070444867
240,626.291931152,204.259567261,13.2941141129,42.6665344238,0.138724513818
270,471.751617432,167.733261108,23.3586406708,59.825012207,91.9691324234
270,35.1576347351,181.002639771,18.9360866547,45.6693611145,88.152629137
270,330.051940918,172.755203247,20.5501079559,50.0349311829,26.0375261307
270,237.748779297,170.865188599,19.0151691437,46.2072410583,25.2734094858
270,493.8074646,178.535873413,17.4818115234,55.5721740723,17.8243353963
270,398.363189697,178.70526123,19.0731697083,44.5791053772,3.80303859711
270,370.990692139,179.211868286,17.4734210968,42.2444648743,2.56135035306
270,597.599121094,198.579971313,25.5877532959,52.8301544189,2.34209243208
270,91.8045120239,162.921630859,21.151971817,50.9897155762,1.43654774874
270,379.536987305,173.010314941,22.6219120026,48.4141845703,0.604147464037
270,47.9758491516,175.82611084,18.1069869995,45.1980247498,0.579775217921
270,345.911743164,175.100357056,15.6245689392,49.4841804504,0.460641738027
270,615.184387207,214.165512085,17.3153762817,45.510219574,0.44659296982
270,314.797607422,167.738952637,18.2942066193,47.9569587708,0.348482467234
270,303.441986084,164.099014282,19.738451004,56.0683135986,0.202821637504
300,536.101135254,149.917678833,33.6965751648,91.731300354,96.7234313488
300,579.601806641,165.89276123,28.7288074493,75.8454666138,77.4567484856
300,398.637908936,166.463088989,17.9091758728,54.6480293274,52.2784471512
300,348.123626709,164.992706299,19.0674228668,57.811580658,38.3749336004
300,570.600158691,181.4662323,17.3083019257,61.5552520752,29.6031266451
300,557.363525391,156.920135498,23.8559417725,83.430847168,16.6297987103
300,425.884643555,177.051467896,24.1812419891,48.0387992859,14.68116045
300,519.519958496,149.421890259,22.234128952,60.9834938049,12.4811068177
300,383.732421875,173.625305176,16.9639492035,46.2737236023,9.6706867218
300,614.731445312,169.534317017,18.0572509766,41.3622779846,3.09036206454
300,477.852905273,172.44720459,19.0449295044,48.5912742615,2.63538714498
300,243.935165405,163.807266235,17.9886875153,46.4921684265,2.38228198141
300,458.339233398,168.77583313,17.6803073883,49.709690094,1.37879233807
300,80.6826858521,153.039093018,18.3191890717,55.9289741516,1.17588257417
300,489.790008545,169.864364624,16.7355232239,46.6028862,1.00314514711
300,289.670379639,151.569229126,23.0512561798,66.5713272095,0.792289152741
300,367.68371582,171.817504883,17.5172786713,51.0371055603,0.743722356856
300,7.91062498093,176.609313965,15.598282814,42.7794837952,0.633063772693
300,573.315612793,116.493377686,24.6987438202,66.4138031006,0.525043066591
300,597.114807129,170.397384644,21.5037746429,52.48046875,0.481931073591
300,589.671691895,114.071540833,20.2586593628,62.7755737305,0.0336147233611
330,386.384643555,156.666564941,22.3518066406,63.2791252136,33.5167467594
330,423.574707031,170.578689575,19.7641735077,53.6987915039,22.7373316884
330,456.6015625,177.232711792,18.723192215,50.3652153015,18.2223796844
330,493.714630127,177.770217896,20.9807224274,57.4228172302,8.4910787642
330,441.756561279,174.245117188,20.069524765,48.0449409485,8.15774425864
330,569.184204102,174.639907837,19.9201107025,52.2619056702,7.55480602384
330,325.433746338,142.085144043,23.4078578949,79.2282791138,4.61182333529
330,467.494873047,176.424865723,17.1719493866,49.8941001892,4.42702956498
330,616.905334473,177.705932617,15.7280693054,49.5620918274,1.89966764301
330,559.208740234,181.335449219,16.9169845581,49.0984458923,1.44840665162
330,520.534606934,166.105209351,20.1656360626,60.1235237122,0.910968892276
330,372.369598389,160.763412476,19.5704936981,52.9249420166,0.703615648672
330,627.065246582,127.626930237,12.934753418,51.2529640198,0.149876158684
360,5.25332784653,182.68132019,14.1102342606,41.2649497986,45.10871768
360,560.231994629,189.865539551,21.364730835,58.3890419006,25.3948748112
360,530.234924316,187.054275513,23.3062286377,61.3706474304,18.102183938
360,392.474761963,180.159439087,19.6657962799,52.1162071228,2.6887120679
360,610.328125,196.966674805,18.6204147339,48.4887580872,2.150872536
360,543.709899902,184.344558716,26.9054698944,64.9735183716,1.80228222162
360,449.547119141,174.691955566,22.4761142731,55.3312034607,1.5622436069
360,401.894500732,157.795639038,23.6951465607,62.6607475281,0.851097144186
360,424.484893799,160.106689453,20.632818222,55.9877586365,0.680976454169
360,573.427429199,191.918197632,18.1095619202,54.3463897705,0.543782208115
360,522.461364746,208.475769043,18.550157547,44.0613517761,0.394600955769
360,200.788619995,139.783630371,20.8795604706,56.6899986267,0.252905278467
360,425.038085938,186.602127075,28.8064956665,54.660736084,0.164428947028
390,29.6244869232,171.535095215,21.0057201385,61.8617744446,59.5051705837
390,6.13213682175,171.123779297,14.8980169296,46.4042549133,46.3209867477
390,21.0629806519,171.323776245,17.7660560608,50.9741821289,26.7120927572
390,571.22454834,181.007369995,23.7560939789,53.9578590393,21.4074969292
390,608.319458008,186.067382812,23.7398662567,82.669418335,13.8102993369
390,612.491577148,168.907165527,19.9706726074,50.2449645996,4.17580679059
390,461.310150146,172.848739624,21.3212013245,56.6715126038,0.916571076959
390,466.872283936,141.689758301,25.1918468475,65.8510665894,0.755314901471
390,438.719268799,173.863220215,20.4612426758,53.0936698914,0.278205377981
390,477.562835693,168.178268433,19.499917984,56.4902534485,0.197062967345
390,46.8657684326,171.059707642,17.2016391754,45.2280731201,0.166855112184
390,613.454101562,236.070678711,18.0250873566,41.0200538635,0.114927510731
390,493.769134521,97.1072006226,26.7493228912,81.4265213013,0.0403725774959
420,499.115753174,166.77104187,19.6997337341,51.2773475647,3.10635436326
420,550.38458252,168.001861572,26.9066009521,59.8472251892,1.67832318693
420,97.8844070435,163.05078125,27.6669063568,64.386932373,1.22030703351
420,615.555541992,181.507995605,16.9203052521,49.8668212891,1.06478659436
420,509.176544189,172.230789185,20.8770503998,58.3448677063,0.815541017801
420,84.3052215576,176.96736145,21.6230545044,52.3534698486,0.237813405693
420,112.189689636,107.64654541,34.5067558289,86.4333572388,0.0690611661412
420,574.440368652,137.450820923,24.0434818268,68.4478530884,0.0652712245937
420,5.43654870987,27.2565021515,19.8526382446,50.8352508545,0.0461103423731
420,234.746414185,128.153182983,27.4598999023,70.0216369629,0.0324921071297
450,581.654541016,45.6449012756,34.4430122375,108.315483093,7.01433569193
450,562.947692871,58.0468559265,64.6153030396,169.06690979,6.98612481356
450,605.104003906,143.440139771,28.066286087,64.1502914429,6.56204819679
450,526.879333496,155.352264404,19.9334144592,50.8102836609,5.19534870982
450,104.272796631,157.322006226,19.4674129486,40.3838233948,4.83103469014
450,607.448547363,74.97605896,24.4522647858,94.1874694824,3.26722562313
450,333.912200928,147.670333862,20.6840343475,44.9929847717,3.05155050009
450,546.709655762,193.203659058,32.0027923584,49.7646827698,0.582554796711
450,508.841461182,152.052368164,17.6253299713,45.4550323486,0.371025153436
450,5.62899589539,187.330947876,18.9711647034,64.2198410034,0.0452010368463
480,603.768188477,143.394577026,22.384185791,54.4486846924,35.8232080936
480,45.1486854553,129.954879761,19.7100467682,63.6767158508,14.8248791695
480,574.167175293,156.855026245,17.0515270233,50.0445671082,4.72518466413
480,339.400512695,147.980682373,20.2901935577,46.1279144287,3.14730852842
480,473.734710693,149.824401855,22.2224369049,48.5986747742,2.80358232558
480,225.9765625,140.019363403,16.0438098907,49.2145729065,1.91316250712
480,119.381317139,122.949554443,22.9826660156,68.0339126587,1.00168110803
480,593.399963379,158.178634644,17.1601409912,46.9357032776,0.466422736645
480,53.1034393311,118.620948792,27.4597988129,70.7261276245,0.42704064399
480,442.646240234,167.251922607,21.4043292999,61.4496459961,0.32620918937
510,36.8071403503,141.560119629,25.0789470673,57.596736908,10.3768125176
510,615.860046387,145.106124878,17.7142333984,55.5154266357,6.69880211353
510,241.985824585,149.469787598,19.1453495026,51.8122673035,3.93975935876
510,297.778411865,165.838867188,18.7502880096,47.8857078552,3.10529153794
510,517.500305176,184.281677246,23.9183807373,68.2719726562,1.66000109166
510,576.22454834,77.4894332886,23.8985767365,72.6388320923,0.835747923702
510,113.911567688,127.31439209,21.8040828705,61.4791984558,0.225778878666
510,150.864730835,168.268173218,15.0189332962,43.4977416992,0.17829061253
510,547.36328125,123.161476135,22.0796890259,55.8494758606,0.0177926311153
510,558.526794434,84.9089202881,31.6360931396,85.4523391724,0.0155678178999
540,9.37449455261,194.598205566,16.6171550751,47.2675361633,10.7871644199
540,30.8114414215,74.916015625,29.3943805695,95.7133789062,4.30672429502
540,225.963699341,151.042312622,20.0658283234,48.6697044373,1.67386159301
540,604.906921387,171.006149292,23.4287052155,61.676776886,1.63550451398
540,567.498901367,126.805389404,20.2262706757,57.2386016846,1.04332780465
540,585.946777344,182.993164062,33.9453659058,77.9195785522,0.690218899399
540,615.663391113,136.237991333,18.2862300873,52.5110588074,0.648840330541
540,583.639953613,122.744529724,25.5398101807,69.5880813599,0.640651583672
540,36.2106437683,154.950546265,18.2344913483,56.6951332092,0.601686351001
540,67.4769515991,124.140022278,22.1036376953,62.4267578125,0.559268472716
540,17.9780673981,185.056945801,21.7976016998,47.7015647888,0.329409935512
540,56.3645782471,75.1403884888,22.6485462189,89.4530715942,0.234740995802
540,188.940353394,142.271713257,20.4252700806,57.2446403503,0.0285002257442
570,11.4428215027,195.954650879,25.5497360229,67.5577011108,12.7898856997
570,531.804748535,179.085693359,28.5553760529,71.0915756226,10.0067958236
570,63.7016563416,210.726303101,19.1148452759,48.5030403137,3.10932714492
570,157.975006104,148.049224854,20.214597702,51.2730064392,2.43806336075
570,88.1160507202,176.619918823,22.7311878204,59.4998168945,1.10961534083
570,177.308410645,85.3388977051,27.421918869,62.7416038513,0.785589404404
570,445.559692383,252.580032349,22.2741985321,53.5238037109,0.505968602374
570,615.937561035,215.817443848,17.0347423553,50.5869941711,0.501099321991
570,628.33795166,93.7355117798,11.6620483398,47.9075737,0.183217402082
570,306.908477783,160.25227356,20.5699043274,48.7754669189,0.084851460997
570,548.842956543,189.666625977,25.9041290283,70.2886428833,0.0401589553803
570,226.413818359,79.2571182251,22.767873764,50.8417015076,0.0303447857732
600,138.143188477,46.5503425598,27.3633289337,64.3988876343,21.295234561
600,616.770324707,159.807357788,15.7939043045,53.5633735657,7.57303982973
600,558.107055664,162.397750854,21.3336696625,57.7181358337,5.89161776006
600,66.9991531372,144.40083313,20.6708755493,55.9366569519,1.62070095539
600,527.385803223,180.646957397,19.9770832062,62.1373252869,1.29107031971
600,10.7701196671,215.226196289,24.2722148895,56.1816558838,1.23829562217
600,124.410850525,50.468296051,25.8169651031,66.782875061,1.12802553922
600,61.5014762878,58.5745849609,20.7481746674,49.6087837219,1.02674420923
600,564.009460449,198.735305786,28.5166397095,74.8132324219,0.883100554347
600,155.348831177,50.3707580566,23.0166854858,57.3424568176,0.585304386914
600,276.899932861,167.848129272,23.5619068146,65.3012008667,0.549789052457
600,586.177612305,201.539199829,28.4992389679,83.6879653931,0.42831893079
600,506.380859375,181.201950073,28.7669677734,52.9603881836,0.376540212892
600,614.771850586,187.563552856,18.8607082367,54.2556610107,0.355193647556
600,259.656097412,144.418319702,19.5104598999,52.2248573303,0.34523231443
600,472.501068115,138.144699097,17.9565677643,52.7486000061,0.339373061433
600,535.869567871,178.765335083,27.9132137299,76.1021957397,0.206732237712
600,599.140930176,181.981506348,28.920293808,78.4444503784,0.120855122805
600,7.23904561996,64.5888671875,28.3388385773,91.1503677368,0.0688112981152
600,4.86917638779,180.468643188,22.9767074585,67.8794250488,0.0632614188362
600,493.929290771,119.023323059,20.7970409393,56.4729957581,0.00785990996519
630,605.476501465,188.256225586,23.0565738678,61.9350738525,81.2891602516
630,580.134216309,156.861129761,21.746421814,77.9263305664,61.5769386292
630,518.634765625,180.616882324,38.9735374451,65.4593276978,5.39714433253
630,81.4270858765,43.9164848328,20.2673358917,53.7128868103,2.44566760957
630,574.549377441,192.366409302,20.3570232391,56.4287605286,1.58238578588
630,591.964294434,160.379974365,27.0715656281,82.4732894897,1.51989804581
630,564.230102539,81.8621444702,50.2405548096,148.341094971,1.36909829453
630,562.958068848,199.269897461,19.5774650574,52.8213844299,0.527481082827
630,553.894714355,72.7843017578,32.3684921265,96.8269271851,0.151612667833
660,454.752044678,130.105957031,25.5865955353,70.1266860962,29.5680850744
660,441.440032959,185.553665161,21.9358997345,43.5689086914,20.5843299627
660,536.194274902,213.971633911,24.2695713043,66.2146453857,16.5700435638
660,560.815612793,224.445755005,21.6208324432,61.264755249,7.30105638504
660,10.1211462021,119.440582275,21.1013851166,64.736366272,5.70247769356
660,142.458206177,147.137557983,27.2209796906,70.1590652466,0.723517220467
660,582.812927246,235.505554199,23.4518947601,52.6003417969,0.591862248257
660,87.5372085571,246.446182251,22.3944606781,55.0901184082,0.16656240914
660,102.078948975,226.414077759,22.5684757233,65.9710159302,0.057650503004
660,108.491905212,164.342605591,23.0764408112,93.4231338501,0.0308256509015
660,471.103179932,126.623718262,22.664899826,64.6032562256,0.00313840100716
690,503.95022583,136.904144287,25.762468338,78.3996353149,24.8284190893
690,12.0746955872,186.58039856,22.7597885132,61.3264465332,16.8919041753
690,555.329040527,42.5019874573,24.1356678009,67.1254425049,3.93358245492
690,474.843048096,145.776931763,18.9326248169,59.6944999695,1.87046062201
690,522.969665527,135.659210205,26.1975193024,81.5090560913,1.78293064237
690,158.309005737,156.955627441,21.9108581543,57.1684989929,0.559174502268
690,519.189941406,112.626800537,21.4155254364,64.3941268921,0.415747892112
690,515.276306152,171.598464966,19.9576625824,54.0372772217,0.27979912702
690,6.57525968552,94.5368652344,17.6769428253,55.0133934021,0.226420746185
690,490.395507812,141.300979614,18.7727108002,64.5628128052,0.0895757286344
690,538.032043457,47.1050605774,27.6257381439,101.860939026,0.067830021726
690,24.8126144409,193.108230591,23.8611392975,56.2338905334,0.0500625290442
720,134.750808716,154.081863403,30.2243652344,65.0144042969,77.6927173138
720,557.29498291,112.925201416,30.5774364471,91.5345230103,5.61782717705
720,602.752624512,46.3952636719,26.9077548981,81.0917129517,5.6100372225
720,51.6366844177,120.707191467,32.6462173462,82.0997848511,2.76268832386
720,515.408874512,64.5698928833,17.9027919769,60.4326629639,0.264925439842
720,128.183670044,179.163009644,17.5312366486,52.57264328,0.211448804475
720,575.406799316,101.678459167,26.4683456421,66.1429595947,0.0502345443238
720,585.423461914,77.3264770508,27.6530208588,76.8947372437,0.0344477768522
750,496.744384766,178.571411133,18.1947841644,48.677646637,93.8506007195
750,46.2206382751,182.33807373,19.552022934,54.1605987549,73.6360967159
750,613.206726074,167.47605896,17.6771087646,52.6526679993,36.6687327623
750,17.6858062744,187.235824585,24.0585536957,52.1210670471,1.40613671392
750,546.919677734,152.037734985,20.2423610687,59.7201843262,0.784607976675
750,537.695617676,171.387161255,19.7166538239,56.5604400635,0.698936637491
750,521.351867676,183.717346191,17.0724964142,44.60496521,0.356731447391
750,97.4488525391,139.720413208,35.6393013,74.1887130737,0.324006378651
750,251.255371094,161.504592896,19.3588275909,44.0876502991,0.311624421738
750,5.1689581871,400.440795898,19.12566185,49.5818824768,0.205514626577
750,82.2030105591,124.934745789,20.0916919708,53.096698761,0.0368848443031
750,566.885070801,31.2357006073,22.9418487549,58.3383026123,0.00129809068312
780,539.360046387,158.770584106,25.1000957489,56.5303688049,98.8661468029
780,579.335632324,170.157302856,18.9861354828,45.688419342,0.832828227431
780,7.39431619644,74.3320846558,24.6022930145,67.7957992554,0.286077428609
780,528.893615723,162.011672974,16.3069992065,54.6793060303,0.162526464555
780,559.97479248,161.016906738,16.2047977448,49.0016212463,0.160198053345
780,614.449401855,211.429855347,17.6963443756,42.575012207,0.0818342901766
780,595.196838379,32.2770576477,34.3022651672,96.026550293,8.59380747897e-05
810,568.649475098,156.399215698,20.1164016724,58.2559204102,5.01624383032
810,110.141113281,124.732719421,21.6917972565,68.8029098511,1.30649209023
810,577.679260254,173.018966675,20.2256679535,45.9365844727,0.625073770061
810,84.199005127,159.257522583,17.2380161285,50.5294075012,0.302957836539
810,616.540222168,186.694534302,15.767250061,43.3378105164,0.122128683142
810,213.266433716,138.479812622,20.5600414276,46.3022117615,0.00913146650419
840,515.032653809,173.278945923,24.2507190704,65.9564361572,9.37163904309
840,421.080810547,147.106948853,20.8996562958,62.9278144836,5.51972202957
840,7.85768175125,189.448989868,14.2265787125,43.487903595,1.73329170793
840,610.059143066,75.9311599731,21.2716999054,66.4878692627,1.66099984199
840,181.723144531,141.702896118,19.2754249573,50.817565918,1.39435632154
840,587.710510254,80.6818771362,24.2362766266,77.2077407837,0.949272885919
840,501.078887939,167.549804688,15.2634935379,47.0999298096,0.721658486873
840,514.386230469,108.010276794,22.6469478607,89.2675704956,0.389927159995
840,119.362640381,159.569519043,16.6893482208,54.3756523132,0.373524706811
840,491.529296875,119.983802795,23.2705860138,73.2733688354,0.365900574252
840,573.900268555,39.5153503418,28.0127506256,91.0454940796,0.222374754958
840,504.463378906,103.329406738,20.4832057953,58.5407829285,0.0486481440021
840,69.6025390625,119.70565033,32.7257080078,67.3328933716,0.0346279179212
870,584.45501709,172.339294434,20.8568019867,47.8113746643,95.9332585335
870,7.57426834106,182.096603394,20.3206005096,52.7077941895,80.6413948536
870,90.3259506226,172.042800903,20.612569809,45.4650611877,78.5854279995
870,483.337249756,106.404029846,18.3393535614,51.4887809753,29.5564472675
870,600.875854492,168.707473755,18.6407032013,50.1127166748,4.93053197861
870,453.413360596,166.504165649,17.4741153717,59.9146575928,2.95007061213
870,611.903625488,159.335113525,18.0905723572,52.2252388,2.60959081352
870,438.236572266,166.321136475,23.1788425446,60.753036499,1.42058394849
870,187.524841309,165.707046509,19.152469635,54.3406410217,1.21523048729
870,381.383392334,139.952651978,21.3921508789,55.1919364929,0.904534105211
870,54.8043251038,103.142814636,27.8545532227,79.9265823364,0.395018840209
870,572.837402344,174.619155884,20.1638126373,57.607624054,0.307137775235
870,577.815368652,81.689666748,23.5257644653,67.978187561,0.303003750741
870,616.638671875,279.458526611,17.3573532104,43.7069740295,0.0596732890699
870,465.756439209,150.335342407,28.9914531708,72.1473312378,0.0495496729854
900,64.9727478027,173.457336426,19.7902450562,52.5986328125,17.1333730221
900,519.733581543,148.887710571,29.7020874023,96.3311386108,12.7621546388
900,616.84979248,89.4990615845,16.5175266266,47.1630554199,8.26860889792
900,400.394897461,138.334014893,21.6843490601,68.2866897583,1.93270053715
900,3.17756533623,115.584068298,25.0620441437,72.6804428101,1.18156541139
900,613.741455078,227.627075195,18.0452651978,54.8225822449,0.837501883507
900,551.686462402,89.1424484253,23.7687740326,75.0762176514,0.727725122124
900,136.146011353,120.030662537,22.6020870209,63.5184173584,0.499404966831
900,532.16204834,103.081756592,27.910238266,83.6840591431,0.246353587136
900,175.495285034,129.59727478,23.7135028839,59.2482261658,0.150741089601
900,599.066833496,82.810005188,24.2860946655,50.2257423401,0.0531672558282
930,6.86203718185,180.919174194,16.186000824,55.5537528992,61.2255990505
930,397.055664062,147.462997437,23.0455303192,60.375125885,31.2440156937
930,531.682495117,158.271453857,19.2322120667,49.4712944031,1.2557361275
930,99.9312515259,118.049049377,24.7605419159,74.5615844727,0.650317268446
930,14.2271604538,182.56993103,28.947271347,52.8435325623,0.206354283728
960,610.911560059,179.534667969,18.1905498505,53.6723175049,58.0504417419
960,198.916946411,148.294830322,21.1570472717,59.0841255188,19.8301583529
960,593.077697754,145.506149292,30.8045825958,76.0839767456,5.3993538022
960,7.98696660995,187.799819946,15.6053876877,46.1251068115,2.98971049488
960,148.408370972,175.185501099,15.8071937561,46.4986076355,1.64780505002
960,395.905426025,164.212890625,17.2291107178,48.4265556335,1.23387351632
960,404.069091797,155.156326294,20.0380325317,55.8852500916,1.15439649671
960,2.19137310982,95.8788452148,21.7791213989,50.144985199,0.342832715251
960,97.2869338989,163.014144897,20.3196926117,54.6166229248,0.243003875948
960,548.23260498,181.250045776,23.5742321014,51.9768257141,0.216024531983
960,9.42415332794,89.3112869263,27.1848297119,105.880393982,0.196824246086
960,456.355712891,183.598251343,22.9482784271,60.3623542786,0.180207868107
990,129.240921021,167.44543457,19.5481548309,53.9597930908,9.89077836275
990,425.358520508,154.371414185,19.0120296478,58.318939209,8.02771151066
990,432.527496338,143.473587036,28.6935634613,72.7877349854,3.09291835874
990,31.2808914185,178.219436646,29.8148136139,56.3229980469,2.9089961201
990,98.313659668,167.302322388,23.2658672333,60.8515930176,1.15220230073
990,116.125854492,163.180389404,20.5602626801,58.4187164307,0.812138151377
990,70.9481582642,154.046142578,18.3744945526,52.8144416809,0.322392047383
990,415.880828857,166.451553345,18.1842842102,50.3955421448,0.255585624836
1020,122.324005127,167.931549072,24.3431243896,56.6568870544,34.5219224691
1020,457.468170166,163.623245239,18.8956680298,51.7915306091,22.64534235
1020,8.30854511261,192.296554565,16.831155777,52.4060974121,10.3352144361
1020,470.648590088,146.684921265,29.7575740814,78.7986831665,8.94219428301
1020,91.589225769,163.104598999,24.3446273804,64.8400802612,7.7575661242
1020,506.54989624,173.625076294,18.6009235382,44.6370887756,6.67995661497
1020,165.071914673,142.166183472,28.3596878052,67.2349700928,2.70614605397
1020,109.420471191,174.323806763,18.2654857635,48.2603492737,1.0606251657
1020,487.811187744,173.06199646,18.9264888763,52.3614463806,0.496708136052
1020,568.721679688,171.400039673,20.9651584625,52.0570526123,0.421019783244
1020,491.958221436,82.282119751,20.8651638031,59.0461730957,0.322877103463
1020,396.838165283,154.730834961,18.3691043854,53.3415107727,0.269279186614
1020,409.313720703,161.084945679,18.1093502045,48.3894538879,0.172695994843
1050,590.055236816,153.24822998,27.2873458862,76.6199569702,66.3209795952
1050,477.98828125,172.198959351,19.7901535034,47.4725189209,65.8633410931
1050,58.8630867004,160.845474243,21.1909255981,60.7893562317,25.9002238512
1050,607.69317627,158.107406616,20.6969146729,70.9525375366,4.58022244275
1050,94.3805618286,184.941085815,18.276506424,42.1916007996,3.63711006939
1050,510.071014404,83.5532302856,59.617401123,148.662719727,3.33242379129
1050,43.3275794983,168.485031128,26.8768444061,60.2400398254,3.28628085554
1050,80.8375778198,173.377120972,23.3430175781,49.6581001282,2.84394621849
1050,465.596160889,175.617858887,18.7168483734,46.6227302551,2.54149679095
1050,525.975402832,190.647537231,20.8186264038,51.2873954773,0.861947145313
1050,557.910339355,181.123245239,18.0734272003,50.8759040833,0.47409995459
1050,503.146636963,175.801452637,22.5294342041,48.8512268066,0.354238902219
1050,487.4168396,181.516464233,19.2468547821,45.3723144531,0.197786209174
1050,536.442321777,192.035903931,28.6631603241,56.0358085632,0.185884034727
1050,530.99017334,68.4634857178,27.1096248627,111.115974426,0.0520517292898
1080,12.18379879,173.716323853,23.2106704712,52.160282135,58.5753321648
1080,610.692687988,177.935119629,17.342710495,46.4339256287,25.7403880358
1080,598.412536621,176.633621216,16.6324672699,47.9963951111,16.975864768
1080,185.165634155,165.567443848,20.011423111,51.5211486816,7.70956203341
1080,52.5994911194,181.573501587,18.6081428528,45.4473762512,6.15107528865
1080,26.2515945435,166.165664673,21.3135318756,55.4811439514,4.72460500896
1080,67.5891952515,167.748519897,19.6540393829,52.3674468994,1.87739674002
1080,5.97135543823,159.608779907,17.2147045135,50.8744239807,0.749880168587
1080,513.337036133,179.790725708,18.4885540009,47.8004493713,0.480230292305
1080,418.447784424,156.929092407,19.5137557983,51.3426399231,0.394377112389
1080,146.590270996,173.587158203,20.7398662567,58.0902137756,0.133618421387
1110,529.674682617,170.32421875,22.8686351776,56.7087745667,97.4710285664
1110,491.616210938,174.743972778,23.7839717865,45.6631889343,21.4557170868
1110,437.646087646,150.539672852,24.5857791901,56.7325897217,2.66760606319
1110,585.074157715,166.063201904,20.7730064392,55.4180755615,2.41891033947
1110,595.713562012,307.818878174,24.7497234344,59.7176399231,1.96030251682
1110,545.421081543,175.686477661,23.6231327057,59.0350608826,1.61923374981
1110,618.403015137,35.3180007935,15.4937963486,44.3833885193,1.15754324943
1110,559.65447998,171.862060547,20.2857646942,64.3048324585,0.676279515028
1110,425.312713623,160.730209351,18.8455181122,47.5246696472,0.548974052072
1110,562.149841309,50.5229606628,18.9008960724,53.6426429749,0.158426677808
1140,561.595092773,170.129943848,24.1822376251,59.3683586121,99.4570672512
1140,6.28784418106,155.158157349,18.9980144501,59.8473548889,58.5951387882
1140,609.570129395,167.014892578,20.6466464996,81.6543807983,12.7277627587
1140,547.092468262,166.241317749,17.4606151581,53.7230033875,5.36722540855
1140,615.634643555,44.9598960876,16.9299430847,49.7451896667,1.61233693361
1140,593.344055176,176.480575562,25.3924770355,66.4987869263,1.49572063237
1140,515.457336426,166.254257202,24.1208572388,59.712726593,1.21123101562
1140,586.153869629,184.529602051,18.4758205414,46.1305999756,0.540397362784
1140,536.361999512,165.9921875,18.1153049469,50.9632072449,0.0962660473306
1170,592.506835938,166.002243042,25.110086441,66.3037643433,99.9344646931
1170,551.452453613,73.0560531616,21.6351490021,58.27866745,18.3451205492
1170,112.372589111,152.611068726,21.3851337433,61.7204093933,7.01732411981
1170,6.74299049377,45.3619194031,16.7201042175,46.2279815674,5.97572512925
1170,7.21413421631,172.439285278,14.6579637527,44.4794425964,0.438251160085
1170,6.3528175354,397.509918213,18.5860805511,47.9839668274,0.393338967115
1170,535.69317627,155.780227661,20.2068367004,44.4612236023,0.349770090543
1170,613.49420166,169.238296509,18.1064414978,48.396282196,0.239758659154
1170,439.753570557,151.416976929,19.203119278,59.409740448,0.11108093895
1200,141.981964111,149.53288269,22.6597213745,64.4645080566,13.9104634523
1200,544.04498291,151.727828979,18.1834964752,43.1588897705,1.99240464717
1200,583.003723145,47.8002357483,29.2059326172,85.6786422729,0.453020446002
1200,580.277832031,138.566268921,19.4284687042,53.7736244202,0.366854085587
1200,103.996398926,138.098678589,21.0939388275,51.7858123779,0.192124105524
1230,593.18951416,142.630065918,22.2517223358,59.1034812927,29.1794657707
1230,616.904846191,200.477676392,16.7308521271,45.8559417725,4.74567636847
1230,611.072692871,61.7586975098,19.8606281281,61.0858573914,3.81477661431
1230,496.705780029,168.754364014,35.6578140259,62.9099388123,2.6820845902
1230,210.994949341,172.775680542,20.5487957001,47.6449546814,1.83326285332
1230,117.478851318,138.847610474,26.3561725616,66.4417953491,0.942665524781
1230,84.1580505371,134.39503479,24.3863887787,63.2206840515,0.254125683568
1230,115.76373291,172.539505005,19.0114440918,46.1313056946,0.0712107750587
1260,599.653503418,147.869857788,25.3961925507,57.2268981934,11.0967308283
1260,4.31575632095,184.340103149,16.3240795135,46.8861198425,1.13625852391
1260,560.465881348,148.855743408,18.4536647797,42.5251045227,0.923931971192
1260,615.346801758,149.770462036,16.9632320404,47.9652900696,0.444182986394
1260,6.06272363663,391.837005615,19.1722488403,51.5922393799,0.389276235364
1260,584.601135254,148.730453491,17.8228473663,45.4089775085,0.195485120639
1260,7.59735536575,132.797164917,16.864233017,51.9492759705,0.0103988677438
1290,603.989868164,149.108322144,20.9738235474,53.6548805237,13.190215826
1290,73.3910140991,179.415969849,18.2417678833,45.4261474609,0.975888036191
1290,614.735412598,167.233169556,17.3660030365,48.8485870361,0.944734737277
1290,6.81918001175,144.786148071,17.4446220398,54.0945472717,0.242496374995
1290,5.95799875259,395.342987061,19.983833313,52.2929801941,0.147630006541
1320,603.903259277,154.942214966,20.7521495819,50.9717597961,25.5879193544
1320,615.30291748,170.429214478,17.0266819,50.5926399231,0.53792335093
1320,7.60168218613,186.557144165,14.032702446,43.6870269775,0.3705521347
1350,604.810180664,150.496353149,18.2852020264,41.7972869873,4.05479818583
1350,558.210083008,163.975509644,22.1232299805,49.0453033447,1.0039402172
1350,6.98922920227,188.992996216,18.4623146057,55.8793754578,0.944228284061
1350,615.561279297,148.680343628,16.9328479767,45.0230407715,0.746286287904
1380,603.762878418,154.835205078,20.7310199738,52.62109375,16.543713212
1380,153.251098633,175.770736694,18.9501075745,49.7061042786,0.823413394392
1380,614.088806152,170.309646606,17.3117618561,52.5433158875,0.698640616611
1410,605.535949707,154.482421875,18.5643405914,50.7995605469,3.98770347238
1410,138.585250854,159.578781128,26.6149616241,62.5513572693,1.20575539768
1410,565.800109863,159.089065552,16.6684246063,42.9163970947,0.966758467257
1410,7.39391851425,194.452926636,13.7338485718,40.6522941589,0.541034899652
1440,605.111938477,149.777618408,19.6504230499,51.8495063782,11.5967229009
1440,53.4644966125,192.36177063,15.7287034988,39.7439308167,8.60248208046
1440,153.92024231,175.233169556,18.1481151581,49.7787780762,1.7361883074
1440,614.278015137,166.474136353,18.2290420532,51.6531105042,0.982374791056
1470,608.339111328,158.144012451,18.5244312286,52.223449707,36.9706273079
1470,53.2625465393,187.791366577,18.1851825714,42.3096847534,19.5247545838
1500,605.622375488,146.093856812,19.5735607147,47.1849365234,6.08798675239
1500,52.8268432617,188.737350464,17.6641521454,43.2897758484,1.20741371065
1500,613.911315918,157.080596924,19.2539768219,51.9773597717,0.884933024645
1500,471.755279541,165.503585815,19.8982772827,51.6031951904,0.70619028993
1500,566.455749512,150.611160278,18.4120922089,42.5506362915,0.223427568562
1500,185.43598938,167.42414856,23.4186763763,50.1580619812,0.184012332465
1500,5.32493829727,400.963409424,21.2317714691,59.5209655762,0.0759578775615
1500,168.59223938,155.771896362,20.7924575806,43.5230445862,0.0662545673549
1530,610.550964355,159.423431396,19.9350471497,56.7743530273,31.8673551083
1530,61.1244659424,143.391967773,29.6488742828,93.0596618652,5.51387146115
1530,168.442367554,170.241226196,24.3275299072,54.8222198486,4.63306643069
1530,454.322631836,163.129837036,25.7758865356,62.9648132324,3.22487019002
1530,628.022277832,155.148757935,11.977722168,45.788318634,0.0283461529762
1560,54.2328948975,200.844223022,15.5748739243,40.8262290955,3.94588597119
1560,33.5922966003,200.765304565,15.7248153687,41.7244110107,3.42282839119
1560,50.2125244141,148.261398315,31.3722381592,86.1591567993,2.8592960909
1560,450.880279541,180.297973633,20.0159683228,51.1575279236,0.569974957034
1560,6.66436767578,197.226821899,14.5572023392,40.9162216187,0.547189358622
1560,577.359558105,162.51234436,17.9812145233,44.2492256165,0.371498567984
1560,471.547454834,151.910751343,21.236207962,59.8069648743,0.248472834937
1560,178.516098022,164.881469727,21.6975688934,46.8414726257,0.0215665975702
1590,456.544555664,179.602233887,18.3884792328,52.844127655,14.9559408426
1590,465.985687256,184.330947876,21.1325340271,51.1531677246,12.7188146114
1590,7.15840673447,208.549362183,24.5773773193,64.6102294922,6.81723877788
1590,483.556060791,161.99230957,25.1096801758,59.3221893311,3.85748147964
1590,193.830459595,184.834899902,21.3774967194,51.6924705505,3.14311012626
1590,616.109619141,163.226303101,17.5770778656,45.9335823059,1.86966434121
1590,48.0322380066,197.39894104,20.8549022675,62.7836265564,0.407073181123
1590,605.889831543,163.108901978,17.1828784943,45.0040740967,0.20711068064
1590,418.630615234,199.179153442,30.3481903076,53.1983222961,0.0856314029079
1590,156.402587891,183.598022461,25.2260837555,52.1539649963,0.00585503512411
1590,146.198974609,172.411621094,23.1344089508,54.234500885,0.00455817571492
1590,133.767532349,166.066833496,23.1021289825,52.9283866882,0.0018627190002
1620,468.666259766,185.616210938,16.835723877,46.2014274597,9.88276749849
1620,578.22052002,172.440551758,25.0650024414,58.6006278992,3.21402139962
1620,9.25615310669,139.715866089,28.5244274139,77.6083297729,2.84170936793
1620,477.523071289,189.454147339,21.0327014923,49.8388938904,2.64757275581
1620,492.321411133,174.160568237,20.7758331299,61.0524177551,1.92890521139
1620,6.44310235977,392.80847168,18.939496994,50.7369651794,1.41863729805
1620,503.708007812,141.187866211,25.7762241364,68.8267745972,1.31553271785
1620,611.559753418,181.720413208,18.7154254913,42.8529815674,0.791803374887
1620,459.553955078,129.449981689,22.5895862579,65.3514633179,0.636219745502
1620,70.4923324585,197.395523071,25.3425540924,56.0790863037,0.153521727771
1620,33.7048454285,135.035720825,22.0447845459,57.1780052185,0.0655170471873
1620,106.053443909,184.564453125,18.9513244629,59.2584114075,0.0226670745178
1650,499.355377197,179.624984741,19.2193889618,47.3949394226,17.0636966825
1650,510.079223633,183.017272949,16.4867343903,49.4612693787,10.5240650475
1650,422.415130615,164.858230591,19.2135944366,59.0873756409,8.92309099436
1650,519.025878906,176.370117188,22.1285114288,58.219745636,4.20388989151
1650,431.438995361,167.355606079,25.3838634491,59.9420280457,2.94070877135
1650,546.729553223,189.214599609,20.7997512817,49.8215370178,2.17235106975
1650,615.608825684,186.392684937,17.3366947174,47.3112373352,2.01338138431
1650,484.914459229,168.903030396,22.1674442291,54.9262733459,1.23543767259
1650,534.432800293,185.327682495,21.5619297028,52.1822929382,1.05324648321
1650,473.394439697,167.308151245,19.3960990906,57.389831543,0.578762078658
1650,558.547302246,199.828018188,19.621547699,44.4948387146,0.171478569973
1650,172.601669312,174.31312561,24.4883556366,55.3088035583,0.161369342823
1650,44.9546852112,122.898460388,21.9585971832,55.8575134277,0.115501671098
1680,522.371398926,178.794265747,19.9922657013,51.9598960876,37.2763931751
1680,434.0390625,161.670150757,19.7207889557,60.1664161682,21.8077450991
1680,457.778686523,170.041915894,21.1943435669,59.7432060242,8.83467718959
1680,445.410430908,177.047622681,18.476934433,50.8600921631,8.21790918708
1680,5.78852033615,189.063461304,17.6275043488,51.5737266541,6.76857754588
1680,597.890197754,186.620101929,23.9691543579,56.4685020447,5.13158142567
1680,416.143096924,160.747116089,22.3943805695,65.645980835,3.65608595312
1680,493.627807617,167.692611694,19.7675113678,61.1648521423,2.01688297093
1680,547.031311035,178.198547363,20.7055282593,59.0946464539,1.53574440628
1680,536.726501465,189.989547729,18.6840248108,48.170955658,1.15954140201
1680,7.79482460022,127.512992859,18.3868999481,52.2663421631,1.08871301636
1680,585.321472168,184.298812866,20.330827713,59.8718109131,0.80003272742
1680,580.808288574,143.813201904,19.6419963837,53.7491645813,0.77275633812
1680,615.415771484,200.408447266,17.528049469,48.4214172363,0.14306101948
1680,179.543411255,170.275909424,19.8782653809,53.2070884705,0.0784451782238
1710,418.579833984,150.328811646,21.3935146332,58.7325286865,34.4681233168
1710,569.062072754,181.454452515,20.8600177765,54.4776115417,22.5190773606
1710,464.191741943,171.628540039,16.9291400909,47.2422142029,16.5026247501
1710,529.018981934,167.058563232,25.2850780487,59.7789459229,10.1363234222
1710,5.76563119888,199.911621094,16.3449726105,47.9546546936,10.129776597
1710,432.69442749,143.233932495,24.0971775055,74.0611724854,6.98571801186
1710,579.054260254,168.025680542,24.4921264648,65.0266113281,4.53279055655
1710,609.306640625,160.168746948,18.6750659943,46.6485481262,4.48977537453
1710,613.875793457,45.8927612305,17.4180603027,55.6013946533,4.43126000464
1710,452.004547119,162.193008423,18.5997829437,54.7666664124,1.94866210222
1710,17.415933609,112.458778381,24.0068588257,71.7457733154,1.78265143186
1710,477.568725586,173.629394531,18.1686782837,52.1207008362,1.60961020738
1710,559.262084961,78.8304519653,29.2324981689,92.9362487793,1.52392592281
1710,544.936157227,167.544113159,21.214805603,61.2495155334,1.17694726214
1710,432.900115967,189.930480957,25.0829772949,50.3347129822,0.9193376638
1710,610.887573242,185.57409668,19.8437976837,56.7358131409,0.466483598575
1710,558.567932129,139.870834351,25.6150112152,86.9260482788,0.390751985833
1710,488.661834717,171.627853394,18.8687992096,55.3375816345,0.2819577232
1740,487.661102295,160.951568604,21.4590816498,53.1991539001,75.9592533112
1740,593.613525391,157.282272339,20.5926494598,53.2243041992,45.0914263725
1740,612.009460449,170.752197266,20.8795871735,57.5092315674,16.0554453731
1740,430.081939697,134.219284058,22.0152263641,62.6881256104,13.0001276731
1740,446.705108643,139.88621521,31.7948989868,70.336807251,11.401014775
1740,564.25189209,172.202987671,23.232427597,52.3079872131,9.58876088262
1740,466.729278564,159.281845093,18.4576358795,58.0507164001,2.54269000143
1740,504.432769775,163.139083862,18.7875270844,55.5604515076,1.85955986381
1740,539.791748047,130.233169556,21.6288852692,62.7983093262,1.08181806281
1740,115.697715759,174.801147461,25.9664020538,74.001625061,0.887298863381
1740,600.076538086,178.117294312,21.4651012421,55.9397697449,0.86431754753
1740,440.053985596,162.662628174,20.8366851807,52.663356781,0.843607075512
1740,418.788208008,155.861587524,19.9521656036,50.6337394714,0.776518043131
1740,554.79510498,170.451370239,19.0765037537,51.28723526,0.401135161519
1740,152.247528076,132.559295654,21.8325977325,63.6918754578,0.34863227047
1740,579.264587402,166.798660278,20.7996177673,54.8623046875,0.338772404939
1740,614.542541504,205.213317871,19.6899623871,48.2356910706,0.30553152319
1740,429.738067627,176.848510742,19.9811973572,44.1715431213,0.137709919363
1740,515.01550293,156.560958862,22.2287902832,70.1221847534,0.134969723877
1740,118.396202087,119.191352844,20.5504150391,57.0175743103,0.0509763136506
1740,626.300231934,172.882003784,13.6997680664,50.1276664734,0.0462114228867
1770,524.57598877,167.619247437,22.7177295685,56.2621421814,95.8413243294
1770,514.214416504,165.128921509,19.5263690948,59.7173271179,17.1753183007
1770,563.409179688,122.25075531,49.3457183838,122.045906067,16.0379394889
1770,488.934783936,169.848373413,20.623216629,54.2746162415,13.6882022023
1770,444.810760498,140.429016113,24.6335773468,65.7938766479,7.78467357159
1770,89.9845275879,113.302558899,23.0855731964,63.6149635315,4.97659221292
1770,614.787109375,178.682907104,15.7760009766,53.4454650879,4.86297570169
1770,596.658996582,152.440628052,32.186466217,85.6697616577,2.12900750339
1770,459.681976318,156.938232422,20.6243114471,61.9076271057,2.12449319661
1770,541.725524902,164.61138916,21.7009716034,59.7201652527,1.7013894394
1770,469.479888916,146.785842896,25.008026123,77.3126449585,1.14136375487
1770,587.658752441,190.421524048,21.2837619781,55.8637580872,1.07659064233
1770,429.292999268,151.051116943,20.4054889679,53.2976646423,0.73343035765
1770,418.466217041,164.93536377,19.5515346527,47.2590026855,0.707103637978
1770,504.884277344,183.28944397,19.2816162109,50.8470878601,0.537436641753
1770,107.980926514,183.97517395,18.7662277222,52.5091896057,0.33225833904
1770,552.938781738,172.459457397,21.1082897186,60.3613433838,0.169470557012
1770,465.433990479,199.699935913,22.6932239532,47.3166007996,0.0262996094534
1770,589.474914551,113.51448822,30.792509079,71.2890396118,0.00830273565953
1800,589.377746582,163.214706421,29.803232193,71.4780273438,98.6928343773
1800,487.166107178,139.52482605,23.0472106934,62.9487495422,32.3587536812
1800,63.1804084778,119.107055664,23.3754577637,59.2731285095,4.14065308869
1800,457.538330078,148.149978638,24.103887558,61.2329826355,3.29227894545
1800,567.902587891,181.474060059,20.9290599823,57.216583252,2.22298167646
1800,610.822998047,166.540237427,18.0138187408,54.8252105713,1.81975793093
1800,8.10740184784,196.922225952,14.1239271164,46.452255249,1.75708793104
1800,438.520782471,161.639526367,21.8340911865,54.109539032,1.42808873206
1800,579.664367676,166.016708374,20.5328483582,68.8491821289,1.27139342949
1800,520.264343262,167.758895874,20.0132198334,66.0292282104,0.864445697516
1800,469.639312744,139.720367432,25.6699371338,67.37159729,0.408689538017
1800,614.34375,198.231460571,18.7115116119,48.4160118103,0.160870724358
1800,596.387634277,92.1265640259,22.6964092255,67.0530319214,0.042495681555
1800,73.3120727539,122.044944763,30.777463913,72.2531509399,0.0146759513882
1830,546.287780762,169.994720459,27.8657817841,68.9116744995,79.2132794857
1830,469.704925537,132.646224976,35.3724822998,78.5794830322,6.34572580457
1830,603.86126709,189.458786011,23.3236904144,61.3086433411,3.21719199419
1830,535.961975098,170.956924438,22.5657367706,57.0570831299,2.1725827828
1830,445.711914062,130.26109314,22.2465648651,84.2110366821,0.483803218231
1830,6.29120445251,121.731895447,19.6040840149,59.2358398438,0.264113838784
1830,615.982421875,217.00402832,16.1943759918,42.860080719,0.194353377447
1830,40.7786178589,110.631034851,23.1694793701,67.0011367798,0.163348217029
1830,502.093048096,158.56401062,21.9682846069,54.3071708679,0.0848180381581
1830,594.393920898,214.575256348,19.0466251373,41.0703620911,0.0669807835948
