30,63.6404380798,187.850952148,23.1566753387,42.7326545715,3.52630503476
30,335.960723877,161.382858276,26.8381710052,61.3343391418,0.324298418127
60,182.165588379,182.97416687,21.9433727264,55.0218925476,96.187967062
60,109.162223816,192.567764282,24.1257324219,57.6453208923,93.4568285942
60,40.4824981689,186.277206421,28.0912036896,59.050327301,91.1525428295
60,27.5109920502,207.030517578,18.9476547241,46.3977546692,3.17723229527
60,97.1757736206,195.089355469,19.1739788055,50.3797721863,1.14681879058
60,204.159851074,190.444259644,24.7925739288,58.7254486084,1.09701678157
60,124.124397278,199.47668457,19.767988205,50.8850593567,0.694571668282
60,195.802902222,189.902893066,18.0170841217,55.3312225342,0.443423585966
60,228.913818359,181.260452271,18.1052455902,45.7311820984,0.419932464138
60,558.77911377,188.466293335,21.3383197784,48.1541442871,0.23328915704
90,616.870422363,156.105743408,15.4847602844,50.6615562439,2.63226181269
120,37.9743156433,184.474746704,20.9195041656,62.3074378967,93.6031162739
120,73.8137741089,190.541015625,22.1870212555,56.8175048828,80.3915739059
120,166.483093262,182.797683716,22.0711975098,51.4981231689,57.867026329
120,114.939491272,181.161865234,24.0494689941,64.9973220825,50.832504034
120,102.402503967,187.29914856,23.9532909393,55.6552734375,1.93188879639
120,616.317016602,158.267303467,15.1626281738,48.3388061523,1.73029191792
120,151.903427124,196.770339966,19.8655757904,50.8505096436,1.0245282203
120,49.9213256836,194.1275177,19.1629657745,55.9472084045,0.862694904208
120,124.460380554,209.82208252,19.7608013153,42.9066810608,0.709885824472
120,17.6042442322,183.816238403,25.920042038,62.2861938477,0.39716870524
120,185.0546875,181.506332397,19.2879543304,46.4723052979,0.0855883932672
150,98.2761306763,180.803405762,26.3152923584,63.4174919128,97.9072391987
150,18.054807663,192.109054565,20.2686920166,57.3531913757,93.7755763531
150,143.562057495,186.430923462,20.9261035919,54.9398155212,87.1372759342
150,72.0988388062,193.705459595,20.6614303589,50.4746055603,87.1371209621
150,39.5987854004,191.806228638,19.9681606293,56.9768791199,67.8792238235
150,115.163352966,182.809829712,16.6097602844,61.4861488342,4.88353297114
150,127.740486145,193.068252563,17.9901866913,51.8511695862,3.35539579391
150,57.784198761,199.332565308,17.7967586517,51.4752006531,2.09681391716
150,335.197814941,165.318374634,22.8947525024,64.7871780396,0.249097403139
150,89.3319091797,197.092651367,19.8142299652,53.9129981995,0.182733079419
180,95.1012649536,180.784225464,25.438123703,66.2514343262,97.7721273899
180,129.301010132,187.684158325,21.7353458405,58.5865287781,92.1861410141
180,42.1738395691,185.482711792,21.3559265137,61.7837562561,90.8316552639
180,73.8273544312,192.23109436,21.3517284393,56.3880195618,89.3401026726
180,118.602455139,186.086532593,18.4921226501,61.0163993835,10.2868825197
180,57.6130027771,192.272827148,15.5407266617,58.1501502991,7.16389045119
180,21.3662929535,206.75718689,25.4634838104,47.7205543518,3.49866710603
180,13.0278806686,204.634750366,17.8187198639,46.0505867004,1.04314656928
210,34.5050239563,185.172042847,25.6798191071,61.1122436523,94.7356462479
210,71.7949905396,197.060546875,19.5036945343,53.7273979187,84.940469265
210,95.5857925415,185.844589233,21.6638431549,63.8551521301,82.540923357
210,119.780738831,185.764816284,18.4454212189,61.8996887207,68.3006167412
210,84.7236633301,189.643188477,17.7065067291,60.949382782,9.84907448292
210,19.7312240601,206.753585815,18.707326889,47.1086463928,4.16120290756
210,59.0000953674,194.580307007,16.544008255,56.8163719177,2.27879714221
210,8.53157234192,203.702072144,16.0317325592,48.9552879333,0.556892668828
210,336.4894104,161.758987427,23.0842876434,66.5379257202,0.13969206484
240,35.6576385498,189.12902832,26.1711330414,62.08385849,95.3078210354
240,91.94165802,183.977249146,19.8786582947,68.3658905029,81.0882806778
240,72.324180603,195.049575806,17.5651016235,55.1176338196,76.9763231277
240,111.710868835,187.542526245,22.4826602936,60.4497261047,58.0532729626
240,617.014953613,157.231185913,15.4639024734,51.329410553,2.97982804477
240,19.3374576569,200.528335571,21.7038402557,50.1035575867,2.40428075194
240,57.1274261475,199.601806641,15.9184503555,50.1709327698,0.917279813439
240,247.379882812,160.4193573,18.3096427917,47.3058509827,0.738484738395
240,8.1498632431,205.838699341,15.9552001953,47.6445274353,0.511138280854
240,343.360626221,175.02671814,23.9335765839,57.7763214111,0.032638135599
270,38.806552887,188.046630859,20.4839706421,62.7172737122,90.9897744656
270,94.9853744507,187.505325317,20.4785423279,62.7786445618,89.9873018265
270,71.5060806274,195.049636841,18.6643619537,52.0506706238,57.6460361481
270,115.607688904,185.875534058,21.9703006744,63.245464325,36.725372076
270,47.0669212341,187.89604187,70.2196960449,66.4294662476,8.07515457273
270,84.5717315674,193.636795044,19.3931217194,62.0651054382,5.86812868714
270,51.3412742615,196.712722778,17.7367191315,56.6361808777,2.50016171485
270,18.7832775116,210.288955688,19.5148277283,45.5047187805,1.86194386333
270,217.166885376,287.970428467,30.1456890106,67.3053665161,0.738755939528
270,9.19045448303,203.255874634,16.6794033051,50.0993385315,0.736380554736
300,24.7674694061,188.071304321,26.9397220612,63.9649658203,96.6696977615
300,84.6199569702,188.347488403,28.0397777557,64.6896896362,96.4597165585
300,129.868469238,192.184707642,20.9320869446,51.461151123,57.5805008411
300,62.4827690125,201.763931274,18.4554710388,51.5852813721,51.1416554451
300,120.393798828,192.833190918,18.4143009186,56.2827033997,12.8474399447
300,615.726928711,151.402954102,15.9972543716,55.9774284363,6.59406110644
300,73.2204284668,195.726791382,19.800579071,59.4048957825,3.73260900378
300,39.6842803955,192.846984863,28.4002914429,59.96534729,3.1443849206
300,9.59413051605,210.175521851,15.1101102829,45.8866386414,2.68318317831
300,374.575958252,179.447402954,21.4417476654,54.1736412048,2.12827473879
300,240.969482422,156.787887573,25.5850353241,56.1698112488,1.88065357506
300,109.763771057,189.633605957,18.2482185364,57.4803504944,0.694940192625
300,212.346511841,298.253448486,29.9440841675,70.2646560669,0.323760788888
300,331.474273682,157.161575317,24.5610179901,71.2440414429,0.302898534574
300,347.400604248,25.1345310211,23.7826824188,52.4350395203,0.000817370073491
330,12.6898469925,183.781661987,24.7558689117,68.5099563599,96.8673288822
330,68.9636764526,185.712997437,29.7117061615,67.8071594238,95.1443970203
330,47.9680595398,193.315856934,21.8375988007,57.0659446716,92.5125837326
330,121.254096985,194.58996582,20.6613693237,54.1840705872,86.6540253162
330,107.054115295,197.037536621,18.9593048096,53.6252174377,4.33462001383
330,30.0194320679,190.86340332,17.8080940247,58.4639434814,3.47144939005
330,132.552734375,202.389266968,19.558221817,50.7980995178,2.52591781318
330,331.804534912,158.610397339,21.2967891693,68.3680801392,2.01153680682
330,93.902305603,194.577270508,18.7054977417,49.2077674866,0.16402346082
330,8.21738624573,208.089477539,17.3188514709,51.8495292664,0.151334318798
360,100.428504944,195.276687622,22.8212738037,57.7235717773,97.1452236176
360,60.2774085999,187.820556641,27.7731456757,67.2390441895,96.6608464718
360,32.3491401672,197.233352661,22.2358570099,57.0730400085,73.1006383896
360,4.66836118698,196.892211914,18.7490291595,60.9762420654,63.1290614605
360,13.6955528259,194.264205933,27.579957962,63.7043113708,4.97588962317
360,51.6595458984,196.455200195,20.1053104401,60.7349395752,4.45029065013
360,84.8994369507,191.298477173,23.0171451569,63.8817596436,2.29582432657
360,615.261291504,154.473999023,16.394449234,51.507724762,1.90345328301
360,326.198760986,160.068908691,21.7610034943,65.2270431519,0.343695282936
360,153.935119629,371.365356445,29.8573760986,66.8497467041,0.0212329789065
390,81.4119873047,193.324890137,25.1184463501,66.2853469849,97.3117351532
390,44.0704612732,187.308837891,28.597990036,70.9431304932,94.3297564983
390,15.0540008545,196.360839844,23.9747867584,58.4531860352,86.298596859
390,31.2783336639,199.17515564,18.5088806152,57.9794197083,17.1473056078
390,7.66534996033,209.822692871,16.9107093811,49.6180076599,4.28014919162
390,61.9666023254,185.668640137,20.8490409851,69.1879119873,4.01194505394
390,329.044281006,160.777145386,22.5791759491,65.1183776855,1.9962567836
390,377.130706787,182.249816895,19.9201183319,51.1634521484,1.68700665236
390,228.973999023,154.17288208,22.1994113922,50.4324302673,1.19626205415
420,22.5018100739,181.435348511,38.5791893005,77.7330932617,97.1768260002
420,65.6639556885,183.29850769,25.5401706696,74.870475769,94.1069722176
420,9.04004859924,198.004348755,18.2491703033,58.9214515686,18.706664443
420,3.82816243172,193.631103516,13.1103630066,51.9762306213,8.04652944207
420,612.685974121,145.313751221,15.1493062973,57.5628814697,4.31558862329
420,321.530914307,147.345092773,25.9190063477,75.9701690674,3.18858623505
420,47.2896766663,191.23109436,22.0032958984,64.3528366089,2.63880603015
420,227.600280762,149.27822876,20.9621238708,56.2312965393,2.63079795986
420,485.81362915,160.781845093,23.8143939972,60.3627967834,0.0857878825627
450,7.77395391464,178.452514648,30.7582187653,87.1778182983,97.7518618107
450,49.1229858398,184.553848267,25.6733551025,70.5408859253,97.5502729416
450,4.18755102158,186.587722778,14.7637557983,72.6843032837,5.07468245924
450,616.143127441,143.902160645,13.980178833,52.8537712097,3.40747795999
450,321.444030762,161.986801147,23.3546848297,60.8166999817,2.99805160612
450,35.5406532288,189.179733276,20.9540996552,58.6765937805,1.00969737396
480,1.8663572073,172.055236816,24.0987186432,91.2668762207,93.0553734303
480,34.112323761,181.714096069,24.3429546356,77.6042251587,89.9537980556
480,18.3768444061,184.329940796,24.6713581085,74.8605957031,1.4842110686
480,500.40536499,155.409317017,19.3774700165,58.7322120667,0.646294374019
480,204.95451355,143.375289917,25.134223938,58.9274101257,0.607326626778
480,396.907318115,159.898788452,21.0192432404,51.4584999084,0.596633739769
480,219.392776489,132.736633301,28.9042816162,79.4411697388,0.179969368037
480,5.37057542801,393.210174561,20.5002994537,55.5791511536,0.0937650678679
480,44.5204925537,216.72303772,20.7610263824,45.8135871887,0.0673803559039
480,408.646331787,151.951309204,21.2723236084,51.990814209,0.0469550956041
510,293.99319458,131.322860718,26.5726604462,86.7756347656,17.5411120057
510,174.3334198,135.493041992,22.7636623383,59.1568603516,6.37026578188
510,45.9532928467,242.616027832,41.2783088684,96.0783309937,5.44573664665
510,376.215942383,164.817749023,19.2925548553,54.6350975037,1.60810276866
510,492.754638672,143.057067871,22.9089336395,62.6497344971,0.80933412537
510,406.024047852,156.908462524,24.9907913208,66.82056427,0.79834125936
510,386.659423828,160.340454102,19.7807312012,52.7757148743,0.771332904696
510,5.53798675537,385.24331665,19.808303833,53.0185127258,0.769736990333
510,219.796676636,201.46270752,20.992816925,69.3513031006,0.230787717737
510,399.155639648,144.405105591,21.1772918701,52.9178962708,0.0617957906798
540,21.5297985077,179.081863403,25.6677703857,76.7547607422,94.3351864815
540,357.872344971,160.544830322,22.0981426239,56.91664505,4.88360002637
540,256.891143799,148.626037598,26.0600414276,74.3309326172,4.154580459
540,8.83924674988,185.316116333,18.9544734955,70.7021560669,3.14305722713
540,485.82800293,148.39515686,21.0219612122,64.2461624146,1.32804149762
540,616.182800293,148.379119873,16.3641548157,45.8067054749,0.477955816314
540,350.276000977,178.43586731,19.2510662079,49.7597312927,0.406641652808
540,376.253204346,161.068862915,29.7984924316,68.7997283936,0.40121069178
540,146.841430664,142.971374512,31.3116359711,77.5152664185,0.204684492201
540,34.0471839905,210.575485229,20.0980758667,48.6916465759,0.0833860191051
540,382.461914062,141.724319458,19.8758602142,54.8055686951,0.070594123099
570,18.4762420654,177.715637207,25.7943210602,80.9087295532,96.4172899723
570,199.637710571,145.158706665,29.5311412811,75.9738006592,12.2911147773
570,348.605712891,164.438705444,28.8856296539,75.0921401978,4.63576093316
570,11.1463012695,195.746459961,19.0297145844,61.2340240479,3.20887155831
570,397.167449951,166.403945923,18.2870903015,50.8542785645,2.29415204376
570,616.156005859,150.310256958,15.9144020081,45.9914283752,0.695945229381
570,316.351013184,176.998977661,19.568819046,57.8987693787,0.458674645051
570,5.73415374756,391.128814697,21.1465129852,55.8779182434,0.157982332166
570,354.452850342,143.654647827,20.6442146301,55.4963989258,0.0621978251729
600,129.110717773,148.034957886,28.1101379395,73.4627914429,10.5775825679
600,256.428436279,165.887435913,30.0463542938,76.8706207275,1.98037195951
600,17.6076316833,146.886856079,22.8617324829,54.0455627441,1.04957334697
600,439.914276123,142.590835571,21.313785553,72.7268371582,0.998658966273
600,616.201416016,148.729568481,15.6596212387,46.8362998962,0.908058509231
600,9.64687633514,170.844100952,34.1954956055,75.2060089111,0.775874732062
600,362.43447876,179.901535034,19.7479286194,55.5437583923,0.774142425507
600,7.14461183548,198.471755981,18.3064823151,51.7100791931,0.525481952354
600,427.754638672,151.918945312,21.0230007172,69.9104690552,0.44937110506
600,181.839920044,209.606735229,21.7919025421,52.9132080078,0.398650299758
600,5.80242538452,389.949676514,21.2582798004,56.3722419739,0.0815064355265
630,68.4928817749,144.435012817,31.1000080109,69.4100189209,22.8740602732
630,220.26423645,194.70463562,20.3119621277,60.2969818115,22.7574706078
630,418.481414795,153.580032349,22.9323196411,72.8650131226,8.50623250008
630,340.403869629,194.246749878,18.3111553192,48.9298400879,8.13726112247
630,616.74029541,154.851242065,15.5598592758,43.7109642029,0.445670308545
630,129.49407959,210.276565552,22.265039444,63.3203620911,0.396801996976
630,432.429931641,168.50944519,19.1931629181,52.9192657471,0.15628481051
630,616.265686035,383.195831299,17.0320835114,45.315196991,0.0841282831971
630,108.682678223,179.484863281,20.0582828522,50.4592132568,0.0410696928157
660,195.637802124,201.49987793,21.6672687531,56.1640434265,19.9466407299
660,532.114807129,177.289077759,20.6420269012,50.5588722229,5.98055869341
660,324.835876465,196.743728638,19.1844959259,47.6697731018,3.56472842395
660,37.6377334595,148.508712769,26.0558834076,67.0369567871,2.78468448669
660,380.506072998,164.411102295,24.1105728149,55.6348304749,1.93181727082
660,398.047271729,142.382980347,28.4004192352,73.6686172485,0.902617350221
660,295.677520752,187.807327271,20.5212535858,56.45262146,0.72628762573
660,615.992614746,153.012145996,16.0565929413,46.3380241394,0.635702954605
660,19.5855579376,165.949783325,27.1267299652,54.123462677,0.301684974693
660,211.051132202,205.171585083,18.6308002472,48.252040863,0.244227075018
660,616.488464355,384.791259766,17.1302585602,45.031414032,0.12318873778
690,4.79202651978,146.004623413,23.2419204712,69.6225662231,10.254663974
690,170.230224609,196.599411011,23.5534210205,54.7412834167,9.48573946953
690,263.99230957,165.383651733,19.125120163,52.7583007812,0.652308529243
690,616.059997559,149.56690979,15.6772575378,46.0723762512,0.63850316219
690,238.789382935,182.713027954,31.8872394562,72.0972518921,0.0763469084632
690,39.7540626526,178.073410034,20.9891262054,48.7874145508,0.0450906634796
720,12.2992200851,129.602157593,19.0152492523,51.6142120361,4.39888872206
720,282.701690674,183.4375,17.77866745,53.1348152161,2.48461253941
720,5.80620908737,384.665771484,20.1068058014,53.7303771973,0.644913082942
720,280.641265869,300.215606689,20.4779605865,44.356048584,0.549521390349
720,269.839569092,305.071716309,20.9820384979,46.133731842,0.517312344164
720,615.546936035,143.946685791,16.9632854462,43.3667793274,0.162886956241
750,35.5456047058,195.005691528,23.9507904053,56.9162559509,72.4407553673
750,15.9047393799,190.109130859,27.3980503082,65.6579055786,0.849711056799
750,6.07785463333,383.103027344,19.9308490753,54.874420166,0.702199339867
750,50.8361778259,198.045150757,18.0960597992,51.7412528992,0.560521148145
750,616.355957031,370.127685547,17.0989379883,44.6025657654,0.0972470967099
750,98.3503341675,128.477828979,23.7654399872,60.8053321838,0.0844019814394
750,300.980194092,297.617279053,22.2271900177,46.3354377747,0.00489757330797
780,185.27494812,195.224624634,18.4348697662,48.5583000183,36.4699810743
780,65.0795288086,130.023239136,26.1671905518,62.9635429382,1.94817222655
780,301.166778564,294.691375732,20.7413063049,43.7181816101,0.746844848618
780,615.769470215,143.772186279,16.7129077911,43.9951972961,0.454235775396
780,203.339035034,197.171157837,15.3949584961,45.2623291016,0.318808318116
780,616.214538574,374.308624268,17.9659748077,44.9994659424,0.114445481449
810,92.4911804199,207.556777954,21.0900707245,49.9287261963,73.6740648746
810,129.510391235,207.167053223,16.5993728638,44.260684967,18.3392137289
810,82.7828216553,204.32875061,16.7909259796,51.4779472351,2.97753643245
810,110.816795349,206.634109497,16.770242691,48.5489654541,2.71091274917
810,616.045959473,148.525695801,16.4676914215,44.9259910583,0.69327657111
810,296.608551025,301.481750488,20.1681137085,43.499080658,0.46495180577
810,617.039123535,375.275146484,16.8528232574,45.4522819519,0.168996187858
840,6.02229547501,220.265731812,15.1144895554,43.6757049561,23.6208707094
840,301.363769531,305.022369385,20.4252376556,44.8821678162,0.757203437388
840,615.981750488,154.311904907,17.0112476349,45.2598609924,0.673048757017
840,285.989990234,309.882446289,20.5778465271,44.8750648499,0.341577548534
840,13.5919923782,214.019958496,17.7833919525,46.1557273865,0.266485265456
870,296.610778809,311.424530029,19.9333744049,42.7203369141,0.837846845388
870,280.162750244,311.915008545,21.2898845673,45.5850067139,0.56196548976
900,7.74250555038,233.0052948,15.7367296219,43.8075561523,6.76535665989
900,291.32699585,319.052124023,19.6788654327,42.9173431396,0.422230316326
900,6.78290891647,66.3156204224,20.2108821869,47.5739402771,0.0360870646546
930,7.26563835144,207.937911987,16.8948860168,58.7873535156,44.1813051701
930,296.476776123,318.224639893,19.8725280762,43.5218353271,0.441489974037
930,18.3316345215,226.806564331,19.4069232941,46.1868743896,0.237334775738
930,8.42031383514,61.5198173523,20.6454753876,58.2733345032,0.090023886878
960,4.12429571152,192.876403809,23.456237793,76.606803894,10.8680069447
960,295.957733154,322.20123291,20.2519950867,42.6075553894,0.904444791377
960,616.41973877,391.222320557,17.9794178009,46.3483886719,0.239805202
990,599.664123535,176.714233398,23.6035327911,67.4339828491,8.43170881271
990,6.96552324295,232.253005981,15.8563270569,43.7044792175,4.115043208
990,296.443695068,323.488677979,19.9379138947,42.7138366699,1.63945648819
990,19.122625351,231.400146484,18.2779941559,41.8061714172,0.157606753055
990,616.035461426,177.761032104,14.5549993515,51.5497703552,0.070549704833
1020,7.08522367477,219.599182129,18.5993232727,55.0296592712,5.29680885375
1020,615.738586426,178.405807495,17.045589447,59.8516845703,1.00102676079
1020,301.637176514,330.922546387,20.195482254,43.5097312927,0.528947357088
1050,85.996887207,185.643554688,29.0289382935,91.041015625,97.6760566235
1050,612.108886719,153.009048462,19.9033184052,55.0011138916,17.7851587534
1050,614.554260254,186.74017334,17.228767395,50.1502799988,0.777997169644
1050,102.334625244,217.130615234,20.3679389954,59.7357025146,0.733236689121
1050,424.857391357,364.348388672,20.5199108124,43.0934295654,0.676853395998
1050,413.656005859,368.76260376,20.7384243011,44.7727241516,0.564566999674
1050,431.698730469,348.326019287,27.4124088287,54.030292511,0.22576416377
1050,616.761047363,30.6233139038,17.5768680573,45.6421661377,0.000436481741417
1080,11.2283983231,187.770095825,43.6463928223,125.250923157,98.9262342453
1080,369.517425537,181.532714844,35.435344696,98.3995361328,98.2225179672
1080,122.620727539,184.483779907,44.9733009338,118.244270325,96.2967097759
1080,178.332229614,178.029953003,55.2658996582,126.3048172,92.2559380531
1080,101.810249329,219.349487305,22.5397052765,69.1553039551,75.4178404808
1080,207.45375061,217.435913086,36.8441085815,85.2175064087,46.5902209282
1080,31.157831192,239.457458496,24.6068401337,66.40184021,18.2245075703
1080,11.6253767014,243.645797729,20.7228145599,64.4436950684,9.5817707479
1080,223.281295776,257.454650879,23.1000080109,55.7320289612,6.46809712052
1080,163.537857056,206.566482544,36.4653778076,97.7874755859,5.18030934036
1080,121.529083252,239.349411011,24.0081100464,64.0951309204,3.86850126088
1080,156.995513916,244.316162109,24.873336792,67.9904174805,3.86596135795
1080,211.443984985,263.044464111,22.2925434113,52.7213287354,3.31550091505
1080,191.637924194,229.339859009,25.9901676178,65.230758667,3.21469753981
1080,384.830078125,228.353134155,22.6391887665,57.0351257324,2.23874952644
1080,7.029733181,197.934265137,22.4353542328,84.0242385864,1.00747998804
1080,83.4646606445,201.920181274,61.6010551453,104.89364624,0.933320540935
1080,139.722427368,249.788345337,21.8357543945,61.6264190674,0.698231719434
1080,616.218688965,215.408447266,16.8219680786,44.3911628723,0.606252672151
1080,397.295898438,238.420669556,19.5293235779,47.0417900085,0.54525192827
1080,97.2510604858,169.78793335,109.477546692,177.979995728,0.543020619079
1080,208.794296265,190.029953003,23.8281917572,62.4074134827,0.0714868016075
1080,367.105072021,231.245559692,21.0923786163,54.4772491455,0.0624608539511
1110,292.706512451,172.402038574,67.9033432007,153.381668091,99.509871006
1110,447.821777344,164.604721069,55.7172966003,165.769973755,98.1244683266
1110,515.015258789,157.791122437,71.7214508057,165.058120728,95.2707648277
1110,559.625549316,192.14465332,47.4331550598,138.08013916,41.3607805967
1110,422.704956055,219.558547974,29.0623760223,79.0687026978,37.1850639582
1110,534.932556152,226.07762146,29.9553623199,83.4524993896,13.1886094809
1110,456.133270264,245.778121948,30.0509471893,79.9585952759,12.743024528
1110,534.892089844,162.920455933,41.1760215759,82.9534454346,6.45251721144
1110,307.23348999,248.238937378,23.0037155151,73.2492523193,6.31040707231
1110,324.347137451,233.977645874,28.3859577179,81.9274368286,6.16311393678
1110,221.25604248,228.484573364,30.4270076752,83.394203186,5.26057891548
1110,480.228027344,256.943511963,22.5302639008,65.8947067261,4.16337773204
1110,557.40826416,270.85848999,22.6110019684,60.4390830994,3.81205119193
1110,573.776550293,272.476013184,29.5485591888,59.9940681458,3.59705723822
1110,439.684936523,250.190933228,22.9169254303,60.631275177,3.17347683012
1110,500.341949463,239.467971802,35.2586669922,79.3320465088,1.4147285372
1110,211.292282104,262.971282959,22.8444805145,52.1117668152,0.892021041363
1110,524.915710449,237.90196228,23.0465183258,70.100692749,0.787230115384
1110,234.56022644,264.200714111,21.5145816803,51.4778442383,0.605303235352
1110,305.791748047,192.821029663,28.4592285156,84.8621749878,0.482082739472
1110,465.585906982,179.000366211,31.5263652802,82.3073654175,0.398680241778
1110,564.172912598,179.327316284,25.3906021118,67.3319549561,0.297167641111
1110,200.524398804,265.392486572,20.8801727295,46.6751060486,0.161327852402
1110,553.210449219,219.207702637,24.9882049561,66.0971603394,0.160241045523
1110,226.903701782,281.934661865,21.3890628815,53.1883125305,0.145884777885
1110,291.411529541,257.748077393,22.9906749725,57.1199607849,0.0477389345178
1110,251.895202637,15.1559858322,23.1563854218,56.9898681641,0.00599446648266
1110,282.131286621,184.883605957,39.5965538025,102.811187744,0.00428413513873
1110,240.464828491,22.2189121246,19.2378807068,53.084564209,0.000325527639689
1140,155.648910522,69.0093002319,56.27135849,189.225036621,8.45819935203
1140,193.337783813,263.308258057,28.6529388428,53.5590553284,1.15041816607
1140,171.894454956,99.3461074829,26.983543396,89.5589370728,0.285951048136
1140,155.779281616,179.625106812,78.3043518066,125.78730011,0.0928361027036
1170,73.6183547974,139.140548706,30.4658374786,91.9304504395,24.2675930262
1170,75.598487854,22.9676837921,23.2720565796,69.1172561646,5.8432161808
1170,567.98626709,313.606781006,47.9789581299,84.3537368774,5.80104887486
1170,72.9665985107,49.5055732727,29.6836071014,93.4017944336,2.39056777209
1170,175.999221802,153.960342407,34.143196106,93.3130264282,1.06270667166
1170,504.972320557,258.715789795,36.0036048889,72.6555099487,0.901471450925
1170,94.4573135376,180.930007935,17.8878479004,53.1329689026,0.714353099465
1170,537.536376953,241.721801758,77.5722122192,137.627029419,0.678299600258
1170,538.357849121,49.3823280334,36.6448554993,116.516204834,0.650549819693
1170,104.96497345,195.524124146,18.025138855,46.2031974792,0.604996783659
1170,67.7453384399,47.4245491028,20.3733234406,55.455368042,0.485614966601
1170,196.556762695,189.852600098,27.4522037506,63.3541603088,0.193451950327
1170,154.465606689,113.550720215,79.6661224365,129.507766724,0.127357093152
1170,514.886901855,318.208374023,21.9475727081,49.84425354,0.0870020594448
1170,494.891845703,122.705680847,101.104042053,249.382553101,0.0836393679492
1170,615.700866699,245.405838013,16.8741931915,41.2681236267,0.055630953284
1170,525.14855957,31.6606903076,32.0231819153,90.6925964355,0.00901769672055
1200,269.701202393,162.81968689,16.6825523376,60.2734642029,25.4949450493
1200,250.667709351,130.461593628,32.1328468323,91.5671310425,10.2252177894
1200,283.276153564,155.156784058,26.9739170074,76.104637146,9.4332434237
1200,365.881622314,194.83946228,26.9283771515,63.0716819763,4.32232767344
1200,206.5650177,166.438537598,18.0970859528,48.2371330261,2.12255250663
1200,275.721191406,184.616882324,20.1049766541,51.2831764221,1.95652171969
1200,383.438568115,169.097595215,35.2626609802,87.665435791,1.35312573984
1200,358.613494873,91.2581253052,68.7457885742,177.372817993,1.22057693079
1200,523.579589844,316.240203857,25.9604129791,41.7339515686,0.829291529953
1200,378.018035889,211.800842285,25.9565753937,53.9209403992,0.587208056822
1200,429.469696045,283.539031982,20.7102947235,43.116027832,0.522104045376
1200,274.380249023,45.7258033752,22.359128952,57.466632843,0.286215217784
1200,188.95690918,42.6551361084,18.3893756866,45.3012886047,0.23557189852
1200,231.183517456,189.068496704,20.656747818,45.8479156494,0.222709937952
1200,446.294952393,271.742675781,19.080991745,44.4191017151,0.204002484679
1200,197.100479126,102.378700256,20.1595554352,55.9201545715,0.121113134082
1200,615.127746582,218.010879517,17.7948455811,43.4857139587,0.0591668707784
1200,248.439407349,32.8192024231,31.1151199341,100.853797913,0.00738483577152
1200,348.390594482,24.3830032349,21.7542819977,61.2388343811,0.000803496459412
1230,388.706634521,83.7070388794,37.3601074219,154.156356812,54.1930675507
1230,570.243347168,192.149581909,41.6238975525,105.392066956,51.1756658554
1230,357.87487793,157.642654419,25.5727214813,66.291343689,4.54004481435
1230,578.26776123,247.035949707,22.441947937,55.1551094055,3.53959947824
1230,414.012908936,145.991638184,19.2606086731,60.8463859558,1.12544195727
1230,590.030822754,84.980140686,29.3172359467,79.0724639893,1.04702990502
1230,604.294189453,214.914978027,25.4852733612,79.8709182739,0.434182351455
1230,382.666229248,118.500480652,24.7357959747,74.9969482422,0.402185227722
1230,420.23147583,177.554214478,19.2693443298,57.9805603027,0.375145440921
1230,599.72833252,51.7516822815,31.2423629761,86.18334198,0.161626399495
1230,374.75302124,146.598770142,19.6905078888,55.7746429443,0.0952755741309
1230,324.695709229,71.5235519409,25.3904438019,81.2001037598,0.0788500532508
1230,614.782287598,262.01348877,18.1115627289,43.7908477783,0.0693009526003
1230,609.394226074,31.5404529572,22.8761463165,59.7990264893,0.00694697155268
1230,171.861679077,33.0594406128,28.3300075531,63.1392364502,0.00126351715153
1230,417.779510498,26.4948711395,25.740480423,60.9002532959,2.25866529036e-05
1260,462.578765869,83.1684799194,53.1044616699,167.553604126,83.6981594563
1260,383.551269531,152.61730957,21.5057277679,60.5902404785,12.2131220996
1260,499.083129883,144.847854614,20.4854774475,55.8130226135,3.9514247328
1260,270.134490967,153.737045288,20.1043682098,43.5385704041,2.98777017742
1260,494.174316406,98.1864929199,23.2289581299,66.2606658936,2.39324141294
1260,491.976287842,169.076095581,31.7475719452,70.3593673706,1.25290686265
1260,374.290252686,153.675247192,16.4647521973,48.8439025879,1.20326150209
1260,451.601043701,132.990356445,37.2942008972,104.708259583,0.671747932211
1260,471.836425781,100.890846252,27.7905731201,87.8472366333,0.471728015691
1260,530.163085938,182.202392578,29.2967967987,71.1919174194,0.284063420258
1260,397.717071533,171.985412598,18.0520000458,46.7619171143,0.273217330687
1260,512.808837891,152.322433472,19.2154445648,55.061920166,0.198289076798
1260,616.07989502,195.002822876,17.2219333649,41.7682991028,0.0765239470638
1260,579.041564941,286.972564697,20.9097957611,51.4066352844,0.0373708171537
1290,516.024780273,39.8822021484,69.8729476929,221.608154297,79.9656271935
1290,419.772705078,172.813034058,21.4438877106,50.5111846924,9.53392535448
1290,279.701324463,146.360336304,19.0847454071,44.7007484436,4.30249385536
1290,411.004608154,50.962688446,23.7856903076,75.8414382935,1.24099822715
1290,5.94516611099,214.885818481,17.386259079,48.9458045959,0.617044512182
1290,566.846008301,145.781387329,21.1241989136,62.8746376038,0.578148243949
1290,524.605041504,59.848285675,35.0466117859,116.016845703,0.479204580188
1290,610.246032715,186.855758667,20.2583770752,51.1053314209,0.282933260314
1290,216.471694946,147.9581604,18.2152004242,43.3334617615,0.107143935747
1290,375.116607666,29.2735958099,33.9823646545,79.7801208496,0.0673409900628
1290,541.942382812,83.4596176147,31.2338867188,103.329627991,0.0105029648694
1320,547.612487793,137.971786499,22.126121521,53.5604515076,89.0709936619
1320,18.8970661163,154.415969849,24.9079055786,67.8040313721,10.188768059
1320,273.325714111,132.055801392,19.0575885773,47.8260231018,3.60285192728
1320,97.9915542603,186.630966187,17.3255786896,58.6813621521,3.29552069306
1320,562.940002441,142.131362915,19.6713314056,52.9890441895,0.915183592588
1320,573.354187012,154.364578247,18.384054184,45.7310676575,0.306106777862
1320,595.814880371,81.6851730347,28.3934402466,73.6388473511,0.214603869244
1320,539.003295898,129.830505371,50.0761070251,110.441474915,0.142761040479
1320,285.962493896,135.785766602,25.7865066528,52.5611152649,0.0345953507349
1350,538.53515625,140.934524536,24.1481704712,64.3629379272,94.4062769413
1350,512.53125,136.412063599,58.5569648743,110.893180847,34.6029579639
1350,268.209014893,127.160644531,22.8026294708,54.5927238464,4.63624671102
1350,54.3328666687,172.327957153,17.9440364838,49.2591590881,2.09769308567
1350,8.6485490799,205.640701294,18.8094348907,46.6058349609,1.91462635994
1350,97.4627304077,151.973068237,27.0855484009,73.4899368286,0.798526126891
1350,515.897888184,193.00630188,31.2028942108,67.5650863647,0.484185991809
1350,6.57317781448,173.807815552,19.1273841858,57.2834510803,0.0865460257046
1350,613.127868652,256.516021729,20.1990604401,44.4735870361,0.0495842832606
1380,513.967163086,153.955307007,21.9046573639,65.8546829224,85.0494682789
1380,508.682128906,146.117553711,52.3711204529,110.640205383,28.8264483213
1380,63.22315979,192.625549316,15.3533058167,39.2803459167,5.94066791236
1380,10.5058298111,189.902954102,25.1085891724,70.2970504761,3.46144959331
1380,617.067993164,167.813796997,15.4002008438,48.2173805237,1.10251093283
1380,270.29675293,141.403884888,24.5148925781,54.9980926514,1.00707300007
1380,536.533935547,236.305435181,21.164894104,49.8885765076,0.478193117306
1380,589.348083496,95.0843276978,18.5961551666,48.9350013733,0.253419205546
1380,627.453674316,23.0119934082,12.5463256836,47.1995544434,5.32300418854e-05
1410,494.923217773,158.687133789,27.3009128571,67.6253585815,99.8294055462
1410,269.802734375,143.012008667,21.542924881,54.0433921814,8.41460227966
1410,541.80657959,93.0915756226,66.4412384033,152.584152222,3.6689914763
1410,609.448120117,64.6598815918,20.9028816223,59.6265449524,3.57360579073
1410,610.378540039,105.229980469,19.3431625366,49.5871696472,1.0164540261
1410,616.325256348,187.555496216,16.8316936493,46.5709037781,1.01168574765
1410,557.77154541,258.238647461,20.4319400787,44.6371955872,0.644172821194
1410,513.58190918,160.799133301,20.9047794342,59.3301506042,0.592794874683
1410,568.854431152,263.233184814,20.7049465179,46.3785247803,0.509989680722
1410,578.896972656,268.551300049,21.6802158356,47.7834205627,0.252636685036
1410,6.296230793,360.454559326,17.534992218,49.7137870789,0.250634015538
1410,594.197570801,101.362457275,19.5483703613,53.3212890625,0.230326829478
1410,520.537414551,140.87322998,35.9882965088,79.5734024048,0.0289842631901
1410,32.9791564941,204.270263672,24.2893695831,53.8004341125,0.0190765611478
1440,477.716339111,31.7444477081,22.3781261444,66.5139389038,2.45197694749
1440,477.112457275,158.794006348,24.7246627808,74.9070205688,1.33538413793
1440,265.094268799,141.421920776,25.0088500977,54.3467712402,0.977289583534
1440,469.228118896,151.417480469,19.3320064545,53.9795646667,0.729613006115
1440,594.838562012,273.454376221,20.2323570251,43.7950019836,0.479956436902
1440,55.9113273621,203.143966675,21.3175258636,55.0191612244,0.273051694967
1440,627.440612793,56.8306617737,12.559387207,55.2096977234,0.129588786513
1470,467.96786499,157.666168213,25.0035076141,61.7778587341,98.2336938381
1470,260.244049072,142.342056274,23.3506145477,57.7401390076,1.56877692789
1470,4.56266403198,185.743286133,18.5405578613,48.8628082275,1.05508612469
1470,614.778991699,97.0133743286,15.8747472763,50.2391700745,0.69166244939
1470,533.452087402,151.00453186,22.5485076904,53.7280769348,0.315345474519
1470,615.548522949,152.528518677,17.017162323,46.2047615051,0.0469097460154
1470,489.421234131,16.9171123505,34.9774513245,75.3208236694,0.00358403776772
1500,454.097137451,160.413833618,26.2359390259,90.6968307495,39.8779630661
1500,471.372467041,166.534957886,19.3262729645,58.2948570251,7.63029679656
1500,249.048721313,148.067550659,25.4513244629,54.3555793762,7.23746344447
1500,7.68913650513,177.819885254,23.8475627899,70.6733093262,1.89878903329
1500,526.8671875,69.3115539551,25.8390522003,65.0708389282,1.08263818547
1500,523.44342041,17.2975444794,25.503080368,63.1867713928,0.0426724465797
1530,551.612426758,178.65196228,18.1766319275,54.7946281433,21.7113897204
1530,569.911193848,61.2817497253,21.1653842926,63.2343139648,9.92433056235
1530,4.34020996094,213.034591675,24.6877002716,66.4761199951,6.82635009289
1530,236.476272583,155.134353638,22.6022777557,51.9903106689,4.24288511276
1530,551.270812988,53.350769043,20.5635814667,52.6554222107,2.22789421678
1530,483.036407471,131.325241089,19.9473209381,51.20936203,0.402772240341
1530,448.22354126,220.809814453,25.9211444855,60.4102973938,0.32834361773
1530,542.31439209,79.0212478638,29.2575073242,81.8911361694,0.219786795788
1530,447.300933838,149.366546631,29.7749462128,65.9546890259,0.203306390904
1530,557.781066895,127.159614563,27.9454193115,100.080589294,0.141703034751
1530,465.611968994,117.942779541,25.5830917358,64.2178344727,0.0765528122429
1560,234.26953125,157.279678345,25.7216873169,54.55676651,6.66529387236
1560,451.237548828,157.062301636,21.3109664917,56.6199035645,6.37786090374
1560,607.065002441,140.369277954,17.8290958405,45.6966247559,3.48321460187
1560,460.762420654,147.3177948,21.4087085724,53.7907600403,2.57139857858
1560,464.195159912,169.873580933,23.3568973541,60.8704376221,1.74859818071
1560,456.762176514,74.1665420532,21.1803264618,59.2992515564,1.58768296242
1560,446.446136475,130.263442993,18.957452774,56.3794975281,1.57528966665
1560,442.0,168.894943237,19.7659606934,54.5662841797,1.33855948225
1560,603.663818359,91.5592041016,22.6835269928,59.7052116394,0.931952428073
1560,568.180358887,129.828567505,20.5533809662,52.7646484375,0.586086325347
1560,615.880371094,110.685935974,17.8352127075,53.6714172363,0.40693464689
1560,456.307128906,104.379646301,24.8865413666,71.3109512329,0.294132344425
1560,615.108276367,266.853759766,18.3896255493,44.11378479,0.258591980673
1560,550.799194336,127.874145508,26.9925251007,59.5638122559,0.181675853673
1560,463.032806396,263.804229736,22.7090606689,75.329208374,0.181089935359
1560,592.931335449,123.9921875,24.1381912231,60.2405204773,0.101400329731
1560,604.747558594,204.626708984,19.9836101532,46.4257011414,0.0504423398525
1560,502.422973633,305.308532715,29.6548461914,51.0634269714,0.0338552257745
1590,254.084732056,157.750915527,33.285484314,60.9367713928,12.1795646846
1590,552.168395996,50.7077217102,32.779045105,81.3710708618,2.55463831127
1590,525.846008301,153.30619812,27.6549015045,68.2422332764,1.88160110265
1590,615.933959961,235.206283569,18.0998325348,49.4215888977,1.72366313636
1590,530.126403809,80.4015350342,21.3278484344,55.6396598816,0.948406476527
1590,570.800415039,57.7178153992,27.0893306732,88.0326919556,0.948193762451
1590,523.727294922,267.803314209,28.4208583832,71.8447418213,0.838302727789
1590,536.200012207,55.2309074402,21.9859333038,56.567325592,0.510167563334
1590,535.270080566,129.32635498,20.5561332703,55.2309761047,0.504525238648
1590,12.9258432388,223.853225708,22.3486557007,58.2111053467,0.399268511683
1620,320.742584229,150.995056152,27.9074726105,57.7447929382,9.12951380014
1620,614.345092773,289.067932129,18.4714069366,61.14245224,7.88671672344
1620,556.81652832,213.511291504,20.192905426,49.0346374512,6.29278421402
1620,7.22172546387,176.788619995,16.9018115997,46.366607666,0.222563790157
1620,175.047607422,172.061141968,32.0799789429,82.7959671021,0.170062493999
1620,615.269714355,104.595985413,17.849023819,51.0025596619,0.133515929338
1620,198.921554565,50.9940643311,29.5996875763,66.1219100952,0.0653233961202
1650,426.051605225,149.052383423,23.649641037,57.3508644104,12.2239656746
1650,285.448486328,61.3949890137,28.5480060577,67.2533950806,1.75289083272
1650,287.419342041,161.688064575,28.4322795868,90.8906021118,0.681681372225
1650,195.875411987,33.3647041321,25.6679859161,51.9519691467,0.000880113020685
1680,597.621826172,138.133621216,22.9349956512,59.993927002,29.7293066978
1680,416.432830811,192.63444519,20.4512901306,43.8122138977,7.05820024014
1680,431.981048584,186.349472046,18.1484603882,50.4316139221,2.87172421813
1680,607.414611816,159.898712158,23.8864040375,56.3238258362,0.61397170648
1680,5.92812108994,181.192382812,21.0723495483,60.2657356262,0.437325146049
1710,444.635040283,186.098922729,22.0352230072,51.749004364,45.4930275679
1710,407.013214111,186.139846802,23.0430774689,59.7668037415,38.3806347847
1710,34.7044639587,204.904663086,20.4644260406,49.5400352478,0.648398883641
1710,83.6203460693,210.686523438,20.44373703,44.6618309021,0.447227386758
1710,462.612213135,181.104492188,17.3762722015,58.584980011,0.212071556598
1710,432.165405273,188.895828247,18.407957077,53.5611572266,0.207492616028
1710,68.4335098267,208.001144409,18.1043167114,42.1420555115,0.0735340290703
1740,410.68661499,194.262619019,22.9776058197,58.5518608093,81.67719841
1740,365.49520874,197.233200073,25.3912715912,63.8042182922,23.4937846661
1740,401.102905273,199.163040161,19.0378932953,49.3018188477,9.7218118608
1740,9.38865184784,222.985580444,19.0394687653,46.0296974182,5.90711236
1740,424.631225586,201.672134399,18.0484924316,49.6016387939,1.88872497529
1740,615.883850098,205.470413208,16.8668880463,47.3395996094,1.71724129468
1740,35.4340019226,222.485336304,19.0646457672,45.4024658203,0.81332763657
1740,441.482513428,203.654190063,17.6526050568,48.5991249084,0.694601004943
1740,451.573760986,208.885437012,19.198720932,46.8401794434,0.310417357832
1740,79.4942169189,224.514266968,18.1613903046,43.8962669373,0.175182905514
1740,57.0435180664,220.613693237,19.3895282745,47.5952644348,0.166147807613
1770,284.743377686,200.018295288,22.9358043671,58.8886222839,85.344594717
1770,248.951461792,215.162902832,21.3465881348,54.6087188721,16.1104425788
1770,604.307067871,92.4484024048,21.9755687714,58.5743865967,3.3735409379
1770,300.608123779,209.042419434,18.0424232483,51.0634117126,3.01679633558
1770,618.156433105,217.349258423,15.4105834961,47.0418052673,1.59607417881
1770,275.853515625,206.939041138,15.0546989441,55.5696105957,1.26732522622
1770,340.116577148,218.38822937,19.4022750854,44.8331718445,0.834679696709
1770,418.082855225,97.6178894043,22.7850971222,65.1010360718,0.749259581789
1770,615.587219238,76.8076095581,16.1096229553,52.5061683655,0.0645159510896
1800,15.830078125,202.082107544,40.8384513855,74.0242233276,51.0920524597
1800,70.2338943481,205.048950195,21.2622585297,60.3740882874,43.9065039158
1800,207.098922729,86.6644058228,21.7595005035,67.9624557495,20.7570359111
1800,57.3226776123,207.668563843,21.8328781128,57.7602233887,4.03923913836
1800,83.353477478,220.237792969,18.3646697998,48.4420471191,3.33611778915
1800,105.369346619,221.319412231,18.6169643402,45.7651329041,2.94111780822
1800,492.061279297,224.573303223,27.1768875122,60.1443786621,2.67224851996
1800,478.128662109,93.6796798706,29.0271987915,69.3524017334,1.64427403361
1800,95.1025695801,222.194259644,18.2862644196,47.0622520447,1.54127059504
1800,43.5483283997,219.025878906,21.0525054932,53.3016853333,0.961575936526
1800,617.498840332,92.9922714233,15.9470911026,43.786403656,0.409295549616
1800,8.26107311249,218.03855896,15.3390302658,52.3931922913,0.34367442131
1800,244.726577759,98.9626159668,20.7843360901,49.0039634705,0.339671736583
1800,216.477096558,102.979988098,26.1845798492,71.2563400269,0.188563845586
1800,426.63192749,96.1888122559,23.0831451416,53.6496009827,0.159761274699
1800,494.456512451,102.911338806,25.9957180023,59.0040779114,0.129006651696
1800,476.911529541,139.509277344,22.3140640259,51.0478477478,0.0468050595373
1800,578.058044434,22.1118183136,22.292509079,62.6489219666,0.00270300533884
1800,585.718261719,37.0798683167,26.591627121,82.9677886963,0.000190399282474
1830,93.1610946655,229.986328125,27.4306621552,62.5026245117,3.70643921196
1830,554.399719238,127.56111908,31.8707351685,94.3023605347,3.09369154274
1830,546.038208008,127.606910706,23.8368682861,60.2259368896,0.243899575435
1830,83.8704452515,240.60559082,20.7610168457,54.2211647034,0.186846719589
1830,237.082901001,21.6920337677,22.2543258667,58.9836997986,0.00385844577977
