30,518.90020752,165.641433716,26.0591964722,62.4201202393,99.8000383377
30,473.046264648,177.030654907,25.7388744354,64.1140213013,98.4682738781
30,458.92590332,174.145996094,14.5643091202,48.7632637024,62.9631876945
30,69.5511856079,201.74432373,21.6212081909,48.2292747498,41.5782570839
30,398.275787354,181.21232605,17.6630382538,54.0147361755,1.45664401352
30,506.854248047,170.330368042,18.0422382355,51.0017051697,1.39498095959
30,429.322784424,184.772415161,20.1001033783,51.8237915039,1.027681306
30,495.683868408,174.083938599,17.9197597504,51.7971000671,1.01469820365
30,450.439453125,121.666442871,23.3821201324,89.1572799683,0.770002882928
30,542.318969727,168.821578979,17.7962989807,53.3892250061,0.712646916509
30,361.661895752,177.786560059,19.0726852417,48.4909973145,0.531150959432
30,553.891174316,167.628173828,17.8134326935,47.81016922,0.363813270815
30,415.74697876,176.39024353,19.2302742004,54.7498893738,0.306542403996
30,585.424865723,35.4628562927,18.9663600922,47.8021202087,0.296773388982
30,448.663696289,175.290359497,15.9820508957,48.2873344421,0.246786954813
30,429.835327148,130.655639648,19.2210731506,53.9917488098,0.177282572258
30,400.785186768,142.514389038,20.3270053864,54.1849365234,0.129687704612
30,415.487701416,123.67779541,20.6170902252,56.8673400879,0.117708335165
30,6.3161854744,143.250808716,19.5118503571,55.3684577942,0.0730923435185
60,523.866088867,171.535217285,29.9046421051,69.6954727173,98.8034009933
60,120.363197327,180.765869141,27.7014007568,73.8434829712,89.8603379726
60,456.333984375,177.095336914,19.9766082764,51.3997688293,89.7324383259
60,425.010772705,141.074264526,22.7706012726,83.4021072388,11.4672645926
60,512.500305176,170.441146851,22.2376251221,62.8679695129,3.94319929183
60,471.408691406,177.298477173,18.1534099579,50.8994407654,1.27637712285
60,413.71484375,176.110290527,20.8291320801,60.7217140198,1.16453720257
60,545.579589844,178.719924927,18.9687213898,53.413066864,1.16380695254
60,445.254882812,160.656005859,19.4390125275,61.0682792664,1.03616733104
60,484.086456299,178.649429321,19.1188144684,47.1414337158,0.84336521104
60,424.070892334,190.125244141,19.5415859222,50.778629303,0.739546073601
60,6.29592657089,194.246505737,26.6850509644,59.0108833313,0.531186908484
60,594.729064941,86.7766036987,20.3715229034,51.6289863586,0.524911796674
60,433.982696533,131.033584595,19.41639328,57.2944297791,0.258784019388
60,435.813323975,179.721130371,17.2121429443,50.18800354,0.173516385257
60,513.554199219,38.1169090271,31.3266544342,80.2041625977,0.000349929882759
90,540.680664062,172.219589233,26.4844722748,71.4280776978,99.3205904961
90,580.971435547,177.048583984,26.6383457184,68.9701156616,99.0620613098
90,456.302124023,181.736343384,20.4501514435,50.118473053,83.4253191948
90,425.939910889,138.775924683,21.0849494934,77.9427108765,6.53198286891
90,504.802764893,184.194900513,18.8190593719,46.1306762695,4.21151891351
90,175.47895813,184.125076294,20.2239513397,45.9840393066,3.90030033886
90,471.341583252,182.131790161,18.2277317047,52.6739044189,2.57556587458
90,444.825683594,178.2787323,18.0313587189,48.1559143066,1.74230504781
90,556.974853516,174.362060547,19.0101146698,61.0991821289,1.2436049059
90,489.78604126,186.07472229,18.5095691681,46.2085418701,0.853730086237
90,568.644287109,174.584228516,17.6576690674,57.1205444336,0.785922352225
90,520.266357422,178.949234009,19.3414440155,54.5802459717,0.548318494111
90,617.171386719,99.3570022583,16.0029354095,45.5712242126,0.455534178764
90,593.947998047,184.497634888,26.6026763916,51.8222198486,0.429095048457
90,410.016998291,138.47354126,19.7762889862,62.7440986633,0.157936499454
90,184.757766724,38.0264320374,18.9556312561,48.6048316956,0.119266822003
90,434.156951904,128.022506714,21.5175685883,52.8339576721,0.0359963538358
90,615.154541016,24.2777309418,19.4948101044,52.0952758789,0.00199365367735
120,549.027282715,174.280349731,26.811006546,75.2770690918,99.0460038185
120,455.492279053,184.328048706,20.0350322723,53.1129493713,97.7551996708
120,234.168441772,177.907836914,39.1803779602,85.966758728,97.7468907833
120,346.404663086,187.92326355,19.0853214264,54.0129890442,16.7551025748
120,441.799804688,182.539855957,17.4162254333,50.5654792786,2.62759383768
120,520.720581055,188.92338562,18.388967514,49.4970664978,1.35525427759
120,537.528625488,180.814834595,19.4980106354,63.6230316162,1.31418267265
120,423.24987793,140.5884552,20.4411964417,61.8291625977,1.11114634201
120,415.010162354,173.973266602,22.104391098,73.8680114746,0.776315806434
120,471.759643555,182.628234863,16.8823814392,53.8887825012,0.59899231419
120,404.924041748,138.494644165,21.1135616302,66.7727355957,0.435142824426
120,430.450042725,187.6068573,17.4770870209,52.2308387756,0.179422192741
120,258.425720215,182.556350708,20.4797267914,58.6643028259,0.0805674761068
120,570.014648438,175.975845337,17.8654346466,53.3379631042,0.0759852468036
120,260.502166748,28.3900165558,19.1766033173,41.8511199951,0.0579497776926
120,617.096496582,25.4742965698,18.1315021515,49.9293785095,0.0210375554161
150,565.613525391,177.02545166,29.5360584259,76.6796875,98.9700376987
150,294.437347412,184.175918579,41.4903106689,78.9108963013,98.4806895256
150,456.215362549,189.132827759,21.1128253937,51.881526947,97.8065431118
150,343.369018555,189.632858276,17.6289291382,54.7862854004,13.7688502669
150,434.625396729,189.316848755,18.1294994354,47.4076957703,4.79760356247
150,521.25994873,195.539794922,18.7235507965,46.7151603699,4.53467033803
150,354.482879639,200.50453186,19.1323299408,52.3657493591,3.48314531147
150,471.26184082,186.386245728,17.5959510803,55.0261116028,2.2447867319
150,364.874603271,195.640365601,19.8541297913,54.3100471497,2.05477830023
150,508.178863525,188.847167969,22.2699794769,53.3933105469,1.43613256514
150,178.636047363,35.7878608704,21.1083431244,48.4571533203,1.04290731251
150,417.923797607,197.550415039,17.5905208588,53.931640625,0.97935423255
150,552.459838867,178.022094727,20.7629680634,58.7955932617,0.812339317054
150,399.196777344,133.399368286,21.3915271759,67.9616241455,0.707436166704
150,536.779907227,199.235839844,17.6975345612,46.8480834961,0.705198710784
150,409.019378662,139.611846924,27.9939174652,80.2216110229,0.460560666397
150,435.301055908,132.612869263,23.2312717438,70.3862228394,0.30841678381
150,328.080352783,186.071777344,23.5151996613,63.3693847656,0.238295458257
150,593.733520508,175.491744995,22.4369831085,55.4403648376,0.209798850119
150,8.00094223022,158.996932983,25.4144916534,51.7691497803,0.0678033626173
150,560.904846191,162.125411987,22.1967754364,55.6848106384,0.00883919274202
150,504.567230225,32.898601532,30.9864826202,86.4440536499,0.000219094863496
180,585.687438965,174.113723755,30.4299316406,85.1290435791,99.4539558887
180,458.618774414,188.764968872,22.2422389984,56.7667732239,97.8474855423
180,358.611083984,185.657180786,32.9919929504,83.292137146,95.1976358891
180,431.630279541,195.477706909,17.4979820251,43.8551635742,12.5382944942
180,471.252075195,189.166030884,21.9254627228,55.0052604675,11.5311197937
180,351.876220703,200.588989258,20.4689311981,57.2821235657,6.05100318789
180,377.828521729,205.976867676,21.5569705963,60.8126678467,4.06735874712
180,5.74170160294,210.64402771,17.2689285278,48.1149864197,1.40346447006
180,602.288085938,195.910202026,20.7345199585,62.2183227539,1.2919459492
180,531.22253418,206.158798218,18.646270752,43.6577606201,1.2864459306
180,512.66998291,191.810043335,21.7380828857,50.880443573,1.24715445563
180,340.188690186,201.344909668,19.6991405487,49.8150634766,1.08264070004
180,564.756347656,183.825149536,19.333984375,51.1637840271,0.824578944594
180,419.936004639,199.907302856,16.5265750885,52.1940002441,0.484721036628
180,542.5546875,190.249145508,18.5447635651,49.6745567322,0.414082361385
180,383.826751709,161.000183105,20.2699794769,61.5273017883,0.386983109638
180,406.516601562,144.063247681,25.6147861481,85.4146194458,0.335148116574
180,398.451629639,160.426071167,18.3127803802,65.0015487671,0.263054901734
180,615.874633789,48.5987243652,18.3744297028,45.6460533142,0.170514255296
180,502.388671875,39.7589302063,29.9571628571,86.685585022,0.00157241811394
210,598.688171387,176.119873047,27.8306751251,84.3977127075,99.6099889278
210,461.1590271,188.110641479,23.6192035675,60.2140769958,91.588383913
210,427.46774292,186.336425781,29.3329029083,76.2795181274,89.8032546043
210,418.994110107,207.729476929,23.1209564209,60.9733581543,21.2687060237
210,474.52230835,201.268936157,19.3801193237,50.1599273682,6.33603706956
210,349.265289307,203.598587036,20.1757068634,51.0733795166,5.46771585941
210,339.955749512,194.494400024,17.6924057007,53.0295982361,4.65735420585
210,514.689147949,201.488296509,19.3862895966,47.2994270325,3.41525748372
210,531.770202637,205.303146362,18.2757282257,44.3149604797,2.98536159098
210,447.463653564,198.379562378,23.8036823273,67.6409301758,1.49821871892
210,5.82557725906,192.125686646,16.4065189362,46.1988182068,1.36071033776
210,155.918869019,210.406616211,17.7936267853,50.1679878235,0.630380725488
210,542.635559082,194.013198853,17.8220615387,47.2033653259,0.417201500386
210,614.32611084,176.580810547,16.9312229156,60.832824707,0.393130350858
210,489.610961914,195.448486328,18.021522522,45.0091133118,0.389572652057
210,398.358917236,140.909957886,18.7967586517,63.8980674744,0.375471333973
210,419.39453125,148.536483765,19.7486801147,61.0969390869,0.340436794795
210,373.005981445,155.5025177,25.720041275,81.2502822876,0.241046119481
210,410.097015381,224.757263184,18.6777019501,47.4599647522,0.123729079496
210,169.077606201,55.5235404968,19.5439624786,47.2864570618,0.0948806351516
210,615.223327637,24.3099575043,19.6693687439,47.1307563782,0.000455279769085
240,602.084350586,179.266418457,29.0179843903,80.1096572876,99.7678220272
240,462.488800049,187.843154907,23.4083843231,58.2711143494,98.4550476074
240,491.073699951,182.054977417,28.3517742157,78.4656906128,98.2168376446
240,431.464202881,194.755813599,16.2615642548,45.7859077454,7.18326121569
240,344.134185791,206.376449585,20.0079650879,50.6616325378,4.66508120298
240,521.169494629,184.039550781,16.5285205841,49.7546539307,3.20445820689
240,506.609466553,188.531478882,21.2590446472,57.7521400452,2.80371494591
240,334.932678223,195.057052612,17.8919830322,47.6882133484,2.57476605475
240,476.985107422,184.565078735,19.3877906799,58.7792549133,1.60493496805
240,532.298156738,196.332763672,17.8834323883,44.74792099,1.09660066664
240,417.289337158,150.932998657,24.5688400269,81.0724411011,1.07996659353
240,10.6372680664,206.041305542,19.7464466095,46.698474884,0.90251294896
240,412.531951904,201.847183228,17.5930233002,56.2337532043,0.780806550756
240,396.129608154,154.757339478,23.6142902374,72.6223144531,0.651287240908
240,590.332946777,186.384780884,18.7033576965,60.2106628418,0.365399569273
240,169.037734985,38.6999740601,20.2279319763,47.8699607849,0.268199574202
240,448.701690674,184.175491333,15.3045911789,54.6565246582,0.181437528227
240,614.873474121,26.944562912,19.2160301208,44.4733009338,7.77043567268e-05
270,338.595062256,203.454101562,19.5653495789,51.0023536682,28.7608742714
270,432.789398193,133.757949829,24.0492763519,92.5082015991,4.08642590046
270,396.852752686,160.125671387,20.1348400116,66.0261688232,2.48167831451
270,417.592193604,147.919921875,20.6329097748,60.8450622559,1.77399329841
270,430.884368896,192.528305054,17.5886898041,47.6872711182,1.72917190939
270,350.723907471,203.663513184,23.0247974396,58.2248382568,1.38530787081
270,403.89163208,184.006240845,24.4690246582,73.0431289673,0.956203602254
270,6.74117088318,199.133850098,14.5901708603,53.4135169983,0.551192136481
270,526.283203125,287.989074707,31.4269123077,70.1331329346,0.381404091604
270,103.489173889,206.191574097,20.6195697784,54.4799613953,0.34335819073
270,389.020751953,182.760971069,19.1811523438,51.6234931946,0.296372477897
270,595.76751709,285.953338623,28.7468185425,63.511428833,0.170030782465
270,417.583648682,200.643493652,23.3947734833,62.2919273376,0.113605719525
270,615.339355469,26.9285030365,18.8158798218,45.540058136,0.000127513362713
300,597.274841309,179.108261108,33.3792915344,79.527885437,99.9738097191
300,472.749847412,187.189620972,29.044210434,65.4263763428,99.3630826473
300,338.302612305,202.07421875,17.2312831879,50.6863670349,25.8246958256
300,430.441131592,196.653091431,18.0154533386,45.1124610901,9.28637236357
300,347.906463623,206.273391724,19.3939323425,55.7659759521,8.19212943316
300,406.700897217,192.716369629,23.3442707062,67.2212677002,3.2549675554
300,521.068664551,202.879135132,17.8173427582,43.9087562561,2.56498586386
300,418.5,145.849853516,19.4018268585,58.7058906555,2.23463755101
300,531.371643066,201.479171753,17.9824771881,44.6919555664,1.69755220413
300,172.925354004,38.003528595,21.9924793243,53.4262580872,0.881688948721
300,419.794921875,201.023117065,18.2171421051,51.3382606506,0.557469157502
300,542.938659668,194.568115234,17.4901123047,49.8010444641,0.548148248345
300,620.605834961,180.139099121,18.8085727692,79.7548141479,0.0746886478737
330,603.715270996,180.900863647,28.9267597198,79.0735549927,99.9220073223
330,485.022705078,187.039779663,22.7540302277,63.0365943909,96.1993038654
330,338.989776611,202.207275391,18.7976531982,53.4289207458,25.7712155581
330,431.230438232,197.478652954,17.2216701508,43.5486602783,5.60889914632
330,404.59463501,200.180725098,25.171831131,61.0964012146,4.23008836806
330,354.615081787,202.90296936,18.3814105988,54.5196838379,2.51118522137
330,532.379882812,206.590133667,17.7964954376,43.4340553284,2.3891845718
330,473.446990967,180.835281372,18.4630527496,59.4858818054,2.25171539932
330,412.874298096,146.297042847,24.0390110016,82.8529586792,1.29101611674
330,542.91595459,195.904129028,18.268081665,46.8712806702,0.618941523135
330,591.086120605,186.321716309,17.2311820984,61.2219734192,0.482165953144
330,101.175170898,211.746231079,19.875787735,51.0786437988,0.454422598705
330,428.86340332,138.797073364,22.7403945923,78.1092910767,0.194934918545
330,462.30847168,194.116104126,18.4894046783,49.3953056335,0.137144688051
360,603.530090332,179.659622192,29.2799930573,80.2338409424,98.9647626877
360,488.669433594,183.139022827,27.5803890228,71.0814743042,98.9166975021
360,335.54864502,203.075393677,18.2845535278,45.3186340332,26.144516468
360,472.646820068,185.809509277,18.8024692535,50.9548988342,8.13204869628
360,430.489837646,201.269775391,16.8051433563,42.272605896,6.53253868222
360,505.491607666,187.618225098,19.512796402,61.0068664551,5.42195774615
360,402.019927979,186.425598145,22.7826824188,74.3119812012,2.77858115733
360,6.70961332321,199.541870117,14.3838891983,51.3280982971,1.40051832423
360,532.820739746,201.276107788,17.3758449554,44.1163444519,1.29730729386
360,343.169921875,206.20072937,24.1756496429,52.8697395325,1.29274874926
360,388.853424072,183.03578186,19.8451633453,50.3831825256,1.05860065669
360,461.840911865,196.779830933,19.0177059174,47.0982170105,0.772250117734
360,432.838165283,137.902252197,23.3407058716,87.4860610962,0.581469107419
360,591.429748535,188.089126587,17.354391098,58.7002258301,0.461887428537
360,418.558990479,150.936004639,20.7362270355,78.5715103149,0.365903018974
360,419.437652588,202.331863403,17.3316497803,51.5091400146,0.315239280462
360,60.169418335,218.839706421,19.3273086548,49.6013183594,0.277790473774
360,615.718017578,28.1738033295,18.4373455048,43.8540153503,0.258054398
390,505.390380859,187.022354126,22.460067749,45.2078094482,29.9569040537
390,402.271850586,137.42388916,16.9617900848,55.3092155457,24.4544446468
390,608.522888184,177.242294312,18.937128067,48.0303611755,22.759732604
390,411.882537842,141.470153809,18.7002563477,48.1915740967,3.321345523
390,56.9300575256,211.844360352,24.6677341461,56.4685516357,2.21670977771
390,425.197143555,140.504348755,17.4013595581,48.2981414795,0.724276900291
390,100.306922913,211.413131714,20.5326004028,52.2379341125,0.427306536585
390,5.2655377388,199.210708618,14.6996927261,52.0087089539,0.406999979168
390,519.935913086,192.555282593,19.3418216705,42.4530143738,0.233296793886
390,616.919006348,35.2201805115,18.4700450897,49.2867164612,0.197595125064
390,490.173492432,76.0421218872,17.1442012787,49.9452972412,0.0642673694529
390,574.50213623,26.4120845795,25.8007202148,56.9434700012,0.0064911073423
420,603.948669434,181.387557983,27.5761966705,80.7717666626,99.7763335705
420,505.306884766,176.447799683,41.4980125427,86.3808898926,98.2423484325
420,333.857086182,203.79145813,19.7641334534,49.0533561707,34.4010263681
420,351.209960938,203.443481445,17.8894844055,57.5431976318,15.1550784707
420,529.556213379,196.857772827,22.8328475952,61.4853515625,9.56876724958
420,425.388580322,197.959228516,17.4171886444,45.6117134094,2.84618530422
420,501.667938232,183.028488159,19.1875743866,59.5711784363,2.42640152574
420,415.159179688,147.088653564,24.3313217163,82.0700149536,1.79411992431
420,489.422485352,197.258224487,18.2718200684,49.5963172913,1.27784535289
420,590.627075195,189.312988281,18.8234729767,59.0096893311,0.494844606146
420,397.139251709,140.269088745,21.0080165863,60.0555114746,0.338497734629
420,541.264221191,193.200500488,19.9255523682,50.5049552917,0.330040906556
420,616.614196777,34.6961479187,18.3793239594,47.5126991272,0.251652160659
420,468.105926514,199.637695312,17.2886829376,43.6924438477,0.248033972457
420,424.500366211,138.176986694,19.5404644012,54.200668335,0.038628661423
420,624.807800293,204.792648315,15.192199707,48.6576423645,0.016786933702
450,603.176086426,179.830184937,29.8485050201,83.3316116333,99.7064352036
450,524.943786621,179.395706177,30.3515014648,87.2349472046,98.7548172474
450,543.169250488,197.074462891,20.4323062897,58.8264045715,22.6732924581
450,53.9716796875,215.49597168,21.1555652618,53.0832939148,1.50595810264
450,5.72990036011,201.555007935,14.5639619827,53.7728385925,0.620418367907
450,558.883605957,192.004898071,17.8492946625,50.9637718201,0.408513704315
450,616.930114746,35.6667633057,17.1397418976,48.9074821472,0.230125174858
450,423.960662842,140.564987183,20.9016742706,52.42760849,0.195522163995
450,583.721252441,180.508239746,29.7166843414,70.8235855103,0.177695287857
450,241.490600586,39.5807151794,18.5653514862,40.6316413879,0.168257998303
450,408.02645874,138.291168213,23.0790081024,58.1932373047,0.114209100138
450,499.82522583,31.1925106049,32.6175880432,94.0593948364,0.00083323166109
480,333.826873779,207.515136719,18.5613079071,49.4609947205,38.3569121361
480,353.474243164,205.373153687,21.5565319061,54.3324890137,5.36009222269
480,323.873809814,198.898208618,18.3549098969,44.9120941162,2.76423376054
480,408.164031982,132.13848877,27.7569503784,64.5227661133,1.65863968432
480,427.992889404,132.287185669,20.5176410675,50.1039924622,0.996254850179
480,392.462432861,159.907852173,18.6238040924,59.8270263672,0.815860833973
480,440.226531982,125.795173645,20.504278183,49.9737510681,0.254195951857
480,617.018981934,34.0392723083,17.355255127,43.0506744385,0.204334850423
480,615.179870605,179.360275269,17.9498767853,46.0311012268,0.120194314513
510,590.559875488,177.85168457,31.3528308868,84.7604141235,99.88489151
510,545.720214844,179.050476074,33.9895706177,94.6259841919,99.1566061974
510,391.576385498,192.68347168,23.2564544678,67.2300033569,19.4822922349
510,420.730224609,198.133377075,17.7932319641,44.0434379578,10.2522745728
510,477.371185303,196.65965271,18.9602947235,46.0328102112,8.93772467971
510,564.616394043,196.842102051,21.3717556,67.6106796265,3.9925955236
510,491.78994751,196.437606812,21.7185611725,50.5255699158,3.23391780257
510,440.272857666,194.706176758,18.6756954193,46.0767974854,2.11130660027
510,411.189117432,192.643600464,17.5215206146,58.6317443848,1.42772365361
510,538.333984375,204.403152466,20.6952018738,56.0707511902,1.41698215157
510,463.34362793,198.225036621,17.8083343506,45.3984069824,1.37201575562
510,515.676818848,200.353744507,17.6990642548,44.2818107605,1.23064368963
510,526.790466309,201.888717651,17.6802845001,48.0755462646,0.625015003607
510,580.319335938,182.580245972,17.6415710449,64.8417663574,0.461577717215
510,616.66003418,37.7943229675,16.650812149,44.7577934265,0.409268122166
510,406.66305542,143.705062866,21.1623020172,59.0093650818,0.384371657856
510,76.9698104858,218.554794312,21.2600288391,54.4954719543,0.0562127504963
510,498.422271729,44.8117370605,26.2651729584,73.0358123779,0.0048600435548
510,570.54510498,37.0982627869,23.9765090942,49.6187858582,1.87996974432e-05
540,580.781311035,180.49798584,36.6379394531,87.2969284058,99.6210873127
540,549.317932129,182.079879761,31.9412403107,94.8039321899,99.4404435158
540,321.955749512,204.341903687,19.9942531586,50.9624137878,40.1649713516
540,383.388183594,195.851821899,19.9553012848,64.7483596802,22.666990757
540,414.946136475,197.500610352,18.7460956573,45.7151832581,8.46071317792
540,504.860961914,202.204025269,19.2716712952,47.2152061462,4.90182451904
540,569.118530273,180.499710083,20.1924991608,88.1049804688,3.92713695765
540,344.680053711,202.958145142,20.4214267731,54.757522583,3.23186777532
540,444.831451416,202.297866821,20.7129459381,46.2879600525,2.7404980734
540,520.75994873,204.755966187,18.2535076141,46.5997467041,2.17172112316
540,532.471374512,203.160202026,18.3251132965,51.8180580139,2.12815701962
540,395.242156982,186.348556519,23.0821628571,74.0452957153,2.09413859993
540,309.076751709,193.553512573,17.1493206024,53.4279899597,1.10786696896
540,359.261810303,202.610229492,19.2992572784,56.7580108643,0.598794547841
540,525.225585938,225.239562988,20.9689006805,45.2284049988,0.55794804357
540,617.592285156,102.675636292,17.3743038177,48.048538208,0.432427413762
540,6.5797495842,212.891921997,16.2831096649,51.1296272278,0.23556437809
540,607.278015137,186.015563965,22.5987949371,78.3846054077,0.10994495824
540,616.481689453,36.4465141296,17.6282901764,44.9424552917,0.0968572625425
570,578.629394531,176.324325562,33.0370597839,97.8374862671,99.7817277908
570,546.71673584,182.565872192,33.6283721924,98.6527175903,99.1415739059
570,316.780151367,201.006698608,17.8729763031,55.4380760193,25.7974624634
570,409.909057617,200.096328735,18.0767879486,43.7600212097,17.4734786153
570,382.363647461,186.693664551,23.6086730957,75.7232284546,3.38176414371
570,505.058990479,204.289855957,17.8979187012,45.1209716797,1.68960969895
570,538.794799805,203.836166382,22.8894176483,61.4207115173,1.61883197725
570,472.525604248,203.508239746,18.3756046295,44.0300140381,1.21086286381
570,396.97668457,196.604064941,19.6040325165,60.1165008545,0.98289931193
570,457.597320557,204.544555664,18.1580791473,43.8958091736,0.919230561703
570,567.147949219,187.982055664,20.74650383,73.1650390625,0.878466945142
570,486.025177002,200.989501953,22.3666610718,47.4859809875,0.854496099055
570,515.058166504,204.86529541,18.7828865051,45.5411682129,0.754194473848
570,395.126251221,126.534889221,26.7399368286,81.3821258545,0.725796585903
570,616.554077148,107.798576355,16.8102874756,46.6501312256,0.577395083383
570,527.601501465,196.926712036,17.4873847961,54.049911499,0.55964323692
570,445.771820068,203.421188354,18.1820812225,44.6754493713,0.464346213266
570,378.291107178,133.160705566,19.9394702911,57.8703117371,0.209792749956
570,613.635925293,49.534450531,21.2881355286,52.3284111023,0.0611291266978
570,158.098602295,197.382339478,21.3464832306,47.0781898499,0.0300467945635
600,552.020385742,188.102050781,20.5412883759,44.0799407959,65.0905489922
600,578.808776855,181.700393677,21.1705226898,49.7688560486,55.211263895
600,308.407409668,204.903060913,20.9359455109,48.6458473206,54.2986214161
600,403.493438721,198.872543335,18.4934253693,44.1043663025,7.81443342566
600,14.0148553848,205.455947876,24.8841381073,58.0136871338,2.15231068432
600,376.186676025,192.832077026,25.1324234009,70.7922134399,1.38937365264
600,537.837341309,192.250061035,19.7839660645,46.556060791,0.97745237872
600,61.0452728271,207.762710571,17.889377594,51.7159309387,0.969100743532
600,453.081878662,200.600830078,16.604467392,43.0364112854,0.856126938015
600,390.044281006,142.892807007,26.2139606476,71.2456970215,0.602757604793
600,391.40322876,199.040283203,19.670797348,59.1463356018,0.321132945828
600,440.399383545,201.018661499,18.7405757904,42.8887443542,0.254619284533
600,522.089416504,192.317367554,17.2956104279,45.2328300476,0.171680084895
600,593.902709961,175.814682007,19.548210144,47.1688232422,0.142446625978
600,614.307983398,50.988948822,19.4054088593,50.3002738953,0.0373009999748
630,547.133056641,178.487411499,33.4824981689,103.301879883,98.6507177353
630,576.003967285,179.743148804,29.7942409515,94.2947998047,98.4038949013
630,304.793457031,208.559265137,22.8509140015,44.2222747803,24.4323536754
630,398.873931885,201.580093384,17.8111934662,43.4016685486,6.96475058794
630,543.647033691,226.91418457,21.8467578888,56.5176544189,4.28845770657
630,366.9012146,196.360519409,20.4163360596,66.6899871826,3.22439596057
630,7.31025075912,212.922409058,18.1169223785,53.2495231628,3.0208626762
630,456.640625,208.387390137,18.3995494843,43.0031738281,1.67830139399
630,521.006835938,198.67048645,19.0427799225,51.5142555237,1.40560688451
630,500.247283936,201.438400269,16.2848529816,46.9738349915,1.36192506179
630,535.81640625,190.610794067,25.9524364471,74.3599319458,1.26098338515
630,385.380981445,143.034561157,21.304485321,66.5172271729,1.06555493549
630,447.502655029,200.753219604,17.032699585,46.2491607666,0.976683571935
630,378.9140625,198.672073364,22.0981273651,63.0658874512,0.789679586887
630,434.659912109,202.4609375,18.9581451416,45.7246284485,0.60229706578
630,567.188659668,208.247268677,23.4442272186,69.8619308472,0.359542062506
630,369.230102539,139.498199463,21.1143035889,60.4060096741,0.0269564334303
660,541.608337402,181.059829712,36.2348747253,107.204925537,97.4559545517
660,573.866699219,182.457351685,28.2980823517,100.307762146,97.3077356815
660,298.130249023,203.024581909,19.6282253265,48.2358093262,41.014328599
660,394.260040283,202.02406311,17.3752117157,42.7039375305,9.88057777286
660,380.967773438,143.855270386,21.1759204865,57.1953315735,6.87648355961
660,307.232879639,206.984191895,23.9089870453,53.4308357239,5.50571717322
660,334.282806396,207.264602661,18.7243080139,55.0943145752,3.15231345594
660,109.610771179,196.787216187,20.9943008423,52.7508201599,2.81135831028
660,505.460113525,211.182540894,17.9082584381,43.6543273926,2.57705412805
660,533.791320801,191.685073853,18.3127269745,55.2480964661,1.97035782039
660,495.366241455,201.756347656,16.6031761169,47.807559967,1.69462841004
660,430.839935303,268.335113525,18.5054626465,43.0711860657,1.46353896707
660,538.2421875,214.41545105,21.3297195435,57.3765220642,1.37584675103
660,563.819458008,187.444702148,19.9532241821,75.316619873,1.31595721468
660,429.293365479,201.775283813,19.2617530823,47.3396263123,1.24133611098
660,462.636688232,261.195495605,19.277973175,45.1259498596,1.23206675053
660,7.60465288162,187.408447266,17.3960704803,47.8445549011,1.15455556661
660,384.298980713,195.508804321,19.5421142578,59.4856910706,1.07864039019
660,516.241271973,204.910476685,17.9927043915,48.0549125671,1.04721961543
660,324.369995117,216.008071899,18.2342319489,48.6089668274,0.975806266069
660,283.880950928,197.617431641,17.9511146545,46.1502723694,0.785265956074
660,515.747497559,266.719573975,20.1120281219,46.9400978088,0.784387812018
660,441.185180664,202.585388184,17.9385547638,46.3265037537,0.734952557832
660,526.878723145,233.956497192,19.750087738,45.8136634827,0.61958595179
660,556.783996582,235.504745483,21.6048679352,52.9485588074,0.506940996274
660,389.486297607,137.609603882,26.1449050903,93.7646865845,0.306180096231
660,472.684326172,252.55039978,19.7603359222,49.4931297302,0.236980803311
660,366.49130249,144.77583313,22.3303623199,58.9202537537,0.229022908024
660,131.516372681,39.6976966858,19.3168582916,48.0002250671,0.163721758872
660,587.316650391,187.911300659,36.4673118591,82.0897140503,0.075566425221
660,355.259399414,142.278701782,20.7646121979,61.932384491,0.0149697807501
660,594.285766602,22.9098815918,30.496339798,55.3234558105,0.00164511857292
690,580.229370117,184.345535278,33.7073364258,99.5898208618,99.8725771904
690,545.90411377,178.822753906,35.2943763733,114.583091736,99.3126630783
690,285.991241455,204.436523438,21.9487934113,53.7939720154,42.505928874
690,387.03805542,202.037307739,18.0814418793,42.577129364,11.8268065155
690,418.899749756,208.855895996,19.9713306427,46.4258460999,3.66466939449
690,488.226531982,204.424255371,18.3315467834,46.7853851318,3.37025374174
690,301.598815918,209.460083008,24.7210674286,56.8979949951,3.08929961175
690,534.242431641,183.718811035,24.1289806366,64.3464660645,2.71848160774
690,323.626342773,215.873672485,17.7301616669,49.2507972717,1.76176726818
690,500.073760986,209.720703125,17.9493503571,45.6477928162,1.63241680712
690,568.430908203,184.284072876,24.5184783936,99.8600997925,1.52292735875
690,441.271881104,205.75012207,18.2376747131,47.5556488037,1.3205868192
690,5.40264320374,204.996200562,18.1552562714,59.2453651428,0.603185407817
690,374.978881836,146.215545654,21.2440166473,61.2552642822,0.549500342458
690,515.731140137,266.573883057,20.0851230621,47.7713432312,0.468867784366
690,375.337554932,203.813980103,18.1419315338,55.2738838196,0.46356539242
690,510.189697266,192.332214355,19.6545886993,49.9875450134,0.377835845575
690,328.106201172,154.53453064,28.861333847,70.6401138306,0.0542492954992
690,610.841003418,192.94380188,20.4199924469,68.6717147827,0.0328502908815
720,593.843566895,188.072891235,34.601360321,98.3022842407,99.8284041882
720,550.374084473,176.982528687,40.0704116821,119.941619873,99.3717253208
720,278.562713623,202.731735229,20.2285633087,47.2235107422,55.2307248116
720,377.550140381,200.592041016,18.0550746918,44.4162406921,16.680406034
720,477.989379883,211.116439819,18.6193599701,46.6502838135,9.52193588018
720,539.717590332,183.275894165,24.3155975342,65.3535461426,5.66644966602
720,301.163604736,206.460769653,20.4937877655,54.9152832031,5.03644570708
720,488.475494385,211.166946411,18.3099384308,45.0406799316,3.23366560042
720,424.85949707,207.003234863,17.5792045593,46.4603424072,2.30622012168
720,360.368988037,146.75579834,20.8898162842,57.606967926,2.11438536644
720,585.120910645,191.558227539,21.0730476379,80.6837844849,1.87750998884
720,351.375,185.578674316,27.2712192535,81.207649231,0.946107227355
720,435.655883789,213.374267578,18.1115436554,43.5822944641,0.887002144009
720,312.740905762,217.05670166,17.6552333832,49.0303993225,0.777497375384
720,408.480133057,206.453109741,20.2714214325,46.0869178772,0.750393187627
720,615.913391113,192.555221558,16.4021892548,56.1222381592,0.577670801431
720,500.461334229,204.255935669,18.2250461578,46.9558448792,0.505361426622
720,494.599731445,266.450286865,19.7751331329,46.0868682861,0.495816534385
720,565.274414062,239.043441772,23.9531574249,60.0855407715,0.493524828926
720,527.302490234,194.958496094,19.6171245575,51.397441864,0.420821132138
720,509.776397705,266.850738525,20.718044281,45.2086982727,0.324629223906
720,571.768249512,188.936233521,22.6151733398,64.598274231,0.293878093362
720,392.622436523,97.6977310181,21.2865180969,59.0659790039,0.0611190102063
720,464.560211182,43.5787467957,25.8385391235,68.5872116089,0.0155296729645
750,556.054382324,172.947341919,48.2458381653,133.08631897,99.5822370052
750,610.538146973,190.142715454,23.5733165741,100.035820007,42.7832305431
750,366.332550049,204.59185791,17.8606967926,42.8600616455,25.9037911892
750,264.46395874,206.641738892,20.7983207703,54.7451019287,18.4680312872
750,467.216217041,211.966064453,18.4459285736,46.7351989746,5.41382953525
750,7.08132171631,215.163589478,23.7264003754,52.5660858154,4.95903603733
750,402.126800537,208.011184692,20.6562786102,47.7593803406,2.84915398806
750,443.583892822,208.584243774,24.493188858,46.3396568298,2.82561704516
750,572.104858398,247.391189575,24.0548648834,61.1727333069,2.75799557567
750,414.422698975,207.952392578,18.6549892426,45.4515838623,2.41107065231
750,549.689880371,185.528762817,27.7504367828,68.9915618896,2.23549045622
750,477.466308594,215.363082886,18.6552085876,44.8009910583,2.16409415007
750,510.248931885,288.451019287,20.1655731201,45.4075813293,1.99749302119
750,430.463500977,210.32774353,18.2770652771,43.8424987793,1.85846351087
750,489.618133545,215.362060547,17.7096691132,44.0855102539,1.66543722153
750,347.629882812,205.300521851,20.7863178253,62.2318840027,1.01966513321
750,499.739990234,271.313415527,20.224029541,45.5722808838,0.695867510512
750,601.931396484,198.106323242,20.6139945984,68.8309555054,0.656446442008
750,588.433166504,198.851821899,23.7093811035,76.8735733032,0.549215311185
750,520.624633789,284.340667725,20.6527500153,45.3970909119,0.502648763359
750,451.604248047,224.36857605,26.9654140472,53.7106895447,0.495450990275
750,302.127349854,222.192932129,18.0151977539,46.6784973145,0.371742877178
750,350.047332764,150.188796997,20.8794994354,64.8465499878,0.337452441454
750,607.543640137,174.345565796,20.3477516174,56.1202278137,0.0874137156643
750,534.975830078,26.2756824493,20.6052646637,44.6271324158,0.0231034020544
750,530.899963379,271.968536377,21.0242195129,48.6619873047,0.0191163373529
750,161.99130249,25.0578022003,19.4894886017,38.366481781,2.87732859761e-05
780,573.693664551,169.816741943,50.1241035461,149.262634277,99.238216877
780,253.862182617,210.268188477,19.4734973907,55.0467185974,27.5939643383
780,350.855560303,206.329330444,18.2252292633,44.5440559387,21.899074316
780,602.231872559,177.961654663,28.7297668457,98.40209198,7.69769698381
780,592.254882812,248.052078247,23.6287307739,72.1470870972,3.98631133139
780,408.511505127,209.247116089,18.819070816,47.5525093079,3.00455205142
780,577.362854004,187.919509888,27.4004898071,79.3550796509,2.78935898095
780,435.0831604,201.852722168,20.5284957886,48.2888832092,2.5342900306
780,467.98538208,217.716415405,17.9860172272,43.8215065002,2.35839411616
780,455.646026611,215.319961548,19.0914230347,46.0121307373,1.66495703161
780,423.662994385,209.189804077,19.3525600433,45.810760498,1.59859955311
780,392.963592529,207.650894165,19.0729694366,46.7589759827,1.51270283386
780,430.074615479,277.383148193,19.8921451569,45.639339447,1.26416543499
780,296.588775635,156.961196899,23.2639160156,80.2264175415,1.26218535006
780,281.977813721,223.075820923,17.4304561615,46.5682258606,1.07448520139
780,232.56312561,199.879074097,19.0845241547,53.6308021545,0.88565563783
780,336.601898193,203.772354126,21.8797512054,65.0436248779,0.84215356037
780,615.338684082,217.144943237,17.3230705261,47.5434379578,0.830972101539
780,328.33291626,142.413772583,21.1267738342,58.6164360046,0.578318629414
780,499.429077148,277.515289307,20.4666118622,45.7170257568,0.394344003871
780,342.858398438,142.696090698,26.202796936,89.7912979126,0.346056837589
780,363.564361572,202.523666382,21.661359787,44.1201629639,0.303099490702
780,224.027023315,219.501907349,24.487405777,59.5304450989,0.159861124121
780,536.909729004,280.012115479,20.1776027679,42.5217475891,0.141192774754
780,515.255554199,279.959381104,20.611989975,43.7154693604,0.12516961433
780,312.557617188,159.94078064,19.3900432587,57.9244041443,0.0351764843799
810,597.174987793,162.868270874,39.9069328308,141.548294067,82.6841771603
810,237.645645142,205.359634399,19.5549545288,51.8584022522,41.8695390224
810,600.47265625,224.487136841,23.4776515961,67.4172134399,11.2555369735
810,332.940155029,200.764755249,19.3135623932,44.5834655762,9.90467593074
810,392.890014648,213.0259552,18.7427310944,45.7260932922,2.949539572
810,610.733154297,157.381149292,22.3199253082,76.9345474243,1.98876392096
810,265.092315674,214.932556152,18.8417987823,52.5976066589,1.72965805978
810,250.981796265,219.357177734,22.870765686,54.391834259,1.50101212785
810,427.664886475,202.174682617,21.9493331909,47.5575256348,1.42686776817
810,403.149536133,208.981338501,18.5217075348,46.0150108337,1.38918897137
810,382.775878906,209.078857422,18.2985591888,45.9304046631,1.38339363039
810,457.864959717,213.034408569,18.017742157,44.3060455322,1.20971370488
810,319.119903564,201.778259277,20.2968959808,64.8371963501,1.13281533122
810,213.806045532,201.761764526,22.9084014893,52.2394371033,0.802107341588
810,498.880981445,287.53326416,21.3401508331,44.9089660645,0.768692558631
810,444.969482422,211.766525269,19.4278011322,44.3049468994,0.737019069493
810,322.240356445,150.713760376,20.5753078461,63.6829109192,0.67618037574
810,488.774291992,277.920196533,20.3215312958,45.8839683533,0.364222493954
810,511.692962646,284.899200439,27.3237819672,52.2399787903,0.361517397687
810,542.06463623,284.751098633,19.9399242401,43.0615119934,0.352257140912
810,627.356201172,150.838973999,12.6437988281,49.1843719482,0.142960855737
810,369.839569092,209.534240723,19.8330364227,44.3133506775,0.139943230897
810,531.856628418,279.75668335,20.1431255341,42.8427467346,0.112379167695
810,590.973388672,249.288589478,20.4530124664,52.7446784973,0.0956473173574
810,616.262878418,29.0311489105,16.780462265,47.423084259,0.0335188407917
840,218.084289551,206.154586792,20.9564876556,60.563873291,43.8352048397
840,318.354278564,201.88822937,17.1765594482,42.8162956238,19.7434574366
840,8.97571849823,191.495742798,25.8606967926,81.8051681519,10.4948177934
840,620.558410645,213.816757202,18.6273536682,62.3760948181,6.94639831781
840,297.244232178,131.717391968,27.7867031097,75.8973312378,6.04780726135
840,420.429962158,197.725021362,17.9345569611,47.9325714111,3.52777317166
840,428.553924561,213.165283203,19.2056121826,43.3865814209,2.27409303188
840,399.996429443,203.871170044,24.4011135101,49.2708129883,1.88839957118
840,287.204986572,188.784408569,27.0834960938,82.0907363892,1.78146623075
840,441.817474365,213.76020813,17.5801525116,45.067111969,1.60121396184
840,230.86517334,205.436767578,23.1863536835,56.9576759338,1.25410491601
840,354.165435791,208.460205078,20.9362163544,48.1384239197,1.23727433383
840,370.461395264,211.488113403,19.7055053711,46.5291938782,1.0933060199
840,249.023025513,211.854385376,19.4264659882,55.0245666504,1.07994219288
840,285.626983643,129.887741089,19.3622703552,66.4768600464,0.968180969357
840,201.332778931,201.908401489,18.3975067139,47.8222770691,0.776837393641
840,514.734191895,287.437103271,20.3131523132,43.8292236328,0.726136472076
840,184.448730469,211.538345337,32.6319618225,62.7301902771,0.516422418877
840,343.931243896,203.947128296,20.2273769379,43.6416320801,0.482941325754
840,301.458221436,208.618881226,18.3022785187,54.1001014709,0.463381037116
840,525.747253418,283.474761963,20.5034694672,43.7459144592,0.460287649184
840,627.892333984,191.397109985,12.1076660156,49.4059791565,0.208162679337
840,504.5753479,279.89465332,20.5618038177,44.759185791,0.0964214734267
840,614.488525391,249.652709961,19.6609783173,49.6165657043,0.0825838244054
840,615.311523438,32.3256721497,18.9659061432,46.8711433411,0.0587492599152
870,192.245010376,200.873245239,28.1802825928,71.4280395508,71.8615651131
870,301.472686768,201.089355469,18.6160106659,42.7043800354,40.7831698656
870,177.241271973,198.590560913,22.382642746,58.7017402649,6.78103864193
870,223.736984253,211.669372559,19.4933109283,53.6464271545,3.03828753531
870,332.834869385,206.596435547,21.4775447845,49.5069999695,2.27650981396
870,394.066650391,199.691040039,24.2452716827,50.9988136292,1.99092831463
870,344.237884521,213.898880005,19.4458293915,47.6773376465,1.7714522779
870,355.161254883,205.62059021,18.4208698273,45.2152442932,1.2261422351
870,419.973022461,212.587234497,17.9293079376,44.4634132385,1.09987705946
870,259.922821045,183.846679688,18.2891635895,50.4333686829,0.937561690807
870,408.033569336,214.483825684,18.7915210724,45.0384025574,0.917226355523
870,319.045471191,84.8864364624,22.0448913574,60.0513153076,0.753477215767
870,315.408813477,197.974868774,23.3620834351,50.476726532,0.67376755178
870,379.78994751,202.231506348,23.6849155426,50.1094818115,0.609562778845
870,227.669845581,147.366928101,20.7787799835,50.8749809265,0.517249014229
870,290.369659424,200.97076416,17.2608203888,47.6667633057,0.360391009599
870,558.546386719,75.5773010254,25.7908191681,92.708152771,0.143630581442
870,232.847793579,145.064712524,31.1691207886,80.5297470093,0.109735014848
870,573.867126465,95.2843704224,18.1659641266,52.4005279541,0.0571585725993
900,599.237915039,176.581222534,39.207775116,110.662811279,65.7254934311
900,180.463668823,202.23979187,29.9916591644,65.9406585693,60.5687856674
900,292.022674561,199.326400757,18.5409393311,41.2826652527,18.31407547
900,617.501098633,256.211761475,17.1822185516,51.6494178772,8.17953944206
900,345.473358154,205.0025177,18.3497848511,46.258014679,6.36174678802
900,169.887863159,199.864135742,20.8588008881,52.0979728699,3.6184489727
900,355.787750244,207.010131836,18.3518180847,45.5297660828,3.15475165844
900,207.991821289,207.40171814,17.7301654816,52.8421592712,2.77887750417
900,393.72164917,196.974243164,18.2926692963,48.9226989746,2.43916343898
900,333.868438721,216.975036621,20.1731739044,44.9627952576,2.2028228268
900,415.311248779,213.777938843,17.8149280548,43.0843353271,2.11094282568
900,323.134429932,203.953903198,19.6881389618,46.2380561829,1.76193602383
900,374.695281982,197.086776733,22.4986438751,51.2105712891,1.46179227158
900,403.114105225,210.671447754,18.5241947174,45.0496864319,1.31473187357
900,161.5206604,217.056884766,23.0355834961,57.6284446716,1.30707053468
900,612.071716309,167.942642212,21.6816558838,62.9517173767,0.917503144592
900,267.976226807,194.598587036,22.6191997528,68.7880325317,0.892983749509
900,248.358901978,195.283813477,18.6772041321,53.8419380188,0.767000857741
900,229.742294312,151.507781982,22.1064739227,61.485370636,0.696727493778
900,307.597747803,197.282836914,17.1017055511,44.4104804993,0.618636235595
900,197.278381348,222.976211548,21.4468765259,54.1221122742,0.556073244661
900,598.366638184,191.673019409,20.0878582001,60.9289855957,0.411728303879
900,279.660186768,205.279830933,19.191493988,48.2799072266,0.401331251487
900,221.16267395,217.685348511,19.6946258545,48.4939994812,0.183174549602
930,555.233886719,173.499252319,50.3604774475,131.598831177,99.8479306698
930,175.860183716,204.536514282,30.1144180298,66.8494796753,49.7831642628
930,281.02166748,197.797225952,18.9497489929,43.746307373,22.7066919208
930,590.301818848,189.260864258,22.9531650543,61.2698822021,11.3922633231
930,195.868637085,203.725830078,20.5556774139,56.1700248718,6.5055295825
930,376.392791748,189.957275391,19.5783443451,51.0427055359,4.98463660479
930,345.219512939,204.996139526,18.4438400269,45.9562416077,3.43157537282
930,152.997421265,210.208374023,31.6769256592,66.3303146362,3.37089933455
930,354.835113525,196.475845337,23.032661438,48.7037506104,2.72410120815
930,410.127593994,211.499191284,17.5590114594,43.6452674866,1.75532884896
930,334.020202637,204.651794434,19.141002655,44.9309539795,1.72201059759
930,387.7159729,197.389892578,17.4729213715,46.6782951355,1.30764609203
930,610.17980957,211.038040161,18.3996429443,51.4071350098,1.1907717213
930,541.248718262,191.304321289,24.4048843384,61.5780982971,1.06548406184
930,398.109466553,210.28263855,18.6343593597,45.1333618164,0.978574436158
930,206.856704712,215.474411011,18.2910041809,49.4328269958,0.957799609751
930,599.692565918,166.425430298,19.8557109833,54.4976234436,0.929257832468
930,268.081451416,145.222000122,21.1912631989,66.8426742554,0.655133090913
930,322.583587646,203.880615234,19.9918003082,45.807094574,0.452765822411
930,261.328704834,201.655456543,21.2779064178,62.4204673767,0.345904822461
930,243.008132935,239.354187012,19.9815692902,43.6448097229,0.315299606882
930,9.38904285431,202.962341309,28.4951076508,73.8413848877,0.233645038679
930,311.705657959,204.328384399,19.8101902008,42.5586204529,0.200696359389
930,254.048522949,234.041854858,19.3904800415,44.6813468933,0.0282403838355
960,529.31072998,179.738357544,47.0011024475,122.044891357,99.9391376972
960,606.775085449,180.320800781,28.93359375,94.7629165649,96.6663002968
960,157.525970459,202.116088867,28.0975170135,68.0164108276,70.0326740742
960,29.5288333893,201.12046814,28.1883678436,63.2037239075,52.3336291313
960,267.044403076,197.68397522,18.483663559,43.6375770569,15.5783936381
960,565.054260254,191.592208862,20.8402614594,55.3023643494,12.3146764934
960,328.966278076,206.059036255,19.1089992523,47.4286003113,5.19433617592
960,337.887054443,197.509140015,23.0434036255,50.6165618896,4.57008890808
960,355.048797607,191.8775177,20.4763202667,48.0442199707,2.81726308167
960,376.204589844,206.044296265,18.9102191925,48.1281433105,2.62219067663
960,387.181976318,210.493148804,18.135187149,45.4966697693,2.35695485026
960,207.262008667,150.165344238,22.7351779938,61.0709342957,2.26049367338
960,318.967529297,198.948120117,18.4013309479,46.9946250916,2.20355074853
960,399.071502686,211.962234497,18.1836986542,44.4088745117,1.53332659975
960,7.29810380936,200.795852661,15.2191886902,52.5119056702,1.12499697134
960,306.869232178,202.096786499,20.5033359528,46.7039909363,1.03989830241
960,595.639343262,174.953491211,20.8064346313,63.2407951355,0.972952786833
960,132.528152466,211.910644531,34.8767929077,67.7456436157,0.901302974671
960,244.11265564,196.451522827,23.1658039093,68.3484954834,0.690247118473
960,627.780334473,181.688949585,11.5624322891,53.8298797607,0.604032864794
960,549.055358887,230.830627441,23.5390529633,66.5953674316,0.453151203692
960,4.86618757248,46.1538505554,19.1187858582,49.6561317444,0.443025678396
960,532.217407227,69.7241592407,26.8348770142,92.8950119019,0.402652053162
960,176.156860352,220.489578247,20.2832050323,53.3421936035,0.384263694286
960,403.211761475,184.370101929,22.3997344971,61.1281166077,0.353986606933
960,194.907470703,219.725448608,19.0471363068,46.0355567932,0.316154956818
960,258.547698975,145.235855103,22.1237773895,82.8978042603,0.281745498069
960,256.164245605,198.859985352,18.9892578125,47.9803581238,0.248492322862
960,521.172546387,195.483566284,25.9487762451,71.2352218628,0.191318825819
960,238.88885498,126.154663086,25.3944187164,74.8254852295,0.124734186102
960,615.585571289,261.367706299,17.9137363434,48.972240448,0.0127180246636
990,486.436767578,177.68611145,44.4713859558,113.624717712,99.8534679413
990,583.225952148,176.026870728,43.5094490051,116.935112,98.9949464798
990,126.899658203,199.617202759,28.4510135651,72.200553894,62.4224364758
990,238.454238892,198.879272461,19.0826053619,43.2790336609,30.0818026066
990,606.395935059,44.2655830383,24.3596363068,61.294002533,15.2431458235
990,157.97114563,211.175857544,19.219877243,51.1506080627,13.1559848785
990,193.790893555,192.743484497,23.9893512726,77.623374939,9.58035439253
990,338.705291748,187.656845093,21.1120491028,54.0267982483,6.36508539319
990,349.380584717,204.668457031,18.9545383453,48.0581932068,5.2069183439
990,360.923126221,204.584762573,18.1047267914,46.157989502,3.4695468843
990,104.747833252,202.352600098,33.8583450317,72.5809860229,3.22955735028
990,172.713424683,149.933456421,21.5119037628,60.6011238098,3.18473987281
990,296.191040039,205.245605469,18.8570613861,45.0682563782,3.16330902278
990,481.378814697,182.307434082,28.0393276215,68.0808944702,2.6830246672
990,326.462982178,199.176574707,24.4670009613,50.1773262024,2.19017062336
990,312.224853516,207.762649536,19.2824859619,42.6074256897,2.17519626021
990,372.515960693,207.124572754,17.7860050201,45.4170379639,1.89289283007
990,318.510009766,189.515975952,20.0143260956,47.0838165283,1.84305384755
990,259.071289062,193.304382324,21.6949920654,50.0965881348,1.77426245064
990,573.487670898,181.321090698,24.9246425629,70.7224655151,1.70367863029
990,143.166213989,209.998855591,24.9850559235,61.2379760742,1.22347297147
990,280.16027832,202.346984863,20.03972435,48.0388450623,0.7069401443
990,516.225646973,189.898117065,18.9022293091,66.4081344604,0.263790250756
990,206.478866577,120.069580078,26.2190723419,85.3735580444,0.245538796298
990,200.433670044,239.335388184,18.6400318146,42.0189552307,0.241668988019
990,582.046875,241.607528687,21.0551319122,54.2973976135,0.193601823412
990,225.522689819,190.060012817,17.4896831512,50.7352867126,0.13416914735
990,221.03112793,140.205810547,21.2111587524,61.1789131165,0.109415745828
990,607.989868164,182.889053345,20.3812389374,71.5375900269,0.0999113428406
1020,404.807739258,175.461105347,38.9792442322,105.643608093,99.9342858791
1020,72.3055343628,189.753601074,30.4010696411,86.8043746948,74.3647634983
1020,568.08190918,38.7723884583,27.7770614624,66.5028457642,43.3852940798
1020,188.991744995,193.977005005,18.5348205566,44.6539115906,17.3381879926
1020,154.519348145,197.936950684,20.8442058563,64.3781814575,13.8741031289
1020,243.141555786,196.73487854,18.6193332672,47.6822662354,8.701620996
1020,298.790649414,200.46244812,19.1478595734,51.599193573,7.50954151154
1020,577.820495605,110.659606934,22.2780399323,49.2660369873,7.1038544178
1020,602.667480469,185.784072876,18.0637741089,48.7075843811,3.45682576299
1020,151.048477173,108.26159668,22.453168869,70.7988357544,3.42784002423
1020,254.604446411,205.133483887,18.3309555054,45.0685157776,3.39732766151
1020,287.219360352,202.521743774,18.9494152069,45.3310966492,2.49655935913
1020,270.738861084,204.257369995,18.821516037,43.8807678223,2.11297329515
1020,88.5474014282,198.972045898,22.9648895264,58.7722740173,1.89559590071
1020,227.322677612,200.026931763,19.363237381,47.9712982178,1.88300367445
1020,565.018737793,184.925415039,16.5726413727,44.8027381897,1.80578902364
1020,83.0512619019,229.727233887,29.2494354248,54.0987129211,1.33031886071
1020,313.695709229,213.356338501,17.9587593079,42.567691803,0.923559162766
1020,396.773071289,180.470947266,21.2691879272,68.3397750854,0.842461828142
1020,105.190040588,210.413711548,18.4780979156,49.9090995789,0.624134065583
1020,564.307800293,71.647026062,35.8633995056,105.176094055,0.609435932711
1020,138.802658081,190.041732788,18.7636547089,47.1338768005,0.432830350474
1020,615.49810791,222.425354004,16.9420623779,55.9600105286,0.39460635744
1020,142.027908325,241.20123291,18.8293781281,41.6994628906,0.264461757615
1020,204.475830078,69.1537857056,22.9406299591,72.3681106567,0.238284422085
1020,119.2059021,146.371444702,26.004743576,74.1995391846,0.193095637951
1020,151.993850708,234.218460083,19.9688587189,47.3348083496,0.104998890311
1020,161.888641357,127.843353271,20.921169281,57.2908973694,0.0979274744168
1050,322.508758545,171.526306152,39.2365188599,104.367584229,99.7875630856
1050,610.824523926,169.359024048,24.1582889557,107.971099854,94.4842219353
1050,109.974006653,195.018692017,21.1047306061,70.5546722412,33.692958951
1050,31.0108261108,198.784042358,29.273809433,74.1637878418,32.8239679337
1050,529.96472168,36.2187995911,26.7021007538,63.7040710449,27.6750862598
1050,147.119720459,196.651428223,17.6845741272,42.3785476685,22.1709743142
1050,53.1330566406,204.282791138,19.7376251221,52.7691230774,17.3397675157
1050,524.201721191,185.025024414,16.9980659485,43.5890235901,9.93200168014
1050,477.173858643,166.051757812,20.0242366791,50.2437286377,8.68102535605
1050,197.094467163,187.853134155,17.5599422455,47.3136291504,7.25589469075
1050,564.146606445,184.938522339,19.8724117279,46.5028495789,3.35109904408
1050,212.023742676,202.713790894,18.0553646088,44.9674110413,3.30153927207
1050,537.602294922,110.003013611,19.9581604004,47.4594421387,3.17184850574
1050,222.113967896,203.784912109,19.8073215485,43.9024658203,2.47755367309
1050,161.964706421,68.2249755859,20.6674594879,55.7873191833,2.24178414792
1050,305.875091553,179.300247192,24.2490100861,63.8647499084,1.87564603984
1050,248.755020142,198.971237183,21.0012779236,48.4430503845,1.69160682708
1050,159.610244751,193.916503906,23.5302219391,45.3823204041,1.12164923921
1050,184.11579895,197.803894043,19.9975128174,47.5934257507,0.995571259409
1050,554.325012207,179.524414062,18.6717472076,47.4657897949,0.983181037009
1050,348.467681885,183.523452759,19.9908161163,64.2727355957,0.79739484936
1050,89.3760757446,180.998291016,19.0641689301,49.9133605957,0.757620297372
1050,625.31036377,177.632324219,14.6896362305,73.6853866577,0.586040969938
1050,99.0954818726,236.653137207,19.5532588959,44.6787376404,0.574660254642
1050,60.6316184998,222.345458984,25.174621582,50.481716156,0.454035028815
1050,468.98336792,80.4332351685,19.4122695923,50.5656776428,0.404656678438
1050,417.558929443,64.1886367798,27.8848590851,87.9325027466,0.181999162305
1050,96.17943573,105.865943909,28.5044803619,103.444030762,0.118535943329
1050,602.475769043,170.715652466,20.4091358185,55.1152954102,0.0515384774189
1050,613.955505371,248.457046509,18.8358421326,53.2541046143,0.00327628549712
1080,273.74798584,172.213088989,37.7579536438,99.9697341919,99.7917413712
1080,535.832275391,178.306625366,33.0406951904,104.094520569,98.8806426525
1080,84.4813537598,178.387878418,27.19099617,91.9900588989,90.4568314552
1080,13.1810750961,192.055282593,28.4494247437,84.1105194092,82.0210635662
1080,41.4450340271,200.146850586,23.868347168,60.9265327454,37.3933315277
1080,514.339416504,43.1752281189,23.5796756744,56.7639350891,32.3056012392
1080,131.28515625,194.964736938,18.4839916229,44.1994514465,27.3340672255
1080,458.565063477,168.692001343,21.7128162384,54.2688446045,12.2023195028
1080,28.0921649933,196.836486816,18.8144626617,53.8973236084,10.3363208473
1080,184.427505493,196.158248901,18.7529659271,48.8542327881,8.67135599256
1080,338.373596191,208.886001587,20.9641456604,44.1289215088,4.74792085588
1080,522.386779785,107.48802948,22.0254688263,48.6047325134,4.0400724858
1080,471.816772461,172.702133179,20.0833625793,53.016040802,3.9404373616
1080,196.025085449,204.737915039,18.6817378998,45.6758766174,3.54285575449
1080,80.267868042,175.145309448,18.8079929352,52.7234230042,2.79481261969
1080,219.992324829,198.648483276,23.2991256714,48.5679740906,2.26968899369
1080,296.740020752,178.999740601,21.9611148834,78.2056427002,1.90183799714
1080,99.3450622559,194.967102051,19.673078537,53.9534606934,1.50096993893
1080,235.797363281,202.014694214,20.7560825348,48.2447624207,1.3707078062
1080,143.855712891,194.053512573,22.7933444977,45.0450401306,1.32916793227
1080,156.893997192,198.686264038,19.9375133514,43.4801673889,1.27119794488
1080,205.330459595,194.469985962,21.8278579712,49.7438659668,1.16130765527
1080,68.5056228638,172.13117981,16.4234848022,52.4771156311,1.05742253363
1080,266.943054199,182.66192627,22.9796504974,70.6257858276,0.964756309986
1080,23.0129241943,240.355957031,21.8184833527,48.276184082,0.856661517173
1080,534.652893066,104.277000427,19.385351181,56.4881095886,0.840563047677
1080,457.451934814,78.6229248047,18.8403759003,55.5237426758,0.742336781695
1080,168.109359741,198.159118652,19.521156311,45.536239624,0.530721759424
1080,88.4410018921,235.475692749,19.1656227112,44.4167938232,0.509569933638
1080,8.07296943665,185.862045288,16.2434577942,52.5991783142,0.476003950462
1080,54.5250663757,222.536453247,21.3159389496,50.3509788513,0.278448034078
1080,82.6370849609,105.998558044,32.3113861084,102.171806335,0.177518324926
1080,33.348613739,224.922439575,20.4230499268,53.1286811829,0.16582030803
1080,120.817741394,191.394775391,18.3225879669,45.4845161438,0.0949558336288
1080,556.612487793,180.314041138,20.2256946564,56.0024261475,0.0702531135175
1080,403.977539062,58.2921333313,28.4619827271,97.6141738892,0.0432121072663
1080,615.258056641,259.115478516,17.4624938965,44.6669120789,0.0234307110077
1080,569.110534668,179.351242065,19.2363605499,47.0210762024,0.00497289765917
1110,195.605636597,173.625045776,33.8962059021,96.9985733032,99.7578084469
1110,414.17980957,174.483932495,40.2490959167,109.011932373,99.4027197361
1110,35.0806808472,192.715408325,23.9284000397,80.365776062,93.2288467884
1110,440.045288086,223.350952148,24.5440006256,54.1675415039,40.6522065401
1110,78.4573440552,197.907577515,18.6087188721,43.5165138245,32.1482568979
1110,460.805908203,37.1960372925,24.3433017731,53.2641639709,30.6034773588
1110,405.041381836,166.151611328,17.6859340668,53.1824073792,15.0436758995
1110,592.929016113,34.2160606384,26.8268527985,87.0322494507,12.3965449631
1110,131.336074829,199.827880859,18.6616420746,46.8269805908,6.85568153858
1110,152.354141235,202.378707886,19.6618423462,43.9379425049,6.01419247687
1110,284.571563721,210.098144531,21.9831295013,44.8124389648,5.20450137556
1110,96.7587814331,196.72668457,22.9057331085,46.0951576233,3.31037007272
1110,468.884429932,108.413917542,21.8845748901,47.0191230774,2.83269099891
1110,271.965545654,207.793258667,19.578950882,47.4312133789,2.23047584295
1110,163.160232544,193.422485352,20.1323223114,46.766330719,2.18488387764
1110,499.369171143,186.493911743,20.2293510437,51.7808494568,1.2877760455
1110,114.746704102,198.262817383,19.9371814728,46.2464485168,1.11054293811
1110,172.517684937,197.469650269,22.8737888336,52.9688262939,0.713387038559
1110,615.217712402,187.089553833,16.7781848907,48.1069946289,0.586214847863
1110,499.796875,239.119216919,20.0479068756,49.3043403625,0.534946471453
1110,611.352600098,48.7279396057,17.9906368256,56.0877494812,0.473055290058
1110,347.600372314,60.7740592957,26.9986953735,83.9647064209,0.396178336814
1110,257.468353271,151.594787598,24.9763736725,57.0463829041,0.302316178568
1110,222.069824219,190.379898071,20.0138168335,58.5903358459,0.276466319337
1110,473.195922852,24.7055873871,26.3316268921,69.6941833496,0.255500385538
1110,185.228591919,196.847518921,20.9809169769,60.6051330566,0.242271902971
1110,413.140380859,168.630615234,23.4198684692,58.3576622009,0.182162749115
1110,47.1372680664,196.673049927,18.3341388702,48.0659790039,0.146995403338
1110,449.626373291,202.711654663,21.1504211426,57.102935791,0.135866412893
1110,19.8003063202,105.803611755,32.2566871643,118.732757568,0.0452610314824
1140,104.791496277,186.452987671,42.6779937744,108.455192566,94.2020475864
1140,511.662811279,149.640197754,34.0827674866,70.6799240112,19.0610393882
1140,375.898590088,27.4671268463,28.7876148224,94.6382980347,9.60231125355
1140,240.36505127,97.4374771118,27.6543827057,52.6684875488,9.27879288793
1140,385.037689209,214.252182007,29.9993076324,73.4197463989,7.90927186608
1140,186.370239258,161.829650879,24.4498348236,58.7964324951,6.34040087461
1140,230.384048462,29.2290477753,25.5533599854,61.9661712646,3.93615178764
1140,45.0514335632,197.038635254,29.1327228546,53.9921455383,3.23001407087
1140,131.554763794,211.112182617,33.5375556946,82.7362747192,2.99849100411
1140,9.71958827972,188.645339966,18.545797348,51.7772254944,2.32763979584
1140,614.573913574,272.60446167,17.1047344208,47.4692115784,0.440878653899
1140,177.056945801,159.980728149,18.7706241608,47.5504722595,0.300804944709
1140,318.587554932,154.963607788,20.5561408997,49.4780082703,0.25119970087
1140,198.468551636,184.073959351,20.2533397675,49.7187614441,0.238283956423
1140,405.133178711,59.8870544434,26.2215328217,57.891658783,0.14184814645
1140,62.9370422363,162.158935547,109.18674469,190.18371582,0.106890872121
1140,503.861480713,28.5715885162,23.4393253326,73.6422119141,0.0492947059684
1140,427.011444092,21.0272312164,24.6246891022,60.1147460938,0.0381215621019
1140,480.681976318,22.9102153778,22.8132095337,59.5722007751,0.000395408733311
1170,22.3570041656,133.426925659,29.3861293793,67.9182739258,12.9504933953
1170,613.302185059,66.939781189,20.8850669861,56.9013404846,2.72208917886
1170,449.498291016,31.057510376,31.1629009247,66.7424850464,0.599917164072
1170,10.7924432755,126.392784119,23.7026691437,70.5403518677,0.535768223926
1170,627.804199219,100.742881775,12.1958007812,52.8347015381,0.096140592359
1170,616.632019043,244.611679077,18.774805069,53.8668670654,0.0203741627047
1170,16.6675357819,12.1509046555,29.5744953156,60.5967140198,0.000936277774599
1200,237.096908569,176.797439575,25.4590206146,65.3952636719,27.767470479
1200,210.963638306,87.6246109009,27.1184177399,102.538200378,23.9696994424
1200,219.272216797,82.741355896,42.2929115295,145.89050293,13.5285317898
1200,143.249038696,232.551834106,35.7422409058,76.15599823,3.0306275934
1200,229.438827515,91.6940536499,22.6337947845,75.3081130981,2.82253343612
1200,171.460281372,151.644515991,29.4915294647,64.2526168823,1.64059214294
1200,433.393554688,151.425765991,21.0787792206,60.8736915588,1.52799896896
1200,9.00015163422,27.7989120483,25.5031356812,64.2148895264,1.4803269878
1200,353.303619385,132.761276245,30.6286373138,66.7408370972,0.990256294608
1200,201.895278931,128.834686279,22.3968334198,56.7986412048,0.804735999554
1200,322.654754639,137.064422607,23.9434642792,68.2818832397,0.754146603867
1200,126.742591858,36.0049171448,19.7244930267,43.8728141785,0.299798836932
1230,542.562683105,186.473861694,19.1495418549,45.7874641418,76.1913478374
1230,9.0967540741,195.05406189,16.2827568054,50.1163825989,68.1303501129
1230,499.753448486,191.158752441,20.5447673798,44.0710105896,32.6332271099
1230,613.043640137,193.686080933,17.4555034637,45.9874458313,31.6339433193
1230,564.095581055,181.201049805,25.4970493317,62.6559791565,4.70954999328
1230,527.416748047,188.143051147,18.2104892731,49.4710044861,2.63743437827
1230,227.629592896,183.70085144,18.3398685455,44.417339325,2.53520160913
1230,497.128662109,126.380516052,20.6994667053,58.9067573547,2.03298609704
1230,480.419311523,186.379898071,21.3491973877,48.1396179199,2.00920347124
1230,512.484741211,193.595687866,18.9740314484,43.548084259,1.80402453989
1230,466.87097168,160.022354126,20.206495285,63.3816184998,1.19609599933
1230,603.54095459,185.123901367,17.3126983643,49.0638160706,0.794613733888
1230,616.164428711,43.628452301,16.158241272,47.3437919617,0.567124038935
1230,43.4213104248,191.334228516,31.0707626343,60.3912162781,0.390378572047
1230,581.613342285,36.4341659546,32.87890625,78.8984527588,0.299288518727
1230,556.399475098,109.45589447,22.2807941437,71.922088623,0.268356013112
1230,8.42867469788,108.582893372,18.2938346863,54.7136878967,0.259410543367
1230,116.862457275,132.063674927,24.6413288116,74.3511581421,0.208612321876
1230,102.242027283,137.829727173,23.1688842773,56.6674957275,0.104247417767
1230,529.429321289,108.516334534,25.6600627899,65.3194656372,0.0762743758969
1230,563.278747559,216.182067871,30.7481384277,58.4388084412,0.0466038065497
1260,508.192962646,176.298080444,20.2858791351,58.8181266785,85.1573586464
1260,602.798278809,176.010025024,26.647102356,59.6664390564,48.846462369
1260,465.398590088,184.379760742,17.3680610657,48.4103507996,45.420357585
1260,446.249267578,181.464294434,16.6916217804,48.3552093506,27.0699083805
1260,561.878051758,177.571243286,25.0597133636,66.0569229126,24.896748364
1260,426.336395264,179.839736938,16.5106258392,45.6238708496,4.56671379507
1260,550.39239502,194.807357788,20.6764907837,52.0309944153,1.37928510085
1260,458.286010742,108.577423096,21.1751995087,55.4347190857,1.01758586243
1260,531.397155762,81.0629653931,29.1035289764,87.551399231,0.927462335676
1260,555.497314453,101.304283142,24.0003356934,69.8541946411,0.676606129855
1260,578.49621582,182.09564209,19.1466331482,53.6656646729,0.527825718746
1260,518.349304199,191.494247437,18.8956699371,48.8556213379,0.427634920925
1260,568.325866699,152.662490845,19.3155231476,58.3723297119,0.374272861518
1260,54.1249389648,114.773010254,23.2283477783,64.9772415161,0.143747625407
1260,470.623626709,106.86075592,21.7519550323,61.6933021545,0.0826353032608
1260,626.893859863,189.766616821,13.1061401367,47.4546775818,0.0599028542638
1260,416.986358643,279.8621521,35.3248939514,64.9649200439,0.00576461825403
1260,38.1615409851,119.092567444,27.6485118866,81.7016143799,0.00289843446808
1260,558.446594238,43.7871398926,38.6177864075,88.8258056641,6.30337453345e-06
1290,523.390808105,175.025344849,19.5169906616,55.1045227051,94.7375059128
1290,549.135314941,188.254684448,23.5340118408,59.2095375061,84.701603651
1290,482.306152344,179.945983887,20.5392589569,51.0841178894,81.8533778191
1290,607.827819824,184.949691772,18.5986976624,45.7036018372,80.5589735508
1290,146.484512329,154.221313477,24.9388427734,69.7160644531,51.6650617123
1290,455.102386475,178.613479614,18.070148468,52.7478599548,50.2466738224
1290,502.801025391,182.759811401,18.2648582458,55.4091758728,15.6482815742
1290,91.8831176758,160.908355713,19.9184017181,62.6467895508,9.40093249083
1290,469.916625977,179.549636841,16.83061409,49.0313720703,7.3842689395
1290,457.458831787,99.8158798218,18.6817245483,53.1084861755,3.71274650097
1290,442.688873291,180.804504395,16.064491272,51.5356445312,1.54916420579
1290,597.534545898,162.982025146,20.6714572906,55.8790092468,0.96266772598
1290,482.054779053,89.4611434937,25.2565822601,61.1303901672,0.411785487086
1290,186.074707031,169.412155151,26.367811203,61.5321540833,0.370592344552
1290,492.521118164,204.667373657,22.31690979,48.0221061707,0.30082964804
1290,536.848876953,184.786254883,18.9239463806,49.5011901855,0.230828509666
1290,23.1980895996,183.667602539,22.6943492889,63.7994346619,0.209889141843
1290,496.09072876,82.9202270508,22.42146492,78.0674819946,0.114834227134
1290,628.879455566,182.017166138,11.1205444336,46.5771522522,0.0869876937941
1290,564.778442383,96.2973632812,18.6782951355,56.2561073303,0.0621758517809
1290,101.695220947,150.315155029,21.2658100128,61.5733795166,0.0262357876636
1290,136.477035522,131.989151001,24.4223632812,75.78540802,0.00631818838883
1320,503.185424805,174.332077026,22.8804912567,56.8422241211,83.7863504887
1320,464.192840576,176.707321167,16.8567066193,50.8368682861,77.7263939381
1320,547.528381348,168.232498169,21.0460681915,62.4145774841,34.6295773983
1320,446.502319336,168.897979736,17.4314785004,55.700466156,25.2459675074
1320,616.293823242,173.672775269,17.2842712402,52.0129203796,12.9166647792
1320,467.407440186,76.7180633545,21.3654613495,52.5991096497,6.83549121022
1320,119.027770996,179.900100708,29.0037593842,73.6860275269,6.52145668864
1320,54.7544364929,199.283691406,28.7422409058,59.2422523499,4.81571480632
1320,500.456207275,58.7176628113,21.8495864868,60.6964378357,4.74706701934
1320,138.643112183,185.183029175,19.2147426605,58.9828910828,3.54000069201
1320,534.812133789,174.223953247,19.8831729889,56.3137550354,2.06212494522
1320,489.737945557,190.774093628,19.4564323425,53.2644805908,1.41507284716
1320,513.603027344,56.0802497864,22.6715259552,59.4664115906,0.957974605262
1320,477.968597412,181.114196777,19.2473754883,57.2228431702,0.718261580914
1320,433.212371826,171.771789551,19.9004573822,53.1980476379,0.684440415353
1320,413.287231445,187.453048706,19.0831508636,47.7633514404,0.659465510398
1320,6.23448038101,112.653869629,18.0599842072,52.3448486328,0.618678424507
1320,519.308898926,170.563430786,18.6068401337,52.9203643799,0.609250040725
1320,428.461791992,103.173606873,23.8254032135,61.7386779785,0.564630003646
1320,433.703125,123.010345459,27.854927063,87.3615722656,0.438373908401
1320,455.353912354,78.2716751099,22.7778091431,65.5746154785,0.273772119544
1320,615.006164551,63.4495353699,16.7448425293,54.8908729553,0.214303960092
1320,455.864898682,193.651657104,31.2377548218,59.9635276794,0.125338963699
1320,414.982940674,125.709838867,26.2660427094,89.645072937,0.0977238407359
1320,100.298377991,120.004058838,24.0623474121,68.0421066284,0.0392590067349
1320,604.93170166,19.6434612274,19.6282081604,50.3020782471,0.0238465072471
1320,490.353790283,65.1005630493,19.6420040131,56.4004554749,0.0150897918502
1350,578.95111084,159.346725464,22.0012054443,71.1713943481,96.8965947628
1350,551.92376709,163.019515991,25.8979854584,77.0475845337,90.4724955559
1350,470.928863525,162.969009399,18.459941864,68.3874206543,62.4199032784
1350,455.819488525,170.217910767,19.299079895,58.5708656311,49.613443017
1350,491.857757568,172.143753052,20.0109539032,60.4035491943,49.4278162718
1350,414.84664917,134.197128296,24.2559280396,82.8578414917,31.3810765743
1350,443.797729492,178.1693573,17.6913204193,48.1355934143,13.4202331305
1350,600.869812012,151.81111145,20.7528781891,51.1417694092,11.0945120454
1350,449.832489014,60.1431465149,29.7619609833,75.6670303345,3.49375829101
1350,566.630126953,87.9989852905,20.8557109833,59.3111076355,2.45760530233
1350,429.549224854,163.243179321,22.0665187836,62.1701545715,2.37043146044
1350,169.661697388,177.846679688,17.3281917572,53.7215270996,1.8868977204
1350,159.881393433,183.637573242,16.299654007,46.7496070862,1.02914692834
1350,552.454772949,25.4573726654,32.3162956238,114.414619446,0.235733762383
1350,155.237945557,143.499282837,22.9150543213,64.7832183838,0.192698603496
1350,527.656005859,187.986083984,19.3232059479,52.3301696777,0.186260871124
1350,498.397857666,48.5924072266,29.6692886353,83.571937561,0.144883501343
1350,469.754119873,55.2899742126,27.821969986,90.3362121582,0.121859274805
1350,617.142578125,248.83052063,15.4594907761,44.2330360413,0.120538123883
1350,424.369537354,102.378517151,31.2134799957,106.400688171,0.119620095938
1350,407.614379883,161.286819458,16.742767334,52.7003593445,0.0886042136699
1350,365.82131958,260.63583374,33.1013450623,58.4715461731,0.0182685689651
1350,515.717651367,37.709941864,22.1496047974,49.4380073547,0.000475768092656
1350,537.643493652,34.6254959106,27.896780014,68.6827926636,0.000366582412425
1380,503.273101807,168.204849243,22.5115413666,61.6146240234,90.1698827744
1380,591.902282715,166.596328735,19.3182811737,57.919418335,51.0849237442
1380,462.122436523,176.397155762,18.8855953217,49.1604270935,32.9592078924
1380,426.844116211,159.020492554,19.4353580475,57.3652191162,31.1493515968
1380,525.323547363,163.665878296,17.1334228516,56.3334693909,22.2362399101
1380,471.1875,159.844314575,31.5337238312,70.3438491821,17.1559020877
1380,437.324829102,164.705276489,18.9651966095,50.0612754822,8.07188153267
1380,488.695159912,176.996231079,21.7752838135,57.547290802,3.50478999317
1380,103.580513,189.070236206,21.6422901154,47.3033599854,3.06035242975
1380,126.768005371,169.259292603,19.0687198639,58.9492950439,2.34337858856
1380,554.000915527,168.578536987,18.5132713318,51.6735076904,2.23750565201
1380,420.211547852,108.844444275,32.6082878113,82.768196106,1.1518615298
1380,82.9968490601,184.082092285,17.1321735382,51.1247673035,1.05138057843
1380,443.222625732,178.215072632,25.1504077911,56.4287757874,0.942126102746
1380,493.516235352,35.3497505188,32.0052757263,75.3716583252,0.846576970071
1380,457.908538818,196.928665161,30.0309658051,58.5579986572,0.623890943825
1380,11.6767692566,178.218765259,25.4396686554,61.4027557373,0.504036620259
1380,543.114440918,170.924880981,17.6966342926,46.9911842346,0.397449778393
1380,581.902038574,156.399963379,18.8337192535,54.0785675049,0.124234543182
1380,511.987182617,28.7814922333,27.6112613678,81.8917770386,0.109226803761
1380,373.865936279,285.701629639,24.8542098999,54.4959983826,0.0855168036651
1380,22.3403682709,113.400482178,28.498960495,80.5018081665,0.0654832983855
1380,541.484680176,33.1360664368,24.1807308197,65.0071640015,3.90988468268e-06
1410,603.643920898,155.395889282,26.6050872803,78.7057418823,99.6706306934
1410,571.923950195,162.842468262,27.5950012207,75.2113342285,97.602468729
1410,462.983428955,169.207443237,19.2618808746,53.2358970642,88.20759058
1410,510.626739502,171.201461792,20.260559082,63.2076225281,38.9705806971
1410,496.166625977,170.439224243,15.8576822281,48.5566596985,18.9485564828
1410,72.3113937378,186.186386108,22.5102920532,59.3017578125,14.4341036677
1410,521.141418457,168.03086853,24.0280971527,64.5458908081,12.3228862882
1410,450.647125244,169.243652344,18.3514308929,49.4670524597,11.8737459183
1410,560.187561035,158.356063843,22.9716320038,68.7032012939,6.70148655772
1410,534.033691406,157.052276611,19.6922569275,64.0776519775,6.55307471752
1410,446.651092529,116.739227295,21.9003276825,65.9649505615,6.03059269488
1410,309.727142334,174.274642944,33.6512184143,71.0110244751,1.64915509522
1410,549.661865234,164.315444946,16.8884506226,51.1195373535,0.700284680352
1410,476.898651123,36.9570999146,22.8832702637,54.040927887,0.557634234428
1410,486.403045654,168.164382935,16.3138141632,45.4446601868,0.252241082489
1410,590.839172363,157.872406006,18.3138580322,62.2265777588,0.227310345508
1410,500.339355469,207.296081543,31.6412715912,57.4023132324,0.187854294199
1410,478.630859375,228.780075073,31.4198741913,62.3685035706,0.0566903443541
1410,69.9287185669,114.100402832,31.7209148407,96.9847488403,0.0239278830122
1440,490.430938721,164.218658447,20.7222557068,60.0757789612,62.4016880989
1440,574.660644531,169.467056274,27.6252727509,76.411491394,50.7505118847
1440,525.678466797,169.320648193,16.6693286896,46.4243354797,41.7818039656
1440,470.944671631,164.908065796,19.980670929,59.0575065613,37.7081930637
1440,544.677734375,166.651855469,18.4308204651,56.1183280945,25.4040926695
1440,132.624404907,202.512756348,26.7341098785,71.7937698364,17.3699140549
1440,408.278961182,280.465545654,21.3767681122,49.6955299377,5.71907944977
1440,503.995452881,292.815673828,21.4860401154,46.3078804016,3.54267433286
1440,513.809875488,304.494659424,22.1416492462,46.1395263672,3.52748557925
1440,16.962594986,187.228317261,19.1622905731,47.7248268127,3.19960303605
1440,582.243103027,152.944335938,18.9213466644,53.7042236328,2.99199856818
1440,492.476531982,303.36920166,25.0363674164,48.9291267395,1.30865415558
1440,592.190551758,171.133590698,22.1403827667,66.1945495605,1.27217890695
1440,560.211975098,161.641769409,27.2129821777,87.1704025269,1.26883909106
1440,469.519042969,316.343292236,28.2313842773,61.9997291565,1.18662696332
1440,467.940826416,59.5377693176,20.0683612823,58.0760154724,0.962538737804
1440,474.029754639,103.55682373,19.8844146729,60.5816230774,0.854656659067
1440,413.435699463,292.229217529,30.7123641968,59.0223884583,0.749798631296
1440,565.749572754,55.7622184753,22.8107738495,68.6443862915,0.661413464695
1440,7.88380622864,181.68699646,15.1411781311,44.0007820129,0.600781291723
1440,454.39932251,131.958755493,27.8036670685,92.2241439819,0.593990227208
1440,430.720123291,294.291778564,30.3776950836,55.0602760315,0.408591981977
1440,452.381500244,57.9622688293,25.7288188934,88.4301147461,0.343925575726
1440,386.296051025,288.769134521,30.9681854248,63.2238578796,0.311283837073
1440,457.828369141,387.377288818,27.405008316,53.0936317444,0.272866967134
1440,503.513397217,167.726654053,16.6888713837,51.1657867432,0.194046495017
1440,372.302612305,273.028594971,30.3183879852,66.6303482056,0.193997181486
1440,540.464172363,59.1584968567,23.0765151978,71.4599227905,0.181199319195
1440,514.65045166,161.480621338,17.946023941,49.6611976624,0.108229531907
1440,297.208343506,236.261230469,21.3705272675,47.2873344421,0.0757688365411
1440,582.791564941,211.117904663,25.3991241455,54.0644378662,0.064322858816
1440,566.784301758,224.022842407,31.8955764771,54.8183708191,0.0120805343613
1470,536.377624512,164.373550415,23.8843536377,58.6207389832,93.239235878
1470,511.416229248,166.046829224,18.5993251801,60.0040397644,92.2885894775
1470,2.72306323051,260.573699951,28.8070373535,77.670753479,83.7843179703
1470,571.36920166,166.872299194,18.4633655548,53.1913490295,64.0763163567
1470,599.317443848,118.199645996,29.3607501984,99.5062255859,59.7493588924
1470,284.233428955,353.596313477,24.5143203735,54.0418586731,11.1223816872
1470,562.502624512,164.011550903,16.7177715302,62.6248207092,9.40862968564
1470,119.973144531,104.454589844,20.5005970001,51.8816795349,6.59942626953
1470,110.081420898,85.3219604492,21.3720397949,58.0113334656,4.40409556031
1470,582.320617676,156.213546753,18.7652645111,59.6967201233,2.81410459429
1470,17.5138149261,176.809677124,26.144525528,67.0976104736,1.60681288689
1470,198.343322754,157.627761841,21.3498077393,59.4596443176,1.17528904229
1470,67.8917388916,65.1929244995,20.2970180511,53.5812416077,0.998531654477
1470,502.246673584,96.097328186,21.000289917,78.0283279419,0.904177688062
1470,499.166381836,373.529815674,21.6150970459,51.2087249756,0.839434377849
1470,318.735107422,162.544250488,37.1064796448,80.7196502686,0.824857968837
1470,508.941894531,43.580078125,20.021440506,65.857711792,0.809462368488
1470,270.939819336,176.300125122,24.3710327148,59.2950439453,0.55133420974
1470,103.726104736,119.716583252,21.3910980225,52.1532745361,0.370852719061
1470,507.15335083,377.8409729,30.6204166412,58.3152198792,0.288741756231
1470,146.190307617,120.155128479,21.087556839,57.9351387024,0.174959620927
1470,164.013839722,114.640617371,34.8427429199,95.1431045532,0.169254315551
1470,151.914169312,85.4700012207,22.677778244,62.4660491943,0.157781608868
1470,316.402740479,346.49319458,34.3469848633,74.7371292114,0.152397423517
1470,130.977890015,114.764831543,20.3466567993,52.8591575623,0.13433357235
1470,35.5297584534,79.4270095825,26.765625,71.1505889893,0.103384570684
1470,541.187561035,281.310821533,22.4293804169,48.0307617188,0.101273227483
1470,6.09922838211,188.183227539,18.8379840851,52.2942199707,0.0648681365419
1470,579.809448242,120.999145508,21.6426372528,64.0553436279,0.026030454319
1470,400.958404541,141.086242676,23.5619068146,54.053188324,2.50318635153e-05
1500,606.305847168,151.761230469,24.4098720551,75.3730010986,96.6017723083
1500,551.11126709,163.058517456,31.2008571625,73.0378570557,79.1834712029
1500,520.956359863,77.2163314819,52.8889808655,157.951965332,19.2228451371
1500,466.121368408,167.920669556,17.914812088,44.9433288574,1.17597887293
1500,77.6920013428,89.8561706543,29.9045543671,85.3160858154,1.13994479179
1500,241.026870728,164.062194824,18.668384552,56.1961669922,0.823315419257
1500,552.554626465,202.334121704,21.3141517639,49.7980651855,0.775493681431
1500,546.228393555,157.795166016,19.0690612793,54.9167480469,0.760357594118
1500,158.813522339,118.767333984,28.7752513885,96.3440475464,0.682166870683
1500,532.36907959,61.3141593933,28.4140796661,91.8438339233,0.556152733043
1500,267.370056152,287.017456055,29.564458847,58.9757194519,0.284586264752
1500,6.59046220779,130.227005005,17.6006755829,59.7311248779,0.283215311356
1500,144.568359375,127.996711731,27.1418457031,76.8147735596,0.190467340872
1500,254.668762207,165.14781189,19.3291912079,54.103805542,0.145890656859
1500,541.150146484,33.4066123962,21.7427616119,60.8231811523,0.0804970448371
1500,583.677185059,244.231277466,21.4932384491,46.9294776917,0.0716721639037
1500,66.083442688,122.656394958,20.9816036224,63.7175750732,0.0433361128671
1500,296.215179443,295.805328369,31.8248825073,64.7493133545,0.0137207578518
1500,264.489013672,26.8808765411,21.8868198395,48.508895874,0.00316200748784
1500,124.169288635,104.075927734,32.4408187866,81.2810592651,0.00233835016843
1530,492.315704346,163.469436646,20.3852329254,51.2645568848,91.6130304337
1530,614.823913574,153.010299683,16.5418739319,46.6687316895,33.9646935463
1530,6.47409200668,192.34614563,16.5027236938,47.4650611877,9.40731465816
1530,207.105148315,160.010635376,31.166633606,75.4373474121,7.8866161406
1530,33.2995948792,107.488945007,30.7001209259,94.4547348022,7.0713609457
1530,541.38079834,192.317092896,20.220615387,47.3649635315,4.74154278636
1530,598.788146973,31.5811710358,32.0911979675,94.0513000488,4.17635589838
1530,451.313018799,170.773483276,16.2936077118,40.2385025024,3.63111235201
1530,578.687683105,60.8660926819,23.8618144989,69.4419021606,1.96225829422
1530,617.08972168,229.156356812,15.4865760803,44.1797218323,1.03286281228
1530,24.3410358429,106.526145935,22.6816253662,73.7018661499,0.799847021699
1530,515.639221191,39.8026695251,30.1194858551,72.5397262573,0.407644594088
1530,477.783294678,165.507369995,20.7524356842,53.1528663635,0.402189837769
1530,602.433959961,156.695602417,19.4790210724,58.7895050049,0.299334316514
1530,590.165100098,217.443161011,29.3415927887,57.1017112732,0.252315937541
1530,49.5713920593,77.0696182251,24.7559566498,71.1709060669,0.0238339373027
1530,588.735290527,33.1420173645,24.0711956024,66.9749984741,0.0186055913218
1560,523.894714355,163.651306152,22.7766780853,62.8119010925,96.6961741447
1560,462.12097168,169.24961853,17.3969287872,47.8585395813,43.7189817429
1560,26.0155277252,168.764526367,24.4674453735,79.7163772583,14.1187742352
1560,512.143127441,163.967880249,18.1299381256,50.3905944824,1.42104327679
1560,7.22837209702,52.1066589355,16.5253887177,51.3559455872,1.1350883171
1560,611.735290527,215.958602905,18.075258255,44.6879844666,1.07551049441
1560,34.3347816467,158.752761841,19.4948921204,50.5797157288,0.444375630468
1560,77.7331924438,59.036190033,31.8711643219,76.6867980957,0.199129781686
1560,300.207794189,175.410507202,27.6442661285,70.9769439697,0.102749036159
1560,599.21887207,224.603927612,21.1459598541,47.2430458069,0.0393201888073
1560,381.132720947,292.319854736,33.4334907532,67.7599411011,0.0126602724777
1560,9.01846790314,33.0326080322,32.8598747253,62.1047782898,0.00566237940802
1590,579.130432129,163.150527954,32.2947387695,76.2945175171,98.5244333744
1590,474.471466064,168.497146606,20.5926494598,45.8656616211,18.9008235931
1590,424.20324707,177.450439453,17.5752906799,47.1543273926,11.5688212216
1590,124.395965576,171.197937012,17.0241374969,48.6608009338,10.6773175299
1590,87.3311386108,205.94909668,33.2177581787,71.3322219849,8.60501974821
1590,435.332611084,177.063064575,18.9763374329,46.9991760254,2.94070970267
1590,8.07266712189,74.6996459961,17.0057621002,52.0574531555,1.0374141857
1590,597.973571777,167.168228149,21.3084011078,60.7406425476,0.826557725668
1590,617.057922363,178.940658569,16.203496933,44.0131378174,0.513110263273
1590,135.757019043,159.444946289,20.2768650055,60.9774284363,0.437568081543
1590,397.416748047,130.670181274,19.6377048492,53.1766548157,0.0729257415514
1590,139.826431274,137.1587677,22.0503921509,56.7273368835,0.0536230276339
1590,152.121078491,137.529342651,19.2013301849,49.0718383789,0.0418361509219
1620,556.469055176,170.431030273,21.8640899658,50.2503356934,71.047693491
1620,194.974594116,183.226928711,24.794511795,69.8192749023,18.5652390122
1620,179.27947998,136.895126343,16.1422672272,51.6204681396,2.16908082366
1620,5.72242307663,57.6381835938,17.4878578186,60.5460548401,1.88481062651
1620,484.38659668,169.587692261,17.5672416687,54.1834831238,1.83877982199
1620,470.099517822,103.778663635,21.6024990082,62.5385093689,1.71714797616
1620,507.571777344,172.521316528,22.1123733521,56.1190643311,1.35921165347
1620,613.26965332,168.244171143,16.1726264954,45.6727485657,0.960886478424
1620,7.18691825867,251.994003296,17.0151615143,56.0567054749,0.90684928
1620,495.078826904,169.485046387,17.1678886414,47.5767784119,0.67234588787
1620,521.358703613,190.358764648,17.1851825714,46.6681861877,0.661840289831
1620,8.54272174835,102.743873596,16.2846450806,51.4881248474,0.613074423745
1620,574.873779297,167.729003906,17.5401363373,46.1512756348,0.188095960766
1620,503.971679688,46.1646614075,34.2192993164,83.5343017578,4.5149497474e-07
1650,592.22088623,153.334701538,23.9478855133,78.533493042,5.57212531567
1650,491.483520508,179.345046997,18.2689113617,49.356262207,5.36974519491
1650,615.839233398,189.852767944,17.4843463898,48.1460266113,4.00615595281
1650,547.154602051,180.018356323,22.0418605804,52.6597862244,3.81809212267
1650,519.267578125,186.790649414,17.7046508789,49.3725395203,3.52053716779
1650,577.550354004,153.946640015,23.6282958984,78.0156707764,3.46553064883
1650,100.53604126,119.225868225,20.2615585327,54.0291404724,1.40582965687
1650,598.950683594,190.446121216,26.0857791901,59.7374305725,1.24720791355
1650,538.00177002,178.816055298,18.1323757172,50.3600196838,0.430685840547
1650,506.709716797,179.333084106,17.5370693207,54.4627532959,0.342957046814
1650,590.537963867,207.881164551,20.3114681244,48.3142852783,0.313985859975
1650,576.968994141,127.473388672,21.9041042328,57.7540855408,0.292471423745
1650,563.452209473,191.029251099,18.3219299316,48.4218025208,0.239929463714
1650,153.407943726,189.458374023,30.3764019012,81.0122299194,0.23068820592
1650,614.549194336,216.907272339,17.6367149353,48.5392799377,0.230424595065
1650,577.175537109,54.6877288818,20.5453071594,62.1328010559,0.21457222756
1650,87.2728347778,113.326850891,22.2223834991,59.8482704163,0.0646206724923
1650,464.825317383,115.587646484,20.3451423645,82.9132919312,0.00538770473213
1680,504.239624023,175.184371948,20.2628288269,58.9010276794,84.9355995655
1680,539.240539551,181.194625854,19.9742927551,60.7328147888,61.8440687656
1680,618.071838379,202.657592773,15.810508728,42.5915031433,15.3085023165
1680,479.882843018,180.884231567,20.3461704254,55.8500671387,9.27273929119
1680,603.631347656,289.978118896,32.8560142517,111.866516113,5.94266317785
1680,609.812072754,194.185531616,14.152545929,49.7181434631,0.846065301448
1680,104.377868652,177.676803589,20.0837097168,50.907409668,0.662214122713
1680,66.4862289429,118.199485779,24.4719295502,71.109413147,0.622455822304
1680,528.375427246,182.596237183,16.8327541351,55.7035827637,0.611084932461
1680,494.652832031,74.1120376587,30.9636592865,102.507072449,0.258835032582
1680,616.07244873,370.448455811,19.800321579,51.6755065918,0.175754458178
1680,520.670959473,216.401199341,31.0387516022,55.9036140442,0.0671799760312
1710,516.969421387,173.460342407,23.0778884888,58.8875274658,54.1324615479
1710,484.660186768,182.034301758,18.3408107758,49.3711128235,54.1300833225
1710,461.819335938,83.4167404175,23.7318820953,77.9577560425,12.7612918615
1710,14.3451681137,114.228782654,33.9361381531,97.0565719604,10.6611050665
1710,8.1516752243,183.244628906,19.0602874756,47.9853630066,10.2037765086
1710,505.928253174,178.822509766,17.9938392639,54.5954551697,4.53528240323
1710,87.60546875,178.150375366,24.0433559418,55.5619773865,3.97347547114
1710,530.830078125,57.4861907959,25.4591159821,97.0993347168,2.82771550119
1710,530.617004395,226.781021118,29.6289463043,68.4307022095,2.2210508585
1710,524.580749512,186.043991089,30.648103714,75.5660324097,0.224283500575
1710,563.93737793,35.6241760254,18.2030582428,52.3732910156,0.138069095556
1710,470.954681396,82.4099197388,32.0701026917,110.251014709,0.0987163861282
1710,595.03338623,256.99508667,23.3749217987,60.1682243347,0.0409764819779
1740,33.1845092773,179.235183716,30.0256023407,58.4179992676,4.80616725981
1740,459.739105225,180.783096313,22.9318637848,59.3671913147,2.92854141444
1740,555.292907715,49.9327049255,32.7458000183,93.6603927612,0.199079024605
1740,472.480316162,67.3624038696,32.4874229431,113.034973145,0.0766612531152
1770,110.222267151,167.992523193,21.2016086578,48.2363128662,15.0579929352
1770,2.65187263489,190.683395386,19.0008277893,48.7118415833,0.114071392454
1770,445.827758789,49.4153327942,29.6059474945,103.521934509,0.0467892474262
1800,565.248718262,130.648010254,44.6055107117,151.049102783,93.6663985252
1800,495.466583252,161.710418701,23.9287033081,80.2275238037,75.7696449757
1800,612.54095459,161.992324829,25.041343689,104.237358093,74.3677914143
1800,583.350769043,161.235595703,22.7283706665,80.7888183594,10.9936885536
1800,542.607788086,155.237915039,19.4076480865,57.6830940247,7.08953365684
1800,10.2826137543,156.917999268,18.9597454071,58.1023597717,5.19548431039
1800,551.297973633,148.638961792,31.9998474121,112.999969482,4.61989715695
1800,594.67779541,173.084960938,24.6175231934,82.8270950317,2.90650650859
1800,363.627563477,49.3707771301,26.4917602539,81.530708313,1.73158850521
1800,614.96697998,235.899841309,18.6259593964,45.9263458252,0.343589135446
1800,157.25302124,161.664749146,22.8284988403,54.5872077942,0.249605462886
1800,244.113098145,192.632492065,26.8006687164,101.13596344,0.0586161331739
1800,379.516143799,26.7146053314,34.4011230469,101.624389648,0.00397789663111
