30,448.591064453,140.335220337,18.5257320404,46.589969635,3.94113846123
30,434.951629639,130.417282104,21.1797389984,57.632648468,0.353654590435
30,80.9476852417,146.996383667,22.9859237671,51.936580658,0.201825634576
30,127.816291809,148.832382202,17.4661979675,42.8907966614,0.188532238826
30,457.981323242,142.040512085,23.1678447723,49.5477294922,0.0935301592108
30,28.7146968842,137.580047607,23.071149826,56.8502540588,0.0398278003559
30,473.653778076,148.604232788,17.7104206085,39.5904312134,0.0276205304544
30,45.5878715515,42.7573661804,22.6075687408,53.8278465271,0.0143791286973
30,483.583129883,147.382720947,18.5831832886,40.1242904663,0.00826932082418
60,14.7944908142,142.086929321,16.8346729279,50.3329467773,3.89588847756
60,440.588256836,142.982528687,20.2126903534,49.0934715271,2.0958064124
60,41.097076416,140.042648315,23.1707229614,53.3102531433,1.13044073805
60,23.135925293,138.688766479,22.1119918823,56.1492576599,0.856509339064
60,430.349639893,120.15561676,22.9816226959,66.427696228,0.457708723843
60,144.95300293,124.882995605,24.7612895966,56.2261657715,0.301764043979
60,449.207397461,125.776054382,24.0230579376,60.2566871643,0.283088698052
60,463.348968506,141.611358643,19.865436554,49.246295929,0.215086317621
60,504.790313721,151.531158447,19.7767868042,41.1123657227,0.143455259968
60,184.309341431,120.234413147,20.9243144989,60.6734886169,0.115551566705
90,385.011932373,131.90687561,20.6611881256,56.5923194885,50.6409883499
90,462.384613037,117.310691833,25.1125545502,74.0462112427,35.4492306709
90,477.350738525,129.626296997,19.7420501709,63.1980018616,15.4951527715
90,489.08190918,126.620758057,19.3328075409,60.4157981873,8.21363404393
90,610.370056152,138.039855957,16.3874893188,47.2383384705,3.29892672598
90,136.298904419,129.536849976,17.547410965,55.2898216248,1.2845701538
90,118.653938293,125.945213318,21.9924488068,57.4858856201,1.25250294805
90,402.619110107,137.499465942,17.2777805328,51.9668235779,0.963364727795
90,594.820739746,144.330490112,22.0822620392,49.5889854431,0.255736918189
90,563.399230957,151.74559021,23.9678955078,50.094619751,0.207248982042
90,514.05255127,152.663238525,23.5542144775,52.791809082,0.201020226814
90,152.350326538,130.751205444,19.0872821808,49.9784088135,0.0514192099217
90,167.302322388,122.801292419,25.5211009979,61.1848144531,0.0427466089604
90,616.698791504,158.046615601,16.755317688,45.5236816406,0.0332254217938
120,513.812683105,125.183479309,22.5717773438,67.6625213623,3.52567285299
120,98.6416931152,145.03213501,20.1761951447,53.1933441162,0.736162951216
120,78.3758850098,140.385864258,26.4113616943,60.114025116,0.59712366201
120,122.035316467,137.450439453,23.4519958496,59.7316436768,0.557353626937
120,533.897277832,138.226608276,25.4671783447,68.1597671509,0.400229683146
120,608.030456543,67.0795593262,24.0725193024,66.8937301636,0.293547799811
120,158.834823608,127.975120544,26.5573482513,66.2842788696,0.241144443862
120,110.434913635,144.745681763,19.5196857452,50.641040802,0.163807813078
120,392.9949646,157.394271851,17.219171524,41.9039649963,0.103983003646
120,597.276672363,159.166244507,24.8129959106,65.5367355347,0.035904897959
150,592.218688965,97.3565673828,36.146396637,119.461860657,55.4295361042
150,102.701820374,148.948196411,23.652463913,61.3629112244,8.35153535008
150,616.436218262,176.199890137,17.5556964874,49.0644264221,0.765484478325
150,578.817077637,160.474655151,19.1799888611,47.6065864563,0.719462428242
150,88.7400894165,146.715057373,23.8124294281,60.8279380798,0.389538682066
150,493.695526123,154.221481323,20.2349452972,55.3862113953,0.349590065889
150,58.7890892029,124.405090332,33.7157707214,75.1341629028,0.304602552205
150,14.1188688278,160.204086304,23.7573337555,50.432964325,0.297597632743
150,583.838623047,73.7731552124,30.5553207397,97.2923812866,0.255430513062
150,79.5453948975,167.112670898,18.5510158539,43.7207145691,0.157405005302
150,589.734313965,173.617248535,18.4593067169,48.3280677795,0.151293259114
150,564.070373535,162.865997314,18.819360733,45.0233306885,0.0684690428898
150,601.395080566,177.509109497,20.3448047638,48.2449684143,0.0678737589624
150,120.555717468,138.459579468,19.1991825104,57.2963676453,0.0289600488031
180,44.5185050964,118.425926208,27.7658443451,89.775642395,15.2250111103
180,16.074716568,70.5641555786,20.8204860687,70.4892578125,4.68331575394
180,122.327934265,129.236251831,33.9835662842,82.1920852661,1.10389757901
180,41.3752174377,110.276451111,22.0029125214,51.2351951599,0.958993751556
180,45.2895317078,169.263534546,20.0991649628,50.7346038818,0.664018606767
180,61.0401153564,129.893844604,27.6566677094,72.5285415649,0.513951433823
180,88.155456543,162.24041748,18.1126041412,45.1706237793,0.429402058944
180,14.7843351364,180.382034302,19.534362793,46.9864959717,0.215043546632
180,23.1293430328,167.165206909,22.7591724396,55.9822273254,0.145274563693
180,526.719116211,172.170211792,18.9457798004,47.4607391357,0.0715220114216
180,112.671424866,153.138870239,23.7615718842,61.1926574707,0.0239971093833
210,47.28074646,137.224349976,31.8814907074,81.7159881592,17.4072250724
210,10.2359876633,132.508239746,21.5194339752,66.5166168213,1.18024991825
210,607.604064941,185.224624634,20.0374641418,55.757938385,0.279986322857
210,459.807891846,145.18888855,27.480386734,76.8178024292,0.145515811164
240,136.866043091,154.531600952,21.337053299,55.204372406,1.63731556386
240,168.902145386,157.933151245,19.4705352783,49.8790168762,0.557084288448
240,12.8208627701,143.785446167,22.3428974152,65.8959503174,0.145612796769
240,20.2935428619,97.5775680542,24.389175415,63.2555885315,0.0677216681652
240,149.402862549,148.511459351,19.3178119659,60.1099395752,0.00886662455741
270,97.7329711914,164.640411377,20.1447620392,54.0225639343,7.20915794373
270,46.2936248779,165.138656616,18.102388382,45.831287384,0.324524682947
300,572.8125,51.488483429,21.4569530487,66.4607086182,2.16195303947
300,7.70026636124,158.76802063,16.422914505,56.9723510742,1.67147871107
300,516.383605957,187.727355957,38.6613578796,83.684211731,1.50136761367
300,261.521942139,167.241989136,21.892616272,47.6978340149,0.368342455477
300,19.1651954651,158.560562134,25.8332843781,66.8125686646,0.244354945607
300,579.940734863,42.5073814392,32.9053878784,101.628181458,0.122002523858
300,81.0934143066,150.80682373,23.3715591431,62.6264305115,0.0494213076308
300,488.899139404,151.861450195,19.0393180847,48.5103797913,0.0437503302237
330,252.303543091,164.449234009,22.5545654297,58.713558197,2.06758491695
330,238.10748291,158.637115479,20.4724559784,57.0666313171,0.56484346278
330,293.029022217,81.1408081055,20.1622638702,52.92760849,0.26607082691
330,549.44720459,147.91456604,33.2136192322,79.1156845093,0.196160003543
330,554.793151855,192.242980957,30.6332912445,59.7696647644,0.0250573590165
360,218.806213379,163.606567383,29.4095172882,71.0378952026,0.497024366632
390,98.8742370605,182.026611328,28.79347229,90.8195724487,4.49756719172
390,78.5056304932,196.592651367,37.79920578,98.8249511719,3.68704423308
390,602.650146484,190.365249634,25.5264148712,51.621799469,0.355389271863
390,114.796897888,192.753952026,29.0672779083,96.6268844604,0.154313049279
390,44.3380317688,118.208900452,32.7203292847,101.517219543,0.00990335247479
420,370.470855713,143.471298218,19.7242889404,50.3017883301,21.8165963888
420,494.621002197,169.885604858,26.076883316,55.9938697815,4.4009193778
420,10.4756574631,237.391189575,36.9451255798,85.6786117554,1.88900213689
420,600.915100098,247.88923645,27.3525466919,55.3286476135,0.0692071917001
420,615.47668457,225.522018433,18.1427459717,48.1678466797,0.047884581727
450,367.055450439,145.853897095,20.0969409943,50.9602813721,11.6633348167
450,32.9978675842,199.093856812,43.7094078064,111.224609375,0.566478539258
450,6.59395742416,154.756988525,19.5700912476,58.0270729065,0.417186971754
450,380.348846436,146.858123779,18.2389602661,47.7073402405,0.37639180664
450,608.776000977,275.038757324,20.8601837158,53.0668296814,0.0727783830371
480,386.117462158,143.63092041,18.6156730652,58.4139442444,0.669320300221
480,467.700042725,96.6437301636,20.3284702301,57.9069213867,0.601462647319
480,407.974365234,142.196456909,18.2358570099,52.5557441711,0.584894837812
480,405.333343506,27.3603343964,22.2171230316,52.4172210693,0.0129247346194
510,606.469299316,32.8396492004,20.3650493622,51.0880241394,68.7949061394
510,520.890197754,91.1246337891,20.0015354156,47.6901817322,6.76277950406
510,439.928070068,133.594009399,21.998128891,55.8614997864,3.19776386023
510,412.306671143,127.08568573,25.4895153046,71.4534835815,2.6848141104
510,427.079101562,138.48374939,20.8779087067,56.1294822693,0.773203652352
540,601.977172852,69.2715530396,22.8596668243,66.9179153442,77.4091422558
540,438.93661499,140.987808228,19.7774486542,44.7262229919,7.01603665948
540,587.84753418,89.3040084839,18.9516239166,44.1738739014,0.898468587548
540,485.650848389,133.027267456,23.2078418732,62.3194160461,0.450057117268
540,438.859893799,83.1906661987,22.7673950195,59.9566497803,0.174450129271
570,462.824981689,151.113082886,20.110534668,48.9786224365,30.2976191044
570,264.659515381,102.568473816,20.4019489288,59.7476158142,6.72290027142
570,535.999633789,144.246749878,33.4365692139,94.8494644165,1.19121456519
570,564.742980957,146.612365723,19.3358860016,48.4724998474,0.993244163692
570,116.95426178,126.239784241,20.1604213715,48.9084968567,0.305460765958
570,554.192382812,157.094223022,19.4104557037,59.8208770752,0.267017469741
570,529.27166748,148.76260376,21.243680954,65.4834213257,0.131186773069
570,97.0820541382,129.746994019,18.8498630524,52.4754180908,0.122358056251
600,499.702636719,146.735290527,21.9597072601,56.7795410156,40.9357339144
600,512.404968262,157.672714233,22.3519535065,53.514251709,4.82229068875
600,491.473388672,154.800476074,16.8177566528,49.0422363281,1.62082649767
600,524.345275879,152.523788452,20.685798645,52.2760505676,0.45388257131
600,46.687664032,132.073898315,19.7945919037,48.3707618713,0.224063266069
600,536.617675781,158.745193481,22.0184345245,58.468914032,0.209254212677
600,148.555145264,132.275131226,18.4882087708,53.4969215393,0.116303295363
600,396.770294189,162.646453857,22.2848129272,51.0367622375,0.0440020288806
630,559.798156738,132.034912109,26.8090591431,70.0161514282,21.0244551301
630,576.67755127,157.250930786,23.833158493,52.3391838074,6.62226751447
630,528.322753906,148.949569702,22.3684940338,51.2754096985,4.46648187935
630,499.357910156,145.842712402,16.8048000336,43.7313537598,1.70195717365
630,548.679504395,134.565490723,21.9808731079,60.5332221985,1.58725697547
630,387.209228516,152.35887146,19.2905864716,49.7217063904,1.17513341829
630,85.6372375488,161.238204956,18.6503658295,42.9222717285,0.96149072051
630,604.325744629,97.3620071411,19.9603881836,54.0085906982,0.584351969883
660,404.010498047,162.640579224,19.1133670807,52.2025413513,4.78936620057
660,370.388397217,151.940200806,19.7759017944,48.3537788391,2.41363700479
660,580.369689941,154.658554077,24.8072795868,61.9380378723,0.557129690424
660,550.727416992,120.569641113,27.7698421478,93.1908950806,0.403257180005
660,52.3351249695,164.787353516,19.9873600006,51.3786659241,0.400175992399
660,419.856231689,166.724349976,20.0278835297,44.3746376038,0.330159254372
660,388.874237061,153.686080933,17.3618030548,50.9248008728,0.140006060246
690,381.045776367,156.887054443,17.7285308838,45.6386108398,3.15505452454
690,113.268104553,148.905883789,21.9154434204,62.1482696533,1.31155485287
690,127.722129822,156.485992432,22.6011428833,57.5980491638,1.21533405036
690,453.928375244,161.942230225,26.0426921844,60.2087135315,0.980051700026
690,492.202026367,161.885299683,29.4822368622,62.1803092957,0.523763056844
690,363.253570557,140.490463257,25.3235721588,61.2746772766,0.447940593585
690,5.72233533859,198.943893433,16.8721981049,58.6949119568,0.170467398129
690,610.924621582,151.726272583,18.6639499664,46.5422058105,0.129424873739
690,392.018707275,156.078231812,20.1516017914,50.3232841492,0.0889278890099
690,472.57723999,165.145614624,17.6074085236,45.8053131104,0.0686059589498
690,12.6221427917,134.328414917,28.1210651398,87.2128372192,0.0446703314083
690,411.062103271,146.58732605,17.6839599609,56.6931037903,0.0205615331652
690,305.906280518,30.259305954,26.6114120483,52.5398902893,0.00699897718732
720,57.7820014954,177.090408325,17.7627410889,43.5500602722,0.0139033421874
750,67.7898483276,165.459564209,21.915725708,53.9607124329,2.93202009052
750,609.449523926,143.044219971,19.3752193451,49.6012535095,2.08832882345
750,408.123657227,164.646347046,19.0455360413,48.9914665222,0.754465628415
750,602.81427002,252.179428101,19.943321228,43.8420410156,0.466783810407
750,618.004943848,252.658828735,13.9076881409,45.0419883728,0.388621306047
750,36.3131599426,185.240493774,22.5702724457,49.8124847412,0.208652485162
750,537.781799316,141.486618042,18.6440563202,49.0022850037,0.105528335553
780,414.260772705,170.025436401,20.9982089996,44.5281219482,71.8178749084
780,389.065643311,159.55406189,22.8199443817,49.959651947,42.97080338
780,606.510437012,125.465393066,21.6509418488,70.9112930298,6.47969320416
780,457.3253479,163.751953125,45.5246124268,74.55443573,2.26376783103
780,435.990570068,153.724945068,17.8920593262,49.2774047852,0.253350450657
780,615.449157715,159.217483521,17.3551158905,52.4564857483,0.20444248803
810,523.827941895,168.856033325,29.8355636597,89.6256332397,75.0343203545
810,424.733673096,170.763183594,20.1932086945,48.8335571289,63.59552145
810,400.41027832,162.488449097,25.7739925385,54.7226600647,29.1729599237
810,162.286209106,150.625595093,21.1120281219,54.893611908,1.00902570412
810,617.124572754,161.735351562,15.5766267776,43.6903190613,0.73679597117
810,441.394805908,160.230148315,18.309053421,48.9954071045,0.535299349576
810,536.25994873,66.6914749146,27.0997409821,86.7138977051,0.24505876936
810,378.625274658,131.923660278,18.0126743317,55.4667701721,0.135769299231
810,114.502357483,155.907272339,17.5076847076,46.3751220703,0.0523368187714
810,541.371276855,159.590530396,15.8300704956,48.0123710632,0.014404427202
840,599.248840332,172.268478394,29.0944042206,68.2561721802,99.430757761
840,432.282745361,166.226669312,24.0689868927,59.0215873718,91.6612446308
840,405.73324585,159.385528564,22.2075634003,60.7616233826,74.7550845146
840,420.409301758,165.871078491,18.8357563019,48.7210693359,11.3383293152
840,584.208557129,173.18977356,17.3174610138,49.8108673096,3.11871226877
840,389.442352295,148.995513916,27.8612575531,66.3044204712,1.27887567505
840,447.385375977,165.763198853,19.174747467,52.2431755066,0.725171901286
840,370.681396484,139.368972778,18.7204761505,48.3914222717,0.228674616665
840,141.648483276,134.921737671,19.662191391,63.2050933838,0.11057020165
840,622.567687988,168.621276855,16.4215278625,78.2416229248,0.0911400187761
840,383.360961914,144.779922485,18.2158184052,47.5743408203,0.0318384205457
840,207.086044312,151.000350952,16.3638534546,45.1627998352,0.0318060658174
870,444.372924805,159.573501587,28.5987606049,73.8529129028,96.6864287853
870,409.798339844,158.77772522,23.9643421173,66.1879730225,95.0218319893
870,568.054016113,99.4325790405,22.8454685211,64.6345443726,12.1873259544
870,424.498077393,163.173248291,16.4520130157,56.3530540466,5.62311224639
870,360.406005859,145.654922485,18.6353626251,44.1145591736,0.844979286194
870,533.67376709,124.455566406,19.0697689056,60.2876930237,0.780126592144
870,397.699066162,154.91355896,21.9725208282,59.6760063171,0.699063856155
870,468.904785156,152.613265991,17.413482666,56.289768219,0.668451888487
870,610.066833496,172.975830078,20.0726947784,41.8468475342,0.428248150274
870,373.384643555,143.884963989,18.0627651215,44.1666069031,0.249587907456
870,537.775024414,61.4403533936,33.606388092,100.097930908,0.229464215226
870,389.343963623,142.926101685,18.5005779266,51.6312675476,0.169643829577
870,478.187896729,161.929916382,19.0887432098,49.7785301208,0.0291519681923
900,500.411590576,154.455749512,32.2816963196,95.6837539673,96.7315018177
900,436.360015869,152.455429077,33.0374031067,90.6785049438,94.3496227264
900,479.261474609,164.011306763,26.0926685333,69.6222457886,84.1832578182
900,13.7718095779,172.639328003,19.6857700348,50.7544975281,24.4842723012
900,31.5457286835,169.788223267,16.5143489838,46.2285003662,15.2817294002
900,431.463287354,156.871459961,19.9927310944,49.0613250732,3.15246134996
900,457.614959717,158.824661255,20.7404575348,65.423248291,1.9475851208
900,610.083251953,143.729034424,19.11236763,53.8363685608,0.73211081326
900,470.015258789,159.966140747,19.9466590881,59.1848754883,0.536838592961
900,579.145568848,166.368026733,18.9431152344,52.2861938477,0.341182295233
900,527.28729248,164.762634277,18.1082706451,52.9605674744,0.0823666574433
900,606.432067871,36.2524871826,22.8561401367,67.1293334961,0.000123648544559
930,546.301452637,160.084640503,38.1872711182,109.572753906,98.4573125839
930,496.056640625,150.027603149,44.5664825439,124.629364014,85.1708173752
930,492.196014404,152.54598999,27.1686038971,65.4911422729,28.6221206188
930,520.787414551,156.949661255,24.1522216797,74.2816390991,26.0473191738
930,475.879180908,157.171768188,16.0665111542,50.4831047058,10.6275640428
930,600.744812012,154.220367432,27.7296543121,62.8604469299,9.5717549324
930,515.547180176,210.925857544,22.4571399689,69.3069458008,8.75303819776
930,484.163665771,149.639877319,19.7233829498,56.7067222595,5.84538802505
930,539.137145996,162.138504028,17.9156780243,71.5349731445,5.26271648705
930,465.315216064,157.206115723,16.7899036407,48.887096405,1.34974755347
930,453.501464844,166.325881958,17.5547580719,45.0146064758,0.230846740305
930,507.669830322,148.171524048,21.1123523712,52.7808837891,0.0862287473865
930,416.318023682,145.391433716,24.1662826538,57.353313446,0.0597516132984
930,535.832275391,207.36076355,23.5803928375,64.5472793579,0.0175490713445
960,7.47826194763,173.7865448,20.903181076,55.3579826355,21.0422113538
960,88.8576126099,148.427825928,25.9735565186,62.8153266907,2.86068562418
960,438.14163208,161.876327515,19.1252994537,50.2128753662,2.33406089246
960,385.422454834,145.387496948,21.4984359741,53.0837249756,1.45759982988
960,6.28920125961,119.683631897,33.5282211304,91.4965896606,0.304159382358
960,504.810058594,149.000534058,20.975479126,65.6272659302,0.247447029687
960,53.5170402527,137.122421265,29.0374679565,72.8745880127,0.180640153121
960,20.261598587,164.822952271,19.3722515106,55.7004356384,0.163866218645
960,468.162628174,172.994018555,17.6368370056,44.731174469,0.0162169002579
990,561.704650879,184.327590942,19.0252017975,45.970703125,4.19084392488
990,19.7835102081,148.44090271,25.5439929962,64.8062820435,4.14902679622
990,565.521728516,80.3576049805,26.5523986816,81.5356063843,3.52309569716
990,428.8074646,151.718902588,22.1917819977,57.6870689392,1.87891945243
990,552.30670166,81.4786453247,23.3163585663,68.3384246826,0.631543574855
990,605.100280762,35.2284622192,29.0621891022,78.3823318481,0.000657856435282
1020,432.943847656,135.539428711,27.7953243256,73.8037948608,20.0756818056
1020,452.081756592,166.992919922,18.4485187531,45.5462150574,0.112472905312
1020,434.80380249,179.244140625,31.5918560028,53.5827598572,0.0653577852063
1020,495.070892334,114.290061951,31.1685161591,86.0967330933,0.0630849215668
1020,419.568634033,131.295471191,21.6594676971,61.9353141785,0.0302552536596
1020,398.09866333,153.936355591,19.3426132202,51.006526947,0.0191751547391
1050,601.971069336,74.8827438354,30.3437290192,85.1224746704,4.34373542666
1050,519.873352051,45.5957183838,50.7575683594,145.863235474,0.735805835575
1050,348.427734375,147.698989868,23.1587600708,54.1572303772,0.703504541889
1050,469.635467529,166.624694824,26.5265808105,61.5557060242,0.288487644866
1050,392.394500732,158.502120972,21.5091323853,48.2076148987,0.147647014819
1050,406.818511963,154.213577271,21.4621582031,52.2586212158,0.0167915932252
1050,83.8938217163,107.596099854,29.0481586456,62.8506622314,0.0017770093109
1080,120.60760498,175.206100464,28.3082561493,51.346988678,1.04706147686
1080,444.995330811,162.889389038,19.1637134552,52.9722709656,0.95078414306
1080,535.022033691,192.66734314,22.176607132,56.1944999695,0.57968548499
1080,33.8574523926,104.932495117,23.1109237671,58.5943908691,0.390357151628
1080,311.582183838,149.035629272,20.96159935,49.2255096436,0.190544174984
1080,615.480895996,159.460083008,17.8569507599,44.5879402161,0.0973673188128
1080,549.739807129,212.4296875,23.8808727264,51.9713249207,0.0615636177827
1110,469.483276367,155.491195679,30.9204940796,67.6884765625,0.695684412494
1110,8.82412052155,33.699508667,17.2458267212,55.593334198,0.0595452031121
1140,302.606811523,160.173141479,19.4487171173,42.5089683533,44.5737034082
1140,528.987792969,159.494552612,27.7416534424,60.5087280273,1.49934878573
1140,550.758972168,171.494934082,22.2544994354,66.021697998,0.45763310045
1140,318.312347412,150.717102051,17.3030567169,48.9337043762,0.0713710149284
1140,10.6840667725,137.320785522,20.7543735504,73.6651382446,0.0193243846297
1170,316.331573486,147.407211304,21.2087554932,51.4026679993,0.472018122673
1170,353.056243896,162.78817749,20.5372505188,46.7585296631,0.211148965172
1200,338.563995361,151.083007812,17.7041740417,45.6346092224,2.8878338635
1200,371.02444458,150.788375854,23.4537830353,53.6634521484,0.184328097384
1200,350.824859619,147.557098389,16.8623733521,48.3716468811,0.144046812784
1200,361.952667236,147.90171814,18.8481292725,50.8868255615,0.0118504787679
1230,349.717193604,148.848495483,18.9574832916,47.1245231628,4.17184047401
1230,355.920288086,91.8423690796,22.6068134308,65.3016662598,2.8536086902
1230,362.558502197,96.1813735962,30.5000076294,99.6039123535,1.86949968338
1230,471.434570312,150.770675659,21.5597553253,52.9761047363,1.67604200542
1230,360.817657471,146.288543701,17.8818340302,48.0811157227,0.564887188375
1230,77.4728469849,212.422668457,23.95819664,70.7573776245,0.137061451096
1230,616.356750488,402.220672607,19.2685317993,47.8269538879,0.0604957516771
1230,409.216400146,98.5570068359,20.9716014862,83.9294815063,0.0243398040766
1230,411.274749756,53.3193359375,27.4201564789,84.9032745361,0.00150355554069
1260,364.43661499,82.3274002075,39.3306617737,107.342346191,3.10254395008
1260,365.073364258,143.739639282,20.6817932129,51.9866828918,1.25576993451
1260,7.63239812851,135.700942993,14.1003141403,56.9726829529,1.13472891971
1260,353.006835938,148.63710022,18.4422855377,47.1872253418,0.238456646912
1260,609.864074707,295.126068115,23.1560688019,48.5801582336,0.116571399849
1290,370.381500244,143.581741333,19.7037448883,45.3063201904,0.922094192356
1290,345.488922119,150.637390137,19.4095058441,46.9714050293,0.531071377918
1290,356.529693604,145.345016479,18.2763366699,47.2013893127,0.334224104881
1290,486.264190674,155.78956604,16.4513835907,45.8981895447,0.195940909907
1290,389.25680542,135.122009277,28.8765335083,65.3376922607,0.18065177137
1290,367.909454346,79.4029464722,33.6103820801,109.102874756,0.0653495138977
1290,435.105987549,74.5924911499,29.2602291107,95.7004318237,0.0230133271543
1320,364.0652771,144.579421997,18.7231502533,48.8266029358,1.50656430051
1320,436.4737854,84.4262619019,33.7085227966,112.222724915,0.704712606966
1320,539.020568848,67.2296524048,21.9157238007,54.5043640137,0.530361989513
1320,345.965362549,147.540115356,20.4198131561,50.7719764709,0.475449441001
1320,380.322601318,88.3352279663,47.898563385,119.646736145,0.261256494559
1320,388.327850342,142.141174316,26.8468551636,62.309173584,0.0967558764387
1320,415.623168945,170.976242065,27.5749969482,55.7264976501,0.059658032842
1350,344.084625244,154.270614624,19.4320011139,48.6604766846,9.05767306685
1350,363.895721436,146.660507202,19.3351516724,50.0577049255,0.914895441383
1350,436.892700195,89.2435684204,34.6495780945,106.813652039,0.380942202173
1350,518.856750488,164.267562866,21.9346675873,48.3867149353,0.161040259991
1350,365.866943359,74.8611984253,29.713104248,96.2856369019,0.0659986573737
1350,36.9829101562,149.672119141,19.7316169739,52.9963264465,0.0639359874185
1350,408.12991333,83.6091766357,31.6467838287,67.9791183472,0.0500035996083
1350,391.552886963,144.554443359,24.1483154297,62.431930542,0.0182350951945
1350,377.430786133,152.123703003,18.5505523682,50.0543518066,0.0140330172144
1380,336.905853271,155.721725464,18.8111515045,47.2561683655,1.47499889135
1380,439.372955322,79.7796707153,29.3582763672,79.1742858887,0.957210548222
1380,377.173706055,90.2866210938,50.2244682312,126.165168762,0.368482409976
1380,361.92276001,157.742523193,18.3904132843,46.1365699768,0.29603568837
1380,350.308074951,154.071914673,19.0921897888,49.3836860657,0.166788033675
1380,390.658660889,167.755691528,26.4748058319,53.6849479675,0.0603563908953
1380,433.610351562,179.38835144,24.8718948364,55.70054245,0.0521908863448
1380,371.729400635,147.356506348,17.614156723,51.7535400391,0.0403465033742
1410,437.647918701,89.139831543,31.0443897247,94.2408981323,0.712915416807
1410,465.358734131,197.677612305,19.349905014,47.6660003662,0.0603060470894
1410,462.471679688,112.180213928,19.6423053741,61.6616973877,0.055552466074
1440,356.839630127,88.7278671265,52.5345497131,123.837226868,7.01489821076
1440,342.731964111,160.949508667,17.9263839722,45.4606437683,3.02758347243
1440,356.780426025,154.023681641,19.5028038025,50.547088623,0.998903624713
1440,437.102813721,93.8117446899,31.2947540283,93.0451660156,0.502708507702
1440,393.757598877,157.055679321,23.965959549,56.963470459,0.0464190146886
1440,438.62612915,167.428237915,19.0967540741,54.921749115,0.0428251514677
1470,335.436309814,165.23399353,20.030916214,45.9187927246,22.0029547811
1470,355.73135376,155.99546814,18.1794300079,53.2770996094,2.91925147176
1470,456.814697266,173.457321167,19.256067276,53.9007415771,1.22075257823
1470,27.6776885986,186.005844116,21.6670856476,47.4452018738,0.605702539906
1470,40.5556144714,176.986633301,17.913028717,50.1864051819,0.334169645794
1470,461.413085938,199.779769897,20.5598201752,45.6290016174,0.169952621218
1470,482.181518555,97.1756210327,20.2516403198,61.013671875,0.152339611668
1470,393.120574951,183.99609375,27.8986110687,50.1195106506,0.119054480456
1470,438.863555908,169.219192505,25.4872913361,63.6887817383,0.103709357791
1470,364.604888916,166.268981934,19.5285186768,45.6251220703,0.0769013422541
1470,471.229827881,210.290222168,21.2970199585,43.3146400452,0.0568272487726
1470,383.85055542,158.599899292,27.8375396729,60.7732276917,0.0525165523868
1500,330.520050049,170.385696411,19.8911495209,46.0467376709,17.8792789578
1500,459.770477295,162.052841187,30.595916748,69.40650177,2.63790357858
1500,351.852172852,161.572525024,17.9409141541,51.4054832458,2.60436050594
1500,603.011047363,63.7956962585,24.1132946014,53.2555961609,1.58762149513
1500,366.544403076,153.052185059,18.2028560638,54.0588340759,1.46429967135
1500,530.207580566,176.530563354,21.0133800507,55.1787986755,0.86978059262
1500,387.464080811,173.641189575,26.0217609406,57.1540641785,0.459622452036
1500,363.583343506,70.8498687744,35.1909866333,123.319244385,0.435013091192
1500,6.53290510178,160.234207153,16.4677715302,52.1458702087,0.410986691713
1500,478.256988525,194.535324097,19.2250652313,52.4303588867,0.376951205544
1500,516.516784668,180.61491394,20.5208263397,58.217830658,0.361746107228
1500,546.251098633,194.239089966,22.642621994,48.7330169678,0.323711847886
1500,462.577728271,49.1373748779,28.9080181122,85.5174865723,0.243865000084
1500,504.097198486,211.374206543,21.2069282532,46.2179107666,0.0810379628092
1500,490.625579834,200.869995117,23.9851016998,58.6195678711,0.0760978262406
1500,564.172546387,59.9965553284,28.6472415924,85.5436935425,0.0039723545342
1530,338.200561523,162.782333374,20.5173397064,53.5646781921,35.3670954704
1530,496.327758789,165.313247681,37.574306488,94.5987319946,22.4254101515
1530,355.497314453,161.784362793,19.3580360413,55.5903816223,18.8993319869
1530,351.839233398,69.4231491089,60.6214179993,150.762496948,8.87768939137
1530,419.088409424,62.4676322937,23.6932067871,67.5297851562,5.44059500098
1530,610.398986816,69.8819656372,20.0457172394,47.2577209473,1.9214687869
1530,552.705993652,200.494308472,20.0397338867,47.8026771545,1.21534690261
1530,505.807983398,35.1613273621,26.9346160889,67.5952377319,1.01133985445
1530,610.932189941,201.029098511,19.2558803558,55.5780220032,0.693756481633
1530,480.262298584,189.788467407,17.6152038574,43.7406730652,0.522907776758
1530,375.252166748,155.991744995,20.1160564423,54.8122749329,0.431159650907
1530,365.366363525,62.2831230164,28.1987514496,92.4083251953,0.311161554419
1530,616.889953613,155.838623047,15.3130807877,49.9273681641,0.0779489404522
1530,521.353271484,39.2911872864,34.0224189758,79.8025283813,0.00233467908402
1560,348.169464111,154.275131226,21.0274486542,58.1924171448,67.0918703079
1560,367.151245117,154.900253296,23.6231479645,66.4233627319,63.3060216904
1560,600.452270508,226.229263306,27.1724624634,63.418346405,11.9836181402
1560,383.127410889,42.699432373,69.5435028076,187.412399292,4.54340800643
1560,610.429748535,156.149734497,19.9666194916,52.3568840027,1.55828315765
1560,414.440429688,171.112075806,20.3221244812,59.4005012512,1.35528575629
1560,383.195770264,160.953994751,22.0034999847,50.9174003601,0.696497084573
1560,616.838623047,249.400436401,17.4151725769,49.9281425476,0.475068064407
1560,406.365020752,172.624389648,16.7287731171,42.4734916687,0.309369480237
1590,401.858551025,146.858627319,23.7519817352,70.3637161255,61.1603796482
1590,373.914215088,132.059860229,28.55950737,71.1260681152,18.9862951636
1590,392.237548828,147.124801636,19.5923538208,56.6784172058,9.16802808642
1590,10.1095762253,132.393096924,21.157207489,55.0640830994,5.60532957315
1590,449.712127686,160.910720825,15.9063539505,46.2545890808,3.56249697506
1590,479.699310303,131.423095703,46.0967521667,118.384880066,3.34465019405
1590,413.977508545,137.414001465,23.7766780853,61.6518363953,0.319490442052
1620,614.03704834,385.950592041,25.9629516602,65.0583877563,0.00252763875324
1650,436.280639648,149.783905029,26.0900669098,62.1467437744,16.2830516696
1650,594.756530762,160.909545898,19.1224269867,47.5249443054,2.52236556262
1650,583.866455078,166.863418579,17.3552703857,47.8275794983,1.5743592754
1650,608.338317871,151.915786743,17.3120040894,48.3700370789,1.06364758685
1650,564.670288086,171.693115234,30.4655456543,70.2691726685,1.06043023989
1650,504.552642822,99.5120773315,20.3638687134,53.475063324,0.957072433084
1650,520.330505371,74.6169509888,24.6251888275,72.9839859009,0.936943665147
1650,41.1081581116,150.848678589,21.1323661804,52.2700767517,0.893300399184
1650,9.74814891815,153.020095825,18.8436603546,49.1111869812,0.365650444292
1650,487.073455811,93.5789871216,30.1069774628,70.0069732666,0.222348002717
1650,244.113296509,121.269996643,27.4985752106,70.8400802612,0.204507657327
1650,456.737060547,126.26763916,20.2179985046,62.1001739502,0.084628618788
1650,610.669433594,26.6602916718,21.4081897736,58.4126243591,0.0762709940318
1680,546.167175293,80.0576553345,20.7179298401,56.8646507263,1.30295101553
1680,604.388793945,68.8899307251,26.2682666779,75.3521194458,0.10703796288
1680,300.589172363,130.529251099,23.288640976,65.1616668701,0.0671470887028
1680,509.438354492,62.7832946777,19.9757671356,53.0440063477,0.0541007204447
1710,563.866760254,35.5376014709,27.4099369049,62.5846595764,1.92317888141
1710,616.186828613,174.973403931,15.877705574,53.3975067139,0.961269810796
1710,268.825042725,171.037033081,21.6069641113,47.3139457703,0.825289450586
1710,609.132141113,134.095565796,21.2340755463,66.2439346313,0.171663111541
1710,581.617370605,46.1972961426,23.0280303955,57.3484039307,0.122485309839
1710,336.772277832,148.819442749,23.1764755249,53.5731925964,0.0297495804261
1740,488.591827393,142.620239258,17.5716705322,50.8808135986,22.1218630672
1740,364.387084961,161.771987915,24.5647716522,47.5918464661,7.9521201551
1740,137.553390503,174.11000061,17.1193256378,41.3309211731,4.49176877737
1740,137.01272583,366.160430908,33.046421051,67.4666366577,1.68756172061
1740,503.572540283,137.297225952,23.7309856415,57.7232818604,0.536380009726
1740,327.933044434,160.539993286,19.6466007233,50.6671485901,0.182947318535
1740,384.007110596,126.540840149,25.724439621,75.6692581177,0.101416092366
1770,549.27923584,147.501144409,16.1123867035,54.7722587585,42.7791267633
1770,354.102294922,164.386489868,20.0975513458,47.5213317871,8.29015672207
1770,589.948669434,150.112167358,20.5362758636,49.6288299561,1.36449029669
1770,369.539794922,169.701065063,20.2015762329,51.1633338928,1.28901330754
1770,562.87298584,147.804489136,17.2136306763,50.3996543884,0.272609852254
1770,444.323455811,393.774261475,24.6401062012,50.6962585449,0.170473125763
1800,615.575744629,147.986938477,17.3005104065,56.839466095,8.84624049067
1800,112.201416016,150.99029541,20.8035850525,49.5967559814,2.89622209966
1800,380.188232422,167.591903687,20.1280174255,50.5383491516,2.16183084995
1800,458.085205078,43.2267494202,24.237203598,67.4342041016,1.97347663343
1800,442.047698975,47.5278358459,28.3191547394,87.4413986206,0.709228636697
1800,399.206054688,163.899703979,19.0737018585,54.1139183044,0.0369119457901
1800,466.674560547,122.695465088,21.5602207184,57.688369751,0.0279175525066
1830,423.482574463,166.340667725,19.0023212433,48.6912193298,40.9251004457
1830,27.9096126556,167.566040039,22.4530105591,43.8512878418,38.4861797094
1830,606.53704834,69.4826431274,23.7205352783,76.4379425049,1.19258034974
1830,615.407165527,144.604782104,18.087846756,53.771697998,0.22828085348
1830,514.683898926,140.153442383,31.9090061188,89.8972244263,0.222400599159
1830,512.715576172,61.1220283508,21.8461303711,70.544960022,0.192660349421
1830,471.185638428,68.926902771,26.7291698456,75.5590744019,0.104906130582
1830,57.1437339783,148.963302612,20.9520168304,54.8941650391,0.0637506775092
1830,518.845031738,21.2516765594,30.3156356812,76.8217010498,0.000212746272155
1830,535.788146973,27.0846347809,27.6631984711,69.9439086914,7.35129246365e-07
1860,467.834136963,167.836837769,26.2777709961,71.5919418335,96.3517308235
1860,457.427032471,167.415649414,19.005449295,59.1127815247,6.42201080918
1860,449.342041016,165.850997925,16.3015785217,47.0913352966,3.25789935887
1860,506.948028564,113.511749268,22.202583313,64.8986129761,3.14573869109
1860,379.547454834,280.962738037,23.6829929352,54.7472229004,0.656723883003
1860,611.246520996,139.151596069,21.3438262939,54.1818733215,0.35579490941
1860,531.086181641,101.009735107,26.5019378662,90.5114135742,0.157986849081
1860,519.211730957,120.55960083,21.0198688507,62.4233589172,0.0465265737148
