30,427.384887695,97.0311889648,39.7941932678,113.647254944,13.0405083299
30,290.161773682,97.6233291626,17.3530845642,48.3852081299,1.80758815259
30,397.266845703,146.734298706,18.1741828918,50.0969390869,0.367206917144
30,616.602355957,28.8513393402,19.2093296051,49.8396492004,0.110065261833
30,86.7738037109,26.0741958618,23.5563049316,50.2847557068,0.00044442649596
60,421.337768555,93.7515640259,50.8262825012,130.785339355,6.68582171202
60,578.153320312,87.20677948,21.8076457977,50.5785522461,0.135184125975
60,616.381286621,29.1636714935,19.9405555725,48.5941886902,0.0898069818504
60,86.84349823,26.2082538605,23.5008926392,50.2285804749,0.000510874724569
90,424.236572266,96.5433349609,50.1696472168,121.284721375,9.18017849326
90,582.986633301,89.9593734741,21.7009449005,51.5695075989,0.32935210038
90,615.832824707,31.1123428345,19.292432785,51.2498321533,0.144922279287
120,424.810150146,99.8592758179,52.098690033,118.346305847,12.906216085
120,286.311859131,100.301170349,19.2800559998,46.7313842773,4.47163246572
120,577.645263672,87.8128738403,21.6319503784,51.8913841248,0.64658340998
120,615.899719238,30.2209777832,19.4631080627,52.5478096008,0.126445444766
120,86.8369827271,26.3140087128,23.5814208984,50.2754669189,0.000543663145436
150,431.572509766,84.3712692261,42.475692749,135.728683472,34.7247183323
150,580.978942871,90.7308425903,21.2205734253,51.9258613586,2.47090961784
150,286.060699463,97.8959579468,18.8109378815,48.8144874573,1.91668327898
150,470.332794189,74.8032455444,30.6561889648,91.103843689,0.621816702187
150,567.988098145,80.7559738159,21.5779724121,48.5429229736,0.20768281538
150,573.112609863,185.102218628,23.4378128052,52.1898460388,0.104755326174
150,616.579528809,27.9943675995,19.602891922,49.4392127991,0.0947206339333
150,595.208312988,88.6954345703,20.685174942,49.8887901306,0.0456709210994
180,433.151092529,95.3026428223,37.4915390015,116.378639221,7.83108770847
180,289.138641357,98.2320556641,18.5987949371,48.2767829895,0.653144903481
180,534.034240723,175.83026123,24.0378723145,54.2201652527,0.437026005238
180,616.512634277,28.0214691162,20.0929431915,49.8583984375,0.142600736581
180,588.26763916,90.7050476074,21.2921543121,49.8946990967,0.0455950910691
210,423.513275146,95.4869613647,54.3215370178,129.637954712,9.31542739272
210,286.682525635,99.9570617676,18.0668869019,47.3237113953,2.8036499396
210,616.638305664,29.0012454987,19.720243454,49.4346122742,0.123053346761
240,286.482269287,95.7421875,19.0609912872,50.4216423035,2.75203175843
240,441.048919678,99.1853866577,31.9174060822,111.574707031,0.639711227268
240,616.558288574,29.2494506836,19.4101009369,49.1799507141,0.238364632241
240,582.047241211,89.1099853516,21.3027572632,54.9144706726,0.206667021848
240,87.0715103149,26.0212097168,23.3048858643,49.9690246582,0.000610665983913
270,423.780517578,80.6696853638,73.94140625,151.653900146,20.8288699389
270,286.202026367,97.7665405273,18.4536876678,48.6059379578,3.6750972271
270,504.419067383,70.6112060547,19.762052536,60.0753746033,0.506601063535
270,534.313598633,174.600845337,24.4877300262,57.5949401855,0.152778695337
270,616.778991699,29.3589019775,19.3073673248,48.2983512878,0.123648089357
270,496.550811768,198.936264038,24.6399593353,52.5188903809,0.0309678347548
270,87.2630386353,26.0101165771,23.2297286987,49.6202583313,0.000580463756705
300,289.054382324,93.3032608032,17.6725902557,51.4438438416,1.32953738794
300,616.789245605,28.2907791138,19.6069393158,49.525478363,0.215263362043
300,538.683776855,83.8193588257,19.8503570557,56.7633323669,0.0926622131374
300,593.157714844,87.0911483765,22.1981887817,50.2386665344,0.0465146120405
330,423.400634766,91.2717056274,49.2118988037,131.867721558,18.3761507273
330,285.105987549,101.804351807,18.6223640442,45.9436454773,0.970182847232
330,533.084777832,173.555099487,19.4489498138,54.996887207,0.495264353231
330,616.452453613,28.0934352875,19.6999282837,49.3775444031,0.14090515906
330,539.028991699,82.4311904907,20.0203075409,57.7189750671,0.0903953972738
330,551.375854492,183.952819824,22.9169406891,50.3551750183,0.0677172909491
330,502.906860352,66.322517395,27.750246048,74.3750686646,0.0667442334816
360,402.076293945,140.477676392,17.5361766815,45.7344818115,2.6496367529
360,285.823974609,95.3120498657,19.6341991425,50.9509468079,0.931729469448
360,534.597106934,174.710037231,24.560043335,57.7954216003,0.164934492204
360,616.750305176,28.0871105194,19.6913948059,49.9869117737,0.12566850055
360,581.866210938,88.1789932251,22.7144107819,54.7121276855,0.0767359684687
360,534.317687988,84.8201980591,19.8418178558,53.0198554993,0.0468567857752
360,86.9390258789,26.1324539185,23.5166530609,49.9269065857,0.000509086157763
390,425.762969971,97.2567520142,38.6974372864,107.952644348,2.75951642543
390,535.578369141,175.674087524,22.9649410248,54.402557373,0.201789778657
390,582.54876709,89.4713973999,21.7415313721,50.0995178223,0.0546617666259
390,617.002197266,26.1460113525,19.674987793,46.2699165344,0.0095069881354
390,87.0114059448,26.1763629913,23.3824100494,49.5959434509,0.000571016744288
420,424.674530029,102.083122253,48.6459312439,114.052696228,9.04884636402
420,615.34979248,31.1030864716,19.9601860046,51.1610145569,0.172114663292
420,582.936767578,89.6622009277,22.7334384918,52.1001739502,0.0785791606177
450,431.627838135,97.0473556519,32.9055519104,117.8098526,1.54280522838
450,578.034606934,76.5040817261,22.3423709869,51.7543334961,0.21733622998
450,615.606201172,31.6085758209,19.9334945679,52.6346740723,0.126472581178
450,504.032501221,65.9957351685,24.1057796478,69.5585098267,0.0971804372966
480,421.474945068,98.2091674805,53.6145133972,122.60458374,2.72010583431
480,498.387207031,73.4650192261,20.4927787781,59.9019889832,0.44007897377
480,534.784423828,175.294631958,23.6002349854,56.8473396301,0.401194393635
480,538.948303223,82.3587722778,20.123210907,55.5361595154,0.168826070148
480,615.674255371,29.9713420868,19.7771492004,52.6613731384,0.116002664436
480,582.702697754,88.6720199585,21.7529087067,50.5849151611,0.110498303548
480,599.328857422,181.072875977,26.6263446808,60.2809562683,0.103092810605
480,557.617980957,182.759750366,21.7534008026,51.5170593262,0.0349443929736
510,536.129272461,173.87651062,23.443113327,55.794254303,0.34197033383
510,601.02935791,183.412460327,25.0380725861,58.525554657,0.121489434969
510,616.54284668,29.5363674164,19.1524448395,48.6688728333,0.102722190786
510,533.464233398,78.8163986206,19.0042972565,53.0299682617,0.0451049971161
540,427.815429688,91.7026596069,44.3912353516,127.402137756,16.4312630892
540,538.754333496,83.0047531128,20.508523941,55.8669929504,0.213379831985
540,578.714782715,82.6626052856,21.0669803619,49.1091117859,0.183355109766
540,616.52935791,29.2648143768,19.5297546387,50.0197906494,0.127648201305
540,593.874938965,87.1125869751,21.9418334961,51.3615989685,0.0161597257829
570,428.115509033,90.9864501953,61.5347595215,141.725906372,3.29262316227
570,582.018066406,91.566368103,21.2237091064,52.5144538879,1.96536108851
570,615.801696777,32.4220085144,19.6001796722,52.1682090759,0.129905901849
570,594.394470215,87.4065856934,21.3055438995,50.973361969,0.0471360370284
570,533.61529541,85.0417251587,19.8162975311,54.6660614014,0.0459560193121
600,421.0284729,102.202522278,54.6134643555,116.754417419,13.2400527596
600,149.362625122,110.535194397,18.1058559418,53.4944038391,0.984229054302
600,616.776611328,27.9646759033,19.8089313507,49.4636116028,0.140637170989
600,538.451477051,84.0763549805,20.1979637146,56.0182762146,0.124219967984
600,562.602478027,190.121444702,22.9485549927,48.1506347656,0.065778469434
630,423.371856689,101.273994446,53.6051979065,118.910057068,12.1781587601
630,578.467102051,79.0791091919,21.5047893524,50.0187110901,0.318256602623
630,616.840698242,28.3439426422,19.4107341766,48.3298454285,0.279033463448
630,592.916687012,85.4541549683,22.0366382599,47.3319664001,0.0416152412072
660,425.075531006,83.4939651489,63.8456535339,145.574432373,10.0474685431
660,151.561019897,110.890205383,20.1145153046,53.6168861389,0.667921407148
660,616.761047363,27.483335495,19.5558261871,49.0085411072,0.39825886488
660,583.001037598,90.0622253418,21.3889446259,52.3563575745,0.073358474765
660,86.8293991089,25.7375411987,23.3064975739,50.8803749084,0.000554434018341
690,414.837310791,97.6319580078,50.2980804443,107.47555542,26.292693615
690,412.577636719,101.757713318,19.1919345856,83.9593734741,12.7623274922
690,532.653137207,173.310791016,20.3308925629,55.5429267883,0.30173654668
690,616.569885254,29.0164241791,19.484960556,48.3923225403,0.129991979338
690,588.536560059,79.3322982788,29.5609283447,66.2474365234,0.02607126371
720,442.956207275,68.0360641479,63.5244560242,157.274810791,32.073739171
720,426.544281006,98.3509521484,37.5642814636,111.019111633,4.84776981175
720,400.379760742,142.041183472,16.9976100922,44.3756866455,3.92362885177
720,532.496643066,176.651245117,19.7213935852,51.4064750671,0.37956959568
720,503.187744141,69.7347717285,21.5850448608,60.5552787781,0.225044158287
720,477.724029541,79.4813232422,26.172744751,98.7034301758,0.0938583281823
720,616.734436035,29.3012561798,19.2910480499,48.1212120056,0.0890299037565
720,588.914367676,80.4244537354,30.7275333405,62.6017570496,0.0106291794509
750,583.342590332,73.6446151733,20.5880661011,49.2606010437,0.890961289406
750,264.630096436,106.598457336,19.0424957275,48.8368530273,0.468825083226
750,503.082977295,68.5081634521,27.465215683,64.1928405762,0.383422500454
750,537.411621094,185.546386719,20.1911354065,51.9634857178,0.252248160541
750,525.811340332,174.676956177,22.3325595856,55.8036499023,0.215228949673
750,588.668273926,85.5251083374,28.1440582275,66.5814437866,0.0428278464824
750,616.126037598,27.477142334,19.9131355286,46.4014701843,0.00287230650429
780,435.514312744,78.2329788208,73.0481872559,156.890350342,11.8501380086
780,82.1364135742,64.1607666016,20.5691165924,47.4233551025,0.782965868711
780,615.41583252,311.020141602,17.7012767792,50.4896850586,0.128600210883
780,607.718933105,191.424545288,21.4392681122,56.2054328918,0.118973234203
780,519.861572266,61.706615448,27.8666381836,79.6243057251,0.100026989821
780,616.88470459,28.440580368,19.4415416718,47.6266937256,0.00322259511449
780,81.4907226562,25.9591732025,23.5404815674,49.8727607727,0.000510988002134
810,608.458740234,200.424560547,22.014421463,51.8661766052,0.280759902671
810,525.961181641,59.2434959412,27.6707553864,78.1384353638,0.17872635508
840,441.134521484,137.629852295,19.4315376282,50.4205284119,4.05766479671
840,474.879730225,68.3879623413,22.7429504395,72.4233474731,0.927718635648
840,394.049957275,117.435050964,24.6227855682,68.4292602539,0.13901439961
840,603.477600098,190.454040527,21.2902488708,52.6853523254,0.116622797213
840,544.943786621,39.3244552612,31.0435504913,76.5756607056,0.0919504323974
870,472.148834229,66.6751403809,58.307636261,148.528564453,15.4100358486
870,385.791351318,111.257385254,15.1590957642,49.736492157,3.83252389729
870,375.410766602,109.515647888,16.418182373,53.3835906982,2.53479294479
870,393.554199219,113.413566589,25.5748004913,63.235458374,1.39570012689
870,616.413146973,215.326980591,16.4373016357,47.6984100342,0.0409951258916
900,505.973022461,66.4133987427,103.932098389,192.845321655,13.8372763991
900,457.575592041,112.657623291,20.1989955902,57.3775901794,0.184106617235
930,484.362548828,97.7505187988,22.9011631012,74.5046157837,1.69959068298
960,415.975219727,93.5260238647,18.4941310883,52.5146331787,0.652149925008
960,324.222686768,90.075012207,18.7339363098,45.0017814636,0.205137510784
990,418.825836182,102.594444275,18.1060733795,53.6200294495,20.0510561466
990,324.035736084,90.968132019,17.9652462006,43.0340423584,1.61178391427
990,514.530822754,137.59147644,22.0422344208,50.8890113831,0.310642481782
990,426.457397461,90.0547866821,20.1961231232,50.0731697083,0.16303951852
990,530.125549316,86.1653137207,21.2691230774,58.3259086609,0.125849200413
990,494.141601562,148.695999146,30.8752765656,82.193611145,0.0551734585315
990,480.766326904,170.609985352,26.210149765,65.0508728027,0.0288727838779
1020,535.692443848,132.281692505,17.2387256622,51.1965789795,6.23256079853
1020,601.291931152,320.165588379,26.2562351227,60.4464912415,2.59408429265
1020,434.249298096,80.6553039551,20.0939121246,54.936466217,0.0761086062994
1020,523.094238281,137.973770142,17.1270847321,48.6806678772,0.0298850616673
1050,573.161804199,110.967063904,26.508272171,71.477722168,2.6614960283
1050,589.981079102,136.603164673,18.041387558,52.728717804,1.27738323063
1050,445.0105896,96.1249771118,20.9280147552,53.2247200012,0.233179354109
1050,615.586975098,128.174942017,15.4923677444,44.5897979736,0.182059383951
1080,315.268066406,93.0642089844,19.8011188507,51.5632972717,6.73231184483
1080,338.296539307,91.3122940063,19.721162796,51.5480766296,2.05479636788
1080,479.010498047,132.429000854,21.2974300385,37.2723846436,0.164793489967
1080,607.842163086,160.633163452,22.4058856964,56.2994537354,0.108902796637
1110,498.580963135,141.565536499,17.3497982025,42.9303703308,20.7527205348
1110,595.269592285,72.8272094727,19.7786388397,71.2406082153,7.89309218526
1110,334.000762939,95.0287475586,19.6339893341,49.343914032,0.717754475772
1110,436.436065674,113.575798035,18.1824398041,48.0262870789,0.582459522411
1110,616.230773926,131.187225342,17.1174221039,48.8777503967,0.575315300375
1110,452.465209961,124.513191223,19.705488205,51.8394126892,0.374271697365
1110,345.213775635,90.2356948853,20.449224472,52.5735931396,0.0113351707114
1140,520.133972168,143.711975098,22.0333614349,44.4737548828,87.9668712616
1140,438.426483154,118.442832947,18.7172412872,48.400806427,63.3760452271
1140,465.249725342,139.273254395,23.8752193451,45.2585334778,2.40108966827
1140,608.749511719,123.497825623,22.6798915863,53.8895759583,1.30638387054
1140,338.174804688,101.099372864,19.4356250763,47.7021827698,0.495613180101
1140,426.078338623,123.783630371,20.0503005981,51.8038139343,0.411408301443
1140,537.877685547,141.619750977,16.1230182648,42.7848205566,0.0769501028117
1170,549.534973145,143.294586182,21.2246379852,51.7522239685,94.8633551598
1170,441.044555664,121.560905457,23.0616283417,61.4562187195,27.0609885454
1170,481.339324951,136.5650177,24.300661087,55.3296508789,26.4494657516
1170,599.44128418,319.42956543,29.4733581543,57.8767242432,2.14959681034
1170,17.2265815735,82.3128585815,26.222700119,58.6272544861,1.80598217994
1170,469.128173828,118.793617249,17.0867404938,52.2811126709,1.21016409248
1170,616.175170898,138.721786499,17.9317646027,45.4754829407,0.823734048754
1170,532.902648926,144.246185303,20.3567390442,49.8476104736,0.736499577761
1170,30.164894104,88.3342666626,27.9457950592,76.525642395,0.271096476354
1170,563.135437012,144.249740601,17.1745185852,45.0233802795,0.171333283652
1200,583.758911133,159.564865112,25.6664524078,62.3884429932,93.1286931038
1200,447.776031494,133.161209106,24.1901874542,62.3321685791,22.7369859815
1200,499.331390381,156.821624756,21.6322612762,52.1052894592,2.66911499202
1200,616.66217041,169.38621521,18.0746612549,46.85496521,0.686205038801
1200,594.800598145,140.638442993,30.9699020386,73.6453475952,0.524667091668
1200,7.31192016602,84.9155197144,27.3532867432,72.5781555176,0.52333525382
1200,460.29309082,152.465805054,19.5174655914,45.0938835144,0.444155326113
1200,387.881134033,93.1608963013,24.6122665405,63.4866065979,0.346494000405
1230,575.727722168,157.60118103,16.866941452,49.3043365479,8.71439576149
1230,457.746582031,145.379928589,21.6383914948,53.2273521423,0.287938211113
1230,616.279602051,173.577026367,16.7382850647,46.8959693909,0.214786664583
1230,565.997375488,158.288528442,16.8264770508,44.7402076721,0.207705888897
1230,478.151702881,122.941139221,20.3558692932,62.4781761169,0.183113489766
1260,595.039367676,149.204910278,26.7034511566,82.9638671875,4.34492267668
1260,399.122894287,252.595718384,32.7758140564,80.2934494019,0.813493691385
1260,451.177520752,140.718338013,21.1334514618,44.2779388428,0.673520518467
1260,489.949310303,133.065734863,18.6835346222,54.486618042,0.373186753131
1260,617.492248535,162.591812134,15.9379396439,49.6401519775,0.353462295607
1260,475.215118408,153.377182007,22.7995471954,53.4609642029,0.22915173322
1260,614.690368652,41.8382301331,19.7157936096,58.8630867004,0.14652319951
1260,233.706359863,85.3942184448,27.4781093597,85.7934341431,0.0173240754521
1290,11.3089876175,156.02571106,23.6132450104,56.5050354004,8.81653651595
1290,32.0206871033,142.688247681,19.4500236511,51.8264770508,0.835573114455
1290,503.734161377,141.139663696,21.6378917694,63.1697807312,0.523537909612
1290,211.725448608,111.734153748,21.1174793243,53.5067634583,0.00911425377126
1320,524.484191895,108.869842529,22.2412948608,79.3643798828,16.5075540543
1320,183.594909668,152.545532227,16.6709537506,56.9169006348,6.94383606315
1320,607.093505859,71.8123550415,24.423494339,80.9105377197,1.15705924109
1320,203.958847046,112.507499695,24.4477443695,76.6738204956,0.672029564157
1320,479.419830322,134.71055603,18.8719577789,50.9599609375,0.668383948505
1320,546.463989258,147.653640747,18.7745456696,52.2951927185,0.56929118
1320,534.622619629,98.4197998047,22.1079025269,69.5369033813,0.345620280132
1350,542.837463379,108.970252991,26.9185333252,78.9107437134,76.7755270004
1350,568.051696777,107.694847107,27.9039554596,85.7075805664,31.7293792963
1350,43.2560424805,142.586227417,20.2674732208,66.7534713745,18.6316475272
1350,506.792633057,142.238037109,21.6891555786,48.8444709778,11.2201087177
1350,575.285583496,83.1355285645,28.5946121216,71.9277496338,2.71215531975
1350,482.829467773,143.767593384,17.3557605743,51.045501709,2.36115884036
1350,519.401611328,96.8182373047,19.3729839325,89.3181152344,2.01261434704
1350,558.370666504,136.43132019,19.1518878937,56.0348930359,1.0205546394
1350,55.0972557068,149.777175903,23.2031764984,53.7541389465,0.564151024446
1350,10.40554142,155.708404541,26.3675365448,54.0897827148,0.549938902259
1350,559.371582031,103.970329285,18.8826580048,55.8543739319,0.406104885042
1350,495.533966064,143.373764038,16.7282047272,49.0861778259,0.225241552107
1350,582.958618164,53.5969848633,21.1220188141,56.1134300232,0.22127868142
1350,615.545471191,166.231674194,17.1132488251,46.6858520508,0.215265760198
1350,583.670593262,145.29246521,19.6724586487,49.2609214783,0.14546122402
1380,584.661376953,153.624298096,18.7514972687,45.287815094,55.1434278488
1380,566.95123291,105.447715759,26.7348079681,94.4373397827,47.8642493486
1380,600.892456055,91.4213027954,30.8229846954,84.6551208496,4.30518910289
1380,614.474975586,146.940917969,16.0538311005,48.953125,4.17091622949
1380,520.357849121,152.370819092,18.747926712,45.6427192688,1.52266118675
1380,6.14024877548,144.87689209,16.9981994629,59.7347831726,0.749672343954
1380,590.316223145,117.894599915,24.3160648346,76.6181030273,0.662482064217
1380,564.376953125,156.848388672,16.62225914,43.4672431946,0.422860682011
1380,101.979888916,103.294525146,19.7906017303,53.2076148987,0.415768846869
1380,513.310546875,334.774261475,30.9354610443,79.3671112061,0.413761707023
1380,616.673034668,50.2609138489,18.2337646484,62.0069541931,0.189680850599
1410,594.341369629,93.5616455078,31.7749347687,108.260429382,76.5617966652
1410,536.570983887,158.838043213,18.4810676575,45.6856079102,14.0517100692
1410,615.202453613,145.218795776,17.5541687012,54.0722694397,2.02749036252
1410,41.2346382141,170.395080566,15.3798675537,46.5149803162,1.44324144349
1410,50.9332389832,152.625473022,21.9527053833,71.1243667603,0.94819413498
1410,541.067199707,97.6712875366,19.6678447723,55.6304283142,0.681137852371
1410,602.325744629,154.868362427,21.869890213,50.4163551331,0.452663330361
1410,25.0964736938,173.685134888,18.9595546722,45.6533699036,0.422332249582
1410,226.99647522,174.49659729,24.4680309296,99.0629577637,0.12711242307
1410,529.947692871,102.092124939,22.1601657867,70.6991577148,0.0193803047296
1440,549.912902832,157.472366333,16.1320571899,46.7372436523,6.70931041241
1440,600.600830078,96.2413330078,31.2224445343,93.7995071411,3.3785648644
1440,616.930664062,153.531295776,16.1255741119,47.8471260071,0.509663764387
1440,7.63701486588,139.951797485,15.9488830566,58.5654411316,0.0465424847789
1440,584.632751465,169.531387329,20.1183261871,43.5483093262,0.0266289687715
1470,549.817871094,166.673416138,18.2503147125,44.377243042,7.32477381825
1470,575.021484375,172.618667603,19.0293140411,42.5762710571,1.38960657641
1470,595.84967041,121.521583557,21.4570007324,67.7321395874,1.16759836674
1470,608.154602051,93.4653625488,21.6300601959,62.0504722595,1.14604588598
1470,618.200256348,162.64213562,15.5323457718,49.8746604919,0.298876943998
1470,588.927062988,170.862625122,18.6031150818,43.4282417297,0.128938839771
1470,563.395141602,168.557739258,17.5832653046,44.9095458984,0.102645868901
1470,531.14630127,95.2716674805,27.8283367157,78.5990371704,0.0474441796541
1500,556.773254395,173.515792847,17.6000499725,45.3920707703,56.8826377392
1500,599.951049805,102.744544983,29.8232593536,87.803565979,18.7266811728
1500,276.600128174,134.379898071,19.0209445953,51.2513084412,6.56094327569
1500,605.561218262,168.309310913,21.5604038239,46.9534950256,1.80535763502
1500,579.444641113,178.125259399,19.0889225006,45.6048583984,0.942773278803
1500,567.193969727,176.467468262,20.346906662,43.1433410645,0.59341317974
1500,590.322387695,173.51789856,17.7541179657,44.4889564514,0.296080647968
1500,616.885742188,177.486862183,17.2908611298,49.1650543213,0.286890682764
1530,558.974304199,172.590393066,18.4734668732,48.2295837402,75.4444897175
1530,609.892089844,93.4691467285,22.9945087433,67.6338882446,10.0867189467
1530,570.622375488,172.910827637,22.5574436188,51.8658447266,2.31745392084
1530,602.252380371,140.934249878,24.8877277374,73.5013885498,1.51602206752
1530,590.244995117,126.076568604,24.8392505646,78.6161422729,0.955161079764
1530,616.557434082,175.807052612,16.2167949677,45.2697944641,0.515423621982
1530,584.980041504,178.920211792,18.8223419189,47.5670661926,0.389194418676
1530,596.376831055,175.341629028,18.8692874908,48.1711997986,0.333054969087
1530,545.294555664,168.726119995,17.3594360352,48.1533164978,0.0866373768076
1560,554.468200684,174.717971802,17.7890548706,47.1653289795,58.2949817181
1560,144.159088135,174.239440918,21.7341098785,65.4149703979,1.32229644805
1560,602.579589844,85.6445922852,25.3248348236,90.2777175903,0.650878529996
1560,21.1617126465,135.063537598,20.0087985992,46.6714782715,0.392228597775
1560,568.922058105,179.073654175,19.5145053864,46.7256965637,0.343012623489
1560,616.738342285,171.409606934,15.6838693619,53.3872184753,0.338207744062
1560,499.806884766,72.9587020874,26.6722946167,82.8359298706,0.176847074181
1560,599.703613281,154.562835693,25.5574245453,67.9670181274,0.0909968977794
1560,10.5621862411,140.075378418,16.4665565491,44.6809043884,0.0450255261967
1590,547.837646484,170.976135254,18.4567737579,51.3764305115,74.5944440365
1590,109.724708557,173.574829102,20.309419632,57.8286323547,21.3294520974
1590,616.998168945,147.447280884,17.3268718719,49.4430847168,1.99246089906
1590,556.883483887,179.114334106,20.1619472504,47.3875312805,1.71572845429
1590,492.543731689,143.716705322,21.0554466248,49.2948150635,0.796062778682
1590,454.485931396,109.066680908,22.2921447754,55.5569801331,0.411696825176
1590,466.971191406,106.319404602,19.9975509644,51.8949127197,0.0218808578211
1590,219.220870972,230.454818726,29.9233150482,84.300239563,0.00381572499464
1620,612.347839355,150.31880188,20.5461559296,48.4893913269,10.7845887542
1620,540.495788574,178.794906616,22.362783432,55.0897064209,0.648518791422
1620,557.879516602,183.031204224,18.4944610596,49.6803588867,0.409248005599
1620,352.261810303,37.1162796021,23.2588329315,69.7825164795,0.0659584649839
1620,567.860351562,77.2287521362,21.1696300507,59.8624610901,0.0396888179239
1620,577.041748047,74.1452560425,27.9331665039,91.1081466675,0.0316555640893
1620,79.5323562622,187.976272583,25.0096435547,68.1125259399,0.021082063904
1650,540.46496582,177.180725098,19.496263504,53.3017578125,83.1586897373
1650,25.9737987518,182.136108398,20.3712787628,55.053691864,23.1767088175
1650,197.343566895,186.15637207,21.846031189,61.5925254822,8.4891833365
1650,12.7549524307,163.748428345,25.8286361694,68.2751235962,2.51253731549
1650,370.322174072,234.698043823,30.8900127411,95.7839355469,1.97938270867
1650,616.971801758,197.103897095,14.1959075928,42.3743019104,1.17261130363
1650,524.758056641,178.43019104,24.5446147919,56.2466888428,1.04414690286
1650,604.906616211,147.47052002,19.5682182312,52.9260292053,0.637801550329
1650,568.996459961,57.5033531189,23.2623653412,88.3249435425,0.215444411151
1650,552.622070312,195.252334595,19.4333763123,44.601184845,0.171909527853
1680,550.190368652,172.264053345,23.3708267212,60.724822998,94.9378013611
1680,579.500183105,158.802825928,20.8654880524,67.2874603271,11.7802642286
1680,174.431228638,188.323181152,19.3660316467,60.8062858582,8.46471264958
1680,616.440551758,149.622024536,17.115852356,45.3130187988,8.30068439245
1680,568.08380127,81.1903915405,51.2254486084,153.944274902,5.94556257129
1680,532.679138184,172.592941284,26.0320911407,63.7072257996,4.78289909661
1680,518.826049805,180.70904541,24.2525463104,57.3927345276,0.634041056037
1680,614.549621582,173.86769104,18.2484931946,53.1763153076,0.0350374291884
1680,602.808349609,152.482894897,18.4777145386,56.1547584534,0.0295790698146
1710,578.14263916,172.968185425,19.6751194,63.4564552307,93.3290421963
1710,146.021591187,189.411987305,22.1297454834,70.708366394,22.0333129168
1710,594.999328613,176.212234497,20.0373840332,57.922039032,12.7345114946
1710,605.364440918,190.540390015,18.8169651031,49.2919197083,0.658711558208
1710,390.147979736,370.145751953,25.0101928711,66.1761779785,0.510726310313
1710,362.53616333,165.143951416,16.9135284424,47.1013832092,0.467747589573
1710,617.48248291,186.758422852,14.4989500046,49.2872123718,0.455826381221
1710,559.842712402,192.418899536,17.2549095154,52.802646637,0.225913035683
1710,171.24798584,179.868881226,20.1657943726,56.9434242249,0.195006257854
1710,397.278106689,341.551269531,30.0660877228,65.3851242065,0.13657559175
1710,594.43145752,70.0160598755,31.5981674194,96.3142318726,0.0494507083204
1710,193.812820435,237.669799805,24.6898574829,58.0912284851,0.00523411436006
1740,603.632873535,172.431137085,28.2509536743,68.3134689331,95.9668159485
1740,608.660827637,86.6188964844,23.1407623291,74.1548233032,6.27653151751
1740,580.122009277,175.592163086,25.9609050751,60.9007453918,1.3351842761
1740,619.583618164,167.816879272,19.1981334686,58.266784668,0.504829827696
1740,559.782470703,185.086181641,28.0388641357,63.0386390686,0.237838109024
1740,602.577087402,388.163604736,26.9284439087,58.8369102478,0.171621341724
1740,351.719604492,367.616729736,26.4738082886,62.0162811279,0.139037834015
1740,615.295837402,209.167556763,18.2855911255,49.3481254578,0.0181122974027
1770,616.131713867,213.266845703,18.2594451904,44.867023468,0.174322433304
1770,573.656799316,203.447509766,18.8200798035,53.482711792,0.129673769698
1800,379.132171631,183.117019653,17.4016876221,42.3145141602,4.1883032769
1800,158.461425781,180.746276855,20.3386478424,56.3559684753,0.629600137472
1800,615.846862793,185.879150391,15.4226837158,48.3336906433,0.616500014439
1800,584.115112305,211.002883911,19.0721664429,47.1352577209,0.323024159297
1800,627.35345459,29.1204147339,12.6465454102,57.2363243103,0.204605306499
1800,571.467468262,204.851425171,22.2530841827,55.4425354004,0.0845358183142
1800,320.583892822,185.367614746,25.983253479,51.8964538574,0.0435797934188
1830,558.526611328,189.917648315,31.4136943817,69.8177719116,0.411198521033
1830,103.921173096,184.348022461,30.4008235931,94.0958938599,0.160141848028
1830,589.139282227,210.77166748,18.5035305023,50.6630401611,0.0724517391063
1860,571.772827148,202.113327026,37.5729026794,64.4836883545,1.01724117994
1860,383.733001709,95.0434265137,31.2457370758,89.8918685913,0.645715883002
1860,600.468505859,213.73274231,18.2437114716,53.8939323425,0.352371740155
1860,616.142333984,205.73626709,16.9735031128,49.5171775818,0.344694987871
1860,297.823822021,190.087097168,24.6790390015,44.8687858582,0.265280203894
