30,452.30480957,41.6996459961,22.4660663605,56.9538459778,3.09466086328
30,414.774383545,177.642288208,22.6158123016,55.4236183167,1.51152564213
30,531.808654785,166.497344971,19.9827060699,60.5501861572,0.938761420548
30,613.901184082,194.368225098,19.2902870178,49.9169578552,0.252217822708
30,517.579772949,197.808959961,27.4306774139,79.2121353149,0.00216265616473
60,416.585235596,165.701904297,23.6224975586,61.7324562073,4.6107377857
60,446.014801025,44.8502388,29.2279033661,82.4815292358,1.63815449923
60,615.592712402,211.039306641,15.613820076,50.8486442566,0.304418732412
60,478.861663818,153.340240479,30.8320541382,89.9736099243,0.258784508333
60,397.209442139,123.831748962,31.3773822784,90.1203994751,0.0561311258934
60,430.672943115,35.9126281738,24.4664936066,86.6674423218,0.00651972441119
60,485.120635986,36.5166053772,30.6569805145,68.2706604004,0.000188910473753
60,505.050567627,52.1012916565,38.6151390076,90.4018630981,2.33942587524e-08
90,497.346343994,32.991268158,23.574678421,68.7091217041,1.74162145704
90,85.3190841675,172.694580078,18.3699626923,53.1706504822,0.967278797179
90,98.8345870972,167.027160645,21.3771572113,57.8482704163,0.745881116018
90,616.242858887,261.381988525,16.3009815216,58.5983467102,0.167310680263
90,431.334350586,45.7085113525,26.0960712433,68.9692001343,0.0961947254837
90,471.809661865,40.8753089905,35.3455657959,104.378349304,0.00603054504609
120,463.860076904,29.603559494,19.5542163849,53.9718360901,54.8287272453
120,445.438812256,32.0345230103,15.8335533142,52.1962852478,16.0330563784
120,427.793365479,168.217346191,30.7136745453,73.9642715454,1.05287134647
120,8.75148868561,157.925796509,14.3602952957,52.6736869812,0.618837680668
120,146.649093628,118.097999573,24.1021881104,64.9277420044,0.323351495899
120,615.621582031,163.612167358,18.8540706635,50.4480133057,0.195316062309
120,578.487548828,23.4338283539,34.9314231873,87.8039016724,3.10770161605e-05
150,183.804931641,127.031364441,25.4446582794,69.3807220459,17.8393512964
150,596.79083252,165.453796387,33.0209617615,105.535606384,4.03000749648
150,85.0028839111,166.409194946,15.3450860977,53.3345832825,1.97242945433
150,516.122192383,170.198654175,22.926902771,56.0996704102,0.643566763029
150,499.798675537,170.022399902,19.8112277985,49.7657165527,0.557499099523
150,613.954467773,171.78338623,18.4264507294,56.8746490479,0.209301058203
150,200.328857422,124.86328125,20.7153396606,57.6577453613,0.179994385689
150,616.354431152,115.366477966,18.5016670227,54.0099487305,0.0780177884735
150,571.78137207,178.670959473,39.3880882263,121.595985413,0.0764036783949
180,424.854248047,148.1900177,19.0285663605,47.2525596619,28.032374382
180,51.5224456787,157.875961304,18.9378490448,41.8231582642,12.0289124548
180,456.074737549,146.877883911,18.0734806061,47.8842887878,3.72642800212
180,412.083831787,144.76008606,21.4237957001,53.0396003723,1.89526062459
180,541.614440918,153.746185303,26.2033138275,72.2402114868,0.422865897417
180,438.060455322,144.291931152,18.8123149872,47.1289558411,0.127232540399
180,522.973693848,36.2894020081,21.8438243866,54.3342247009,0.100592174567
210,579.354431152,159.559158325,19.7196941376,46.6816825867,88.9360964298
210,506.688568115,157.249893188,21.8138198853,46.6053771973,78.9052963257
210,549.57043457,147.755859375,20.4796600342,60.6935119629,51.0028600693
210,482.097930908,145.426574707,16.8398933411,47.1430397034,19.8437809944
210,15.2938232422,229.145797729,34.1820335388,110.383171082,19.823166728
210,529.161804199,146.96496582,29.6334762573,74.3382949829,17.5590917468
210,604.186462402,151.669815063,18.6754322052,53.0688171387,11.8072971702
210,436.097076416,135.084640503,26.1783428192,64.5154037476,1.45402997732
210,451.369506836,147.771530151,18.524066925,51.0889320374,1.19707938284
210,521.883117676,148.291000366,17.1728534698,57.7290763855,0.945287756622
210,590.967163086,156.391906738,18.7265357971,46.5459327698,0.630498304963
210,78.7217941284,156.384094238,16.6701793671,41.3645362854,0.304653611965
210,563.022888184,149.108566284,19.167016983,52.2299232483,0.26581264101
210,469.247833252,139.15083313,17.3569545746,53.8566246033,0.207666005008
210,616.007629395,156.980728149,14.5311613083,44.9913215637,0.0984212849289
210,497.612213135,152.228927612,15.1738862991,47.7059211731,0.0541445042472
240,566.696472168,153.645401001,23.7763080597,63.1761665344,99.7888088226
240,513.567626953,147.233886719,19.303647995,50.0929756165,17.7769735456
240,110.063728333,159.323684692,37.0247802734,97.9123535156,2.49791089445
240,586.810974121,150.277481079,15.9293222427,55.7423667908,2.28773970157
240,523.132568359,129.011672974,26.234254837,67.264755249,2.20926720649
240,489.100830078,155.580368042,18.436756134,49.8608360291,2.1154075861
240,26.1539516449,193.666824341,38.1818122864,106.309295654,1.94267053157
240,554.834838867,151.341629028,17.6830921173,53.4401130676,1.43949100748
240,599.85925293,141.420883179,22.4455051422,64.6481552124,0.631015794352
240,10.6156320572,254.156723022,27.2586040497,82.5295715332,0.464373221621
240,543.854675293,141.484298706,18.1914539337,54.4735832214,0.0533186655957
270,605.484985352,137.166427612,20.6245670319,55.0636749268,52.1289288998
270,532.512390137,163.929992676,28.7924289703,50.8037567139,22.8810951114
270,439.694976807,154.87550354,17.9127864838,43.6741981506,1.45662035793
270,105.594703674,182.849899292,29.8910617828,90.5090866089,0.989519990981
270,492.408660889,153.275680542,24.3432712555,54.2190589905,0.983806420118
270,466.902740479,164.122772217,22.3172626495,39.5706520081,0.697584170848
270,586.757629395,119.817901611,29.1285228729,71.7853927612,0.0897800782695
300,610.866516113,149.10609436,18.784740448,63.5011138916,89.8576259613
300,567.066345215,160.479782104,20.9876861572,66.7336349487,24.2205828428
300,593.348632812,154.650588989,21.5074253082,64.0625991821,7.85441994667
300,555.051818848,165.357955933,19.5991725922,54.3520851135,5.21942637861
300,527.424987793,168.531234741,18.6106987,46.3527679443,3.41308414936
300,542.314880371,169.232009888,18.4940109253,48.3160896301,3.41140963137
300,458.180511475,164.871505737,26.0209369659,49.103729248,0.441473955289
300,616.625671387,131.229476929,17.260602951,52.8769226074,0.34966096282
300,623.616088867,141.80796814,16.0761032104,68.5639877319,0.312455743551
300,136.022506714,170.046508789,26.9028224945,78.7290115356,0.138936878648
330,122.034187317,89.3223953247,22.9580135345,56.4583396912,5.2080526948
330,512.91998291,167.250244141,28.3114414215,59.3945007324,1.61741189659
330,434.862640381,78.3932266235,23.7520217896,60.4186973572,1.38213150203
330,607.989868164,168.279067993,24.8453979492,52.5982055664,0.239185756072
330,105.123718262,90.5580673218,18.6195850372,51.6140708923,0.224961875938
330,489.375213623,152.688339233,18.2417354584,50.9143714905,0.0774738786276
330,448.760040283,95.2746810913,21.5622634888,55.1030158997,0.0546638621017
360,6.61991167068,165.808990479,13.9780311584,49.0689964294,5.25803938508
360,616.239685059,147.366958618,17.0963230133,51.1542243958,1.51733215898
360,477.716400146,79.5108108521,21.9084091187,63.4958229065,1.00366789848
360,453.465911865,76.2824401855,24.8967494965,58.4152259827,0.733884237707
360,85.6986999512,89.0958023071,29.0649642944,74.7607498169,0.0155946298037
390,603.601806641,245.161132812,27.1234436035,72.7011795044,6.00413791835
390,393.427886963,150.364181519,19.5707836151,50.6475639343,0.0845294096507
390,482.754547119,62.9825935364,30.2091121674,72.6933822632,0.0517333857715
390,491.261962891,153.869628906,34.5747261047,90.2141189575,0.00562676723348
420,239.009048462,160.727798462,23.191072464,64.3118362427,0.398569460958
420,6.6943154335,50.2276191711,26.4261703491,85.1640472412,0.323715852574
420,551.939025879,31.4911346436,19.8404407501,52.7812080383,0.102721073199
420,67.0012435913,134.444320679,26.3245220184,53.9871635437,0.029396879836
420,515.859680176,33.326461792,29.5086231232,90.0817642212,0.00588643124502
450,594.146972656,52.0845985413,19.1226997375,63.8916931152,1.99732091278
450,69.0826187134,163.504989624,17.2379055023,47.0303840637,0.375345093198
450,448.118164062,109.61643219,21.5342254639,57.9164428711,0.320893991739
450,240.82043457,164.699874878,19.9023208618,59.6591491699,0.0897769525182
450,425.911102295,57.3414955139,34.0383872986,90.7501907349,0.0265025912086
480,155.974502563,141.050582886,27.2696399689,69.0788574219,3.04558072239
480,233.050354004,154.972549438,25.1192951202,65.2240982056,0.844639819115
480,615.91027832,176.521728516,17.3446750641,47.1510620117,0.608303910121
480,477.079498291,87.671257019,28.6828327179,67.5491867065,0.0213894367334
480,474.254119873,37.4181213379,33.1291389465,74.0604476929,6.04164938522e-05
510,140.604995728,165.754196167,15.0457839966,41.658241272,1.61226186901
510,529.220581055,86.1415023804,20.0893440247,65.4702682495,1.36705776677
510,611.295959473,165.476257324,16.6716842651,48.0104980469,1.23935574666
510,162.788360596,141.502761841,23.7906646729,62.3451271057,0.726474449039
510,75.9215316772,165.096618652,18.0806789398,47.5898780823,0.672041671351
510,419.881988525,166.320861816,31.1160125732,67.0767822266,0.199356442317
510,65.6023635864,164.633270264,17.8038787842,49.2446899414,0.189744296949
510,111.17150116,31.6541614532,21.286403656,41.6358604431,0.00151354552145
540,448.045654297,156.134552002,26.0646419525,70.7823638916,0.0885535904672
570,162.25869751,153.556472778,17.0925979614,47.2937011719,4.74776849151
570,589.30078125,72.7634048462,32.753162384,112.121986389,0.195213023107
570,257.050445557,42.4739303589,21.1304035187,57.0632667542,0.187935994472
600,546.203918457,163.346908569,25.1093006134,62.9326210022,5.38281425834
600,445.603637695,149.812789917,18.2004299164,52.9455108643,1.19112478569
600,262.643035889,43.2015991211,21.2517299652,52.3561210632,0.363188888878
600,430.37020874,157.640548706,18.5421352386,48.6169395447,0.333764846437
600,575.872741699,137.299468994,18.5176048279,59.5301933289,0.0959994271398
600,260.353973389,160.879898071,23.1833972931,55.3866729736,0.0381671765354
600,248.055892944,37.1851425171,26.5459384918,65.3920059204,0.0318511709338
630,448.834594727,158.790420532,20.0895862579,50.078994751,24.8427808285
630,58.0274543762,122.353118896,20.2703762054,71.7570953369,18.9020097256
630,473.073760986,123.006568909,28.4625549316,84.1133728027,15.4434040189
630,456.088653564,132.111831665,26.428812027,75.8703536987,2.55094915628
630,487.447784424,160.45993042,19.0017757416,47.5093421936,2.23371163011
630,81.234413147,164.893539429,17.3704986572,43.3360328674,2.03185677528
630,66.4607849121,114.224060059,29.1174297333,93.1339645386,1.66412182152
630,530.19934082,155.826583862,18.1003627777,44.0766029358,1.18117993698
630,516.276428223,149.103942871,19.7619514465,48.6746864319,0.145765510388
630,499.056121826,145.413574219,17.3842945099,52.9608192444,0.055320217507
630,249.346603394,33.5448722839,29.7230987549,70.9076461792,0.00642140948912
660,590.158935547,146.57244873,19.1717243195,51.0146522522,31.0895383358
660,534.40814209,174.780441284,22.5592288971,43.2765808105,23.4827727079
660,512.884460449,60.4671134949,26.7147769928,80.247215271,8.53615254164
660,495.571777344,162.24407959,17.2744789124,52.9198455811,6.73239156604
660,484.695892334,159.277786255,16.2891254425,48.295009613,6.6893696785
660,547.622131348,167.268432617,20.3864822388,51.4619560242,5.45089505613
660,528.373291016,62.168094635,17.8762664795,58.3917732239,1.73210427165
660,467.731903076,154.976577759,18.5472393036,51.2419242859,0.954576116055
660,613.180114746,145.19581604,17.2364521027,47.4556388855,0.849619042128
660,44.8649291992,108.820976257,27.9274959564,83.2242202759,0.804035738111
660,504.577362061,155.656036377,18.5904064178,55.2282104492,0.177478522528
660,13.3614759445,96.8125228882,29.3420963287,83.72240448,0.0884554930963
660,615.592224121,173.876144409,17.634180069,47.0583305359,0.0621798506472
690,516.79473877,170.217880249,21.1325302124,58.0877876282,21.2031111121
690,582.595214844,164.804824829,38.4880905151,92.4932250977,20.2490150928
690,539.593200684,184.698425293,17.2192459106,43.8587989807,10.0784286857
690,468.479217529,173.947799683,18.2063808441,45.867603302,0.321924663149
690,478.529174805,168.585678101,18.4702777863,46.8898963928,0.244939769618
690,500.253448486,168.575622559,16.3323516846,46.7375907898,0.227315886877
720,589.576416016,155.357467651,24.5479736328,63.1622276306,84.4740509987
720,523.300842285,163.579086304,21.9912242889,64.6611938477,52.9365122318
720,562.075805664,167.934127808,19.7249717712,56.0247039795,52.0908534527
720,540.669311523,165.614120483,19.9131565094,55.6645507812,22.7786019444
720,122.758781433,159.116195679,20.464427948,51.4551239014,3.06894816458
720,511.299438477,170.548187256,20.4894161224,58.5275688171,1.08539583161
720,413.323730469,71.9923248291,21.0358428955,60.7964172363,0.770816579461
720,189.536758423,147.57875061,16.8871173859,51.290019989,0.535510340706
720,615.5078125,178.144714355,16.19672966,51.1514396667,0.33816867508
720,443.268188477,169.099899292,29.0193195343,57.055393219,0.302917510271
720,468.756500244,52.2943458557,21.4469280243,56.972869873,0.210623233579
720,578.89263916,166.590454102,18.9343414307,56.7618293762,0.132507854141
720,425.316375732,76.9602279663,21.783706665,66.8672180176,0.0527086376678
750,119.95136261,146.295837402,20.9832630157,58.9480743408,5.20792677999
750,422.974822998,62.9884757996,20.1001472473,60.1218605042,2.87364441901
750,562.276733398,35.4290046692,21.641954422,57.3752555847,2.85210199654
750,109.679664612,151.461959839,19.1312885284,57.9244499207,0.363034312613
750,527.526428223,178.460983276,24.2878932953,54.5439414978,0.206330162473
750,434.263763428,52.2484779358,20.4892482758,57.9321784973,0.124548678286
750,174.058364868,147.33833313,20.9356594086,55.3010253906,0.124200969003
750,449.419586182,45.7000923157,22.552110672,59.8040466309,0.106352299917
780,468.548858643,26.0999660492,21.0107288361,54.3600959778,3.73705327511
780,245.492477417,168.26133728,23.1572132111,51.8852996826,3.66533063352
780,10.3205099106,168.895553589,19.4369544983,50.4990348816,1.02909533307
780,482.215301514,25.390914917,20.035036087,61.9330024719,0.806323159486
780,84.5031356812,149.924575806,19.000421524,58.2390022278,0.782903004438
780,406.908905029,28.606086731,22.764131546,66.6694717407,0.245737819932
780,435.872467041,59.8372802734,19.2370014191,57.5521659851,0.0962483114563
780,424.167755127,52.7326965332,19.629152298,62.9978790283,0.0278711464489
780,596.823974609,26.0820674896,25.4627246857,67.2822799683,0.0191811428522
810,442.744720459,29.9437179565,18.6106357574,54.1012306213,4.07299995422
810,39.6676368713,157.685348511,21.0822086334,52.2939186096,2.68361214548
810,606.711242676,174.518920898,22.6270809174,53.9801940918,0.747941248119
810,18.8399963379,152.770996094,20.8055763245,58.5484199524,0.316199823283
810,457.665893555,31.9216365814,20.3635749817,55.8727722168,0.19112030277
810,30.2554016113,160.795089722,17.9732265472,47.8946990967,0.187380821444
810,433.143463135,156.678726196,27.182641983,78.985786438,0.0598532264121
810,413.97366333,165.412734985,25.2358417511,63.8266029358,0.039958243724
810,413.339813232,26.7529087067,31.307800293,87.9092407227,0.00341751874657
840,532.934448242,188.819274902,24.5426464081,63.5876159668,3.95088158548
840,552.28503418,210.484329224,24.7315883636,87.3124389648,2.40718610585
840,479.20690918,173.605606079,37.870716095,92.969078064,0.514661613852
840,492.27633667,139.441955566,29.5238571167,76.2725753784,0.460141664371
840,379.776153564,92.4346389771,19.5922756195,57.4257202148,0.147710612509
870,389.448150635,94.5122146606,24.4287033081,67.1753540039,0.454364158213
870,605.38482666,253.35925293,24.4803791046,80.9810028076,0.431369664147
870,139.082382202,124.089241028,21.3703327179,50.6549415588,0.410887319595
870,415.202789307,138.81048584,17.9101734161,53.8299446106,0.382370990701
870,12.5217180252,55.181224823,24.9207305908,61.2800865173,0.265912548639
870,89.0629196167,103.058921814,22.4306201935,60.8618278503,0.215268461034
870,602.722595215,223.76411438,27.3602924347,63.8251991272,0.120436551515
900,537.094787598,173.523208618,18.932882309,50.5087165833,5.85960485041
900,469.552886963,160.08203125,18.4482917786,39.5807647705,3.87985445559
900,401.342803955,83.903175354,22.1845607758,60.4530143738,1.7497677356
900,123.784675598,109.546913147,22.5467453003,56.6861305237,1.10256467015
900,10.2406759262,154.180877686,20.1759586334,53.8813209534,0.226858817041
900,45.6877098083,91.2562484741,21.9327983856,56.8612365723,0.0733765540645
930,520.763122559,160.168624878,19.0662479401,44.9624290466,95.4929053783
930,547.886108398,155.791564941,18.9350757599,49.1717414856,10.8172811568
930,443.696563721,130.389511108,21.9865589142,67.2891235352,2.09741704166
930,509.439239502,157.481246948,14.773194313,47.7953910828,0.200243014842
930,181.978881836,168.491210938,23.4421062469,64.5994949341,0.156248058192
930,458.810089111,153.195236206,19.6331253052,46.4704627991,0.148242595606
960,613.777282715,150.961990356,19.8704204559,55.0959587097,88.2595002651
960,503.807006836,146.927474976,19.685754776,51.5385131836,81.8267524242
960,468.279083252,150.633270264,17.6422138214,46.6817817688,23.3616143465
960,597.135681152,148.698287964,17.9386367798,51.6333312988,2.00346596539
960,433.540252686,29.9113674164,19.5955314636,63.9088554382,1.73044353724
960,172.366043091,173.418457031,22.35064888,60.7485313416,1.20209874585
960,439.389801025,142.985473633,19.1940460205,51.7682342529,0.639166962355
960,76.6640625,84.6706085205,28.9612636566,71.9128494263,0.0909080728889
960,615.497497559,181.830886841,19.0993347168,49.2436408997,0.049690681044
960,445.685333252,31.9869556427,19.0615501404,47.3622589111,0.0232505757594
960,157.874801636,169.739761353,24.9392719269,70.9551391602,0.0200845926884
960,456.45614624,36.2110786438,25.0295848846,67.2330551147,0.00467706850031
990,585.399108887,139.608200073,29.4748096466,78.1914901733,99.2351353168
990,539.931884766,168.301345825,20.7553501129,49.3826789856,37.4690979719
990,119.874259949,163.043258667,27.6655292511,89.3853149414,8.76186862588
990,172.109359741,144.205001831,25.7396907806,98.2082595825,4.85772639513
990,135.415328979,169.653579712,29.211763382,68.8963928223,4.03870418668
990,559.052856445,142.912490845,25.6449203491,82.5307388306,2.85154432058
990,54.3753700256,55.3919258118,24.9467639923,64.7646560669,2.21995022148
990,529.092224121,174.116317749,20.7688388824,45.8292350769,1.77781451494
990,109.646568298,162.200180054,22.47315979,47.1321678162,1.56681351364
990,553.549133301,177.257247925,17.8439292908,47.5850524902,1.1601450853
990,608.659240723,144.547943115,18.9620666504,55.7839202881,1.11017981544
990,9.19218826294,201.021179199,24.35962677,62.3699226379,0.96578784287
990,465.197021484,151.591781616,24.6779346466,49.1725502014,0.845064781606
990,501.312347412,150.222686768,22.7243328094,61.6941871643,0.778346741572
990,152.711715698,98.6337051392,22.8217487335,65.3482818604,0.299928244203
990,489.392944336,163.568832397,18.802942276,49.6031494141,0.118814536836
990,162.386367798,156.384674072,22.2613048553,69.5616226196,0.0874436635058
1020,545.383911133,172.369949341,18.0057296753,50.6668128967,66.9597804546
1020,105.925445557,185.234054565,30.7245483398,76.89087677,7.32926502824
1020,582.363098145,162.484603882,27.5851135254,71.0178146362,4.27152477205
1020,14.9016952515,42.4969520569,24.1281528473,67.5013275146,1.26657756045
1020,89.5319137573,166.853485107,27.3647537231,80.5267105103,0.959867145866
1020,531.654663086,150.874954224,24.053735733,67.2242965698,0.425143260509
1020,615.395874023,181.792831421,17.9744663239,51.3752861023,0.403076037765
1020,160.497680664,166.781082153,24.1585788727,75.6589050293,0.392805319279
1020,30.3407535553,42.3545570374,22.8172206879,72.4006271362,0.116605660878
1050,609.633300781,131.81211853,22.7607936859,71.237411499,89.8563802242
1050,568.164245605,149.870834351,17.9248027802,49.3443603516,68.1612074375
1050,151.588607788,143.79133606,29.2765350342,106.3984375,47.5370466709
1050,581.663024902,146.632492065,23.322183609,76.5010070801,19.9701070786
1050,593.576843262,141.231262207,26.6298751831,81.5421524048,11.9919233024
1050,105.662574768,170.716873169,27.5674610138,84.9102096558,0.455736089498
1050,616.319091797,171.926940918,16.6852588654,43.3166046143,0.387806305662
1050,58.8772315979,159.323272705,26.6598300934,57.6569976807,0.310765043832
1050,135.977355957,136.63835144,20.8342533112,54.0603141785,0.199489481747
1050,554.645690918,145.223510742,17.5965938568,55.242603302,0.193628366105
1050,532.05657959,144.248428345,24.0034046173,63.2689628601,0.188758014701
1050,133.702651978,81.7433547974,24.6473903656,76.990272522,0.14542870922
1050,89.217590332,83.9637985229,25.7208766937,76.9388427734,0.0498875160702
1050,479.735351562,24.8404464722,23.9661769867,60.9469261169,0.00111202980406
1080,125.094642639,182.044967651,23.9686832428,77.8161468506,20.1573818922
1080,77.4787597656,81.3632888794,19.8990688324,53.7324409485,13.5266825557
1080,161.193695068,159.544021606,32.7498130798,85.520690918,3.51386331022
1080,492.136932373,165.676025391,31.3458614349,83.4028778076,0.43187122792
1080,93.4854431152,76.2856674194,19.5275287628,52.8253517151,0.367980659939
1080,60.4615592957,73.8193283081,27.7028522491,61.4756736755,0.308133754879
1080,411.910858154,159.195022583,27.2134113312,80.0302734375,0.100972328801
1110,156.649734497,174.519287109,28.5548610687,70.7545776367,18.2141795754
1110,141.756134033,169.183898926,23.3182964325,60.9632606506,10.9148867428
1110,55.6372184753,95.4960250854,23.4353103638,67.9021377563,5.09735047817
1110,606.086791992,143.285888672,22.6819858551,59.9063415527,1.42450872809
1110,70.2045288086,81.9821243286,24.0886440277,66.4103012085,0.177770305891
1110,566.233093262,194.630065918,34.5187034607,111.647026062,0.0557902851142
1140,607.478393555,222.823776245,27.8825092316,94.0765304565,2.21914220601
1140,14.5821275711,159.508285522,13.269443512,40.0908432007,1.03005804121
1140,579.313781738,196.96635437,28.437417984,86.4990005493,0.482450937852
1140,187.935379028,160.069198608,27.7923374176,71.3447799683,0.458491686732
1140,216.477584839,150.399612427,22.7651443481,67.8530349731,0.272026797757
1140,544.575622559,136.178787231,28.3126144409,84.8515777588,0.178353628144
1140,39.7912940979,72.6635665894,22.3557567596,63.9849739075,0.159316696227
1140,531.593200684,179.101303101,41.1712799072,107.875579834,0.0403609359637
1140,615.102905273,160.472045898,19.2775344849,55.9703407288,0.0219424589886
1140,18.7582149506,78.4622573853,34.2976913452,96.8062210083,0.00439373434347
1170,615.655395508,156.610671997,17.6979389191,47.0157432556,58.5910499096
1170,12.6216964722,158.945877075,20.736246109,50.1371650696,1.8456550315
1170,6.92947626114,58.3078727722,23.6642055511,75.5933303833,0.959579274058
1170,601.666870117,143.452041626,24.694688797,75.6277999878,0.621175952256
1170,213.389770508,170.195999146,20.5031280518,58.1334724426,0.397476181388
1170,230.819778442,162.660446167,22.2394180298,64.416519165,0.174180301838
1200,243.089004517,159.248138428,23.1377487183,64.0229263306,0.279600429349
1230,49.2439422607,168.239837646,26.3644638062,62.0855865479,14.0382543206
1230,608.276916504,98.4771499634,26.1427135468,61.4570045471,1.32520925254
1230,541.428344727,154.302093506,21.5478801727,55.6209068298,1.20240766555
1230,431.531585693,165.1743927,24.3810195923,62.9108581543,0.0750616774894
1230,482.875457764,75.7180175781,18.7375278473,50.6087646484,0.0185113880434
1260,102.499290466,194.12109375,20.6044635773,63.2575073242,1.14646889269
1290,35.9703674316,154.729217529,18.4507446289,52.2481842041,0.681498460472
1290,462.081665039,176.249816895,21.5745792389,63.4068183899,0.00917475845199
1320,89.382774353,156.870437622,14.4572343826,53.8780250549,19.198936224
1320,470.554046631,169.587783813,24.0650253296,73.1581954956,0.134526891634
1320,93.9880905151,132.958343506,20.2996120453,58.1998710632,0.0845775648486
1320,476.474121094,33.4634132385,21.3706951141,52.8470573425,0.0244484777795
1320,461.608917236,35.2408103943,21.6775131226,56.8291664124,0.0144373465446
1350,443.332244873,116.166542053,22.8620014191,61.4385681152,1.36764487252
1350,588.953674316,235.979537964,32.0575027466,86.3626403809,0.567889166996
1350,11.7737550735,156.542129517,26.1235599518,60.7863769531,0.471469806507
1350,31.7057933807,152.656616211,18.004404068,50.8022766113,0.146285293158
1350,434.497894287,153.457809448,21.519903183,50.1791343689,0.0516338390298
1350,475.1378479,26.8635196686,23.156709671,62.4136047363,0.00350155387423
1350,462.202850342,28.2733783722,21.8572368622,51.5269508362,0.000434347566625
1350,466.419067383,46.7715873718,26.7476444244,77.4797439575,9.46210221286e-07
1380,521.18963623,212.685745239,22.3351383209,62.2330932617,2.63004899025
1380,438.552978516,155.965454102,24.1361789703,49.576385498,1.61134675145
1380,443.544158936,114.799232483,19.2913742065,57.4811706543,0.601181387901
1380,105.568267822,160.755752563,26.2900104523,52.7615966797,0.366216036491
1380,554.279724121,88.3472976685,18.9968719482,60.2773246765,0.152653595433
1380,536.241821289,59.1480293274,34.1251754761,95.4668960571,0.0391520035919
1380,491.399780273,30.9731216431,24.0939807892,56.0697898865,0.000719096442481
1410,459.821258545,162.680831909,20.2725391388,46.6713600159,39.1271144152
1410,416.431976318,154.484008789,17.5317058563,39.0507392883,1.05012869462
1410,448.666412354,163.139129639,18.6314716339,42.2106246948,0.353867537342
1410,591.005737305,29.5235958099,30.6775226593,71.3158493042,1.07489555035e-06
1410,513.838684082,34.008026123,33.581905365,78.5527648926,4.75610592576e-09
1410,491.158203125,41.9942741394,27.184381485,54.2167778015,1.08599206017e-09
1440,477.231292725,165.77154541,22.4170665741,50.51745224,53.0844330788
1440,586.738586426,151.596435547,19.7813568115,47.7551231384,31.8140894175
1440,495.447509766,169.322647095,17.4263420105,44.0773200989,0.410057744011
1440,599.289306641,142.55809021,19.062543869,51.89894104,0.21926977206
1440,574.437072754,161.889633179,21.123342514,46.8252067566,0.0953506096266
1440,429.909301758,149.13331604,17.1072483063,49.2271385193,0.053155364003
1440,608.597473145,119.686271667,21.3973712921,64.4656982422,0.0440002593677
1440,600.406555176,36.1525878906,34.5448188782,86.882850647,0.0133597219246
1440,529.699890137,45.5260124207,36.4517364502,83.1278610229,7.43282214444e-05
1470,493.693756104,168.017196655,21.3423938751,56.6580238342,54.5082569122
1470,597.39251709,247.052322388,34.836933136,92.3244857788,6.57911151648
1470,584.148742676,241.985305786,26.6428756714,73.4475250244,0.405263248831
1500,502.665649414,168.830841064,22.5876140594,56.4595794678,88.3878111839
1500,562.971923828,169.714157104,31.720041275,59.5315093994,62.8238081932
1500,570.860656738,38.4291572571,19.9268302917,50.9783439636,2.06535216421
1500,466.432861328,161.019134521,18.0970172882,41.4410514832,1.33705902845
1500,617.216491699,272.266387939,15.1743192673,57.2845115662,0.371796940453
1500,519.31854248,164.547439575,19.8244800568,57.4806938171,0.29440454673
1500,614.66003418,172.905258179,18.3826751709,57.035068512,0.132815353572
1500,615.969909668,80.4032211304,15.6663866043,53.116973877,0.0728255312424
1530,501.265655518,166.837142944,29.8895626068,111.831451416,39.163056016
1530,517.307800293,171.523513794,21.7696838379,61.5576324463,38.742429018
1530,615.011901855,189.739440918,16.940071106,52.2882232666,0.464775972068
1530,603.785095215,30.7180118561,20.0342617035,48.9695854187,0.0936792755965
1530,583.54901123,34.8266906738,19.2704410553,44.0204582214,0.00870838703122
1560,120.079139709,200.525985718,20.5291252136,56.5457420349,8.58903974295
1560,595.442199707,24.7713928223,19.650434494,47.9671821594,3.57358194888
1560,607.017272949,177.820922852,15.8245153427,34.3128356934,1.00291399285
1560,616.171447754,22.8728160858,16.3359165192,44.8261375427,0.275585893542
1560,348.944458008,138.471115112,29.4165096283,58.6257286072,0.0995704438537
1560,385.456634521,319.924041748,30.7745571136,63.619934082,0.0146780337673
1590,379.093109131,165.529327393,25.635602951,72.1402816772,95.3427374363
1590,393.76864624,167.096572876,23.2122268677,77.6626434326,11.3028116524
1590,354.684844971,140.078521729,25.0331935883,61.1483154297,2.24623139948
1590,366.030395508,162.855178833,25.6477947235,61.1203422546,1.47276762873
1590,609.913391113,164.382034302,16.8623867035,46.863735199,1.2105400674
1590,114.297523499,178.230697632,29.5438518524,77.6088943481,0.3514545504
1590,336.772369385,397.667510986,28.6314525604,53.2154121399,0.0421412958531
1590,18.9108791351,128.38923645,31.5646419525,74.8872451782,0.0155376255861
1620,219.650894165,158.152114868,44.5638427734,80.5653839111,98.8725066185
1620,9.93088531494,174.20300293,34.5178108215,84.2778396606,1.84873007238
1620,291.517120361,149.528030396,19.5058841705,47.4459228516,1.46544780582
1620,479.149536133,145.076858521,23.8467235565,60.040019989,0.327757373452
1620,276.419006348,114.708442688,29.7073745728,80.9271469116,0.06224179524
1620,308.174041748,152.921722412,18.8202953339,46.3967132568,0.0148126462591
1620,245.590164185,148.798706055,21.459312439,55.6053581238,0.00554185971851
1650,136.969940186,145.123947144,45.8096885681,98.900642395,82.9232513905
1650,192.669754028,132.985443115,20.4579467773,60.3768501282,27.4065613747
1650,566.044067383,133.756622314,32.5957183838,86.1476821899,14.9228036404
1650,161.220703125,155.209823608,21.1404666901,59.8952903748,7.72712379694
1650,559.321899414,125.138214111,20.6943130493,74.4518203735,0.768732232973
1650,171.460388184,180.161315918,21.1317386627,62.7714424133,0.538662774488
1650,393.519165039,116.304321289,28.200422287,93.6645431519,0.172434130218
1650,173.344619751,153.077713013,18.2438144684,53.4110527039,0.133143214043
1680,336.268157959,118.15914917,42.5225028992,129.715881348,76.936763525
1680,297.208282471,118.487609863,24.938583374,58.9255485535,2.65746135265
1680,523.44519043,146.297561646,22.0725955963,50.8734588623,0.634373631328
1680,8.17759227753,130.608703613,16.6868457794,53.9636726379,0.109784665983
1740,528.332214355,57.3205604553,30.8975200653,96.8140563965,0.00707473955117
1770,124.872200012,139.224090576,23.7101364136,54.842956543,3.93938571215
1770,513.084777832,136.040115356,25.4669799805,44.691860199,1.69656276703
1770,591.653991699,134.7396698,23.9356899261,59.7513313293,0.650964258239
1770,615.726989746,143.945510864,14.7437295914,51.7130699158,0.615120772272
1770,546.460083008,100.242210388,22.3259506226,62.0122566223,0.111440557521
1800,382.766571045,61.6032447815,25.0300540924,62.4642448425,9.23869162798
1800,550.237121582,76.9285583496,34.6436843872,97.0734481812,0.0126127415569
