30,519.90057373,164.52722168,26.9890575409,69.2577285767,99.2181003094
30,473.279388428,175.457931519,26.8254776001,65.3984603882,95.9131360054
30,455.333129883,173.457290649,17.9934711456,47.7106132507,51.6189575195
30,72.4713439941,190.050888062,20.6751003265,59.2246551514,32.4524134398
30,425.847045898,179.073226929,20.0171928406,54.4925270081,5.24669140577
30,536.829162598,165.307662964,15.3377122879,61.1222114563,4.95340488851
30,510.180419922,165.471176147,17.6489505768,58.5483856201,2.76921577752
30,41.827796936,191.072998047,17.613948822,51.2671928406,2.22175102681
30,365.765014648,179.063781738,17.3402137756,50.6562156677,0.939640868455
30,439.158325195,144.675598145,23.386100769,73.7666397095,0.807581655681
30,491.639251709,169.596496582,22.1422710419,63.5063476562,0.79871462658
30,64.4860610962,198.259780884,16.7968864441,48.5820274353,0.392757030204
30,429.681518555,129.62071228,20.7930660248,60.465297699,0.200592516921
30,449.617156982,126.700744629,25.4661502838,82.7984695435,0.097628775984
30,616.218444824,44.724445343,17.1408843994,53.6064758301,0.0461753748823
30,504.931915283,94.2421569824,27.2394771576,74.0930404663,0.00605346285738
60,523.968811035,173.228622437,30.5698566437,68.7762374878,97.2845613956
60,117.640136719,183.12059021,27.1672592163,71.3986587524,89.1130328178
60,456.325164795,177.106277466,20.2238521576,49.2515411377,88.5893166065
60,418.335357666,156.002304077,23.2907333374,79.027961731,7.79042541981
60,446.068481445,174.63822937,17.7461223602,47.7900657654,5.94386905432
60,466.068267822,168.468032837,23.6937484741,55.571018219,1.76076274365
60,430.603729248,138.872116089,19.3004646301,60.2671051025,0.770929595456
60,479.654327393,182.097702026,18.6201457977,44.562953949,0.561818061396
60,134.162246704,186.072097778,22.5050373077,61.7361030579,0.540008116513
60,428.231109619,193.862991333,19.5234775543,46.1490325928,0.45693484135
60,509.731536865,164.459136963,23.1680526733,59.3405914307,0.311329052784
60,546.190979004,201.534286499,18.824098587,42.2625617981,0.120881246403
60,616.077087402,39.5001564026,17.6677722931,50.9532165527,0.0757089292165
60,418.819000244,205.794723511,20.6996326447,42.8590507507,0.0701513548847
60,440.647369385,123.967521667,20.5924663544,59.3011322021,0.0337359204423
90,581.546875,178.781738281,25.467382431,68.8723983765,98.3007252216
90,540.528869629,170.302017212,25.0523223877,73.6203689575,97.8613078594
90,455.770172119,180.05897522,19.1826267242,48.8535957336,71.8512654305
90,423.900970459,134.008895874,20.5340499878,58.3395271301,2.9216915369
90,5.33430624008,189.545425415,13.9605817795,48.2340240479,2.80057247728
90,495.130126953,182.098861694,19.8185443878,48.3985023499,2.00337711722
90,603.572875977,189.239395142,19.9375362396,49.2597541809,1.70965641737
90,563.525878906,177.387313843,18.8763599396,62.0921516418,1.6604192555
90,518.685058594,174.710769653,21.241235733,57.8319664001,1.17656476796
90,442.892364502,170.944015503,21.3781490326,54.1870079041,0.852023251355
90,466.311676025,169.691055298,22.3789081573,60.0674629211,0.666400045156
90,616.382507324,98.9163513184,17.7272167206,48.3726844788,0.313091860153
90,483.437957764,173.086730957,19.8840084076,55.4967765808,0.0998923322186
90,615.798828125,51.8502960205,18.2402534485,52.2633247375,0.0726630503777
120,547.878967285,173.304626465,28.3138904572,75.0777587891,98.0807006359
120,238.129867554,182.05078125,31.7577285767,77.2300338745,94.1404461861
120,454.270629883,184.123046875,19.6972789764,50.6918907166,91.1530613899
120,442.377166748,184.516540527,17.7372131348,47.1847496033,6.36583790183
120,408.092559814,184.401306152,24.4127025604,63.3754119873,4.92164082825
120,466.155273438,179.077926636,20.7296524048,56.9169502258,4.27380949259
120,534.811523438,181.602844238,20.9518795013,60.809967041,2.38015167415
120,348.822509766,185.607833862,18.3614387512,56.2285957336,1.83344725519
120,488.699493408,187.487106323,20.4690227509,49.9800415039,1.40279848129
120,424.644927979,196.930984497,17.5859546661,53.2451057434,0.540059851483
120,431.217041016,176.141738892,19.8981304169,53.7619590759,0.313680642284
120,409.648284912,134.748397827,25.8189678192,78.6352844238,0.132484454662
120,9.21083068848,194.871963501,13.0768766403,52.877243042,0.12011739891
120,258.260223389,177.842697144,19.6260089874,63.727558136,0.0973885995336
120,566.551208496,172.771194458,23.1428508759,64.1481781006,0.0497886736412
120,614.317260742,30.1693630219,20.7035312653,55.7605895996,0.0367788830772
150,563.007080078,177.332717896,29.5403308868,77.9787750244,96.396446228
150,293.202270508,178.503585815,46.9008979797,87.4610214233,96.3377118111
150,454.888336182,187.325805664,20.6651325226,52.6863250732,89.3271923065
150,341.35836792,190.108596802,21.2393703461,55.9524879456,13.7994885445
150,418.487762451,198.923400879,17.8755512238,51.2365570068,6.09030500054
150,434.830474854,183.392166138,17.9386615753,48.0307426453,5.89900426567
150,468.958618164,179.72013855,19.7885322571,59.3276824951,3.0246892944
150,356.059295654,190.746582031,19.8597145081,58.843120575,2.01087091118
150,580.63873291,181.580368042,20.5638313293,63.8251609802,1.8833225593
150,490.099243164,188.275009155,17.7321605682,50.9459991455,1.22217228636
150,404.878662109,195.668411255,22.6269130707,59.2834014893,1.1258029379
150,415.695404053,135.509963989,26.945936203,69.1320266724,0.496154697612
150,315.817169189,210.142944336,21.4504833221,57.0579185486,0.446021417156
150,614.277709961,25.9653625488,19.0408439636,57.2869987488,0.373522331938
150,316.12789917,180.244445801,20.1144123077,55.743473053,0.296336971223
150,330.407165527,186.340881348,19.5096206665,52.6189079285,0.282712513581
150,616.452880859,62.189666748,17.6364536285,52.0849647522,0.125525239855
150,554.667114258,158.144439697,27.9018306732,60.6375465393,0.0304411834804
180,585.421569824,178.143798828,29.7577114105,79.9595794678,98.7921178341
180,460.614257812,185.949279785,25.6313343048,63.8841667175,95.1144874096
180,355.51574707,190.561325073,35.1152915955,74.7008361816,94.8978960514
180,345.299438477,195.363174438,17.2927627563,52.2461738586,5.07755167782
180,431.060424805,194.287063599,17.1810054779,44.304058075,4.33841906488
180,375.095825195,218.35194397,20.3248538971,55.0515708923,2.98452936113
180,571.397094727,180.463821411,19.9924373627,61.1887702942,2.90960799903
180,403.566986084,198.232467651,25.2766265869,58.483997345,2.11740415543
180,376.286865234,173.621017456,37.6850090027,91.2724685669,1.71851553023
180,604.09942627,202.895141602,21.2950267792,51.9932823181,1.62682365626
180,419.376251221,199.72668457,19.2430610657,52.7835121155,0.522606447339
180,6.92336893082,207.82585144,15.8316650391,51.2241973877,0.437686173245
180,407.925689697,141.42779541,22.4319610596,60.7878761292,0.268929963931
180,334.799835205,187.685470581,18.5001277924,62.4567718506,0.241530523635
180,615.132202148,33.9991531372,17.3534545898,54.2358551025,0.166090903804
180,573.32220459,27.938375473,22.7301864624,52.316783905,0.000381573909181
210,601.975402832,178.29284668,28.1877117157,79.6005172729,99.2251873016
210,462.232025146,187.06842041,23.7338619232,60.3995933533,92.3799574375
210,422.627716064,188.955062866,32.6854324341,74.2103424072,85.0394010544
210,417.869384766,216.121749878,20.7556400299,51.0365180969,38.3183062077
210,442.777099609,197.376464844,20.7822971344,64.6625213623,13.2923021913
210,334.565429688,192.64666748,21.1213531494,50.6496582031,7.40201994777
210,593.549255371,183.54927063,18.519613266,64.9108657837,3.74778285623
210,581.544799805,181.06288147,16.4172782898,60.4101066589,2.47984323651
210,480.823150635,191.924987793,18.6306591034,50.8469276428,2.09083817899
210,614.138977051,27.7175350189,18.8382968903,52.5573730469,1.06496354565
210,351.804229736,193.193008423,23.7863941193,58.7573661804,0.769530329853
210,402.199188232,198.104125977,24.4530010223,62.9327087402,0.384623440914
210,526.533813477,209.082595825,19.5872325897,45.1267585754,0.280614057556
210,615.34552002,65.8037338257,17.1600246429,49.8815917969,0.222753919661
210,412.628417969,127.212989807,22.1611690521,67.3112335205,0.172697321977
210,341.132904053,213.242355347,27.1270389557,55.3949241638,0.101930706296
210,139.179336548,211.608703613,21.32380867,61.0789680481,0.0789984303992
210,452.54586792,215.77520752,25.6648788452,50.141494751,0.0677056086715
210,393.683074951,139.541015625,19.7105541229,60.4781608582,0.01432998979
240,600.916870117,176.797988892,30.1527080536,82.8467941284,99.4660556316
240,489.956176758,180.148239136,29.1509685516,79.6660308838,96.1207747459
240,464.577911377,185.06892395,22.9970417023,59.8208503723,95.6043303013
240,335.986602783,198.014022827,18.6210842133,47.6321296692,8.27822834253
240,401.932495117,197.302368164,25.7492847443,59.9295654297,5.05833029747
240,476.722137451,184.3568573,23.8259887695,71.1020202637,4.05716896057
240,430.795684814,193.566146851,16.5893821716,44.3732337952,3.04407253861
240,585.996643066,182.328201294,19.1537208557,64.1657180786,1.72208789736
240,352.338867188,195.002624512,22.09258461,60.9446983337,1.47224115208
240,507.268188477,209.651748657,20.6767635345,51.8440856934,1.05793038383
240,419.874237061,199.461135864,18.6784496307,48.9814300537,0.463790819049
240,414.380950928,135.655929565,20.7729473114,62.3562011719,0.459838006645
240,614.717529297,34.1859054565,18.4203357697,53.3820343018,0.136244948953
240,446.657562256,184.190246582,20.3680820465,50.1005592346,0.103900022805
240,574.591552734,26.78657341,21.4042873383,51.5189476013,0.00346420310962
270,339.47177124,203.288040161,23.7029781342,53.2738952637,23.128092289
270,413.85043335,137.172622681,21.1590900421,59.3728790283,3.43844108284
270,331.102416992,196.999923706,17.3279094696,45.6692848206,1.77799258381
270,405.490814209,189.813491821,22.4861755371,64.8999481201,0.98968539387
270,358.232574463,196.360275269,21.3445301056,55.8306999207,0.615611299872
270,614.612121582,30.4103984833,18.2799758911,51.5977935791,0.34745503217
270,589.379699707,273.472473145,33.8793373108,87.704498291,0.23379502818
270,615.649047852,58.2585449219,16.8032665253,49.9556846619,0.225786678493
270,393.544799805,165.666259766,19.9552497864,63.3006286621,0.20370229613
270,617.371887207,298.221405029,15.636551857,49.9806632996,0.11413799366
270,432.43661499,199.808792114,24.0215072632,73.3990249634,0.0662836420815
270,574.788635254,25.1857738495,21.202287674,54.2620277405,0.0177287365659
300,596.82232666,176.944320679,32.2567176819,83.8245697021,99.7510433197
300,475.110961914,182.590087891,23.9090652466,68.7633132935,98.8116681576
300,338.011871338,202.441055298,21.8200855255,50.4980735779,27.518838644
300,465.620605469,182.592086792,18.6707057953,61.7088890076,3.34024205804
300,407.450408936,193.709777832,23.9632415771,66.8655090332,2.78681945056
300,355.352142334,204.004196167,24.8716049194,55.0667724609,2.53939088434
300,414.308105469,143.613464355,20.4615497589,53.1410560608,2.23314147443
300,426.235717773,195.612426758,17.6442298889,47.2388648987,0.984872598201
300,526.191833496,207.329833984,19.2562847137,46.0311698914,0.519663561136
300,614.787231445,28.7236690521,18.935792923,53.3405570984,0.421380018815
300,620.425231934,179.29347229,18.0525341034,81.0012741089,0.217760610394
300,616.175476074,58.1964225769,17.1633167267,49.2648353577,0.195927778259
300,403.346832275,147.578079224,20.4686450958,55.8939933777,0.177328428254
300,327.241455078,197.818588257,15.8726854324,43.0510139465,0.0997102702968
300,573.740539551,34.3332328796,20.7730426788,51.0916748047,0.000133274511427
330,601.406433105,179.54624939,28.8727397919,81.0829391479,99.6216773987
330,479.668060303,181.901855469,29.0027694702,71.6413192749,95.1141238213
330,339.209136963,201.240280151,18.5255374908,47.8948783875,37.55671978
330,471.806427002,180.397323608,20.0936260223,60.1601715088,10.4826278985
330,407.658416748,206.844970703,20.6973133087,53.8262329102,8.98125097156
330,501.549438477,192.125,20.6248130798,54.3914604187,2.88291666657
330,589.58001709,188.984359741,18.3912143707,57.1646080017,2.10095141083
330,463.10925293,182.766433716,17.7416210175,47.9569091797,1.9635412842
330,430.9793396,195.768325806,17.3325462341,42.989528656,1.27101792023
330,352.681152344,201.811599731,19.8617153168,54.5461616516,1.18279438466
330,417.084686279,146.759765625,19.6481723785,63.8437042236,0.864820089191
330,390.251220703,201.463684082,26.6161117554,56.7447547913,0.693093705922
330,419.842163086,197.69190979,18.4314975739,50.4868621826,0.510549172759
330,615.237731934,28.1529541016,18.3902320862,54.5368652344,0.347016775049
330,325.226867676,197.208374023,17.3656406403,47.5603752136,0.236327201128
330,401.588867188,137.519378662,26.2695484161,75.940612793,0.0461451651063
360,604.156677246,179.59324646,26.6858520508,80.7388763428,99.2072880268
360,488.23147583,181.529220581,27.6049594879,71.2884902954,97.4458515644
360,337.44543457,201.835220337,20.9161090851,51.5211830139,40.0516808033
360,401.860321045,203.860107422,25.7035579681,54.1215248108,7.76195675135
360,430.358032227,199.251052856,18.0398693085,41.7205352783,3.93304340541
360,589.29675293,184.825302124,19.300239563,59.6750640869,2.29093078524
360,474.965911865,183.226196289,16.7547531128,56.5246734619,1.86642371118
360,610.007995605,27.6742095947,20.0843410492,54.964214325,1.11267315224
360,418.591278076,198.43006897,20.8842430115,51.0281867981,0.782753713429
360,508.845428467,181.601257324,25.7744884491,63.76512146,0.689563713968
360,502.709075928,201.734130859,19.977355957,53.2788696289,0.560717470944
360,327.881896973,197.895462036,16.8659229279,45.6398658752,0.508491462097
390,605.558837891,175.735794067,24.7862033844,53.9300994873,47.6518511772
390,507.423431396,184.220504761,19.467458725,47.2215423584,21.1225584149
390,401.681793213,137.666717529,19.1804485321,54.2504119873,4.52001728117
390,412.124481201,132.68196106,19.7520084381,54.6486167908,1.33065599948
390,613.908325195,27.139913559,20.1055717468,53.3076057434,0.738946627825
390,615.54486084,64.2644119263,16.9101142883,51.4010734558,0.132039340679
390,580.626281738,26.515329361,21.1943359375,50.6734924316,0.00850874421303
420,602.974182129,179.14465332,27.762556076,82.2391738892,99.4115710258
420,508.758178711,181.984573364,34.2471351624,76.6797943115,98.9147901535
420,335.06652832,204.625991821,19.5167579651,47.3280143738,26.2932300568
420,350.316741943,201.726882935,19.8504104614,59.9116096497,4.97810356319
420,397.16015625,198.497009277,23.7634963989,60.0620994568,3.74858304858
420,501.203094482,183.229324341,16.5130672455,68.529548645,3.36332581937
420,533.938598633,205.577514648,18.5590114594,55.3883552551,1.42196016386
420,590.199157715,187.052368164,24.8378162384,64.9989242554,0.964533723891
420,424.212890625,193.940551758,19.6329116821,46.4184074402,0.871460698545
420,614.150024414,29.8558349609,20.1746673584,53.1828308105,0.461700046435
420,413.904998779,204.905395508,17.2122325897,49.8894386292,0.290687847883
420,467.721679688,203.117553711,18.7805271149,42.4249992371,0.232527940534
420,401.835174561,139.51348877,20.6110992432,62.1606483459,0.160330289509
420,415.782318115,137.487564087,24.056142807,82.4432678223,0.0736583315302
420,575.267883301,24.4351520538,24.2950897217,58.6993751526,0.00369856315956
450,602.671203613,177.800720215,30.9842891693,83.2382507324,99.5592951775
450,524.66027832,178.974075317,30.2022762299,90.6810836792,97.7377414703
450,542.778137207,197.228759766,20.3069210052,58.4512443542,17.696416378
450,592.809387207,182.556655884,22.7358570099,67.2001571655,3.28881815076
450,615.223693848,34.7215232849,19.3570308685,52.5904579163,0.223037647083
450,411.178741455,128.86479187,25.5758190155,66.5216369629,0.083750806516
450,573.72064209,36.0942344666,20.8753757477,53.7330055237,0.0001296882715
480,332.515289307,204.649673462,24.3650188446,54.1726341248,14.2475217581
480,323.871520996,196.14263916,19.3727970123,48.0042877197,1.7012776807
480,351.306854248,197.851318359,19.7008228302,55.4391784668,0.556703144684
480,614.65045166,25.2092666626,19.3089103699,51.9549407959,0.323197431862
480,570.289855957,28.1697826385,21.5304012299,50.4031028748,0.000181968380275
510,591.597229004,175.166885376,29.9853725433,90.52368927,99.5623350143
510,546.187561035,178.414260864,33.8630142212,97.528717041,98.4744668007
510,391.792877197,191.336975098,22.8565673828,64.2770462036,11.9445793331
510,468.671630859,197.721847534,19.4155330658,43.6779212952,6.14679343998
510,563.226928711,205.257614136,22.7123260498,62.2727546692,2.24178805947
510,420.367218018,193.086486816,18.1313781738,49.6819610596,2.20734160393
510,479.193969727,204.476867676,17.4296417236,43.8990211487,2.19167042524
510,489.47567749,199.838546753,18.1926021576,45.7080230713,1.05719640851
510,580.967468262,183.228225708,18.7289142609,65.9039840698,0.909243058413
510,456.607696533,202.139144897,20.1773834229,42.4242630005,0.537984771654
510,404.648925781,195.731491089,23.3545322418,56.7505378723,0.4793449305
510,618.760131836,193.075302124,14.7035188675,52.1021385193,0.210350053385
510,615.416992188,36.1256904602,17.711019516,49.6186943054,0.159351516049
510,569.923156738,28.1991577148,21.2135982513,52.7466850281,0.00115397779155
540,582.991638184,176.997940063,29.7982807159,92.6023635864,99.5478272438
540,549.968566895,180.321182251,31.0651111603,97.6644210815,99.3952691555
540,324.598175049,200.575881958,18.5080089569,53.7153663635,56.667393446
540,387.530029297,198.844741821,25.0233058929,61.0682487488,12.4049372971
540,540.285461426,187.037231445,23.2127761841,76.8526611328,5.63543252647
540,415.181976318,196.977401733,17.458147049,44.6835899353,4.85852062702
540,450.277740479,203.194351196,20.1308803558,45.0774879456,1.59310773015
540,403.691070557,204.110275269,17.6901187897,50.0558891296,1.55102582648
540,574.005065918,187.438415527,20.6024951935,76.0859451294,1.34664187208
540,467.461029053,194.473754883,20.2838840485,50.3374786377,0.946967769414
540,344.882354736,196.887527466,19.5927677155,59.0604400635,0.863845273852
540,490.117156982,194.504562378,20.9942684174,50.8546104431,0.498563610017
540,308.409881592,194.612915039,20.6002655029,50.4323768616,0.484774168581
540,400.245605469,139.361984253,24.3088474274,81.5694656372,0.460221013054
540,599.782043457,186.32598877,25.5182857513,71.04662323,0.149072916247
540,387.242431641,233.98449707,21.0967254639,47.1383781433,0.0439630181063
540,8.1250371933,159.470077515,21.3569087982,58.9527587891,0.0206894183066
540,397.483184814,93.6737670898,26.0360050201,84.761505127,0.00312502088491
570,579.503967285,178.644577026,32.1933097839,93.5034103394,99.1028249264
570,546.110595703,182.993453979,32.2515563965,96.2367172241,98.0906963348
570,316.7394104,199.632247925,20.8836345673,55.765789032,42.4213975668
570,380.2862854,200.506759644,24.9619235992,59.9706001282,11.2611234188
570,566.351928711,181.048461914,23.9917755127,97.1632766724,3.501566872
570,534.308410645,195.678222656,24.2509002686,72.8589553833,2.77254749089
570,410.026641846,197.53767395,17.2776222229,43.8689002991,1.86321604997
570,337.455657959,204.579452515,22.8319072723,55.5609283447,1.46730029956
570,395.434234619,200.848953247,22.5324230194,53.966129303,1.30611127242
570,396.208984375,140.108566284,22.6055202484,60.9317588806,1.2127337046
570,462.481689453,197.392440796,20.2998142242,50.5215187073,0.579606415704
570,308.004730225,199.492233276,18.1433830261,43.2204437256,0.532659888268
570,451.299530029,201.578536987,19.490020752,46.6518707275,0.358150387183
570,572.850524902,236.811767578,19.8810977936,45.052444458,0.0213042250834
570,564.932617188,33.0044441223,21.7639369965,51.049571991,0.000109702125428
600,551.28112793,183.209823608,22.5974330902,51.7833557129,61.037170887
600,306.803314209,201.597213745,22.0311431885,54.7888641357,59.17750597
600,577.481567383,179.441543579,26.1107158661,46.5039215088,29.5231103897
600,376.563598633,194.486312866,20.2895622253,66.5949172974,4.65230867267
600,403.392608643,198.536987305,18.5571308136,42.2527160645,3.72125394642
600,539.585449219,186.619979858,19.5831356049,48.2672920227,2.62132976204
600,319.486816406,201.516555786,20.4395217896,55.8817405701,2.43695508689
600,391.578521729,199.132263184,20.1627025604,54.2747001648,0.76621719636
600,14.8848276138,198.248947144,22.1951007843,65.8715133667,0.114000157919
600,386.729278564,143.006225586,22.2596988678,62.0178985596,0.104344263673
600,292.637878418,198.841918945,18.3485221863,45.2337532043,0.0470893312013
630,548.589782715,181.418014526,30.8882369995,103.223014832,96.8218445778
630,575.300720215,180.014694214,28.3775310516,96.1659851074,96.6892957687
630,303.302490234,202.833633423,22.7740459442,50.9866981506,23.6328199506
630,368.205810547,199.776412964,21.2093734741,60.6856689453,10.7103958726
630,531.299865723,181.298828125,25.5562915802,94.0330429077,5.99872767925
630,399.268096924,201.372070312,18.5678043365,42.8205566406,4.8043385148
630,452.545654297,200.471069336,18.6722202301,44.0493583679,1.62319857627
630,296.055755615,199.795791626,16.5324001312,44.6217155457,1.62164326757
630,380.745727539,213.501220703,19.2578487396,51.2789764404,1.04528125376
630,433.831298828,204.892288208,20.5605545044,44.3479309082,0.826111063361
630,384.260498047,146.7056427,21.5079555511,64.0997314453,0.719616515562
630,568.110839844,213.111755371,20.8709812164,63.6288909912,0.398179935291
630,536.788574219,234.830490112,25.8282546997,55.616268158,0.191254517995
660,572.088745117,180.026290894,30.31549263,99.346824646,98.2853472233
660,545.142578125,184.689682007,32.8556137085,101.407997131,94.9361503124
660,296.237365723,202.637161255,23.7802715302,48.6279602051,38.3093744516
660,394.033660889,201.913925171,17.4323787689,42.6111793518,8.08753967285
660,365.707489014,204.40486145,25.8927974701,58.6244506836,7.74915888906
660,380.437103271,141.775253296,21.700674057,58.4789123535,6.35368078947
660,313.818664551,207.590377808,24.0522098541,55.8344306946,2.34831180423
660,561.227600098,231.198547363,22.1603851318,54.7646751404,2.09978949279
660,384.764160156,204.586730957,17.3333644867,45.8483009338,1.82326156646
660,538.032043457,220.340133667,21.3205604553,58.3796386719,1.43517171964
660,284.75088501,191.561691284,20.7367610931,49.5339508057,1.17282904685
660,424.615570068,204.23789978,20.5715713501,45.8063545227,1.02886464447
660,534.438293457,189.074951172,20.824634552,59.4004821777,0.954306777567
660,328.256225586,202.808425903,22.1818847656,57.9725189209,0.843520276248
660,440.737579346,200.661911011,19.0036411285,44.8223838806,0.478715263307
660,466.058349609,253.787155151,24.9534397125,53.9250183105,0.268471357413
660,7.49626016617,181.894271851,18.4469470978,55.9200172424,0.255121150985
660,367.425262451,142.867233276,20.789188385,55.6207733154,0.109969626646
660,387.501068115,132.657394409,29.1746768951,93.5178451538,0.0163901466294
690,580.468383789,189.362106323,32.1765823364,88.8173904419,99.6226191521
690,547.15826416,178.034057617,34.0167312622,115.178123474,99.1436302662
690,291.165496826,202.480529785,19.6762695312,49.6565208435,46.4359372854
690,560.794616699,235.107894897,22.6403751373,56.3584442139,8.77793952823
690,357.333129883,199.716247559,26.722984314,63.1884460449,3.98568920791
690,277.662994385,198.390975952,19.3417129517,47.3949928284,2.7714330703
690,387.696807861,200.468856812,17.1269226074,42.7956123352,2.68570221961
690,419.199798584,208.644729614,20.3343544006,45.7437095642,2.40306630731
690,531.453369141,183.739135742,20.0999469757,57.4230918884,1.36735793203
690,312.080352783,205.365722656,22.5639476776,54.4853553772,0.824751332402
690,440.97164917,203.380813599,20.6536636353,50.2227134705,0.817480683327
690,569.29864502,184.128738403,16.3178443909,75.586265564,0.554904341698
690,430.618621826,204.56288147,18.8340606689,45.7470550537,0.392927369103
690,374.567260742,204.360183716,20.3081111908,52.8866996765,0.319729465991
690,600.889770508,190.637771606,26.4219512939,76.8505020142,0.227392255329
690,373.33581543,143.938613892,21.4829101562,61.3744392395,0.147648318671
720,593.075805664,184.73664856,36.9912452698,104.766212463,99.6217131615
720,549.33807373,180.773208618,41.5770683289,119.119102478,99.1323053837
720,276.659942627,202.66229248,20.3716602325,50.7079772949,36.7673009634
720,347.457000732,200.990310669,25.7699756622,62.9717407227,12.8063499928
720,287.325622559,202.245498657,21.4905261993,57.797088623,7.57652744651
720,377.950561523,200.542037964,17.0069217682,43.0813407898,4.41473126411
720,363.63772583,147.109695435,21.0869655609,56.3276672363,1.46194137633
720,538.907958984,191.026596069,21.9091053009,56.7608070374,1.31377894431
720,302.190826416,202.220458984,19.4302082062,56.9495697021,1.08393272385
720,569.37512207,238.380813599,22.5731563568,58.3502693176,0.822902936488
720,617.59185791,188.509475708,16.5014705658,55.6987495422,0.802895892411
720,266.537384033,194.229415894,19.1494808197,52.8786659241,0.746230315417
720,470.880523682,202.309936523,25.9146900177,53.6390228271,0.335714174435
720,366.828033447,203.604171753,18.3852176666,51.0963745117,0.269448803738
720,524.787902832,186.218215942,24.748588562,60.9246711731,0.232066400349
720,370.149078369,131.488998413,30.8873271942,88.5520401001,0.00468903272122
720,536.924560547,26.9318065643,20.7836513519,51.0873374939,1.0818030205e-05
750,558.514282227,174.495437622,43.4201774597,135.500244141,97.8976607323
750,614.549499512,187.138931274,23.531709671,109.158683777,68.8674688339
750,266.699981689,200.432678223,22.4730167389,58.8492927551,18.0897161365
750,336.041870117,205.556015015,24.708902359,60.1228523254,7.33602717519
750,612.533874512,179.062088013,19.4968986511,52.1744194031,5.93009963632
750,571.618041992,238.436935425,24.0969104767,71.4032516479,5.29676005244
750,551.21887207,186.300338745,27.0837860107,73.1785125732,4.9787081778
750,366.630004883,200.493896484,17.362279892,44.2948417664,4.06122207642
750,582.112548828,192.615112305,30.9772052765,95.6578979492,2.08863094449
750,7.07149887085,207.723342896,17.9460010529,55.5813179016,1.64152383804
750,402.768432617,208.58833313,20.6815700531,46.3106880188,1.48122953251
750,459.630462646,204.586898804,24.3762664795,53.1152381897,1.01043758914
750,543.70098877,199.132736206,18.7860679626,54.3740844727,0.931919459254
750,255.014572144,195.255996704,22.094625473,53.5817718506,0.550776813179
750,420.435089111,203.093490601,19.6852474213,48.1472320557,0.47720214352
750,504.041748047,272.7628479,21.3981647491,47.6168556213,0.435966579244
750,354.209320068,206.061386108,21.9483890533,52.633014679,0.42452281341
750,287.124603271,203.151626587,19.526266098,55.2990379333,0.272713555023
750,599.166564941,193.202865601,27.1043796539,73.2981262207,0.2413965296
750,520.099121094,273.067962646,21.1372814178,49.3048362732,0.163251149934
750,349.804077148,147.192626953,21.0740718842,63.846157074,0.145335064735
750,533.833984375,31.5543441772,23.7491130829,50.5240211487,3.86437477573e-05
780,568.290466309,168.089111328,58.5858764648,152.607620239,99.2442309856
780,251.756973267,209.713424683,25.7706813812,57.8641624451,16.1108970642
780,591.157958984,255.288772583,24.8665103912,65.2714538574,8.23566094041
780,320.120269775,204.282546997,27.2152194977,64.3913879395,7.91134759784
780,353.588989258,202.682998657,18.5153408051,43.3750419617,7.52126201987
780,604.339660645,191.14276123,25.0799865723,76.2038497925,6.77469670773
780,276.843261719,210.082260132,18.3514270782,52.3173942566,2.55088061094
780,409.317749023,206.28276062,18.876203537,47.2319793701,2.09353659302
780,328.982452393,142.657150269,21.793258667,61.3212089539,0.922879017889
780,392.835571289,209.971694946,20.2574234009,45.0966339111,0.788006745279
780,337.489501953,205.573852539,21.5416812897,56.8868293762,0.616030627862
780,493.739654541,278.626220703,21.2867069244,46.6855125427,0.503978366032
780,509.430053711,279.392181396,21.3669052124,47.0957946777,0.348970992491
780,431.104400635,255.90864563,27.5804443359,51.9995765686,0.347364461049
780,615.95300293,266.879638672,18.6419773102,50.7670288086,0.31669603195
780,468.526031494,219.701843262,19.4383831024,45.3733978271,0.247852969915
780,525.692016602,24.7889709473,19.775396347,51.2672309875,0.0579907034989
810,600.421813965,157.376968384,39.5781860352,162.989822388,81.4384102821
810,235.349868774,206.561965942,18.7280273438,47.390335083,32.8390717506
810,330.720550537,198.218154907,21.7409343719,47.6445808411,9.71379354596
810,614.953430176,269.305755615,22.4183216095,60.8712120056,6.91678225994
810,300.309509277,203.925857544,23.2564792633,66.8615112305,5.84369711578
810,600.803161621,223.290115356,25.7594928741,72.2433395386,1.49604734033
810,237.269729614,222.231826782,29.5577030182,63.4862327576,1.3467554003
810,260.107574463,206.771682739,21.6579799652,57.2471580505,1.11929140985
810,388.48034668,205.631408691,18.7313632965,44.7672767639,1.05625763535
810,225.046203613,200.862472534,18.8045883179,51.264251709,0.621668016538
810,313.190002441,141.613037109,21.5102405548,58.7875671387,0.488134240732
810,376.966339111,209.948425293,19.691986084,43.3101501465,0.457101454958
810,592.71496582,239.201644897,19.9088191986,54.9685935974,0.449337717146
810,615.506286621,151.676986694,22.6577987671,77.8382263184,0.420818896964
810,316.449615479,205.604324341,21.7701282501,61.2681274414,0.285561499186
810,267.884796143,221.494430542,24.3850078583,60.0744171143,0.208791461773
810,506.744018555,20.0383090973,20.1011886597,50.6128044128,0.184377003461
810,302.428955078,136.027160645,19.5335559845,60.094165802,0.0804006645922
810,616.40057373,28.9113407135,17.0512199402,40.3233222961,0.0438023067545
810,326.747650146,138.619949341,21.3668670654,55.3690795898,0.0280144071439
840,6.38858652115,194.536758423,28.6230373383,79.6002960205,26.6287833452
840,211.464294434,207.425476074,30.870470047,66.6432647705,21.4498326182
840,620.032348633,211.769821167,19.9676513672,68.2944259644,10.6737084687
840,317.847564697,198.304626465,17.6719989777,44.857219696,5.61140775681
840,282.524475098,206.129333496,27.9859085083,62.4689826965,4.88361865282
840,249.175430298,213.414474487,21.0096321106,51.7153129578,2.6134153828
840,296.612731934,131.587844849,20.0428085327,57.165512085,2.24953368306
840,505.764678955,209.684753418,19.101190567,45.4363136292,1.88121963292
840,399.280487061,198.170883179,22.1381130219,52.0333557129,1.41738392413
840,284.697479248,131.591262817,20.3407878876,55.8887367249,0.897312536836
840,235.251785278,204.549133301,19.9937152863,55.7014884949,0.768313882872
840,349.396270752,207.671096802,20.079416275,46.8808021545,0.598235381767
840,302.808105469,205.211196899,18.4638977051,51.3170204163,0.284298625775
840,498.486450195,277.347747803,21.9014186859,48.102306366,0.0860822969116
840,615.466247559,253.229431152,21.261510849,48.5141487122,0.0275200145552
840,511.046142578,275.836578369,27.8336334229,55.0019073486,0.022857345175
870,193.239685059,203.2162323,28.24559021,73.6469345093,72.9500889778
870,299.228546143,196.089431763,22.1753005981,48.1551208496,8.49911421537
870,220.575439453,208.590621948,17.4107074738,52.6225166321,2.86463219672
870,172.763442993,199.510620117,30.6897411346,68.2537155151,1.99055057019
870,333.159637451,208.285507202,20.6714382172,47.2352790833,1.86639241874
870,388.743133545,194.853927612,21.3332538605,50.6191062927,1.35561544448
870,344.178924561,205.603347778,20.7328472137,45.52526474,0.449468474835
870,316.216552734,200.360244751,20.905374527,47.6895103455,0.417671492323
870,32.149066925,195.408340454,28.1636810303,61.7312774658,0.285106780939
870,420.216094971,210.951858521,19.5878200531,47.1294059753,0.227797636762
870,270.161407471,232.510070801,19.8100395203,44.6456031799,0.106404814869
870,285.083648682,205.026245117,21.489900589,52.1192512512,0.0838149513584
900,608.313354492,166.248703003,31.6866455078,144.461074829,74.1563260555
900,183.476013184,199.410873413,28.6711292267,73.7542800903,45.4893350601
900,616.030700684,255.072799683,19.4732189178,55.1451759338,5.3395152092
900,291.600616455,197.75604248,18.4664821625,42.5808372498,3.70239280164
900,208.414779663,208.315307617,18.704328537,49.5602760315,2.51496937126
900,345.338287354,198.415206909,19.5881233215,50.9802970886,1.95799451321
900,253.951309204,199.187057495,28.7041988373,65.023765564,1.81561838835
900,162.65296936,203.707717896,29.2706623077,71.4017791748,1.66442394257
900,178.373413086,195.823608398,17.7921962738,57.6745948792,1.43352784216
900,328.476013184,205.182128906,20.318983078,45.2009277344,1.12058036029
900,375.092681885,197.144210815,23.3560237885,50.7055473328,0.669219112024
900,615.483459473,166.260513306,19.600435257,50.3314170837,0.637705763802
900,199.433334351,223.884841919,21.0972728729,54.5069122314,0.421237805858
900,615.992553711,88.7061538696,18.251203537,54.7630653381,0.360571616329
900,276.200164795,199.884094238,19.1706962585,50.2692108154,0.309569970705
900,355.451049805,213.330383301,19.8704204559,45.867931366,0.296379881911
900,264.34463501,233.134750366,19.6322116852,43.1504821777,0.0900101440493
930,554.812011719,173.679199219,50.3393821716,133.299514771,99.8196005821
930,173.285339355,204.402999878,31.5396099091,70.2108383179,24.8724147677
930,594.055541992,180.103744507,26.6920032501,75.26978302,9.78479608893
930,283.487640381,193.059646606,20.0062217712,46.3106384277,7.35804140568
930,240.271865845,197.655044556,27.0544967651,70.2956619263,7.06173852086
930,9.15993022919,195.627365112,31.3004360199,78.3242721558,5.19200600684
930,201.237533569,205.162277222,19.874540329,54.3579864502,1.21677806601
930,274.0440979,199.063980103,17.2542247772,43.6997070312,1.13923959434
930,259.143981934,206.864486694,18.8622150421,55.2775878906,1.06908706948
930,373.599487305,191.612411499,21.5205211639,47.3054542542,1.02674625814
930,339.981231689,199.672302246,21.2571086884,51.0684051514,0.624052016065
930,323.05480957,205.45350647,19.6498203278,44.8460388184,0.415510125458
930,211.472122192,213.04725647,19.2281837463,52.8326759338,0.384662556462
930,388.27243042,204.295944214,19.234910965,48.8456268311,0.296691874973
930,253.375915527,232.556518555,20.2076816559,44.7357902527,0.112054601777
930,259.480255127,130.739379883,26.1223735809,86.8816452026,0.107182411011
930,606.176818848,205.698806763,27.5210418701,54.0693511963,0.104799342807
930,541.055297852,201.220413208,26.0655117035,70.8146362305,0.0572061282583
960,529.815856934,178.23840332,46.5247154236,123.536407471,99.855029583
960,605.469909668,180.764648438,34.530090332,95.9544448853,94.7884619236
960,160.471557617,202.869827271,27.0165653229,67.9302749634,45.6187874079
960,29.7558040619,200.186843872,25.1458435059,66.4125137329,29.3578654528
960,266.373962402,186.304855347,21.5577068329,52.6471252441,2.59075909853
960,568.734802246,199.455184937,18.4403610229,51.3217468262,2.53560040146
960,555.973815918,191.26739502,25.1889648438,77.8282546997,2.2051287815
960,232.224365234,120.273216248,28.1566448212,65.8167724609,2.08887066692
960,328.349121094,197.471176147,19.2365512848,47.1165122986,1.90251450986
960,234.445632935,196.183120728,29.9921474457,69.0636520386,1.56253427267
960,626.922912598,184.080444336,12.4470481873,60.084186554,1.18390955031
960,208.549575806,150.201919556,20.0791511536,63.4160194397,1.04503519833
960,627.401062012,99.7379150391,12.5989379883,53.883605957,0.939983315766
960,358.30770874,193.965576172,21.5502796173,51.2217407227,0.75847026892
960,307.47088623,201.491531372,20.413444519,45.7753295898,0.631877919659
960,338.734222412,191.776351929,20.8039035797,52.2690124512,0.466382550076
960,552.829406738,229.34979248,22.610168457,65.6162872314,0.376638886519
960,521.972717285,227.968521118,23.6759490967,66.8928451538,0.258228671737
960,188.690536499,223.476318359,24.0493412018,54.442325592,0.183304585516
960,464.060791016,209.581787109,17.8263301849,45.0435066223,0.163600000087
960,577.203369141,182.548278809,28.2841205597,73.2977828979,0.108580628876
960,179.483764648,203.690719604,20.3944568634,54.1205787659,0.0827317242511
960,223.048721313,153.070800781,17.3746776581,47.8846931458,0.0544952054042
990,485.806762695,176.349472046,46.1686668396,116.185783386,99.7962474823
990,585.430603027,176.077148438,39.5060997009,117.783454895,97.4351644516
990,127.500305176,202.319763184,28.328245163,69.0808029175,40.6646162271
990,604.765930176,40.7672233582,26.6504802704,64.0558166504,24.0745335817
990,238.77507019,194.858642578,20.4378910065,45.8223266602,16.4744257927
990,159.278656006,204.146606445,20.8409633636,56.8437614441,8.52728262544
990,208.03666687,202.912597656,22.0283412933,65.3948974609,3.52648794651
990,324.067718506,187.626403809,22.3831329346,52.5538597107,2.47653927654
990,194.150588989,184.373779297,21.5155124664,64.4209060669,1.29360985011
990,111.676872253,196.233047485,25.1438217163,63.2190856934,1.04711912572
990,513.031982422,188.470031738,23.3746891022,70.076751709,0.907156150788
990,594.063293457,245.840255737,21.20013237,50.359790802,0.792408827692
990,503.966430664,230.30531311,22.3607807159,62.6375770569,0.688452692702
990,296.737182617,196.627685547,20.5495700836,50.5736083984,0.659096753225
990,578.925109863,198.624023438,25.4319992065,78.9475326538,0.639587407932
990,349.948730469,210.234924316,19.9933834076,47.3197479248,0.524582667276
990,148.062591553,199.542480469,20.2264823914,54.7833099365,0.378862698562
990,200.461669922,233.751571655,20.0722351074,45.2099113464,0.268488237634
990,201.067504883,114.558601379,29.5584087372,73.1357498169,0.25923079811
990,609.065795898,118.906684875,24.7944869995,74.6354217529,0.0241499044932
1020,405.742645264,170.522109985,40.2677268982,112.945716858,99.8453259468
1020,75.1387710571,201.141067505,29.4225406647,76.3392105103,50.075095892
1020,151.774032593,196.117263794,24.6573886871,70.6658325195,34.080183506
1020,570.36932373,35.8358573914,28.883310318,69.6458358765,13.7921899557
1020,188.665893555,194.523498535,19.2306499481,43.9931907654,13.0129799247
1020,144.247909546,109.341621399,28.2232608795,71.6430435181,12.1381796896
1020,238.333557129,198.003295898,19.5060634613,46.3551139832,2.62178331614
1020,582.37890625,109.919975281,21.9615459442,52.0212211609,1.98782850057
1020,105.536254883,197.604202271,22.5741291046,63.3209114075,1.65095385164
1020,89.4572525024,192.666992188,22.2527713776,61.2427978516,1.51746794581
1020,560.504516602,57.0994682312,44.4082221985,125.63167572,1.41185484827
1020,226.951782227,201.539199829,20.7706165314,47.5910491943,1.01213809103
1020,386.951782227,199.78527832,20.3473968506,51.620464325,0.787751469761
1020,616.92755127,266.333831787,18.7726402283,51.1647338867,0.756470300257
1020,296.301269531,198.198486328,23.1401977539,54.3071594238,0.629628635943
1020,605.899475098,183.647109985,18.4423522949,50.6704101562,0.531586585566
1020,253.547668457,191.026657104,19.9038085938,53.9315986633,0.504914484918
1020,136.51020813,191.419296265,24.8191318512,75.154548645,0.372568215244
1020,398.357879639,180.041427612,21.4230976105,79.8922348022,0.291187013499
1020,122.116096497,144.907699585,25.1169300079,79.9041519165,0.273371837102
1020,90.3550415039,234.752746582,24.3498897552,53.1568946838,0.238018017262
1020,560.567077637,48.8227386475,22.4635772705,61.5838317871,0.167104613502
1020,465.760620117,80.0274887085,21.1059703827,55.7956085205,0.114360882435
1020,154.846588135,59.1872138977,33.288269043,101.926902771,0.114301068243
1020,115.12323761,223.704574585,19.9963283539,45.540348053,0.105936697219
1020,200.721496582,72.8402023315,22.1212711334,64.5598373413,0.0330627983203
1050,324.385101318,169.473693848,38.792514801,105.855461121,99.7932553291
1050,609.330078125,172.485946655,28.4390716553,103.42956543,85.4348063469
1050,108.673423767,195.944381714,24.8915309906,67.1611633301,62.618458271
1050,28.9803371429,195.595504761,32.6458244324,81.0344085693,20.9412023425
1050,528.430114746,30.3994674683,29.2811946869,69.4642410278,14.8470968008
1050,55.643737793,201.323226929,22.0991592407,55.0650978088,14.2376437783
1050,151.632965088,198.915908813,16.6912937164,37.8202438354,5.33589944243
1050,195.343261719,195.149291992,20.2048206329,47.7571678162,4.99266944826
1050,525.909240723,180.676513672,18.086271286,50.394985199,3.8306299597
1050,306.535766602,169.379226685,25.1446208954,87.382774353,2.18329895288
1050,626.292358398,186.131774902,13.2136535645,59.9292640686,1.34640410542
1050,184.451431274,200.08555603,20.6595478058,46.7688789368,1.27072194591
1050,94.8515548706,167.025726318,27.9302539825,93.1649780273,0.897738151252
1050,13.4614973068,196.977005005,27.1295528412,83.7791671753,0.8450653404
1050,562.234313965,170.04637146,20.888677597,58.4967384338,0.729124480858
1050,166.62461853,193.448303223,22.6970214844,48.0299987793,0.652464758605
1050,532.406677246,110.921478271,28.9588794708,66.5099945068,0.634687719867
1050,234.065811157,188.572875977,22.042722702,53.3064918518,0.57648117654
1050,140.416748047,196.927185059,17.9357433319,41.5626792908,0.48324461095
1050,41.3607940674,238.42565918,26.3395366669,53.8129005432,0.416691880673
1050,209.365097046,187.904556274,22.0372333527,51.3566322327,0.26893473696
1050,98.6347961426,233.580215454,19.8123588562,45.2618751526,0.258422852494
1050,66.0886001587,212.987014771,20.5698680878,54.0483970642,0.255605462007
1050,345.467529297,188.340255737,23.3104457855,62.8112487793,0.16144317342
1050,111.265129089,45.1292076111,24.2566776276,74.4577026367,0.094201619504
1050,96.8653259277,106.739013672,27.0008163452,76.3788146973,0.092555989977
1050,420.761199951,70.618812561,23.3420696259,62.7040977478,0.0623655156232
1050,156.533782959,72.7402572632,22.0964679718,58.5524597168,0.0548428797629
1080,278.001220703,168.017822266,32.0358123779,103.392341614,99.1796135902
1080,535.503479004,172.988098145,34.2595825195,111.443000793,98.7024128437
1080,81.7012634277,187.498092651,30.4711055756,82.8299026489,79.48538661
1080,14.37362957,193.533676147,30.2779083252,78.043296814,47.1524506807
1080,42.7580757141,197.524658203,21.7599773407,61.685043335,27.4718225002
1080,514.913269043,35.7081108093,28.9827651978,66.0587921143,23.0885088444
1080,131.259902954,195.438430786,19.2441387177,42.7335319519,18.2757437229
1080,184.457351685,192.591186523,18.2588500977,47.6754493713,6.54398724437
1080,268.694091797,178.389648438,23.8213272095,79.9102935791,3.09992264956
1080,154.432052612,195.476989746,21.9303283691,46.8816719055,1.833290793
1080,461.477203369,161.748123169,21.4614276886,61.2588157654,1.50598250329
1080,201.33152771,197.694992065,19.6268291473,47.8023071289,1.06041794643
1080,79.325088501,179.942321777,20.0743293762,50.9026947021,1.03253582492
1080,83.7151412964,104.335235596,29.4440898895,72.5829696655,0.951969064772
1080,101.59942627,196.888778687,17.5817775726,57.8920631409,0.805417448282
1080,528.325439453,103.17565918,23.9547424316,60.4153633118,0.784073863178
1080,505.996490479,43.6603851318,50.1962852478,124.070892334,0.756566505879
1080,167.359786987,193.906600952,22.0602817535,53.4795188904,0.444239517674
1080,74.1284255981,102.459899902,20.2831878662,53.9524726868,0.248880754225
1080,7.88891601562,187.506393433,16.7371921539,65.4462203979,0.233362335712
1080,118.651573181,188.504394531,20.5342712402,51.4602470398,0.0767042918596
1080,31.9531612396,222.847824097,27.7006626129,56.4712181091,0.051105330931
1080,398.537139893,53.0995063782,32.7464332581,88.0418319702,0.0138088464155
1080,525.870544434,176.808273315,23.5532436371,73.3096237183,0.0041320319724
1110,195.98274231,170.038772583,32.6944465637,99.4599914551,99.5941281319
1110,413.024505615,175.240158081,40.9583206177,110.826469421,98.9505290985
1110,31.1051998138,194.641113281,27.1595058441,75.2343978882,90.5834376812
1110,440.55960083,228.677368164,23.3139743805,54.2922859192,45.5878973007
1110,461.101776123,29.5541992188,34.6232948303,68.1891860962,23.649340868
1110,78.9873580933,196.039001465,19.5604496002,42.9188117981,15.7307654619
1110,276.222686768,210.718704224,18.5445652008,44.4279937744,4.10656146705
1110,132.301345825,196.675216675,18.84034729,48.2318992615,2.99668759108
1110,587.613708496,33.1676750183,33.1666755676,96.0981674194,2.48145647347
1110,475.23538208,107.408836365,22.4661273956,52.9388465881,2.42693759501
1110,352.23815918,68.3996047974,21.7517604828,67.1799697876,1.14213908091
1110,114.768043518,197.529907227,19.7360534668,46.8103179932,0.850343331695
1110,157.811737061,194.916946411,24.4119853973,52.3825874329,0.811238866299
1110,616.972839355,43.4508399963,18.6270561218,52.5252799988,0.785474758595
1110,498.912200928,179.095397949,19.9315891266,53.1422119141,0.784040987492
1110,180.898483276,173.60710144,29.1005096436,86.1468429565,0.469702109694
1110,21.7019958496,106.356483459,27.8711566925,78.4789657593,0.458505284041
1110,146.367080688,191.148727417,22.1345596313,54.685634613,0.263281306252
1110,409.422332764,164.261474609,20.3246822357,57.882938385,0.153081468306
1110,443.104644775,184.195922852,22.7651977539,61.8464813232,0.0494243751746
1110,57.4369812012,186.137557983,20.3967380524,54.2701759338,0.0292990036542
1140,106.353973389,179.850357056,42.5820045471,114.552330017,93.6147391796
1140,45.0155601501,209.570053101,20.0501670837,46.9165306091,6.88611343503
1140,241.012145996,86.2275924683,31.2143878937,64.5217819214,6.61633089185
1140,518.430114746,152.996139526,25.6196746826,66.8401565552,5.35182692111
1140,90.5446853638,204.886886597,35.6971473694,95.1563949585,3.88565026224
1140,27.2599887848,201.784469604,28.8516845703,55.7000770569,2.16119885445
1140,273.325592041,181.040283203,26.6640377045,73.0073776245,1.62997674197
1140,189.518920898,161.988220215,21.164144516,59.0948143005,1.34604563937
1140,69.3687362671,129.230697632,91.7113647461,182.22203064,0.434611923993
1140,243.485641479,27.335062027,31.6458053589,71.5028076172,0.27188451495
1140,120.856773376,57.1273918152,30.8756732941,78.316947937,0.228435406461
1140,402.923950195,31.3095302582,28.8581447601,67.2447509766,0.145969516598
1140,422.891021729,28.7446079254,23.4352817535,62.9554138184,0.134453736246
1140,372.528076172,78.9113693237,28.0180358887,73.1683807373,0.0801318674348
1170,20.5181102753,130.722473145,34.1673927307,70.0458374023,0.780779495835
1200,242.261352539,182.311325073,19.9301700592,52.0546302795,29.8632115126
1200,209.213256836,94.4237594604,29.5765590668,91.0819320679,9.35565978289
1200,223.396408081,178.818252563,53.8203392029,78.637840271,8.69418606162
1200,352.632568359,133.974349976,27.5745067596,56.5675201416,0.839609652758
1200,228.764419556,96.9507980347,29.22265625,79.3956451416,0.570605741814
1200,200.905639648,121.043968201,20.9902362823,69.2533874512,0.0170495375642
1230,541.280639648,182.651016235,19.8848628998,51.3106422424,69.4503009319
1230,8.12746906281,187.496017456,14.449092865,58.9491271973,40.3934746981
1230,501.739593506,186.568283081,20.7709655762,46.7972755432,28.0428797007
1230,612.231384277,185.538528442,21.610666275,48.5811653137,18.9369812608
1230,568.644042969,179.053390503,24.327173233,62.5988502502,4.10005003214
1230,588.924621582,178.238891602,19.3668651581,54.4516181946,3.13706696033
1230,531.476501465,189.309631348,18.8942813873,46.1027984619,2.61161588132
1230,560.735290527,183.61100769,16.286233902,51.0590209961,1.40893002972
1230,482.068328857,181.849121094,18.1523094177,47.1471557617,0.97868964076
1230,229.620071411,186.795227051,19.6471424103,42.1544837952,0.814250763506
1230,488.748260498,191.578231812,24.431022644,49.7759056091,0.784350931644
1230,615.511169434,51.055480957,16.8273983002,50.2269096375,0.443183537573
1230,469.521636963,165.753845215,18.5000362396,58.8777580261,0.357991713099
1230,492.574066162,138.326828003,22.5546588898,62.7223701477,0.0298520550132
1260,505.883514404,177.415649414,20.3456916809,57.922504425,77.3287773132
1260,467.109710693,180.368331909,20.0037441254,49.8301963806,44.2884594202
1260,605.773376465,177.917648315,22.5585193634,57.2688598633,43.2369172573
1260,565.087219238,182.839157104,22.0458908081,59.6969642639,34.0897291899
1260,451.841400146,182.183761597,18.7016887665,45.6635742188,10.7122398913
1260,618.328430176,184.171340942,19.0429344177,55.9802513123,4.73421178758
1260,440.727081299,183.200912476,19.6971874237,48.4937095642,3.70005220175
1260,550.770690918,155.510452271,25.9071521759,88.9385299683,2.26385127753
1260,425.113037109,169.475021362,18.6030101776,52.900478363,1.58864557743
1260,483.584106445,184.391174316,16.3240661621,46.2033233643,1.34452171624
1260,159.341140747,182.955444336,20.298374176,48.3669090271,0.578692974523
1260,553.611999512,120.993995667,28.6576538086,74.3355026245,0.543130235747
1260,544.311279297,191.25994873,17.6641674042,44.2572593689,0.458480836824
1260,495.957397461,174.398513794,18.2801456451,53.0020866394,0.278722448274
1260,527.19744873,88.7890396118,24.2403697968,76.3253707886,0.0307358801365
1260,554.012512207,41.6195793152,34.0837745667,100.122581482,7.60870335625e-06
1290,522.159729004,174.752182007,19.8404998779,54.390625,90.1664614677
1290,609.560852051,181.308837891,18.8376026154,47.7408409119,79.6744704247
1290,549.840026855,188.684692383,21.782453537,59.3691749573,72.3668575287
1290,483.225616455,179.946578979,19.1777839661,50.4825439453,71.0384726524
1290,145.072937012,148.160140991,26.506067276,73.4390792847,38.7728154659
1290,457.064178467,177.517990112,16.8028450012,49.9790458679,29.3845772743
1290,499.123535156,181.754394531,18.4761486053,54.3647880554,11.3950148225
1290,96.8055038452,159.301147461,21.2876110077,60.6123161316,10.7264325023
1290,470.21963501,187.94960022,23.1563777924,49.8990936279,8.58404487371
1290,532.91809082,180.139953613,20.1174488068,53.5247688293,4.61041815579
1290,135.05140686,182.889526367,20.6947307587,52.1548805237,1.83101724833
1290,442.297027588,179.146896362,16.7156887054,47.5846710205,1.42094297335
1290,560.981994629,97.0084838867,20.2363605499,50.1029052734,0.72768041864
1290,189.068603516,174.85395813,22.0666713715,53.2226753235,0.580801861361
1290,461.20993042,96.9147720337,18.9218883514,49.4440803528,0.577587727457
1290,431.080657959,172.899414062,17.6455745697,51.5930786133,0.466271676123
1290,582.17175293,68.0233535767,26.6533756256,65.5401077271,0.147811230272
1290,563.653137207,183.863632202,16.9633579254,45.1208610535,0.101513613481
1290,80.2392501831,154.689559937,25.6129074097,71.4384231567,0.0835747108795
1290,628.427490234,172.80140686,11.5725097656,59.5364074707,0.0592237629462
1290,571.633239746,87.6972122192,23.5743713379,60.1740455627,0.0449665327324
1290,135.388809204,133.454650879,24.2237071991,67.2085037231,0.0014950224795
1320,503.779693604,172.744125366,22.6666126251,59.7909736633,85.9882354736
1320,463.525115967,176.877548218,17.6629924774,52.7293586731,42.2768235207
1320,443.292724609,168.170730591,22.1428756714,59.2903862,28.5999149084
1320,547.190185547,160.731552124,24.2203731537,68.5452423096,16.3147613406
1320,468.297485352,77.0176696777,18.8064556122,49.8775444031,11.6374179721
1320,490.527374268,183.030715942,25.9086856842,61.2711372375,11.5984998643
1320,55.7086448669,198.798019409,24.0221385956,58.4035987854,2.32771988958
1320,478.830474854,178.117675781,17.1062793732,49.2578849792,2.12925039232
1320,592.832214355,64.5203475952,21.7621383667,55.5755310059,1.29487374797
1320,609.54864502,59.2822875977,23.4942016602,50.0968971252,1.18050826713
1320,432.493408203,177.100234985,21.2559814453,49.871219635,1.17991883308
1320,133.694076538,188.567001343,24.0610198975,58.1192588806,1.00556146353
1320,405.967041016,150.169570923,23.6449203491,64.7104568481,0.924131087959
1320,619.911743164,175.526992798,19.3556537628,62.0658607483,0.787512399256
1320,535.342346191,172.253341675,19.1316127777,58.1331939697,0.744770653546
1320,456.256103516,195.481079102,31.250120163,63.9469718933,0.624365359545
1320,549.753112793,135.000793457,19.919713974,53.7086830139,0.198903656565
1320,615.928833008,33.6614761353,19.172712326,54.4920387268,0.135250168387
1320,498.913452148,57.6944580078,31.9641342163,98.8396606445,0.086230301531
1350,577.042175293,159.138671875,25.2112045288,71.3253173828,95.8499193192
1350,552.148132324,165.858688354,25.3341064453,73.0257568359,80.3946614265
1350,492.415283203,174.096557617,21.6591873169,59.361743927,59.1567158699
1350,468.403900146,165.673446655,23.2834396362,61.4941825867,58.3399176598
1350,415.908050537,161.675842285,18.3774280548,52.9242286682,37.760925293
1350,456.059448242,173.421813965,18.3595485687,52.8138313293,24.6018722653
1350,592.717834473,160.172836304,18.8977069855,66.8840179443,19.2469835281
1350,415.093780518,113.442817688,32.0774650574,97.4084854126,7.62801393867
1350,484.576293945,173.688491821,17.1590480804,49.3539924622,4.82639223337
1350,443.269256592,173.229370117,19.0355587006,50.2245750427,4.50508184731
1350,544.205749512,187.044616699,21.0042686462,56.8549041748,2.61427443475
1350,163.822372437,182.046218872,18.2539081573,47.212677002,2.03186217695
1350,430.214355469,167.210494995,18.1413326263,49.449886322,1.3110040687
1350,603.455200195,156.09046936,19.0356655121,54.038482666,0.758551666513
1350,153.96697998,188.02947998,17.626039505,42.4055671692,0.412091473117
1350,405.850830078,161.998214722,18.0298099518,55.1060676575,0.0526618096046
1350,501.268798828,39.4594955444,28.5190258026,75.6344528198,0.0191291081137
1350,542.557739258,42.8066444397,40.6553535461,96.3559875488,4.04074357307e-08
1380,505.022979736,170.009719849,23.0249614716,54.9972343445,90.359544754
1380,429.871459961,163.52911377,21.1557292938,51.2954139709,50.3732204437
1380,490.960418701,167.312179565,20.7308635712,58.6797523499,28.7700206041
1380,587.966003418,165.481613159,24.8273525238,61.5490150452,27.9636710882
1380,525.63848877,163.54335022,17.5847244263,51.8251838684,21.5980008245
1380,474.433929443,156.93170166,27.0880374908,69.5620880127,17.7213802934
1380,463.553619385,174.10736084,19.202955246,49.3795661926,13.0423843861
1380,553.968200684,167.801177979,19.0725803375,52.9402885437,6.95981308818
1380,105.031837463,186.093688965,19.6281528473,50.2394218445,2.80209053308
1380,128.442733765,176.371871948,17.5755233765,50.7397117615,2.69434861839
1380,445.691864014,165.406112671,15.5122976303,47.7275390625,1.76620222628
1380,416.294219971,160.44732666,17.9975681305,54.8352165222,1.08783561736
1380,544.042175293,169.724853516,18.227596283,48.00573349,0.741275446489
1380,419.009887695,110.462623596,33.4708747864,99.5583190918,0.549169629812
1380,588.300048828,139.605941772,21.1543159485,53.9331626892,0.383625738323
1380,10.8848953247,175.107849121,23.0899600983,65.7857437134,0.120718753897
1410,602.122253418,153.734130859,26.4227600098,81.1714630127,99.0038692951
1410,574.677124023,164.145004272,23.7947483063,71.9653015137,95.026910305
1410,465.03125,165.266189575,16.9157886505,56.393371582,66.3391053677
1410,450.06338501,121.743469238,26.7759151459,99.1013183594,52.8625071049
1410,445.993286133,163.907943726,18.0452861786,51.6465568542,31.3715428114
1410,511.797576904,171.540542603,19.3346328735,49.7628288269,20.6946417689
1410,559.57208252,170.394821167,18.6793689728,51.8404121399,16.0243451595
1410,495.350097656,172.049697876,16.4915180206,42.4745826721,15.1570245624
1410,519.688659668,173.876586914,26.2771377563,63.323348999,4.03692387044
1410,532.860595703,149.209945679,20.9368858337,67.2750930786,3.62774804235
1410,71.7326889038,184.000610352,25.0607070923,63.9598884583,1.78104247898
1410,546.726745605,160.170120239,20.2526264191,57.7983512878,0.902359187603
1410,586.697387695,159.059341431,26.4575862885,71.3657150269,0.394297903404
1410,613.063049316,135.254684448,22.1176452637,70.5906219482,0.202740519308
1410,482.435302734,38.7280731201,22.0021381378,61.9024848938,0.188535114285
1410,485.663330078,163.609954834,16.9332771301,50.455581665,0.151612446643
1440,491.210449219,167.613220215,20.2281742096,55.9591827393,59.1739833355
1440,526.42010498,168.083999634,19.8163528442,47.676651001,56.9306433201
1440,575.546691895,167.344665527,27.2291240692,78.0756759644,54.2578697205
1440,470.691162109,161.948013306,21.2874622345,61.5140342712,53.9311528206
1440,135.367843628,204.716796875,22.9113445282,66.4271469116,7.50721693039
1440,15.5962600708,185.337203979,19.1416130066,47.1273040771,5.76576776803
1440,547.836730957,160.032058716,22.2727813721,71.810836792,5.12152053416
1440,409.154022217,280.51776123,20.7611293793,51.712688446,0.661348178983
1440,457.282958984,102.991668701,28.9467411041,118.130088806,0.55977110751
1440,169.356582642,117.912109375,19.4790306091,56.1183929443,0.279658241197
1440,418.993133545,289.699707031,22.0474834442,55.3704223633,0.275215948932
1440,467.326171875,85.2866439819,25.1548213959,73.5310974121,0.241729826666
1440,616.369689941,199.018051147,18.1042613983,48.5879821777,0.212017144077
1440,506.812866211,167.71647644,17.8072414398,49.6167793274,0.161441857927
1440,505.144256592,279.595275879,32.5582618713,69.5895843506,0.102756510023
1440,150.806854248,116.278747559,21.7039966583,64.0832901001,0.0256395782344
1440,543.588195801,42.4205131531,37.0072288513,115.077087402,0.00465203374915
1470,510.12487793,166.741592407,20.0652942657,58.806640625,93.3427095413
1470,536.743774414,164.504745483,24.0823745728,60.7219848633,81.7756056786
1470,571.78503418,164.973342896,21.4536571503,53.395324707,68.4976875782
1470,2.41271328926,255.680892944,27.123456955,89.3367233276,67.5161480904
1470,598.69909668,114.522499084,31.6278915405,101.411445618,63.8469874859
1470,596.822631836,160.491836548,18.3347949982,58.2007102966,11.3118186593
1470,553.257629395,165.192489624,24.1515598297,71.3332138062,6.35305792093
1470,581.168395996,140.736785889,25.7259616852,76.1226959229,4.30449359119
1470,109.525733948,94.3082351685,22.0402431488,56.6586647034,2.40182150155
1470,489.47177124,95.2554702759,32.8996315002,115.195106506,0.135230331216
1470,485.389068604,159.922546387,27.2327728271,67.5435791016,0.0531232857611
1470,65.8864212036,62.6263389587,24.4216060638,64.058807373,0.0115143448056
1470,148.300827026,75.0684127808,35.2137641907,85.707862854,0.00126610739244
1500,604.580505371,153.506851196,26.5094966888,72.4518203735,96.6108798981
1500,550.824279785,159.230300903,28.061088562,75.7215957642,75.7140576839
1500,518.20892334,85.2080917358,55.5959587097,147.994064331,14.3563017249
1500,621.524597168,159.920028687,16.8689632416,65.9920272827,10.6289833784
1500,545.965759277,198.933410645,29.0128803253,59.44298172,1.09131978825
1500,451.958648682,166.942367554,16.8401279449,47.4641532898,0.151882262435
1500,570.405395508,146.311950684,42.2394332886,78.5300750732,0.125981285237
1500,462.151763916,167.915328979,15.6409826279,41.2467193604,0.0674850714859
1500,510.74319458,188.178634644,18.3471374512,42.7816581726,0.045439627138
1530,492.505523682,164.131469727,19.3923397064,55.7903938293,94.6441113949
1530,617.311584473,155.298904419,16.8169269562,45.9684295654,15.2314484119
1530,589.89050293,32.3220214844,44.0130004883,143.078445435,11.4111371338
1530,454.098907471,167.282424927,16.2010822296,44.6491241455,10.3556111455
1530,35.8448638916,116.822242737,22.4675922394,58.2389030457,2.60549429804
1530,7.08408880234,190.448043823,17.676984787,51.7007484436,1.75857190043
1530,606.049682617,40.4259033203,21.5756072998,82.3585128784,1.19902193546
1530,465.768157959,170.211959839,20.3433494568,44.8431434631,0.998661946505
1530,541.389831543,191.223709106,20.9603061676,48.4448852539,0.689242966473
1530,603.898376465,203.057113647,21.7519168854,57.2498207092,0.425192760304
1530,207.011047363,157.490722656,32.8971710205,81.5203170776,0.32648278866
1530,619.146606445,44.754611969,19.1184082031,93.5199279785,0.316173047759
1530,613.485778809,165.859298706,26.0476531982,77.8333435059,0.305403233506
1530,553.520141602,197.269943237,17.770608902,44.6363067627,0.141254079062
1530,527.705688477,74.0867233276,19.3330001831,62.5774803162,0.0351150083588
1530,20.1003780365,111.663269043,29.4436244965,89.2029953003,0.032394984737
1530,49.2538337708,98.7745132446,21.3129825592,74.0316238403,0.0073867267929
1530,520.737548828,152.13899231,25.9206066132,66.764175415,0.000520680805494
1560,521.181152344,166.031295776,26.2654476166,60.0207557678,98.2553482056
1560,462.712005615,166.657501221,22.4144687653,53.262966156,26.2603551149
1560,511.781036377,163.077636719,19.2036571503,52.3193054199,1.39539176598
1560,90.7422714233,60.875957489,30.8332881927,71.6915054321,0.528688915074
1560,27.969291687,165.581420898,24.46027565,69.4255371094,0.186877383385
1560,302.440093994,179.450073242,33.5263824463,60.6759910583,0.0253078294918
1590,578.021179199,162.467178345,34.1446380615,78.3074798584,98.8772153854
1590,425.425292969,174.307113647,17.9164848328,47.1320228577,12.4578997493
1590,96.7314758301,208.267166138,25.7867050171,70.8378067017,9.24650728703
1590,475.490386963,168.902206421,19.3075237274,55.8089904785,3.35269905627
1590,129.237365723,170.459289551,20.2196331024,51.1881866455,2.47874557972
1590,599.809448242,169.024887085,22.1898956299,57.6346549988,1.43115948886
1590,435.723052979,167.766525269,18.1626567841,48.8935050964,1.2228586711
1590,118.311058044,171.179733276,18.3573989868,54.0674781799,0.840646866709
1590,7.87836313248,70.3927001953,20.0561618805,54.0621147156,0.462996400893
1590,147.967895508,134.457046509,21.9881038666,60.7670097351,0.0982390949503
1590,616.575744629,69.9173049927,17.4898929596,45.0143318176,0.0919611775316
1620,553.95703125,171.629562378,22.9102249146,45.6349830627,61.9583845139
1620,186.235671997,153.493835449,42.2886314392,98.6239929199,6.65092393756
1620,484.825805664,171.859725952,16.6190929413,52.0308876038,4.99794147909
1620,505.674804688,165.498703003,18.7997665405,58.4917564392,2.13517788798
1620,178.981887817,132.585449219,20.2753429413,59.4735069275,1.56553331763
1620,494.156005859,170.466751099,16.8521022797,49.1761169434,0.925940927118
1620,515.488830566,183.523971558,18.2647037506,50.1395759583,0.12078039581
1620,12.3352661133,40.6315727234,27.3202419281,99.5052871704,0.0016247982785
1650,492.742340088,181.718276978,16.8248233795,49.3562583923,7.86096379161
1650,611.535461426,175.378234863,20.3624095917,57.6152496338,6.49206787348
1650,515.543151855,175.583206177,18.9534187317,50.5159721375,3.367305547
1650,589.458862305,178.889602661,23.0334415436,66.559753418,2.79168114066
1650,604.534362793,200.052734375,23.0757541656,52.4261207581,2.17694044113
1650,579.057800293,179.234008789,18.8843803406,52.4599876404,0.501417834312
1650,543.682434082,179.581985474,18.4864063263,48.6480255127,0.468726782128
1650,161.202865601,201.750610352,25.6744842529,78.8102798462,0.170625455212
1650,615.704345703,226.567611694,17.9196453094,46.5027580261,0.166075653397
1650,556.568969727,188.86151123,21.489358902,47.7670593262,0.113088230137
1650,105.343261719,126.561073303,21.0118560791,48.2041473389,0.0904700136743
1650,569.683044434,195.759475708,18.8602714539,44.8058052063,0.0698375399224
1650,479.898712158,162.891601562,25.141708374,59.9075508118,0.0602974032518
1680,504.443206787,174.134658813,20.8175868988,58.2988700867,84.1875374317
1680,542.743591309,181.189315796,21.5075206757,60.7779960632,28.6451488733
1680,617.438476562,201.981704712,16.4102611542,43.042591095,9.29680615664
1680,605.51574707,297.33505249,29.2954120636,95.4326477051,6.64707571268
1680,479.238037109,180.602096558,16.9257183075,56.4334907532,5.6264564395
1680,104.503143311,175.860519409,19.0553455353,50.1141052246,1.79813988507
1680,608.899353027,187.167098999,19.5915260315,46.4307098389,1.46041447297
1680,489.401702881,179.090805054,16.8598842621,55.0714874268,1.28274047747
1680,519.842712402,172.796005249,21.6889438629,63.2471809387,1.17561398074
1680,535.171630859,181.738632202,16.1904907227,53.9413757324,0.856941379607
1680,130.124435425,171.766403198,21.0826759338,52.7989311218,0.549329770729
1680,555.346130371,184.094192505,19.3486709595,54.0152320862,0.386943528429
1680,8.61606884003,188.303665161,21.8100967407,50.915725708,0.177645066287
1680,568.196594238,186.213684082,20.415063858,49.2806434631,0.157240452245
1680,57.1517906189,123.851417542,33.9147415161,81.3984451294,0.153917632997
1680,31.224023819,226.618652344,28.3715438843,95.229637146,0.109298585448
1680,617.129333496,124.521492004,22.8706665039,60.8851318359,0.0576771970373
1680,586.065246582,197.221542358,19.2379283905,48.3382530212,0.0447446131147
1680,627.477600098,295.918365479,11.9932718277,50.8250007629,0.0251138175372
1710,486.253570557,181.798171997,17.9299602509,50.6453094482,38.2930248976
1710,517.092956543,170.954666138,27.4919586182,59.9308662415,25.8542597294
1710,89.359992981,181.830154419,22.2352695465,49.1779022217,8.0514408648
1710,535.585693359,225.275146484,25.3884067535,67.8327865601,4.31171357632
1710,501.510040283,176.108230591,17.7010612488,52.590259552,3.28562483191
1710,12.4780492783,169.478561401,26.3199539185,61.0299186707,1.38712171465
1710,622.357910156,291.15612793,17.6420898438,76.5076675415,0.253446632996
1710,464.642791748,84.7295532227,26.6268978119,85.2891845703,0.201626541093
1710,57.1594390869,178.325195312,23.9579029083,54.9625282288,0.0146435195347
1710,400.458374023,183.2162323,28.2070941925,60.48254776,0.00893375399755
1740,34.8306045532,183.646057129,21.2751197815,53.1773834229,0.98127387464
1770,106.147163391,157.819519043,21.2824573517,54.0355567932,10.2537371218
1770,512.999328613,151.320251465,28.8017730713,63.5908088684,0.034935225267
1800,569.219299316,131.065811157,40.1065101624,150.013656616,94.0512835979
1800,607.070007324,160.978088379,32.1191482544,105.99723053,88.130235672
1800,494.418426514,157.11026001,26.8915328979,84.7350082397,82.5674593449
1800,583.882507324,139.752792358,21.4709758759,74.7265548706,4.71787825227
1800,559.12487793,178.057327271,28.572435379,109.784828186,2.34027728438
1800,519.709106445,143.101898193,72.932762146,129.040176392,2.04117316753
1800,11.3089265823,151.005264282,20.1221103668,59.8461647034,1.98914445937
1800,542.536071777,149.242752075,19.4580669403,53.1689910889,0.534254405648
1800,615.452941895,243.732467651,18.5126934052,47.350894928,0.384834874421
1800,598.276672363,158.313369751,24.937746048,67.5698699951,0.3355440218
1800,624.902832031,165.241729736,13.7849912643,51.704044342,0.283334590495
