30,110.604217529,203.557449341,29.7318744659,84.7728881836,38.7710630894
30,488.289520264,189.827835083,21.0928516388,64.0571975708,11.4172518253
30,529.540771484,188.516769409,21.4770183563,74.7688598633,9.30464565754
30,575.338684082,146.405181885,16.4584178925,63.040222168,6.21124245226
30,497.667327881,158.846328735,37.3940925598,103.617622375,1.54768610373
30,573.681152344,298.792755127,20.5040874481,53.2114601135,1.12792104483
30,516.609130859,201.745666504,21.3821640015,64.027671814,0.843271892518
30,606.375183105,43.9519767761,25.4623394012,66.5264358521,0.740299280733
30,607.890686035,130.308425903,19.2328853607,62.5737419128,0.545180775225
30,364.734649658,39.6939659119,21.671541214,59.7906951904,0.305637042038
30,600.704956055,88.9336547852,21.1733074188,67.0898361206,0.149644282646
30,438.949554443,26.0686626434,22.3609390259,52.0879554749,0.000645576801617
30,487.277679443,38.7795448303,29.2389240265,72.2862930298,2.11537752648e-05
60,50.461315155,198.435928345,60.7513999939,103.0782547,33.239582181
60,542.707824707,185.854629517,24.3764705658,76.4389801025,24.6128380299
60,606.299560547,316.340118408,21.7778644562,53.119934082,5.69189302623
60,78.3601608276,210.698471069,25.2289066315,72.4553909302,5.22114373744
60,562.949279785,217.80682373,23.5368518829,59.6269798279,4.40302342176
60,557.534362793,167.805511475,50.3774452209,109.268531799,0.593236554414
60,96.9013748169,178.206192017,24.9202098846,75.2715759277,0.411293376237
60,527.137817383,191.09375,24.1139431,68.7976303101,0.318454322405
60,610.617980957,71.6806640625,19.2056694031,54.3060874939,0.0884767330717
60,616.454284668,240.063659668,16.5035572052,50.9421653748,0.0500626512803
60,553.542297363,226.351013184,20.3130626678,46.2584495544,0.0079157660366
60,367.747955322,32.2831001282,25.2956943512,63.6631469727,0.00591699936194
90,42.7133598328,202.588134766,32.4590301514,100.225982666,11.1917845905
90,562.863830566,175.064804077,28.6229114532,93.6912307739,9.03334617615
90,533.470031738,191.724777222,28.1814785004,64.2065887451,6.10017329454
90,608.308044434,168.947906494,23.4273605347,83.5660934448,1.09469881281
90,587.24786377,223.852706909,25.5321941376,60.1054382324,0.443567428738
90,616.283752441,71.9190139771,17.4347991943,54.0444488525,0.291974260472
90,63.0423164368,178.232116699,25.6214351654,80.5790176392,0.160683132708
90,137.461013794,190.205490112,32.0589256287,91.3064651489,0.151734333485
90,110.634727478,197.016601562,26.7720394135,95.2852172852,0.0518148648553
120,18.5532836914,203.786575317,39.2336616516,117.371734619,50.769919157
120,574.392028809,169.829162598,38.2995033264,112.288902283,8.01276937127
120,46.0606040955,186.570297241,24.9768447876,73.2611083984,7.63033404946
120,538.929748535,179.21081543,29.4076461792,83.6540908813,5.52073717117
120,612.125183105,235.737594604,22.1588115692,66.3424377441,3.9420556277
120,92.9213256836,219.421386719,29.2400684357,95.4450912476,1.40347126871
120,615.967773438,66.4289703369,17.1930236816,59.1170768738,0.159224821255
120,365.718353271,33.0972480774,21.1050357819,53.7222938538,0.0206548662391
150,13.1889600754,224.141967773,35.8644447327,108.074157715,24.7044116259
150,578.376586914,176.946350098,38.9362258911,118.248199463,10.4378953576
150,608.640136719,242.837478638,26.3946075439,78.1652603149,1.82200539857
150,627.205505371,262.077911377,12.7944946289,72.4929275513,0.908073503524
150,37.3813591003,194.300247192,27.0573825836,77.412361145,0.789075437933
150,63.6670341492,190.172866821,19.9990081787,56.5883483887,0.225451262668
150,609.524169922,57.7791862488,18.5724811554,65.539894104,0.213322369382
150,82.5658187866,191.884170532,35.4378318787,92.3289718628,0.0679776654579
180,9.49853610992,242.155471802,32.3726234436,102.838317871,50.6630420685
180,71.8697738647,203.171142578,43.6740684509,119.610839844,31.3770920038
180,577.824829102,185.539810181,39.6317710876,122.174560547,12.2314549983
180,614.861633301,261.191986084,21.6257686615,65.211151123,5.72496205568
180,600.508300781,63.0220031738,26.6076564789,71.2876205444,1.80645082146
180,40.2555198669,212.297485352,22.8775043488,77.6765060425,0.535957049578
180,616.362426758,96.334777832,18.8855838776,57.99477005,0.30851108022
180,24.7795410156,209.2368927,27.4675312042,97.8926010132,0.160144153051
180,59.0375404358,206.192672729,34.8305625916,80.5178909302,0.0180033923243
210,5.39686727524,234.886169434,34.7489967346,112.326255798,43.8606828451
210,28.3403625488,215.010986328,26.414068222,73.5297393799,2.40403562784
210,615.370910645,98.0024414062,18.6263713837,55.5121650696,0.517738144845
210,56.4398345947,202.690231323,23.671043396,58.4868583679,0.366906123236
210,75.9216384888,207.788986206,29.6667633057,82.3865280151,0.355681334622
210,623.534545898,256.511810303,16.4654541016,80.3221206665,0.289085903205
210,361.281005859,55.3234596252,25.9346103668,58.1766471863,0.199383567087
210,605.172485352,71.3802185059,20.6654567719,69.7381210327,0.115666270722
240,8.86378479004,195.942703247,32.7558021545,95.7654495239,7.96260982752
240,615.734313965,87.8112564087,17.5455875397,60.8177490234,0.704263383523
240,360.997161865,44.1338615417,22.114156723,53.7799568176,0.432975497097
240,61.4466209412,200.869567871,34.2221336365,93.8460617065,0.185915944166
240,447.935211182,29.2650814056,21.8901348114,55.3383483887,0.00769300822867
270,25.710767746,210.509094238,19.2114009857,50.8552742004,0.773637089878
270,616.747314453,70.7410125732,16.8717556,61.3222770691,0.300483242609
270,51.9414672852,203.815002441,27.3623046875,66.5244293213,0.0807413773146
270,363.873199463,45.8696594238,24.0376987457,61.6991119385,0.0101974699646
270,445.323364258,27.1926784515,24.2071228027,63.5454521179,0.00124011085063
300,20.4021644592,211.128372192,20.2719287872,52.8737297058,1.32108507678
300,67.7159347534,216.299316406,29.6728038788,94.4669799805,0.972007773817
300,33.5805625916,202.1353302,44.3605804443,74.7997131348,0.345811992884
330,23.5505771637,205.247360229,21.969078064,59.1511383057,1.42708588392
330,38.7673988342,201.152236938,39.9074859619,86.7319335938,1.34088452905
360,20.8667526245,201.511047363,21.535364151,63.4252624512,6.61620050669
360,43.6255912781,204.964904785,32.1773414612,73.4889602661,0.0103612852399
390,615.116210938,60.0973510742,15.2449522018,61.5314903259,4.39250841737
390,20.763010025,205.390304565,26.2208538055,58.6849555969,1.47432675585
390,47.1186180115,204.890884399,36.2945671082,108.919883728,0.346116255969
390,364.404052734,47.2869682312,22.9732532501,57.3933410645,0.0807282456663
420,22.6468257904,205.689468384,24.1873188019,58.4166679382,1.36895813048
420,618.839538574,96.7304458618,15.2180070877,59.6987876892,0.329969218001
420,364.786895752,49.1246948242,21.8345355988,53.3690643311,0.25452345144
420,449.63684082,29.9243869781,24.6700668335,56.7930717468,0.000620085847913
450,522.989868164,217.344161987,27.2280254364,79.0991592407,6.02205321193
450,22.0456466675,202.381225586,27.0092525482,63.9241600037,1.76893528551
450,48.9640083313,206.574890137,33.9990234375,101.37474823,1.04158632457
450,534.720153809,201.662918091,20.5905017853,57.5014152527,0.0628225388937
480,33.7505683899,212.245300293,51.5331687927,124.030792236,0.696098618209
480,617.691467285,100.988502502,15.8588867188,62.4651832581,0.284209079109
480,364.609222412,64.7541503906,23.2934951782,57.3272666931,0.119415717199
480,514.00201416,194.428771973,23.198469162,71.0177307129,0.0497964269016
510,22.3446655273,208.935501099,24.1941833496,65.5488357544,7.48608484864
510,360.92489624,61.8275947571,21.6230926514,56.1148033142,1.10300965607
510,50.0126533508,216.577575684,27.4400920868,81.7630996704,0.810210499913
510,618.075378418,102.339904785,15.5863723755,60.0904579163,0.373970693909
510,610.812072754,255.734924316,20.6842250824,65.7855606079,0.258791819215
510,373.572753906,36.8623390198,29.5811080933,69.838722229,0.235405913554
540,615.42956543,218.652587891,17.9945487976,55.5411186218,1.19589539245
540,374.961456299,33.0558280945,30.2163105011,76.0834503174,0.325543922372
540,617.653564453,100.08795929,17.5583629608,58.1436958313,0.304344738834
540,358.679290771,61.0963935852,24.6575698853,60.171672821,0.016486615641
570,627.054931641,94.7406387329,12.9450683594,53.8199577332,0.211749598384
570,370.373809814,35.6725349426,33.3331031799,70.2271347046,0.20044662524
570,13.4071540833,229.786331177,37.6449356079,135.576400757,0.143295107409
600,12.1571531296,200.692703247,22.144235611,72.9117431641,0.180750119034
600,372.112213135,32.707988739,37.2623939514,81.9989242554,0.00788223987911
660,15.5391616821,189.47328186,22.6852169037,63.1062507629,0.596699677408
690,607.904663086,79.5188751221,22.2312469482,67.4560241699,1.31644960493
690,104.671142578,201.02507019,37.3692359924,112.380607605,0.516760116443
720,615.93963623,81.7240219116,17.7161617279,58.3362579346,0.356760248542
750,610.998474121,101.593971252,20.6434612274,60.3548469543,1.80004425347
750,613.97857666,26.1025238037,21.6344738007,48.5190849304,1.57885526875e-06
780,612.574035645,92.9151916504,20.4150066376,77.4358139038,2.25460212678
780,614.163269043,28.0884552002,20.4027614594,43.2406921387,1.27701837993e-07
810,613.668518066,87.9205245972,19.7270545959,82.5607681274,0.682352203876
810,440.675567627,391.493652344,21.3531475067,44.7549324036,0.290698092431
810,615.595825195,27.1161365509,18.9372253418,47.7793006897,0.00136741673487
840,611.285644531,107.634101868,20.0794525146,61.2015190125,4.07502762973
840,78.0043945312,225.212890625,18.9584598541,48.7032279968,0.942592509091
840,20.8815307617,216.359268188,34.5802955627,62.0879249573,0.161151157226
840,615.042541504,27.5798721313,20.4243202209,48.6413841248,0.00223293427553
870,614.851989746,105.464622498,18.0955963135,59.1546134949,0.731318211183
870,615.330627441,26.9945983887,20.1616535187,48.7358703613,0.00282955188595
900,12.8213357925,222.811508179,23.8371257782,56.4619026184,0.820754654706
900,614.565063477,104.546691895,18.1786460876,58.0260734558,0.737028056756
900,440.718353271,394.166870117,21.2252483368,45.847278595,0.083610607544
900,615.382385254,26.474943161,19.8180828094,47.7987518311,0.00157672257046
930,612.443237305,94.6911315918,21.2461681366,84.0026626587,0.611107936129
930,439.826080322,393.79196167,22.4721927643,45.2528991699,0.0339469173923
960,614.670349121,104.770385742,18.0083694458,57.1447105408,1.37892700732
960,576.012878418,194.532592773,19.7213687897,48.2506523132,1.3757865876
960,21.9592914581,218.216796875,31.3858852386,60.9061927795,0.829658377916
960,443.909301758,388.441802979,21.9462509155,46.4871330261,0.0515092804562
960,615.304016113,29.4212665558,19.4560966492,46.2542457581,6.75697719998e-06
990,569.205627441,195.060012817,20.360200882,48.8970794678,17.7879452705
990,610.839294434,107.011955261,20.1420650482,60.9786949158,2.10476797074
990,440.169342041,391.548858643,22.6633586884,45.0127296448,0.0170114391949
990,615.713378906,26.0859584808,19.3009548187,48.3310546875,0.00451817504654
1020,616.075073242,93.9562683105,17.8154010773,57.3563690186,0.483744358644
1020,440.266998291,393.25479126,22.157119751,44.9253349304,0.0175957757165
1020,615.218139648,30.2965755463,20.000421524,46.8582344055,2.86298380558e-06
1050,568.211730957,194.605163574,20.4220104218,48.9946136475,34.7823023796
1050,612.671875,90.793800354,21.0088615417,82.4078216553,0.73680812493
1050,444.371826172,392.482055664,22.1575927734,48.2087097168,0.0468359008664
1050,614.803833008,30.537727356,20.3958511353,48.0665550232,1.80948998008e-06
1080,611.626647949,100.14074707,20.1787281036,60.4182434082,1.2142884545
1080,439.843505859,394.909545898,22.5063171387,43.9348716736,0.0226864198339
1080,615.552062988,27.3011779785,19.8925609589,50.7933349609,0.00174733468157
1110,613.428039551,94.8114929199,20.8233737946,75.957862854,1.21136447415
1110,615.519104004,29.579126358,19.9585952759,45.860912323,4.49855548368e-06
1140,615.187011719,111.393554688,18.2277431488,59.2849235535,1.69370491058
1140,615.560119629,26.5777130127,19.3700675964,48.7604866028,0.00128121009766
1170,566.828063965,189.261245728,23.4336528778,53.4244384766,26.5199840069
1170,615.212524414,105.684143066,17.3455638885,56.4954109192,1.28447636962
1200,567.245849609,191.317077637,23.0542430878,52.4991455078,8.93097519875
1200,612.612121582,91.0899658203,21.0716781616,83.4137496948,0.880291871727
1200,444.12411499,389.907562256,23.7573547363,48.1316375732,0.0189521888387
1200,615.382507324,27.4162082672,19.9734954834,47.7910346985,0.00138467239594
1230,615.051940918,29.9336986542,20.2371196747,46.1803855896,2.50109994937e-06
1260,615.469665527,92.1383666992,18.3223896027,57.9117927551,0.524580525234
1260,615.225952148,29.4625854492,20.0449542999,46.7804679871,2.75607892064e-06
1290,614.853210449,92.674949646,19.249414444,78.7950134277,0.520735792816
1290,19.2444057465,216.000045776,36.1793022156,64.7776794434,0.129391881637
1290,615.015441895,30.7860736847,20.5224132538,46.7326202393,1.40957894246e-06
1320,567.883300781,193.710250854,21.3422088623,50.5740356445,37.0965451002
1320,538.413879395,187.557510376,19.4181652069,57.4984016418,2.51286569983
1320,614.59161377,104.053077698,18.7477855682,57.5039215088,0.895188096911
1320,502.872558594,183.265213013,32.6687431335,67.3743515015,0.00427912164014
1320,615.405456543,27.5387477875,20.2688121796,47.8435554504,0.000678506285112
1350,14.3061590195,223.637374878,19.9539356232,56.1795921326,2.3392541334
1350,615.031494141,103.229034424,18.3907833099,59.5677146912,0.49137971364
1350,439.926544189,391.272674561,23.3559589386,46.3171195984,0.026118758251
1350,614.951965332,31.1947689056,20.9036140442,47.3434753418,1.05478488166e-06
1380,568.873291016,193.500915527,20.9694480896,50.9658050537,18.4915170074
1380,610.758728027,106.494445801,20.6158599854,61.644733429,2.56064962596
1380,15.477809906,210.823867798,31.3707351685,67.7444839478,1.82754956186
1380,443.60043335,389.308807373,23.3545780182,47.8987998962,0.019594701007
1380,614.988220215,30.2455673218,20.2400169373,47.3855133057,2.17254765289e-06
1410,560.243591309,188.411209106,19.8694000244,55.355178833,7.89658352733
1410,571.041870117,193.841491699,20.8681926727,47.0213737488,2.19720955938
1410,550.02355957,191.91368103,19.1751613617,54.6763267517,1.43213216215
1410,614.182556152,105.14780426,18.3609447479,56.1044464111,1.16798467934
1410,17.9839954376,218.092712402,25.6202449799,59.8201904297,0.808138400316
1410,599.979125977,190.472549438,18.7901172638,51.4194068909,0.211432459764
1410,440.073364258,394.492095947,22.0410671234,42.8697547913,0.0228287273785
1410,615.173400879,30.3008937836,20.1200504303,47.0052909851,1.65279665509e-06
1440,15.0204668045,216.991897583,21.1661319733,62.6481819153,3.77401784062
1440,610.788635254,107.917938232,21.111333847,59.8900718689,2.1082945168
1440,615.195861816,30.7664031982,20.4184494019,47.7350158691,1.42009790594e-06
1470,614.204711914,89.1452865601,19.6208515167,77.1623916626,0.336760049686
1470,614.804138184,29.8946075439,20.8071041107,46.6696968079,1.92076576866e-06
1500,568.089904785,195.13041687,20.9039993286,49.539478302,56.9674193859
1500,614.864074707,104.475517273,18.2436199188,58.3399848938,1.14356763661
1500,444.036132812,390.384368896,23.0613250732,48.0472221375,0.0415792543208
1500,615.215209961,27.9705657959,20.1541690826,48.0698356628,0.0016889653125
1530,568.737182617,194.947265625,21.3383560181,49.2883338928,15.1059240103
1530,614.647155762,103.89931488,18.1879997253,59.0974693298,1.56579986215
1530,440.251098633,391.475311279,22.0539932251,47.5254707336,0.0386880448787
1530,615.078674316,30.1778564453,20.4115123749,48.1186027527,1.24351613451e-06
1560,566.225341797,193.047164917,23.1799068451,50.9976081848,5.57606779039
1560,613.422424316,94.0966491699,19.8040218353,82.9215316772,1.26251811162
1560,444.749267578,399.522369385,23.4941730499,46.7279396057,0.00382456528314
1560,615.346191406,30.3612289429,19.635887146,46.0645713806,3.04206118074e-06
1590,563.270202637,192.146362305,22.0485134125,50.2455482483,4.27389033139
1590,613.618286133,93.937828064,20.0187397003,79.9253005981,1.27036543563
1590,615.119873047,30.2654895782,19.5990047455,46.1939430237,3.92872330224e-06
1620,572.842590332,201.225769043,19.4656715393,46.2773323059,4.4754087925
1620,615.314758301,118.764823914,18.6159267426,62.997959137,2.80651319772
1620,615.578308105,23.8987369537,17.6765003204,45.4435539246,0.0310581788654
1650,614.240783691,35.2132911682,21.1352272034,69.50831604,9.67012196779
1650,380.712982178,70.7990951538,22.9560165405,55.5435142517,1.30214244127
1650,606.669921875,219.338607788,24.9818935394,56.4071502686,0.744390115142
1650,132.396652222,224.758499146,18.9643478394,60.4504356384,0.729265296832
1650,626.18170166,37.5512886047,13.8182983398,49.41664505,0.279105920345
1650,370.124786377,78.0842590332,17.9923152924,51.3470306396,0.192073453218
1650,560.88848877,351.999420166,27.0428524017,54.0651283264,0.0535254424904
1650,545.012756348,338.586517334,24.3357486725,55.6644248962,0.0424126745202
1650,204.610229492,230.33354187,28.1755046844,76.7886047363,0.0133728695801
1680,604.392456055,194.884155273,28.4429264069,87.9736938477,16.8574646115
1680,9.38042831421,222.798217773,24.6485366821,59.5888710022,0.836747605354
1680,616.52166748,261.259613037,17.0218715668,60.3427009583,0.402622902766
1680,34.6388206482,226.249099731,37.8083343506,122.315612793,0.19803843461
1680,626.072692871,210.094787598,13.7617006302,54.3182373047,0.196494394913
1680,545.614074707,219.090942383,33.0302810669,105.552055359,0.00941119214986
1710,25.6544647217,215.976318359,54.4941520691,142.922225952,40.9924715757
1710,44.2524261475,246.721542358,26.9654407501,77.5473327637,2.5912322104
1710,596.013305664,213.885452271,25.3981266022,74.7959213257,2.35724411905
1710,54.5416564941,210.394577026,32.6808052063,87.2325515747,0.403544073924
1710,374.943969727,68.5596847534,26.3795471191,70.247718811,0.0701112556271
1740,447.757171631,223.535202026,32.7769699097,70.9219894409,6.26849904656
1740,333.383636475,250.596176147,22.0359191895,48.3084449768,4.5631904155
1740,379.099853516,58.4621276855,20.4648265839,51.2423706055,3.18200625479
1740,228.603500366,27.7455921173,24.2633113861,58.2943382263,1.2367868796
1740,166.644790649,245.343154907,26.2830142975,59.8517112732,1.20433475822
1740,394.046875,246.29649353,20.9749393463,51.9562034607,0.359228043817
1740,506.72567749,98.9400405884,32.3915519714,85.4343185425,0.342875556089
1740,124.456451416,251.315719604,27.1637172699,55.39894104,0.207369914278
1740,84.1070175171,155.88684082,33.3887023926,109.613739014,0.181154964957
1740,146.343475342,178.08039856,26.9551944733,82.4712524414,0.0449511251645
1770,446.505218506,217.589187622,21.0546779633,56.0469932556,5.62359504402
1770,206.361877441,151.820495605,31.4466075897,68.3187637329,1.97126697749
1770,167.193786621,172.554748535,26.0685596466,67.6007080078,1.28701133654
1770,427.657318115,80.1224441528,24.8674373627,65.0002288818,0.91344891116
1770,337.434020996,109.279541016,39.9021263123,101.025138855,0.610562413931
1770,269.257995605,118.207389832,23.0789775848,73.0555801392,0.417361967266
1770,58.680393219,121.890991211,29.4169006348,77.3327331543,0.362529209815
1770,279.938751221,109.652046204,36.3003616333,88.7138900757,0.242423079908
1770,333.461608887,45.8586463928,23.3698272705,55.3879814148,0.222294451669
1770,256.601348877,107.164039612,24.7996082306,67.3750839233,0.158446189016
1770,433.835693359,23.5535583496,36.3980331421,99.2166137695,0.134852924384
1770,411.658660889,48.0117797852,34.5433311462,71.6578445435,0.13071980793
1770,37.3992195129,121.190727234,28.038482666,78.7176513672,0.111279427074
1770,346.043365479,40.1487197876,32.7535514832,66.2353668213,0.086519762408
1770,374.895904541,39.0346794128,34.6900978088,64.696434021,0.0525982468389
1770,59.994884491,177.634597778,28.1411457062,78.8928070068,0.0406023493269
1770,313.137176514,31.2483386993,31.0861568451,64.3648757935,0.00245718165388
1800,138.720321655,245.234970093,33.2110328674,61.7931976318,54.2037785053
1830,571.383361816,166.622756958,25.39594841,68.9362945557,22.6896256208
1830,599.652648926,142.226699829,25.4993743896,78.5404052734,1.51171945035
1830,616.666503906,210.632064819,14.622051239,53.5034294128,1.08023304492
1830,585.773986816,145.79006958,26.9052753448,95.4653930664,0.966905709356
1830,612.207214355,45.9079399109,18.3930778503,50.0172767639,0.659482413903
1830,208.343093872,39.0457267761,22.9521274567,52.7978820801,0.592225603759
1830,607.860900879,66.0208206177,24.961648941,69.8206253052,0.340683781542
1830,328.863616943,164.884017944,21.2031497955,56.5070075989,0.165915826801
