30,538.942077637,180.459823608,26.2768802643,56.7611846924,69.6746647358
30,601.356994629,143.257019043,27.6145458221,109.157234192,49.2666333914
30,519.04107666,183.237426758,25.0710735321,67.1529083252,10.3239931166
30,505.975219727,186.801986694,22.704000473,68.0351638794,7.9403758049
30,612.926574707,164.386306763,19.9027004242,56.3784065247,4.36693690717
30,30.4457607269,182.536117554,19.0246124268,49.1207122803,3.85929048061
30,40.1578598022,158.155303955,25.7371673584,73.4839477539,3.7959318608
30,581.280395508,158.322998047,29.1645298004,101.071372986,0.98968995735
30,154.291702271,170.522476196,16.6899929047,55.0664329529,0.289264367893
30,170.460403442,176.719314575,17.5218982697,53.0662117004,0.209987629205
30,607.211181641,73.9740829468,25.9097080231,85.1508178711,0.0695055932738
30,143.847000122,175.395523071,17.6886672974,52.2880554199,0.0625099113677
30,553.666687012,173.019958496,23.8681945801,58.3105964661,0.0528615200892
60,8.30343151093,179.914321899,19.4584922791,61.3877906799,87.9494488239
60,600.498840332,180.031417847,21.5684585571,57.2981262207,82.5386703014
60,590.10760498,182.48777771,17.5407028198,57.1657142639,7.27436244488
60,482.400756836,183.106079102,18.2180404663,39.0489387512,5.65368309617
60,616.120239258,188.935501099,16.5686302185,49.1094474792,3.27243097126
60,125.741882324,175.159729004,19.2013988495,53.3075866699,3.17057780921
60,24.7941913605,180.265731812,20.0373573303,61.0888404846,2.2140936926
60,563.849243164,174.688583374,17.5604801178,44.6519470215,1.58752519637
60,103.485748291,177.749099731,20.6245441437,54.7405586243,0.937157031149
60,88.4349899292,174.331253052,23.6759357452,59.0275917053,0.203430745751
60,602.162719727,114.224433899,26.2702255249,74.7956314087,0.0671220012009
60,568.084106445,31.9357452393,26.2244567871,79.3358688354,0.00367023858416
90,547.091003418,176.93522644,21.5921173096,49.0967521667,96.701592207
90,102.263763428,187.297622681,18.242389679,46.8793144226,5.17320260406
90,469.422454834,175.477218628,17.5242843628,49.0451469421,2.51611415297
90,559.526123047,168.064620972,16.7249698639,51.1678314209,2.04859543592
90,570.360290527,169.112182617,16.3095626831,46.6730499268,0.402574939653
90,158.585647583,171.725158691,17.1192703247,48.5906410217,0.376849062741
90,113.569404602,181.458053589,18.6892223358,47.363494873,0.340988300741
90,529.428649902,176.111572266,16.8699951172,42.3587188721,0.185425649397
90,9.95594024658,53.1287841797,16.8922176361,51.1467247009,0.0582292384934
90,563.417724609,91.2331237793,21.7655849457,56.6724243164,0.0378009281121
120,42.3758201599,178.549118042,19.5655879974,54.9304504395,39.80666399
120,55.1323051453,173.919494629,20.2130661011,59.0346946716,3.56835499406
120,28.6896572113,183.381713867,21.3308677673,53.0982666016,2.20457911491
120,456.63772583,183.609191895,25.2099075317,50.9004058838,0.727763120085
120,75.3873138428,179.344070435,17.9385890961,52.7319488525,0.441362150013
120,608.112915039,174.578994751,18.6592197418,47.2977752686,0.421420997009
150,11.2063789368,177.896377563,17.1912460327,48.5670051575,3.70201058686
150,37.5258026123,180.574584961,18.8483257294,48.9645347595,2.65286359936
150,21.191652298,177.344284058,23.1745891571,47.2865104675,0.558526208624
150,375.399780273,170.95085144,21.6559276581,62.0043525696,0.376031594351
180,13.9256467819,187.149581909,21.2790927887,52.7768821716,5.67229092121
180,135.140533447,155.650695801,20.0152568817,62.9220314026,3.78572717309
180,28.5294895172,187.43132019,18.3145656586,46.0178413391,1.80921331048
180,110.282501221,182.98588562,19.1242160797,44.6057434082,1.34615562856
180,169.01399231,166.363647461,19.3149700165,53.1248474121,0.994319934398
180,124.113616943,168.098892212,20.1099796295,54.8048400879,0.835089664906
210,81.3980331421,144.425521851,27.0518035889,90.3369979858,18.5545682907
210,504.317016602,155.674301147,51.4117393494,121.333770752,14.0078485012
210,72.887298584,181.293106079,19.3170909882,53.25182724,12.9819452763
210,575.217651367,178.817016602,23.7910861969,58.3684692383,3.38061340153
210,594.581726074,188.156311035,20.1918087006,51.5898780823,2.34862193465
210,518.492126465,186.747268677,22.8703536987,64.1640090942,1.12926112488
210,615.901794434,191.527786255,18.2479457855,48.1227149963,0.865774322301
210,60.8513183594,179.053222656,19.3671283722,50.4553413391,0.792775675654
210,606.112365723,202.401504517,19.0882320404,43.8665351868,0.0385602383176
210,6.95801734924,89.2364120483,18.3943138123,80.6303939819,0.0259828491835
210,177.50579834,172.558044434,21.3262691498,51.2496376038,0.0117500865599
240,42.1695976257,185.565505981,18.7163276672,54.1986503601,0.975469779223
240,591.577148438,58.8003883362,39.9959793091,115.119621277,0.44004721567
240,615.442321777,195.25213623,16.3016643524,47.4237365723,0.347854103893
240,579.519348145,178.621078491,20.8986473083,64.391960144,0.219711498357
240,9.17125797272,58.1003112793,30.7997570038,84.5527496338,0.00364812512998
270,17.2975940704,165.663070679,21.7319507599,69.5288238525,0.740060349926
300,72.5940475464,183.647293091,19.6371822357,49.4652748108,3.51890362799
300,373.872558594,165.267715454,25.9168071747,69.0413513184,2.25384496152
300,11.6218194962,177.676513672,29.7571029663,66.044631958,2.13159844279
300,538.414611816,146.464309692,29.3882751465,81.461265564,1.46069712937
300,93.6949081421,183.213485718,18.8474521637,42.297328949,0.219609634951
300,458.489654541,140.050765991,21.70195961,70.0410995483,0.0465420424007
330,156.715164185,172.724243164,18.2748641968,56.7296333313,33.5580140352
330,37.6535987854,182.951919556,18.9352893829,47.1324768066,1.90747473389
330,103.194824219,186.178283691,17.291513443,43.480556488,0.934471841902
330,19.6716213226,188.412643433,19.9441337585,47.3291168213,0.700721517205
330,471.546295166,193.15486145,34.3663711548,85.4524307251,0.0494621868711
330,616.318786621,238.048461914,17.3902111053,60.4620170593,0.0400141696446
330,50.8881034851,190.901077271,19.5294647217,42.5760536194,0.0202330949833
360,130.70401001,166.115646362,20.3526268005,57.8401222229,12.431011349
360,435.159881592,163.442474365,18.232416153,50.3592720032,3.74535620213
360,457.428222656,118.311561584,21.8226394653,63.5132026672,1.56138390303
360,151.924102783,153.164794922,22.7023086548,63.6894645691,0.974985025823
360,484.022003174,90.5514526367,25.1456241608,64.0594558716,0.0819467008114
360,471.312011719,97.9918823242,29.4904651642,98.2045211792,0.00579652441957
390,9.54757213593,184.561035156,19.5859413147,48.419467926,25.4967749119
390,503.677612305,76.948387146,21.8873500824,71.4700469971,4.03808765113
390,32.2832069397,392.764251709,23.1181869507,59.5073432922,3.4489762038
390,513.677001953,127.597465515,20.061706543,65.5975418091,3.10762785375
390,487.35925293,80.0678100586,19.6968326569,62.7993774414,0.981593318284
390,94.7875595093,174.183547974,18.9873085022,51.1810798645,0.867692567408
390,476.08493042,111.909950256,20.7372741699,64.0717849731,0.825811177492
390,162.609390259,157.023330688,23.0732727051,59.2367095947,0.452078972012
390,498.100982666,114.296173096,25.9286632538,82.1064224243,0.288487272337
390,448.217010498,157.257583618,19.0583686829,48.4388923645,0.251493230462
420,525.791809082,104.850975037,20.3890323639,64.6177749634,5.67326582968
420,468.254486084,150.115066528,22.6350708008,59.7315177917,5.66450096667
420,563.551269531,135.611099243,18.5083827972,59.8950767517,0.28488850221
420,136.945449829,332.674072266,33.1313285828,59.8155975342,0.148547335993
420,615.597900391,290.219024658,17.5531253815,46.9341011047,0.117766368203
420,182.941360474,298.179321289,30.5915088654,65.12865448,0.0426333805081
450,509.812286377,111.525764465,25.0328540802,94.5337295532,67.6724731922
450,138.892379761,157.654556274,23.9463882446,58.6708068848,39.6183848381
450,17.5881748199,363.436645508,23.7202453613,68.4250717163,4.09851595759
450,126.348594666,157.465209961,20.4856281281,59.8578338623,2.77451630682
450,156.245346069,160.793395996,17.4437961578,53.2993202209,0.812389981002
450,479.777008057,169.45765686,24.1008586884,57.4618988037,0.264341640286
450,378.132110596,176.602218628,19.1409435272,43.7544136047,0.0382902275305
480,535.808654785,164.170944214,21.3317737579,52.3030738831,56.0936570168
480,517.070068359,164.767379761,35.658203125,79.6238021851,17.6268085837
480,406.662445068,151.264022827,17.981508255,64.9130859375,5.14552295208
480,83.7516098022,153.893173218,20.0112762451,55.8694000244,1.36915938929
480,609.195617676,62.1492729187,18.7653827667,57.3393554688,1.34405065328
480,67.7282485962,152.229232788,24.3126678467,60.2823829651,0.643699849024
480,110.501792908,165.108139038,17.6234874725,46.4932975769,0.51189456135
480,95.3834533691,158.141311646,20.1317539215,53.2571296692,0.38788751699
480,554.547241211,170.653320312,14.1197195053,43.6218719482,0.0778602494393
480,393.266204834,161.254165649,18.6733436584,55.7492790222,0.0320518214721
510,529.092224121,180.218688965,24.4032230377,74.031288147,10.7490420341
510,30.7505512238,133.591598511,29.348657608,79.0221939087,8.06416496634
510,601.600769043,75.8692245483,23.9813022614,66.4661941528,4.4866874814
510,548.351013184,205.466445923,78.236579895,150.749420166,3.78981791437
510,15.9149866104,139.107772827,24.5478038788,80.8210067749,1.41389574856
510,50.054901123,164.436935425,19.737154007,50.7212371826,0.444124964997
510,403.563812256,164.866256714,26.9607524872,57.4441642761,0.297175650485
510,62.7359886169,172.061080933,17.9335536957,44.1891288757,0.205135880969
510,421.411254883,152.214538574,27.1044769287,76.6696853638,0.0697382434737
510,565.288391113,107.063285828,30.5216426849,76.3631210327,0.0411756976973
510,509.560913086,105.080024719,27.325006485,70.0110702515,0.034344434971
540,10.4924354553,182.456802368,17.9944934845,49.9748954773,1.26102836803
540,434.493408203,138.564834595,27.8080768585,87.301399231,0.465303333476
540,447.827423096,185.945236206,22.5142669678,63.0194206238,0.183515180834
540,22.6605396271,187.284851074,20.133687973,43.5126533508,0.166025350336
540,241.683776855,279.77255249,23.5003414154,55.4708518982,0.129997206386
540,537.192687988,209.297790527,34.8746833801,92.7995529175,0.0729428778868
570,522.489685059,170.573776245,22.991815567,65.0687255859,96.8969464302
570,571.699645996,220.3021698,31.9912319183,97.8010482788,27.5691062212
570,543.844177246,168.314697266,17.7396640778,49.7032165527,3.57651598752
570,590.843444824,216.636108398,36.9127998352,97.0802078247,1.4120827429
570,395.658691406,174.940917969,25.1415863037,58.2716026306,0.0891658593901
600,620.575805664,163.41204834,19.4241943359,74.6500778198,34.6923589706
600,415.520111084,179.828842163,23.9735240936,58.8943138123,15.2078554034
600,194.119750977,168.216201782,17.3825378418,42.4126930237,2.17320155352
600,213.006668091,169.555252075,16.7910461426,36.6215858459,1.75739228725
600,490.263214111,101.612335205,27.87541008,74.5157852173,0.132512301207
600,589.960632324,107.27532196,26.0779972076,57.6788597107,0.0695364840794
600,615.342590332,90.1837692261,19.2944278717,69.0282821655,0.0233773884247
600,428.629394531,172.362976074,30.5002975464,78.7080612183,0.0207587261684
630,203.883255005,166.929916382,16.5458202362,37.8434867859,41.6648238897
630,176.405700684,171.629318237,17.2792510986,40.9062232971,4.77050580084
630,30.1522464752,184.117324829,21.3065052032,39.2712936401,3.39169353247
630,9.7273683548,180.056472778,14.1234617233,52.4871940613,0.955939758569
630,48.4934043884,174.718078613,17.2407016754,44.8405456543,0.467525189742
630,190.028030396,172.282577515,16.1535205841,38.3642349243,0.388857908547
630,484.100311279,207.93006897,29.6837615967,69.2880935669,0.359843531623
660,574.808532715,176.955459595,20.7362384796,50.7998390198,16.941601038
660,164.791488647,159.991958618,20.1539916992,51.4427833557,12.9584059119
660,222.800109863,137.52154541,24.2999134064,69.4018249512,6.04099743068
660,504.922241211,129.897399902,28.5619258881,101.690605164,3.54743376374
660,395.933349609,176.400680542,26.6701507568,62.0172729492,2.66755893826
660,382.220306396,180.299636841,20.7962551117,51.1076469421,2.37824004143
660,179.021865845,165.014358521,17.5662727356,42.9740486145,0.640743970871
660,154.929473877,166.397384644,17.6478176117,45.4585227966,0.354784028605
690,146.34815979,157.551834106,18.0536460876,55.4739685059,1.35789969936
690,392.18850708,170.328369141,18.2897396088,57.0868034363,0.554373720661
690,543.347839355,132.553787231,24.3414363861,69.0932846069,0.534106139094
690,378.37387085,170.19128418,18.8101558685,55.5186767578,0.1223775791
690,441.730957031,160.471740723,34.406337738,99.0466690063,0.0304340268485
690,405.555084229,179.661758423,27.4362621307,59.6700134277,0.0301995489281
720,585.992248535,233.239990234,37.1573219299,121.881469727,28.8280904293
720,29.0756587982,192.101806641,24.4081287384,42.494052887,1.59933362156
720,125.019584656,158.668228149,20.156835556,60.6955833435,0.39783641696
720,4.26387262344,127.978126526,23.3822994232,80.761390686,0.0285096728476
750,507.207977295,193.609970093,39.5176353455,108.783149719,57.8755915165
750,135.43661499,166.721542358,19.770406723,49.4372558594,3.68181727827
750,12.6177015305,166.705856323,21.4564819336,63.3210296631,3.67814190686
750,540.121887207,364.232879639,23.2824230194,50.1244773865,0.162274460308
750,616.208251953,286.222686768,16.6747169495,46.7647743225,0.128636974841
750,578.627502441,257.06729126,27.8263950348,75.9685592651,0.127939763479
780,614.936584473,163.763061523,21.378534317,63.1412773132,54.6726405621
780,60.9870605469,162.346115112,20.3784809113,57.418056488,2.66105309129
780,436.663909912,173.55480957,33.0609855652,80.8037261963,2.60386858135
780,73.6775894165,164.922729492,18.3608608246,51.435333252,1.67233701795
780,50.9454498291,174.31427002,19.8746070862,51.2293663025,0.545790232718
780,496.442840576,98.9282455444,27.5612430573,74.803314209,0.444299820811
780,467.000335693,118.778198242,30.1056976318,83.8283615112,0.411740737036
780,80.9638595581,151.902359009,26.9193019867,58.7935066223,0.381033984013
780,417.69442749,187.960037231,24.0059528351,57.7136878967,0.26944631245
780,443.034515381,141.916488647,25.1723175049,64.5867767334,0.149688124657
780,627.081054688,158.336853027,12.088971138,45.5900878906,0.147239211947
780,621.418151855,117.460151672,18.5818481445,60.8333740234,0.00879137805896
810,6.02838277817,176.847351074,27.0488128662,79.5024032593,4.31200154126
810,24.2169647217,297.047332764,27.9968738556,71.8075256348,0.947614759207
810,616.454162598,129.21484375,19.3508167267,53.4910774231,0.472701946273
810,410.380401611,177.81791687,20.198141098,58.5316467285,0.411375425756
810,28.6757564545,136.291061401,27.2519302368,88.3615722656,0.256088143215
810,605.525085449,147.992126465,25.8115005493,72.9263839722,0.144854781684
810,520.113342285,110.368499756,28.6032848358,72.7441558838,0.00477757312183
840,397.601593018,180.334350586,22.8040866852,56.7109222412,0.63004991971
840,552.858215332,235.008926392,31.3526763916,102.066802979,0.200507813133
840,562.934143066,135.089752197,21.7940349579,71.7167739868,0.147967785597
840,11.8946580887,228.333496094,30.2469997406,59.2177619934,0.0379302480724
870,419.163360596,177.033279419,26.2056827545,74.4969711304,1.67009476572
870,627.499633789,263.694793701,12.5003662109,50.1078681946,1.4441145584
870,619.414306641,174.909362793,20.3119373322,72.6230316162,1.34685868397
870,151.696868896,157.140518188,20.1870288849,50.5641059875,0.898292753845
870,626.581604004,228.382858276,13.4183959961,48.7801361084,0.221408461221
870,605.796325684,100.48664093,29.1648769379,81.4021682739,0.0334898359142
870,581.849121094,81.5051498413,35.318321228,112.93862915,0.0154548353748
870,189.27166748,404.012664795,24.2257404327,54.6970176697,0.00420856813435
900,50.9077110291,233.66065979,28.7463512421,84.8799667358,51.9594430923
900,462.940460205,191.378494263,38.7392234802,97.9843139648,13.9524504542
900,137.328674316,163.584335327,18.1599292755,48.0051383972,4.3807707727
900,585.521362305,41.4177970886,37.6944770813,82.1249923706,0.942837260664
900,175.232009888,151.307342529,17.747335434,48.4831352234,0.691364891827
900,127.925109863,164.215209961,17.018447876,49.7703437805,0.380680453964
900,148.125442505,158.900360107,24.2658634186,48.8521156311,0.096818577731
930,173.637649536,158.07069397,20.637960434,57.4283103943,4.62966039777
930,155.115768433,159.073303223,25.596944809,60.4734764099,0.164982851129
930,614.716430664,198.271652222,17.3137664795,52.6818885803,0.131614296697
930,393.822296143,178.187133789,25.2315120697,61.8220939636,0.0501378672197
960,604.050842285,181.724380493,23.7776889801,63.0254173279,11.390607059
960,618.925415039,181.786376953,19.7788448334,70.0209121704,0.723769236356
960,409.731170654,185.830200195,26.2371044159,65.8590545654,0.301568955183
960,608.538330078,238.783279419,23.8694992065,54.4062690735,0.0275886122836
990,536.960876465,88.4546203613,22.2217788696,62.1079902649,7.26906955242
990,540.178466797,230.544692993,32.8334693909,87.5072021484,0.837611593306
990,462.95980835,190.872802734,34.5323219299,88.8973007202,0.288869976066
990,444.515136719,197.320663452,23.0085659027,68.1560440063,0.168050848879
990,526.57623291,216.925598145,27.8683757782,84.2599945068,0.0500227732118
990,490.933105469,198.79145813,26.1747646332,74.691734314,0.0252579076914
990,524.369384766,83.4613265991,23.203371048,58.8885231018,0.0182877935003
1020,105.13848114,181.144577026,20.3992729187,47.8788414001,17.7014812827
1020,560.068054199,235.868652344,33.6255683899,107.039543152,3.62934358418
1020,222.240005493,212.207809448,27.6821918488,58.1205101013,1.61911547184
1020,620.276367188,226.8515625,19.7236328125,66.9970474243,0.644937204197
1020,119.889671326,175.969772339,18.2975521088,48.3476905823,0.580266304314
1050,467.9324646,180.312088013,22.4004268646,54.8521728516,14.0494793653
1050,152.530853271,172.022659302,19.0216579437,54.6381645203,13.1145223975
1050,162.558044434,164.335540771,22.211309433,58.0843238831,1.44257564098
1050,84.4253005981,182.816055298,18.1521320343,49.3110809326,1.37272095308
1050,136.781234741,169.761795044,24.9069519043,56.6300468445,1.22272754088
1050,180.856140137,172.724975586,16.471446991,47.0460395813,0.0740093586501
1080,481.337738037,176.07182312,27.5892772675,68.9304580688,19.6245208383
1080,142.935913086,164.724105835,22.3164234161,61.199634552,17.1434774995
1080,84.8597412109,157.912185669,21.9273910522,66.7291793823,7.83832520247
1080,51.4047203064,175.995422363,20.599199295,59.6247673035,3.33020351827
1080,127.50994873,162.373901367,20.5485229492,61.9940223694,3.11317369342
1080,14.4004774094,189.128829956,19.8434085846,45.7230796814,0.968917179853
1080,64.7476501465,170.698867798,21.694770813,58.3173713684,0.40442654863
1080,106.912475586,169.406204224,24.6514186859,54.1574897766,0.307488604449
1110,133.848312378,155.190383911,26.4941482544,72.606552124,11.3125257194
1110,18.0465927124,196.591506958,18.8839893341,51.4689292908,4.31405007839
1110,35.4565620422,194.205490112,17.3873901367,47.2107543945,1.87759101391
1110,528.067993164,184.232070923,21.9875774384,60.7614784241,1.02810300887
1110,117.134254456,153.488525391,23.0755615234,73.730178833,0.914141908288
1110,95.132194519,197.859298706,17.7796020508,41.6178703308,0.665917480364
1110,45.8816223145,186.053833008,18.346578598,50.6238822937,0.447540869936
1110,55.3471336365,169.015213013,22.6434192657,69.3778305054,0.23599548731
1110,19.1489467621,381.544403076,26.5938110352,78.0433883667,0.148340524174
1110,83.4947128296,182.659500122,19.2266635895,52.8100624084,0.139978155494
1110,47.6362800598,380.407012939,33.9365577698,59.5781593323,0.046881326125
1140,118.848747253,151.478134155,23.2665786743,71.5834274292,10.9694592655
1140,9.90327358246,189.07850647,16.8351802826,45.2446556091,3.58574315906
1140,599.289123535,177.141479492,30.1479320526,93.5566329956,3.3851750195
1140,93.7586975098,162.446517944,20.884809494,68.2788162231,1.56032675877
1140,541.902648926,156.810821533,15.8381204605,61.4789390564,0.981356948614
1140,615.786132812,172.293823242,23.1142368317,80.3327865601,0.86614638567
1140,13.2201042175,380.680511475,29.9762802124,75.468788147,0.647443393245
1140,51.9798774719,182.640060425,19.9606361389,52.6265296936,0.241641420871
1140,626.273986816,21.4747486115,13.7260131836,62.575466156,0.138184137177
1140,616.309753418,219.684951782,17.6050720215,52.9002723694,0.1186928479
1140,570.253967285,178.591598511,16.1103153229,46.0205116272,0.058110174723
1140,44.3965950012,361.291137695,24.0159664154,54.3181304932,0.0445084646344
1170,24.7128448486,190.157150269,18.1747150421,45.0298957825,3.45517247915
1170,620.084960938,173.558731079,17.7526721954,55.7225761414,1.90750025213
1170,99.2834396362,179.553695679,17.5192699432,50.7359046936,0.763031560928
1170,13.7235898972,378.399505615,31.594827652,70.1556625366,0.261607975699
1200,100.128417969,162.679519653,18.7956886292,66.4745864868,0.634220056236
1200,40.1685562134,187.06086731,21.0339202881,52.6030235291,0.442160526291
1200,617.373535156,171.768478394,15.4130029678,49.8928222656,0.228073308244
1200,590.496032715,79.8314666748,19.8856487274,69.760307312,0.0150804349687
1230,99.8492202759,181.115661621,32.3290863037,81.7851638794,8.00649747252
1230,455.650604248,177.18572998,19.7003746033,44.7837028503,6.01599700749
1230,497.735443115,170.670333862,18.8157863617,55.5882415771,2.17791795731
1230,17.8721523285,376.432861328,26.2025547028,61.0751152039,1.62112545222
1230,527.378845215,167.297988892,19.6037559509,58.1988983154,0.879773218185
1260,15.8652143478,190.236343384,17.1216564178,52.2438468933,4.36257347465
1260,488.103057861,184.250076294,18.271818161,46.3629722595,3.0305866152
1260,29.459482193,198.440856934,25.8050174713,71.7741851807,1.02000581101
1260,555.852355957,113.247200012,20.0799121857,73.0295257568,0.485989451408
1260,178.552978516,175.651657104,21.2633075714,54.6838378906,0.314935366623
1260,129.548934937,209.221694946,25.9340515137,69.4352035522,0.127713289112
1260,34.7896156311,172.059921265,23.6567687988,61.9971199036,0.0779814785346
1290,31.8744564056,182.269882202,33.6557502747,58.2164039612,6.27522096038
1290,413.320037842,199.966171265,19.3033714294,53.7941551208,3.50795052946
1290,358.697662354,177.121658325,31.1684951782,68.5813827515,0.213742651977
1290,128.804916382,189.245193481,22.6298542023,57.936126709,0.106623081956
1320,113.678337097,186.585754395,19.1010322571,44.8405647278,3.4160412848
1320,8.34808254242,142.717163086,21.7968521118,62.7124824524,1.25446552411
1320,152.728729248,312.893066406,20.9868450165,45.8912849426,0.206121476367
1320,20.9680423737,130.749069214,29.0178318024,85.9163208008,0.167576759122
1320,434.577178955,204.097885132,26.5237674713,70.4335784912,0.0956655945629
1350,70.8955917358,183.052429199,19.9378585815,55.6287994385,31.2867164612
1350,368.3359375,182.221496582,21.5195636749,54.4218597412,1.83794889599
1350,439.57901001,211.632751465,21.7662200928,57.6822357178,0.734812719747
1350,40.1031913757,180.009902954,25.2673931122,54.9243049622,0.317086535506
1350,449.928070068,203.127807617,23.5144519806,77.0919189453,0.0668237567879
1380,528.995178223,239.083480835,38.2709159851,109.752204895,27.3142665625
1380,9.63001060486,185.23664856,19.2836666107,60.8007164001,3.12466472387
1380,429.316162109,197.695556641,27.1706390381,66.5765151978,0.922217778862
1380,88.9789352417,165.257827759,19.9457473755,60.1301269531,0.677000451833
1380,612.018493652,30.9509563446,23.0174312592,65.989730835,0.0420769123593
1410,614.552185059,33.1313209534,23.0445632935,69.336769104,13.7020230293
1410,109.379570007,174.052734375,20.2682056427,54.2361183167,10.7945136726
1410,8.06424236298,174.983413696,15.7406997681,60.5973014832,0.863043032587
1410,90.6996688843,183.129043579,23.6539516449,49.9151878357,0.146759406198
1410,569.366333008,259.070037842,26.2434062958,81.6094818115,0.0129674968775
1440,81.5459594727,174.293258667,20.7294464111,55.3583106995,18.8047602773
1440,11.7094449997,172.366226196,18.6635169983,53.1849060059,2.53751520067
1440,586.752502441,61.0981864929,30.8809604645,81.8299179077,0.263081793673
1440,44.4097290039,160.745697021,28.5247936249,69.4158248901,0.0534567865543
1440,529.287597656,57.6314430237,21.2705135345,61.7118835449,0.0384313374525
1440,560.677856445,71.7253799438,38.6394996643,130.231292725,0.00391214198316
1470,42.9970245361,166.261199951,25.3573608398,64.0834732056,46.235242486
1470,526.827453613,60.2745399475,21.971200943,66.9843673706,10.6814093888
1470,30.0352935791,164.6690979,21.0261802673,69.6565093994,3.5687815398
1470,58.3568725586,168.241500854,20.1019935608,58.5907173157,1.69499479234
1470,541.315429688,48.7632026672,23.5628108978,65.8199539185,0.674662413076
1470,11.4771986008,168.144760132,22.9059505463,67.9773330688,0.265700765885
1470,439.747650146,178.949539185,20.236618042,46.7556648254,0.0494284264278
1470,555.555908203,36.7024307251,22.4285678864,61.7547340393,0.0216453016037
1470,568.916564941,32.5239868164,21.1559925079,60.0190620422,0.000190049524917
1500,108.988822937,182.734695435,19.5142765045,44.480255127,5.87247535586
1500,23.3606491089,172.585128784,19.8665218353,55.6237335205,2.79079377651
1500,9.11227798462,176.238540649,19.4288539886,57.3898773193,1.10854664817
1500,38.2777366638,169.312744141,17.1228466034,56.6417274475,0.904552266002
1500,457.708587646,178.755630493,16.2974720001,50.8505554199,0.0230059915339
1530,247.636413574,164.985321045,21.1818981171,48.5197143555,1.74667928368
1530,264.482727051,174.471878052,18.4605541229,55.0283622742,0.532259838656
1530,502.873168945,180.191970825,16.3683853149,53.0534095764,0.180092756636
1530,599.956481934,34.6664237976,22.2970485687,50.4817237854,8.66120558385e-05
1560,619.128845215,184.083389282,15.4715585709,57.8544769287,8.52805897593
1560,232.294906616,164.446838379,22.2562637329,47.8195457458,1.69257447124
1560,627.798217773,179.293029785,11.6784448624,47.3782806396,0.474014226347
1560,615.97833252,226.470581055,16.139081955,46.7540130615,0.131356122438
1560,588.39440918,170.454269409,26.7055339813,80.8036422729,0.0462114810944
1560,563.514709473,169.684463501,30.4313812256,74.1270751953,0.0245925155468
1590,215.14239502,160.845794678,24.3400020599,52.3431968689,27.758961916
1590,356.471038818,176.146835327,18.9278392792,44.194644928,0.452889921144
1590,403.942504883,169.124984741,17.2174701691,48.414730072,0.285717938095
1620,613.533752441,196.949768066,16.9770622253,47.4392662048,5.10262362659
1620,590.423034668,183.90663147,16.0733203888,47.6798248291,1.00334100425
1620,57.0254859924,357.932250977,21.3251514435,49.4640922546,0.930186267942
1620,409.911529541,172.809799194,17.9539470673,46.5247459412,0.251434324309
1620,601.910339355,180.318862915,21.5686664581,50.9781990051,0.0787142373156
1650,424.221832275,177.083328247,22.3438930511,52.4494018555,9.46868285537
1650,536.291137695,165.623153687,22.37981987,60.1291923523,3.92927452922
1650,598.151550293,185.955764771,29.2122573853,68.9407806396,2.35519874841
1650,230.0806427,155.642745972,19.4720230103,57.0010719299,2.33592595905
1650,552.872802734,175.784423828,18.3333835602,48.8113670349,0.587896956131
1650,616.718078613,188.86000061,15.4919710159,55.352142334,0.163575087208
1650,526.97833252,182.110702515,18.9850711823,52.6666221619,0.128595589194
1650,581.169616699,184.975646973,17.6792430878,53.2912902832,0.100382056553
1650,615.268432617,148.424926758,16.4769897461,55.0100440979,0.0783850729931
1650,489.811035156,98.0637207031,34.9101791382,102.049995422,0.0632762850728
1680,613.170410156,177.886352539,20.5839214325,71.2430953979,5.55195435882
1680,6.62915420532,177.786239624,14.9911880493,57.6418495178,2.91109960526
1680,606.389282227,73.8204269409,27.5904026031,82.3456878662,2.22068764269
1680,310.443450928,97.5821762085,21.0423717499,55.0143547058,1.45299118012
1710,293.970306396,152.545837402,21.1598911285,71.2618103027,16.7746335268
1710,608.074951172,76.5218200684,21.931596756,60.1831016541,4.09051701427
1710,597.958618164,77.2846298218,20.2115840912,50.7669372559,0.92261582613
1710,216.897628784,147.298339844,19.7383899689,66.1598205566,0.628357194364
1710,527.022644043,164.776885986,17.6713123322,58.616481781,0.58360141702
1710,531.467651367,108.32056427,21.5726795197,57.9366188049,0.0947074091528
1740,576.598083496,65.0321578979,56.0791320801,160.23210144,34.9776387215
1740,530.618591309,157.145553589,29.6321697235,82.3351211548,6.44501298666
1740,234.159011841,145.110305786,22.457277298,68.0907516479,4.98353242874
1740,553.863098145,156.014724731,18.0382404327,51.9047698975,3.48595827818
1740,604.36151123,84.319152832,26.081029892,65.1244506836,1.50573905557
1740,247.185043335,154.669021606,20.1297779083,57.2181968689,1.3693918474
1740,574.284118652,215.324752808,24.8964290619,51.2721061707,1.32839279249
1740,544.83416748,250.851364136,24.9280166626,50.1055183411,1.05872619897
1740,614.884216309,46.9192390442,23.9300708771,79.6819458008,0.981291662902
1740,562.946594238,134.046768188,19.9588756561,69.8793792725,0.449719186872
1740,258.958068848,165.655593872,16.4672393799,45.9203605652,0.315448176116
1740,572.804504395,105.758323669,25.087852478,98.7264175415,0.293331407011
1740,602.840820312,138.002685547,27.4780044556,80.3284072876,0.05972024519
1770,507.767456055,161.718994141,18.5019302368,53.2207069397,10.7214599848
1770,547.038513184,157.941253662,26.0641460419,75.1119918823,5.47926910222
1770,517.494140625,149.363540649,21.27252388,63.0575714111,3.57277095318
1770,563.665283203,165.560470581,16.5954017639,47.5536651611,2.12408900261
1770,598.793701172,100.777099609,34.240436554,101.947364807,1.82837434113
1770,240.871170044,148.720443726,21.7191619873,65.1850662231,1.51124382392
1770,52.5148887634,143.97857666,26.9900035858,92.5326843262,1.30018657073
1770,256.124847412,135.519790649,20.906244278,64.4961166382,0.308028236032
1770,136.4190979,140.101242065,29.8359088898,61.5587921143,0.243919342756
1770,603.038818359,28.5745944977,27.1711196899,85.4299850464,0.230421638116
1770,587.805419922,150.858688354,19.9404373169,67.4821624756,0.181424920447
1800,551.116516113,165.032791138,17.4659175873,50.30235672,22.6068541408
1800,489.005279541,171.245925903,18.1230564117,49.7737159729,13.2412061095
1800,537.288757324,164.524978638,17.2247085571,51.867313385,7.65273794532
1800,160.558074951,177.393478394,19.3389720917,54.9482460022,4.20260727406
1800,602.453063965,173.490966797,21.7189998627,80.0735015869,4.04327139258
1800,476.591278076,167.062698364,16.8983688354,52.5953636169,2.57708802819
1800,576.425720215,170.298904419,27.8333339691,88.5985412598,1.93445477635
1800,523.645507812,159.832427979,21.5244922638,47.8036155701,1.5579957515
1800,468.00894165,349.187408447,30.8517475128,64.8129882812,1.366927661
1800,616.114746094,362.536529541,17.5936431885,47.6873970032,1.02327028289
1800,616.426940918,183.643234253,18.46509552,58.6125068665,0.964620430022
1800,596.029602051,106.806800842,21.0396404266,61.6476325989,0.857060682029
1800,595.907104492,209.603515625,19.2503013611,49.3302879333,0.678216619417
1800,171.881332397,168.765762329,15.9458017349,57.4852638245,0.595056451857
1800,615.543151855,388.637329102,19.5406208038,53.1984138489,0.294096628204
1800,615.340148926,216.91734314,17.8120441437,45.1485443115,0.227708462626
1800,33.5884666443,131.658462524,30.024148941,72.2043991089,0.196628435515
1800,203.039505005,141.358200073,20.8630313873,60.1734962463,0.178320705891
1800,567.974365234,130.886825562,18.3612689972,55.8629798889,0.0815841194708
1800,14.8730993271,124.474952698,29.2739639282,73.0366134644,0.0248134252615
1800,609.711914062,85.8567428589,20.1324520111,65.1088638306,0.012011241779
1830,535.829101562,159.623825073,23.0965824127,61.7846832275,90.1447415352
1830,475.654083252,173.470214844,18.7928791046,54.2704353333,5.24534955621
1830,548.059692383,159.393249512,24.9609508514,58.4773292542,2.80560329556
1830,523.684143066,167.973617554,18.5138893127,53.3108482361,2.61763352901
1830,126.079551697,132.59425354,20.2778091431,51.3093299866,0.648596789688
