30,495.848480225,158.785995483,21.5199127197,64.2609863281,9.04084295034
30,511.980438232,156.648544312,21.1822605133,63.6246681213,7.83666297793
30,456.861328125,50.3191642761,25.1074619293,76.1390609741,4.68797683716
30,435.586700439,111.179283142,28.562669754,101.859794617,0.650118850172
30,500.473358154,88.2513046265,81.6460800171,159.460479736,0.117639009841
30,350.130645752,160.503341675,21.4244766235,61.2905158997,0.105950748548
60,554.166320801,103.262001038,38.0086708069,123.52721405,27.9646605253
60,470.96572876,98.3558731079,26.4154262543,83.463432312,3.02388332784
60,432.919586182,136.512710571,26.0984210968,82.7913970947,1.03155877441
90,14.2075796127,162.252227783,26.1743240356,65.0685501099,21.1957216263
90,56.4142608643,176.844421387,18.6663761139,48.9846076965,3.27095240355
90,591.677062988,67.4848098755,39.6671295166,121.701782227,1.71025637537
90,41.9909706116,172.559631348,19.6242752075,50.3365974426,0.250803702511
90,31.8511447906,169.772476196,17.0434188843,54.3581085205,0.157298555132
90,595.843200684,32.461227417,22.5857334137,57.0134277344,0.029983377317
90,608.139953613,31.6110363007,23.2597293854,53.9996604919,0.000550991762793
120,540.470397949,161.268249512,21.8779678345,59.6493263245,6.26843497157
120,7.64036989212,168.007568359,15.8258733749,54.9132385254,0.476794457063
120,305.855621338,156.871261597,17.0491886139,48.2578430176,0.297683500685
120,263.342437744,165.817184448,21.9250850677,46.4673423767,0.182585732546
150,247.616699219,164.110412598,20.9827899933,51.3122215271,3.11070159078
150,560.050598145,180.316757202,25.3162746429,79.9754180908,2.11513396353
150,386.444793701,155.099685669,22.2809391022,62.4948921204,0.504391780123
150,570.446411133,169.55531311,23.894826889,62.0862426758,0.246811914258
150,515.061828613,26.8952541351,30.5739574432,91.9149475098,4.82480061237e-05
150,486.981933594,23.5257968903,34.3067207336,92.7159042358,2.44906739333e-07
180,490.787719727,112.229949951,23.2484455109,82.1000137329,0.502854399383
210,473.79208374,126.443077087,20.370891571,69.0630264282,51.0548770428
210,8.98565673828,141.634109497,14.211265564,70.1340484619,0.461309729144
210,566.674377441,135.822113037,19.5472793579,53.3205566406,0.114308635239
240,476.582183838,108.053649902,22.0656051636,62.8097038269,9.36265438795
240,14.1725006104,143.896224976,21.3621768951,57.5603027344,0.957844778895
240,616.013916016,275.549530029,16.6455459595,50.7639122009,0.140529533383
270,489.557220459,101.47441864,22.6504058838,67.9109649658,33.9493274689
270,555.478088379,91.4364013672,30.4420757294,75.9750442505,8.22271406651
270,12.3425188065,136.61781311,17.7247142792,44.7090950012,5.84222488105
270,114.776725769,134.744064331,19.446231842,49.259677887,3.69607098401
270,404.952362061,56.7064094543,19.4823265076,76.8000335693,0.754263531417
270,527.059265137,45.3489074707,29.8498096466,89.818687439,0.140574574471
300,307.040252686,77.8125991821,33.5077590942,100.514518738,19.5131331682
300,582.495056152,84.9849700928,35.6092910767,123.274345398,12.1839873493
300,608.926391602,139.975387573,18.4064884186,54.907459259,2.43318937719
300,386.83996582,93.2514572144,22.9235401154,63.3077354431,1.66637599468
300,9.33673191071,130.427719116,16.0277576447,59.1056251526,1.12104862928
300,204.717880249,35.5678482056,24.5898151398,78.9700698853,1.07931885868
300,187.079589844,146.510925293,28.5667285919,76.2670211792,0.159548292868
330,520.907470703,155.299026489,41.6252861023,117.829925537,45.6468433142
330,195.31690979,95.1984481812,51.1365203857,129.170578003,42.4225389957
330,585.363098145,87.7025985718,33.8555183411,102.536224365,7.53620713949
330,233.454849243,164.889648438,23.0866165161,56.4669303894,4.73949424922
330,228.152328491,91.6885070801,50.859085083,125.295326233,1.53158502653
360,18.6398944855,89.1747817993,45.5329551697,99.8928451538,11.6734683514
360,419.720184326,170.065505981,29.1011295319,65.3243637085,2.81757712364
360,321.611236572,165.693222046,22.9929828644,59.5505485535,1.73490867019
390,10.7911949158,107.115089417,37.2047042847,106.194877625,6.98607116938
390,50.6059455872,216.176681519,21.4303531647,50.6823120117,1.67264863849
390,35.8477745056,208.944702148,19.7163410187,51.8304786682,1.29723269492
390,81.4896316528,200.893600464,24.7007751465,59.2974891663,1.14423502237
390,99.2382202148,202.833511353,20.4231204987,52.372379303,0.863467715681
390,65.0095596313,202.706130981,24.365983963,54.7531394958,0.391266169026
390,227.283340454,204.082473755,19.8401145935,50.699344635,0.213026464917
390,617.039245605,29.6001281738,22.9607543945,57.7106323242,0.00150056757775
420,593.539001465,136.82585144,28.989906311,69.7341461182,0.148085167166
450,613.049255371,146.897064209,20.4266548157,77.5482406616,3.74761298299
450,466.184356689,199.385482788,23.4279460907,41.7689628601,0.845305342227
480,9.75741863251,208.380050659,16.3830451965,63.3486938477,0.0390171800973
510,613.100952148,139.561508179,20.7404613495,56.7047691345,0.0967747007962
570,610.785766602,150.236663818,20.6478767395,63.6185455322,69.5145666599
720,528.185668945,137.240661621,20.6586742401,49.0993537903,54.2928159237
750,247.715270996,126.596733093,25.0980167389,58.0166168213,27.9412537813
750,236.931762695,119.134254456,22.6264877319,58.9218902588,0.527617102489
780,19.9327487946,110.860626221,23.549703598,61.7447776794,0.255053397268
870,444.048553467,165.506271362,28.8751926422,72.8270721436,19.4750323892
870,372.564727783,206.05329895,24.4184341431,51.7971801758,5.79377934337
870,582.00592041,251.632797241,34.5425491333,68.5936355591,3.88412885368
870,460.07043457,173.23890686,22.5765533447,57.9686012268,2.15281564742
870,571.877319336,234.642288208,32.0270881653,60.5758094788,1.14888725802
870,440.171783447,156.222213745,21.0514965057,50.2614593506,0.917928479612
870,605.510498047,235.898147583,26.7656707764,49.3308906555,0.773230148479
870,399.084381104,215.322265625,18.1797180176,42.3470916748,0.61032040976
870,412.694335938,206.981018066,22.219078064,49.1622772217,0.495378673077
870,436.544708252,204.441207886,20.3288993835,50.0901069641,0.457836175337
870,386.782226562,206.270935059,19.5468616486,46.1639671326,0.290666474029
900,376.856201172,202.68208313,18.1750507355,40.6731987,2.19351612031
900,40.1163482666,156.441238403,26.1561508179,60.3565101624,0.168783357367
930,616.241333008,179.79624939,15.556895256,49.4223365784,0.333234691061
930,602.173950195,158.238082886,25.9123706818,69.2638626099,0.0626647786703
960,423.66784668,199.704284668,20.1607475281,45.2720909119,3.32658104599
960,150.888153076,82.6940078735,25.7272815704,72.3625259399,2.79404707253
960,361.076660156,176.647293091,24.2802276611,54.5457458496,0.935240834951
960,271.94644165,183.435195923,26.7478256226,57.1950378418,0.491868518293
960,376.579193115,190.682174683,19.6243209839,46.8945617676,0.238557625562
960,435.166870117,206.788009644,19.580537796,43.3102760315,0.228278082795
960,221.73815918,101.468269348,20.0196552277,50.9422874451,0.201161857694
960,389.138519287,196.24647522,19.6894702911,45.7922515869,0.133630540222
960,10.4962882996,223.185684204,28.279542923,67.3151473999,0.125816825312
960,390.041229248,109.264823914,23.0898742676,56.5938682556,0.0850046344567
960,234.958694458,97.0961685181,25.5180435181,56.82188797,0.0708180945367
990,537.427185059,139.053970337,24.8581619263,61.5036888123,2.91421115398
990,424.64074707,206.49659729,21.2953891754,49.3691444397,0.923927035183
990,549.146484375,185.060684204,23.9286804199,53.3621101379,0.2163288882
990,463.63381958,190.847488403,24.7780170441,52.0814476013,0.215623853728
990,438.247924805,189.103012085,25.1245250702,60.1409873962,0.153247325215
990,557.713928223,103.738426208,19.9961223602,50.410736084,0.112234067637
990,381.082733154,109.180305481,21.9131755829,51.1865501404,0.0670991896186
990,5.13450860977,35.6813468933,20.492307663,64.1893234253,9.92365745134e-08
1020,609.345703125,180.59437561,17.9786872864,47.6854400635,0.767612317577
1020,606.653015137,136.1197052,24.7829341888,71.1957931519,0.544862216339
1020,297.876464844,36.4092330933,30.7253742218,79.7961349487,0.187973876018
1050,607.032409668,168.447067261,21.9864521027,52.5434379578,2.48245615512
1050,359.205535889,92.4418945312,21.4612560272,48.9069519043,0.272936467081
1080,572.908874512,147.617736816,24.5281906128,63.0710029602,8.54101926088
1080,161.626785278,146.412536621,16.8712253571,44.7392120361,1.82979218662
1080,583.942871094,172.942550659,21.0263004303,50.1465606689,0.147947086953
1080,606.37286377,193.089660645,18.9934501648,43.9952507019,0.108912307769
1110,334.549041748,196.179260254,19.2478237152,48.2111778259,1.47451674566
1110,454.5418396,151.465835571,24.0999851227,61.2383079529,1.34697621688
1110,363.84375,173.472351074,21.4558506012,55.2343254089,0.323986564763
1110,472.463409424,87.7541275024,21.9190921783,51.8148193359,0.232282001525
1140,379.334686279,144.489028931,27.0252094269,67.9845352173,4.30245138705
1140,249.561035156,199.558731079,19.1435947418,47.9740333557,2.08136644214
1140,610.299987793,55.9688720703,20.2448654175,64.8906402588,1.04014696553
1140,213.883850098,70.7346725464,23.6258392334,55.7595024109,0.0658782024402
1140,364.839874268,72.0818252563,22.843503952,59.6706848145,0.0658355711494
1140,615.85345459,166.45475769,20.2975330353,55.174621582,0.0184817879926
1140,29.8930969238,26.1444568634,34.5503349304,74.3344345093,1.14230946924e-07
1170,304.095611572,142.067504883,27.1675205231,69.8444519043,24.5483458042
1170,311.044219971,82.1570358276,21.8882141113,58.5834770203,1.41930943355
1170,167.639648438,199.683059692,21.7352619171,49.6265907288,0.910392124206
1170,20.7816390991,72.702507019,20.2557430267,46.3536643982,0.267201964743
1170,288.088043213,67.0471801758,26.4778728485,73.487953186,0.0529910787009
1200,85.8057785034,135.030410767,32.1907196045,71.0926895142,0.469935545698
1200,503.790008545,132.10206604,28.6494274139,73.8100738525,0.379429711029
1230,598.090881348,285.683685303,31.590970993,65.8416900635,19.8732152581
1230,119.776916504,47.4848632812,28.4791584015,68.1130905151,0.0974965922069
1350,92.2741622925,387.092407227,25.1341094971,68.5542831421,0.0157359128934
1380,253.183151245,265.60949707,21.7926692963,55.4917259216,0.0109506494482
1410,252.395187378,271.701873779,21.4197769165,46.9379844666,0.0334287178703
1530,248.781326294,271.250976562,21.233297348,49.606388092,4.08320054412
1560,248.605606079,273.335571289,21.4815387726,47.5800361633,2.89312526584
1590,248.459365845,277.564361572,21.5004062653,51.0332374573,0.167983851861
1620,252.564880371,275.639129639,19.3558750153,47.9277915955,0.0862194865476
1650,248.722610474,277.042999268,22.8125095367,57.4969520569,0.0378631608328
1680,252.249572754,276.171417236,20.8811798096,49.5333862305,0.102072546724
