30,470.167877197,182.697814941,18.259595871,48.8554344177,71.4921593666
30,438.241699219,183.901443481,18.3636207581,43.8540534973,64.1989052296
30,499.760101318,180.888183594,16.4900608063,50.8362731934,41.5465801954
30,485.093017578,184.033935547,19.1035232544,49.4451446533,6.21646717191
30,526.784790039,178.329833984,25.8044433594,66.2847061157,4.47541289032
30,23.039068222,148.885238647,19.9354496002,57.4294776917,2.6607291773
30,466.81918335,301.361206055,21.4798641205,47.3631401062,2.41206604987
30,551.198608398,185.55809021,32.7911987305,72.7504653931,2.25893277675
30,297.341339111,285.421295166,20.4256782532,47.1583824158,1.62925291806
30,460.867584229,319.46762085,21.7187595367,48.1161651611,0.739652616903
30,14.8844099045,170.34703064,19.8814945221,49.4822654724,0.673967553303
30,476.811004639,314.105621338,22.3005371094,50.0627098083,0.443958258256
30,11.5807256699,373.356903076,28.1218338013,71.8142089844,0.388320093043
30,453.187530518,180.61328125,14.6413192749,48.8661766052,0.141925597563
60,569.648254395,180.119369507,23.0104503632,56.4961700439,98.6151814461
60,543.323547363,180.803604126,21.4460048676,56.506313324,98.1165409088
60,509.921173096,182.434249878,21.0687942505,54.5682106018,95.8896994591
60,484.295501709,186.541671753,16.5634441376,43.7953605652,65.6241893768
60,455.885345459,180.157272339,14.6105680466,47.0639915466,22.2644627094
60,521.187316895,176.382736206,25.4178333282,64.9610824585,12.9948198795
60,440.652954102,177.316757202,17.0425605774,47.020450592,10.0984096527
60,610.883361816,169.25440979,20.3586406708,63.13022995,8.45850855112
60,6.25525712967,385.784698486,18.9887371063,54.7321662903,2.04749647528
60,29.4666290283,141.16960144,22.8363742828,59.9554901123,1.05983512476
60,560.359680176,178.7943573,17.175699234,55.1750602722,0.981886126101
60,535.944030762,284.251556396,21.7479190826,45.6141700745,0.675075035542
60,557.789916992,289.144317627,21.2563991547,43.8129844666,0.515098776668
60,494.368408203,183.005737305,16.3785037994,49.1319160461,0.47777374275
60,615.273193359,237.540725708,18.1434993744,48.4791984558,0.0380043755285
90,567.49822998,172.52532959,29.6819095612,82.0422744751,98.6756622791
90,504.072601318,180.489547729,18.8346061707,46.0144920349,97.3360478878
90,476.935272217,178.022781372,18.4951000214,51.4687309265,97.0315754414
90,546.502990723,183.960571289,19.1816043854,48.1708374023,93.50258708
90,456.395996094,177.310806274,17.7949504852,50.0496101379,77.7367115021
90,583.65826416,175.887863159,20.8335456848,57.0471076965,26.3129204512
90,560.46282959,178.524841309,15.4204864502,62.0599212646,5.05080372095
90,441.588165283,180.842147827,17.1976699829,44.5349693298,1.47984493524
90,536.370910645,182.784133911,14.9898948669,47.2232971191,0.798909272999
90,613.938415527,177.62562561,18.248922348,60.9384765625,0.717241642997
90,614.079040527,221.63130188,19.4905338287,48.085773468,0.410487456247
90,34.6866645813,148.005996704,18.5965938568,51.6720161438,0.284256390296
90,515.274047852,177.173217773,15.5664901733,48.3495483398,0.243455218151
90,489.853607178,175.434310913,14.1393156052,49.9404792786,0.223059393466
90,362.232818604,252.442504883,28.5909729004,59.0061073303,0.0425604754128
120,599.248596191,174.682418823,25.2949371338,58.9934196472,99.814838171
120,515.614501953,164.054351807,21.8674678802,64.4632415771,99.26841259
120,490.814300537,167.88923645,20.327507019,55.6506195068,97.9800760746
120,537.961242676,170.387939453,20.8437747955,51.2300224304,96.69880867
120,473.685211182,166.207839966,20.0671749115,58.6396522522,77.4279892445
120,439.53918457,160.343917847,22.2463474274,64.9737930298,11.5903809667
120,501.264404297,169.161880493,24.5168628693,59.7622489929,8.44408720732
120,453.141693115,171.465744019,20.477766037,54.5517539978,1.43443094566
120,433.429229736,179.593399048,16.4483623505,43.9276123047,1.02513451129
120,617.39666748,176.901168823,13.5298881531,54.5143318176,0.798804219812
120,617.062866211,294.32623291,16.416475296,44.2910499573,0.31561658252
120,14.7889089584,372.310577393,34.7896537781,75.3821640015,0.0457110872958
150,586.527648926,156.436172485,30.7709941864,89.083946228,99.1481721401
150,553.871398926,163.438323975,25.6257762909,75.9843597412,97.5612401962
150,496.690063477,182.624694824,20.2462673187,53.7160797119,69.324606657
150,606.983642578,175.296035767,19.520198822,54.5409660339,16.3392320275
150,478.063934326,186.446533203,18.8947982788,48.2786140442,8.94802361727
150,540.034973145,170.992111206,19.5359706879,71.044128418,3.20202969015
150,506.955322266,173.696365356,20.0535316467,55.9300346375,3.11502385885
150,423.334625244,169.46522522,19.4542427063,52.9325561523,1.77073981613
150,5.75183916092,381.794433594,19.8549785614,51.7338104248,1.46230878308
150,435.190216064,182.385665894,17.6938304901,44.4379882812,1.18990084156
150,464.229644775,181.815490723,20.244890213,48.870880127,0.734309945256
150,316.889862061,290.516448975,21.2286472321,43.3599281311,0.706287007779
150,519.767150879,176.612609863,19.6929912567,60.046710968,0.363888638094
150,576.546447754,163.810317993,21.7844619751,69.0771484375,0.293433712795
150,566.820556641,202.845336914,20.2444190979,46.2487182617,0.228296942078
150,519.981384277,61.4243812561,19.9288692474,58.4587898254,0.196960847825
150,423.771697998,243.707458496,21.0106582642,44.3355369568,0.191169453319
150,452.035675049,165.232666016,19.3398418427,51.8045539856,0.17917144578
150,580.537902832,200.794723511,21.057144165,50.7366828918,0.146297377069
150,403.622711182,248.745559692,20.5053138733,43.2806129456,0.117713422514
180,528.540222168,183.398422241,23.1039886475,64.191368103,67.099827528
180,489.46472168,186.428543091,23.8999786377,56.0234680176,34.2089653015
180,462.154693604,181.630477905,17.6604595184,48.7717437744,12.2354276478
180,472.726043701,182.051834106,17.4809207916,50.3847465515,7.91991949081
180,7.01237297058,176.297119141,16.1668643951,54.4842033386,5.9716373682
180,551.752807617,181.968505859,19.0360927582,68.75806427,4.75514419377
180,477.558349609,271.878631592,21.0182590485,46.765789032,3.18016596138
180,518.21875,200.346313477,21.9253387451,48.8821868896,2.7504587546
180,523.106567383,122.110740662,21.9012432098,62.0894126892,0.445344625041
180,447.528961182,172.567565918,17.7817401886,53.7879943848,0.148418627214
180,601.287231445,228.862625122,25.6038951874,52.9371070862,0.0848744064569
180,10.1072921753,79.5241928101,21.7007846832,59.5583496094,0.0269438809482
210,490.909515381,175.206314087,16.4974365234,49.0614433289,53.5440325737
210,558.906494141,176.505355835,23.0318927765,65.4447174072,29.18843925
210,615.034790039,205.389328003,16.6527862549,49.5915527344,16.6232928634
210,471.312713623,170.98109436,18.9526920319,58.0689430237,14.0501797199
210,3.87367129326,79.2047195435,18.0277194977,58.0250816345,8.87050256133
210,501.791870117,176.012588501,23.2214355469,52.2511253357,1.80008467287
210,552.312194824,299.421600342,21.1344852448,46.3532714844,0.744808744639
210,592.080871582,160.087478638,19.9178256989,69.0497589111,0.380890886299
210,12.6592378616,79.9012756348,22.0098209381,63.8447532654,0.237110932358
210,4.72043609619,115.448272705,17.890914917,56.2073554993,0.123109098058
210,402.577392578,99.6520309448,19.9119472504,62.4486656189,0.0795934523921
210,498.080688477,121.084205627,24.2613124847,64.1811447144,0.0552921788767
240,449.031616211,170.663162231,29.9403476715,61.462387085,10.9942920506
240,619.18170166,193.240478516,14.2320823669,46.458240509,9.47050899267
240,568.496398926,180.629089355,25.6862926483,64.8120498657,6.97543174028
240,583.228149414,177.636672974,18.6266956329,54.918346405,3.47968973219
240,544.789245605,77.3045654297,20.6347312927,56.8175392151,0.808553677052
240,627.264465332,168.621841431,12.735534668,48.545841217,0.171614193823
240,434.333984375,84.0413208008,21.2408885956,59.4393310547,0.170387898106
240,419.282348633,86.3804550171,20.6943206787,59.8465881348,0.135133520234
240,595.653442383,198.88482666,18.7669563293,44.8639411926,0.0368425913621
270,170.062057495,170.582870483,25.7260742188,55.6989021301,7.51275494695
270,505.311767578,171.123046875,31.5969467163,68.440864563,6.46660849452
270,197.760681152,162.862640381,24.826002121,52.6570396423,6.10534474254
270,595.673522949,167.319961548,26.5835342407,60.2981262207,3.62904220819
270,575.744018555,22.9643917084,23.0079116821,67.8765792847,1.38468360528
270,466.275360107,349.937866211,21.1167240143,50.3215522766,0.763003854081
270,454.672607422,53.9027099609,21.3856067657,71.9061889648,0.0840549881104
270,561.128417969,40.4337425232,23.8259963989,66.3961868286,0.0781692564487
270,433.707885742,53.8508644104,20.1789188385,64.4622116089,0.0240120891249
300,483.077972412,196.408828735,18.8616886139,47.9939689636,30.1253676414
300,162.600906372,167.508132935,22.6209106445,61.8590888977,20.9036558867
300,442.511932373,179.173873901,21.8595943451,53.4117431641,12.0111078024
300,600.209655762,164.669540405,18.8289813995,47.8252220154,9.70998778939
300,472.326782227,193.023880005,18.3202419281,44.552734375,2.9215618968
300,177.119033813,168.018539429,18.8882160187,53.2617149353,0.988862663507
300,615.403991699,284.89364624,19.3004684448,53.2333564758,0.597073836252
300,455.346923828,181.009994507,17.304479599,46.9919319153,0.469672353938
300,5.52445745468,261.247802734,16.8902435303,46.3054695129,0.218232697807
330,568.837463379,173.604736328,21.8135509491,59.4038696289,93.8517510891
330,477.274414062,176.561767578,20.3647899628,53.8936958313,78.1708240509
330,538.956237793,193.037948608,18.2149162292,56.2254180908,38.0762815475
330,407.639160156,181.467453003,21.8101119995,57.8428344727,26.9406914711
330,548.971374512,194.794372559,19.0890045166,53.4356422424,10.5205275118
330,155.143753052,171.12512207,24.4041595459,63.7629814148,10.4565553367
330,615.493469238,158.175247192,17.4046459198,98.1107559204,4.65845130384
330,395.604827881,182.550827026,22.5210361481,48.747303009,0.950271077454
330,584.094421387,169.564437866,18.9964084625,60.2167778015,0.495067611337
330,377.637054443,181.142333984,27.4687671661,54.5590057373,0.459525920451
330,5.54309034348,393.903564453,21.2517051697,56.8580513,0.272010895424
330,21.7574825287,383.759277344,29.0000209808,68.3239974976,0.0481229450088
330,598.223327637,142.35774231,29.2450008392,82.5415496826,0.0370882771676
360,517.545471191,173.496337891,31.7836055756,80.4927139282,25.6180495024
360,433.04598999,177.818969727,23.0412216187,67.7927856445,13.7010842562
360,610.393371582,182.899246216,20.0448589325,53.1793670654,11.1622944474
360,142.451461792,174.677368164,23.5983428955,58.0784034729,10.7450887561
360,7.18958711624,95.4514083862,16.0492210388,50.6072349548,4.87507246435
360,5.26811981201,380.13369751,20.0140132904,55.6623268127,2.1006802097
360,166.06980896,179.807983398,16.3122768402,44.593624115,2.02851220965
360,489.159576416,145.511962891,18.5631561279,56.1085662842,0.481549883261
360,512.555236816,172.720016479,18.3416538239,46.8592834473,0.260640121996
390,105.53225708,165.185409546,24.3067913055,67.4992141724,3.41427884996
390,432.003265381,117.302429199,21.8596248627,54.5095100403,3.19852009416
390,163.922790527,161.247421265,16.0817432404,55.1074104309,1.84355583042
390,5.60297632217,389.52432251,20.31108284,54.0115318298,0.972054339945
390,60.5936584473,240.092895508,30.7354202271,80.1953811646,0.514046289027
390,615.255554199,266.80871582,17.0567111969,43.9835166931,0.226328964345
390,16.1690883636,368.975189209,29.4828662872,74.6136627197,0.143940292764
390,463.293365479,128.203933716,23.363073349,68.2489852905,0.103628833313
420,9.35908985138,240.270431519,23.5067195892,84.396194458,29.580655694
420,439.839752197,107.923492432,21.974653244,67.1185379028,1.82671584189
420,55.3179512024,172.928329468,29.1015777588,70.3859939575,1.54809355736
420,508.165893555,199.260314941,28.0225124359,87.8075256348,1.48423295468
420,3.85346865654,152.80708313,24.7031078339,66.9524612427,1.07521275058
420,617.843933105,32.8607978821,16.0449619293,61.5529060364,0.86142141372
420,426.478759766,183.783630371,31.7948532104,53.3331718445,0.542826484889
420,390.592254639,272.526519775,23.1447963715,57.8257751465,0.199323822744
420,489.104766846,216.52734375,32.9060974121,64.4532852173,0.112254661508
420,609.165100098,96.5369491577,21.676574707,51.2539825439,0.0449079205282
450,594.282409668,218.681411743,29.9891891479,95.3218307495,19.4117367268
450,48.1598091125,175.453842163,33.9777450562,80.205619812,5.27886897326
450,168.437286377,158.017227173,18.7483844757,57.3625335693,2.74194255471
450,134.051437378,144.940185547,23.1665420532,74.399810791,0.695789698511
450,448.860565186,94.82421875,24.3466930389,62.9999694824,0.674544135109
450,573.88861084,149.720291138,22.1539440155,57.8831329346,0.617408845574
450,615.440124512,217.170150757,16.3860969543,58.2112770081,0.175135058817
480,615.363708496,145.139724731,15.8604822159,48.2214622498,22.5668653846
480,64.8263168335,169.095901489,38.0548286438,123.933662415,9.73827540874
480,113.741882324,144.982528687,20.7251224518,59.2361907959,2.81365346164
480,527.913330078,31.6960697174,22.7285671234,63.7154655457,1.66253820062
480,77.28150177,166.386062622,20.9419021606,57.0306358337,0.343559263274
480,455.170074463,74.5138015747,34.4557228088,66.1364059448,0.276523386128
480,9.71371936798,158.4037323,25.3499755859,61.9839019775,0.164954771753
480,5.49167442322,391.6796875,20.715669632,56.5837974548,0.133995444048
510,106.759666443,171.338760376,23.7214870453,58.6312980652,13.1857007742
510,593.510681152,254.411743164,25.4234638214,65.5496749878,4.7394476831
510,614.22088623,187.506942749,18.0678386688,51.9166603088,1.80464908481
510,26.3672733307,384.322845459,30.3399734497,56.7549705505,0.793037936091
510,489.735870361,187.351318359,24.4677963257,74.6533355713,0.717948703095
510,613.84954834,244.86378479,17.5437641144,55.868270874,0.0347977387719
540,505.306030273,176.773513794,19.0362987518,53.7333984375,91.8275713921
540,543.372619629,177.884887695,25.6480712891,72.5215835571,5.37185743451
540,10.0023336411,82.0650405884,20.2525806427,61.608455658,2.0880645141
540,517.51739502,177.063705444,18.89935112,55.2977714539,1.0327831842
540,533.29901123,182.392822266,20.1901988983,60.2864341736,0.665018195286
540,549.227844238,214.87310791,23.4266834259,72.2638015747,0.440904125571
540,557.296569824,170.274414062,19.6024017334,51.383556366,0.361235579476
540,134.250457764,174.770980835,21.8711414337,58.4214668274,0.299418647774
540,491.439453125,178.758621216,17.370677948,49.4912910461,0.151182943955
570,572.772155762,173.264175415,21.4432010651,69.0018386841,74.9719619751
570,522.839660645,177.768936157,24.0328121185,66.7435302734,54.1594088078
570,551.008911133,178.073471069,15.7823104858,62.1540031433,29.7453671694
570,408.922515869,159.630355835,20.780506134,77.8404464722,7.20412880182
570,560.077270508,177.331771851,22.0759868622,69.8915710449,6.63111209869
570,612.723144531,178.668106079,19.1233119965,47.8428077698,3.5011280328
570,9.66648578644,379.159454346,18.97265625,50.04114151,2.94497162104
570,16.2107620239,381.309448242,27.8028812408,68.8154678345,0.110792461783
570,614.933044434,259.507843018,17.1107444763,42.7859344482,0.0597407284658
570,613.60925293,226.927474976,19.1672477722,46.2985534668,0.0165130302776
600,597.078369141,170.352645874,22.8793029785,66.8501815796,91.5120840073
600,574.439147949,172.962280273,25.5275344849,83.7634811401,85.5551540852
600,541.361022949,181.660888672,21.2519245148,63.8758049011,15.1108115911
600,612.657043457,179.4400177,18.4544315338,72.7361068726,3.4747634083
600,615.665710449,96.1147155762,17.7792892456,55.0996284485,3.1524065882
600,36.8882637024,135.77986145,22.8881778717,86.729057312,3.14091257751
600,597.012023926,89.4977645874,20.4638080597,59.5835075378,1.31703391671
600,55.4901275635,131.604202271,20.1584339142,56.1246681213,1.31000196561
600,559.183410645,187.287399292,19.8950405121,56.6649513245,0.537705607712
600,44.5736351013,115.981163025,21.0767345428,57.4571495056,0.33610551618
600,611.594970703,264.218414307,19.0640506744,47.07579422,0.328917871229
600,615.790344238,242.615310669,17.285326004,47.14503479,0.316661945544
630,618.942504883,191.272094727,17.8202667236,60.3341712952,46.4072942734
630,97.0539474487,183.19708252,17.9817142487,47.4130973816,28.9514809847
630,74.4357757568,169.147445679,22.8457546234,60.424823761,9.50434878469
630,63.2348022461,191.804153442,17.2409534454,42.9451904297,3.59748080373
630,546.318786621,157.502288818,22.2123432159,54.401676178,2.29357611388
630,512.612365723,104.0570755,17.4924793243,56.2746009827,1.85618400574
630,5.86459207535,385.561004639,20.0377635956,52.3276100159,1.46130705252
630,615.324157715,242.439620972,16.2946910858,52.2323188782,0.688949599862
630,7.41766691208,208.212768555,20.3974189758,55.4338874817,0.640065781772
630,28.4959793091,105.05960083,20.5243167877,64.8946456909,0.308089586906
630,54.0005989075,192.653793335,16.9527015686,46.9272003174,0.188013538718
630,40.2667350769,105.21396637,22.0254535675,63.163848877,0.170505803544
630,527.484619141,61.007183075,19.8616027832,57.1894340515,0.141766038723
630,550.374938965,27.5852050781,23.3575344086,61.5719795227,0.00985944789136
630,578.710327148,18.559545517,21.4420852661,62.3600158691,0.000534794162377
660,510.001068115,195.736373901,35.136631012,94.0880508423,10.1164989173
660,60.6205558777,157.667572021,20.73503685,59.4997291565,8.5080973804
660,9.20169830322,94.0512771606,21.5061206818,82.0364761353,1.70198772103
660,517.598083496,186.920761108,18.8896427155,59.030796051,1.53605286032
660,73.1555862427,165.894302368,20.1274700165,56.4147911072,0.658865226433
660,503.244476318,183.793380737,21.7151050568,71.5377349854,0.416660215706
660,18.9407939911,76.3533401489,26.9265537262,87.7770385742,0.292417127639
660,6.9775891304,139.530502319,18.8645515442,74.4823684692,0.273868092336
660,598.352111816,275.72869873,30.2973022461,81.5178985596,0.225254939869
660,46.2635765076,147.940048218,21.2239952087,61.9723205566,0.188530457672
660,569.11138916,36.81873703,21.4131412506,51.7993049622,0.0404189398978
660,582.138305664,25.3528308868,24.4230976105,58.336807251,0.00181399354915
690,564.95111084,171.291671753,34.1871681213,83.8039550781,77.3045420647
690,26.8249664307,156.078964233,24.9433670044,74.607208252,39.8761451244
690,586.076965332,180.949279785,21.941827774,74.8480453491,23.4170511365
690,51.2228240967,170.899185181,21.3144664764,56.6744689941,18.8990592957
690,610.799316406,203.412216187,18.8556404114,60.7688140869,11.6678997874
690,10.3833208084,188.718093872,16.0317668915,41.9487113953,4.02485467494
690,77.2641448975,173.577957153,15.6896438599,50.2574119568,3.97935658693
690,13.2988891602,144.650222778,20.5714225769,84.1994476318,2.79023498297
690,2.610632658,277.826293945,25.1502857208,89.2436523438,0.613929936662
690,616.165405273,240.362915039,16.4383735657,45.3211097717,0.520573090762
690,495.596282959,127.412864685,20.836309433,59.9497566223,0.346933607943
690,589.053283691,212.026412964,33.192440033,73.9501724243,0.16892622225
720,411.130126953,159.360580444,16.3812980652,57.9704093933,13.7232497334
720,418.579559326,158.676895142,22.8325176239,62.5398254395,8.04957076907
720,3.98650622368,339.718353271,32.7326087952,70.9144668579,3.8675326854
720,6.6774764061,184.98085022,16.1834430695,51.1079559326,2.54637822509
720,461.336181641,94.5891342163,22.6292438507,56.5955543518,2.00995542109
720,617.466308594,169.313598633,16.4597454071,54.3124084473,0.980693474412
720,616.171691895,306.776611328,15.7360525131,45.2824058533,0.155528297182
750,435.682006836,174.862442017,22.9866962433,56.3662261963,76.6660988331
750,484.775238037,178.303695679,23.110742569,53.1299247742,14.0704616904
750,426.494171143,172.961471558,18.7079753876,53.2726593018,9.81049537659
750,455.934204102,175.037277222,18.0782661438,48.6675071716,4.91613633931
750,613.431213379,85.9703369141,21.4873790741,69.9106063843,4.09174859524
750,416.647979736,165.797515869,18.2856693268,57.6367797852,2.42753159255
750,445.56652832,114.376365662,34.5421791077,108.234718323,1.782771945
750,132.638183594,195.67805481,18.732011795,50.3279418945,0.768395559862
750,546.472595215,305.61529541,21.2010250092,50.4250488281,0.147948774975
750,462.912017822,184.542251587,21.1905479431,57.7006492615,0.120791548397
750,72.744468689,102.395866394,22.7885570526,63.0624351501,0.0328676600475
750,615.04083252,33.0916976929,18.0754489899,55.9925575256,0.0117890354886
750,627.784667969,109.040435791,12.2153320312,50.8191108704,0.0115536466183
780,508.653442383,181.694381714,20.261888504,52.3967399597,91.2323057652
780,487.869476318,176.364181519,17.6267089844,52.4319000244,86.6767287254
780,536.758972168,175.260482788,16.6652889252,55.2205848694,82.051384449
780,560.991149902,172.766235352,20.3326740265,58.507900238,77.3325026035
780,458.914093018,176.207870483,21.8864040375,59.1107177734,75.8558392525
780,594.421569824,173.149795532,26.6678256989,92.3293075562,70.0854361057
780,569.119506836,160.445327759,41.7720184326,99.7478942871,44.3726718426
780,444.310943604,180.807739258,18.3416728973,52.3570709229,15.942054987
780,472.303009033,165.841064453,20.569776535,60.4426307678,7.30605050921
780,547.273925781,177.462402344,18.3089809418,55.760345459,1.80342011154
780,578.65802002,209.674377441,22.4661769867,61.4447059631,0.343943620101
780,464.604766846,98.0942993164,31.6874065399,72.8224258423,0.177756603807
780,295.701568604,335.732330322,21.6837463379,49.65832901,0.164736656006
780,599.718261719,135.604995728,22.4478626251,60.1288566589,0.153745780699
780,615.081298828,180.554367065,16.3232307434,58.3418769836,0.101965211798
780,423.040435791,83.2821121216,23.9507656097,96.8281021118,0.0359095109161
810,606.73626709,165.528549194,21.78424263,67.9195022583,98.4211862087
810,587.800170898,166.229995728,17.983423233,63.2858123779,96.4208126068
810,503.273712158,167.847976685,29.5360507965,75.0410232544,96.3699281216
810,554.723083496,174.101989746,22.9422073364,68.7843551636,91.694611311
810,541.356689453,169.595809937,21.2811431885,64.5448684692,90.1077270508
810,478.743774414,183.329147339,18.6245098114,49.9077796936,33.8978439569
810,490.92300415,170.13041687,21.6766872406,57.6934967041,6.00304454565
810,420.782196045,175.975875854,17.6225337982,44.4069023132,4.19113337994
810,529.09942627,168.656265259,17.2839565277,64.0967025757,4.16556745768
810,564.26776123,163.508682251,53.3079109192,75.7273635864,3.91557998955
810,454.40145874,49.9734230042,24.2739696503,69.7418823242,1.49756940082
810,157.532730103,173.017501831,24.1704692841,57.3669624329,1.23048964888
810,433.538543701,49.9058570862,21.9238605499,65.3331604004,1.21166771278
810,576.918395996,169.2137146,16.9005298615,58.7542877197,1.20698921382
810,64.0722427368,144.369567871,22.8450756073,59.3218650818,0.984640605748
810,87.8077774048,95.676612854,22.5782012939,62.4346199036,0.974828563631
810,619.008728027,166.883621216,19.4718723297,60.1138420105,0.853495206684
810,423.299041748,62.9584388733,21.4032764435,60.9325866699,0.180202408228
810,617.199951172,299.779754639,16.6250896454,45.9745521545,0.128206261434
810,509.728881836,89.6514511108,27.8065013885,79.1185379028,0.0785000389442
840,552.836975098,161.493865967,24.1628341675,68.8739547729,99.3413686752
840,577.183410645,157.246276855,29.3160190582,96.7960510254,96.0882723331
840,614.356994629,159.671020508,17.9175777435,76.1665039062,86.977314949
840,593.590637207,158.611160278,19.8603610992,57.3114433289,10.1120352745
840,4.76643419266,199.982498169,18.8856220245,54.2239189148,1.90712213516
840,522.289428711,173.600234985,28.0784358978,66.509803772,1.56261101365
840,436.144012451,172.084289551,15.7206468582,41.9791793823,1.18919089437
840,497.654449463,178.687057495,22.8177967072,58.8395996094,1.07916053385
840,359.787963867,307.537231445,24.7892780304,67.389503479,0.812174100429
840,588.403381348,207.121337891,20.6369934082,52.7948875427,0.757333450019
840,600.713867188,171.880371094,22.6210174561,67.6388473511,0.549059826881
840,474.366821289,107.58203125,20.0683860779,59.7540016174,0.452204188332
840,425.917510986,168.901657104,17.1339130402,43.1832847595,0.253755250014
840,611.453735352,215.29850769,19.9712791443,46.8730659485,0.191979110241
840,510.589996338,186.919799805,19.2789287567,48.8978729248,0.190841290168
840,555.12121582,89.354057312,25.5107345581,77.5889205933,0.147263216786
840,533.124755859,82.9713668823,32.824420929,103.548797607,0.0724734913092
840,524.046508789,38.9194145203,24.0461959839,62.6641426086,0.0331017537974
870,613.026733398,212.230056763,18.4956550598,58.2277641296,37.5233411789
870,527.326965332,187.05480957,20.1865520477,53.3543586731,37.0302766562
870,610.471191406,78.1558074951,19.0097026825,67.5766067505,7.25003629923
870,9.62940502167,196.332626343,23.1721973419,60.5452079773,5.82963526249
870,514.570617676,92.4755859375,22.3392963409,53.6165275574,4.6778280288
870,423.581512451,163.757064819,18.4385585785,49.6223640442,2.77955848724
870,517.895629883,178.642532349,17.5495967865,50.0818367004,0.937366019934
870,538.135864258,184.960693359,24.0360774994,62.0901069641,0.749954907224
870,47.900188446,52.842540741,25.8075237274,62.3226051331,0.394255993888
870,578.610656738,192.310745239,19.8520927429,62.0705833435,0.31685589347
870,474.636627197,42.4390182495,28.3477115631,80.2130203247,0.163820397574
870,8.0976228714,113.973571777,17.0627346039,49.543132782,0.111232337076
870,531.676086426,59.5045280457,22.0901203156,61.2449188232,0.043297171942
870,614.322814941,255.376937866,17.6270771027,47.8070983887,0.00922601684579
870,463.879394531,28.7221450806,24.2728557587,65.299659729,0.000641685619485
870,570.784179688,29.5697154999,25.8581104279,58.0797386169,1.50766652496e-05
900,607.604370117,196.889648438,24.8722820282,65.7980575562,71.0044682026
900,569.283752441,188.502746582,22.4003810883,49.1767692566,27.1971017122
900,10.2638702393,33.207950592,22.2296543121,59.7177238464,5.96182346344
900,587.983947754,197.556274414,27.1584300995,54.6615715027,2.70340926945
900,606.094238281,174.352828979,20.4320392609,52.2519187927,1.47413099185
900,354.018707275,169.976715088,24.0564117432,68.4171676636,1.23025393113
900,581.100891113,73.7734909058,27.819601059,62.6101036072,0.640225457028
900,616.631774902,107.229667664,15.6824731827,43.921421051,0.480509083718
900,441.341796875,175.12878418,18.2715778351,45.392162323,0.393210584298
900,17.057477951,49.2514533997,29.1042003632,67.9881744385,0.361867481843
900,7.19298601151,177.649124146,15.1489171982,50.7640342712,0.296905077994
900,553.958679199,189.828308105,18.355047226,45.412689209,0.16999890795
900,562.208984375,89.8952102661,20.9906387329,64.4938278198,0.0729364110157
900,627.983825684,94.9654922485,12.0161743164,51.4298820496,0.0597751815803
900,479.782318115,30.7697143555,23.3885593414,65.3173828125,0.000932344755711
930,485.17175293,174.615646362,16.013212204,46.5718841553,15.6075105071
930,463.335449219,175.058792114,16.9831142426,48.364238739,12.935782969
930,618.506225586,171.116195679,15.1515932083,46.7370452881,12.9326999187
930,381.957183838,171.083786011,23.4695186615,58.1213378906,3.10732200742
930,564.170227051,172.056106567,16.8744316101,40.3634986877,0.751518225297
930,7.40945863724,107.362030029,17.3427753448,54.5288124084,0.669797416776
930,445.925079346,174.017318726,17.5991783142,48.7469825745,0.639270059764
930,12.7254285812,118.525444031,36.3338012695,85.6596679688,0.499110063538
930,601.353210449,180.830810547,17.3620033264,52.3274116516,0.419646827504
930,7.277364254,175.996459961,15.1064119339,52.6991882324,0.244030845352
960,507.437011719,175.829650879,24.1542987823,62.3203849792,60.1880609989
960,494.742889404,181.805038452,20.5550899506,53.7734260559,12.4592237175
960,522.336486816,181.108337402,18.9301128387,58.0388450623,5.77579550445
960,480.095489502,184.89276123,16.9676876068,52.5438346863,1.59262884408
960,611.454284668,216.137451172,17.7699451447,51.466594696,1.40098938718
960,596.768066406,224.289733887,18.0922737122,45.5059165955,0.893043261021
960,17.5692653656,201.354629517,27.6722774506,52.5865898132,0.736575433984
960,366.151275635,309.582519531,31.8401699066,76.9634780884,0.113539188169
990,608.895690918,175.371047974,23.1480426788,82.7909317017,32.329082489
990,566.222229004,183.174758911,23.8111038208,66.2774887085,11.5946508944
990,531.880310059,167.213302612,20.3269138336,60.8515777588,3.3412642777
990,8.05793190002,189.612060547,15.1230077744,44.6305999756,2.36503724009
990,559.76348877,178.981689453,17.7568836212,49.440322876,1.54614439234
990,615.108032227,103.066436768,19.8138141632,60.3388328552,1.29375383258
990,5.60437583923,386.253326416,20.5929985046,52.899723053,0.528363417834
990,615.768981934,230.192550659,17.3670082092,45.726776123,0.310682551935
1020,533.756347656,104.899963379,25.2343502045,70.5130691528,13.0899116397
1020,34.9125862122,173.936538696,25.0407943726,59.3505706787,5.23568019271
1020,546.429138184,120.701728821,28.6351013184,61.5679931641,2.37461775541
1020,361.177001953,265.730712891,21.8389816284,55.9233589172,1.86382252723
1020,5.80483818054,380.802398682,19.6798114777,53.0974311829,1.2436915189
1020,368.573974609,277.507659912,29.1571865082,70.5687942505,0.834118016064
1020,616.301391602,292.140686035,16.6732883453,47.0652656555,0.448597455397
1020,617.225769043,187.388671875,15.9358224869,44.6703338623,0.0776832283009
1050,6.52363204956,57.6927604675,17.5071735382,51.0196075439,1.46504603326
1050,144.795318604,308.106384277,27.4791717529,53.7602272034,0.66963173449
1050,345.562896729,162.578262329,139.899536133,240.957351685,0.668037449941
1050,384.210205078,311.53125,28.7424983978,65.4211654663,0.595058407634
1050,403.202972412,306.812072754,34.2247810364,70.4864349365,0.454162200913
1050,545.213378906,196.602783203,21.5033588409,59.4213218689,0.0607848633081
1080,9.86664485931,187.643753052,20.5915546417,55.2739524841,43.2917237282
1080,58.4443321228,192.770309448,17.1985168457,40.6908950806,3.06882094592
1080,552.035461426,172.554702759,22.6116333008,67.1360778809,1.56208593398
1080,103.017181396,152.487167358,24.4613018036,60.216632843,0.852449424565
1080,396.907104492,279.243103027,21.2411289215,53.0636634827,0.670079514384
1080,23.8565311432,183.116271973,16.3990268707,48.961681366,0.444209435955
1080,615.178283691,201.598800659,16.994146347,48.2526893616,0.322991143912
1080,6.7736954689,40.932849884,30.566160202,82.9584503174,0.159715802874
1080,570.746520996,237.649124146,25.9700717926,97.0813064575,0.0914743111935
1080,88.7731628418,165.457504272,18.4844532013,51.5874938965,0.0766396929976
1080,437.759033203,185.226516724,23.6955928802,53.7944984436,0.0152701715706
1110,603.118652344,172.652786255,29.0366916656,69.9537506104,97.3920226097
1110,568.095336914,177.062515259,17.8343791962,44.3369140625,6.13650679588
1110,327.446166992,299.032897949,21.6257095337,49.6012878418,3.55472452939
1110,543.60546875,190.319290161,29.6316127777,74.4994735718,1.05955582112
1110,464.287322998,188.641921997,22.3161258698,65.8404312134,0.538399163634
1110,323.290435791,320.776153564,28.9957675934,61.6046257019,0.443904427812
1110,616.966674805,222.07875061,16.1710300446,46.9393577576,0.259098177776
1110,64.972869873,142.421234131,22.7080593109,61.4625816345,0.20955435466
1110,5.40062189102,399.551422119,20.9400634766,55.0865478516,0.133197067771
1140,7.23319244385,178.230270386,16.2473373413,60.1762237549,5.2905973047
1140,14.2453336716,164.218383789,26.7699680328,59.2524719238,3.31376232207
1140,614.298278809,136.848022461,16.851984024,47.4146156311,1.32848126814
1140,358.838775635,273.534545898,22.461473465,54.5561790466,1.2751580216
1140,616.481689453,279.047241211,17.0735301971,42.7457084656,1.22059043497
1140,396.558258057,297.260345459,23.318321228,52.003452301,1.0291153565
1140,450.758575439,171.580551147,23.7572650909,58.8688049316,1.01367235184
1140,429.831542969,350.610473633,33.6861000061,66.5846633911,0.63218055293
1140,369.424682617,286.041564941,23.0435943604,52.4995422363,0.496169924736
1140,447.021026611,367.43637085,33.1585617065,72.6636123657,0.373843545094
1140,615.647094727,41.7150917053,16.1403141022,57.0942115784,0.321948155761
1140,5.5565161705,395.228790283,20.5731067657,54.7751579285,0.29172913637
1140,614.977966309,198.069778442,17.5628833771,49.1327667236,0.247579906136
1170,311.830108643,321.038818359,21.0865077972,47.7899436951,2.04362701625
1170,403.41809082,180.229797363,20.3656730652,54.9346466064,1.2798580341
1170,394.965209961,313.103485107,24.8554534912,60.404006958,0.685216253623
1170,291.398162842,305.68081665,21.2534008026,48.3505439758,0.524464435875
1170,404.885742188,331.021270752,24.9761581421,58.7950401306,0.336255459115
1170,6.16622114182,178.493026733,17.154088974,48.9984092712,0.186333758757
1170,354.362426758,260.435974121,34.9613304138,74.1324768066,0.083314452786
1170,507.63293457,24.0325222015,32.1307449341,91.1813735962,0.00328862224706
1200,99.9978866577,161.830169678,20.8100719452,51.2905845642,6.12151473761
1200,5.80002737045,178.90473938,16.7866268158,56.4529457092,5.18401265144
1200,517.165588379,107.069793701,23.0813541412,74.4626693726,4.26208376884
1200,424.606323242,175.846298218,22.7624588013,66.8420028687,2.02176515013
1200,355.218414307,325.496673584,21.4083709717,49.8974266052,0.961616914719
1200,385.535186768,296.367462158,23.6294803619,53.6322135925,0.127297185827
1200,566.167907715,187.403793335,25.105550766,50.987411499,0.0261413661065
1230,112.654968262,176.023803711,23.490896225,43.6080131531,11.4191636443
1230,456.306762695,189.965866089,21.93475914,65.7409820557,1.68284140527
1230,563.421325684,67.5973129272,29.4989624023,75.6005020142,0.819121766835
1230,166.776916504,402.126190186,25.3061065674,48.0319824219,0.0480937800603
1230,616.902893066,279.95211792,17.1160964966,44.1403045654,0.0331643619575
1260,60.1857757568,181.391433716,22.2820415497,44.2122039795,38.5388016701
1260,485.563446045,203.612930298,22.8810024261,74.2228088379,5.59722781181
1260,328.028564453,307.415618896,21.8912143707,50.6917304993,2.4262174964
1260,9.41452884674,181.957229614,14.5955429077,45.281452179,1.69731844217
1260,602.144226074,30.785697937,27.7370700836,66.1496429443,0.978434737772
1260,338.408966064,298.876525879,31.2108860016,60.0039825439,0.148371362593
1260,500.796875,117.455177307,22.6896438599,58.8547859192,0.028657540679
1290,4.23591375351,189.484817505,15.6376314163,46.6864585876,48.8615036011
1290,5.7937130928,387.000396729,19.1205329895,52.0762748718,1.46677065641
1290,530.723693848,81.2226486206,24.6609630585,71.1459960938,0.801084749401
1290,571.021850586,188.152175903,19.9347934723,56.7416343689,0.666148914024
1290,606.690734863,259.393890381,23.1047515869,66.7683181763,0.649154838175
1290,577.09197998,164.822631836,23.0800228119,65.5503616333,0.434701004997
1290,14.419213295,263.259063721,25.2762832642,68.2023162842,0.350901042111
1290,511.80368042,112.277229309,27.4853076935,78.2062606812,0.160867907107
1290,13.9640264511,379.803131104,31.7647171021,72.4364242554,0.103733607102
1290,594.787109375,273.246795654,19.186832428,49.4965934753,0.0479159149108
1290,534.714355469,198.492431641,24.656288147,62.7662391663,0.00696157803759
1320,605.299133301,97.7562026978,21.6124038696,62.1491279602,2.75248363614
1320,312.27255249,350.754302979,33.3898963928,66.2259216309,2.63711810112
1320,540.467102051,103.004821777,23.9497680664,70.650894165,1.10933789983
1320,45.6732444763,367.361907959,20.5326786041,46.8832893372,0.760908424854
1320,333.958831787,352.581665039,29.0868701935,61.1828956604,0.729687511921
1320,307.732025146,335.504669189,21.9498729706,51.2091064453,0.455935951322
1320,6.6146697998,157.736297607,15.8860654831,47.1871986389,0.161627528723
1320,555.438659668,106.387184143,20.7586956024,64.8569259644,0.149435841013
1320,51.7533569336,347.248077393,28.9417476654,58.1073303223,0.0684307189658
1320,523.191772461,114.34210968,22.1531925201,60.8641090393,0.0419208285166
1320,427.429168701,127.097595215,23.1537075043,59.5048828125,0.000121434607081
1350,582.052978516,86.4922103882,22.3049163818,62.4073143005,2.8005329892
1350,147.765060425,368.599456787,22.5789012909,45.3077812195,0.673770159483
1350,231.037826538,358.195037842,22.3491039276,46.937953949,0.608820235357
1350,462.753753662,123.504272461,21.3358287811,57.7015228271,0.0601773674134
1350,628.340026855,106.600074768,11.6599731445,48.8292045593,0.0259950378677
1380,612.961853027,55.0611991882,20.8829898834,101.769386292,4.93384823203
1380,527.134887695,157.687576294,19.1671543121,56.27551651,1.06020867825
1380,212.348556519,181.02796936,17.0547370911,50.1360015869,0.549022480845
1380,617.108947754,167.322341919,16.46393013,44.6086006165,0.30828230083
1380,242.519332886,320.747375488,22.628156662,46.68151474,0.28376900591
1380,231.500320435,314.907562256,22.2324962616,47.0074577332,0.20433194004
1380,7.72241353989,269.000579834,17.5896244049,53.603313446,0.0981665798463
1380,596.565002441,37.2943458557,30.0563793182,92.3632888794,5.91207367506e-05
1410,572.804016113,148.206375122,26.1707286835,69.1402282715,81.1749100685
1410,73.0903320312,335.445068359,20.4227523804,45.059879303,1.70137863606
1410,589.308288574,146.89390564,19.6662578583,59.4441413879,1.26663837582
1410,61.5847625732,338.758514404,21.2061328888,47.3302574158,0.972956698388
1410,480.477996826,141.290664673,19.9857692719,50.3164176941,0.903120264411
1410,45.7552070618,337.693878174,20.8635311127,48.2091674805,0.575841870159
1410,518.26751709,108.328277588,21.6461181641,63.1653785706,0.30731309671
1410,47.269443512,356.580474854,29.0357284546,53.5438232422,0.25624979753
1410,195.780639648,176.121139526,22.563325882,63.7410240173,0.242468994111
1440,514.619689941,145.312850952,43.8592720032,158.167892456,94.2522466183
1440,617.538391113,158.861099243,19.5709476471,53.0196876526,59.7928762436
1440,520.47845459,234.558517456,22.4733581543,63.0940361023,12.3238064349
1440,522.523254395,147.452819824,26.1369609833,69.9762802124,2.92227510363
1440,509.761383057,76.0925598145,22.7301692963,53.5956993103,2.2765185684
1440,533.128967285,234.260864258,24.1312427521,66.0082855225,2.02468447387
1440,503.331085205,163.824798584,27.8226089478,79.0963363647,0.499337818474
1440,529.237976074,87.5808944702,26.8597717285,84.5124588013,0.288671883754
1440,527.775695801,189.146911621,24.1626682281,76.9268417358,0.0437556038378
1440,102.484016418,393.814544678,23.5258636475,49.4612998962,0.00588495458942
1470,485.848388672,134.95072937,45.1355171204,171.173156738,96.292078495
1470,603.462219238,120.945037842,23.630033493,73.4579467773,7.45272710919
1470,489.732513428,232.689620972,32.0057792664,85.0008087158,3.44608537853
1470,484.314544678,144.109298706,27.997674942,74.1509552002,2.71469708532
1470,366.513549805,364.679351807,29.8180541992,68.9707107544,0.945454183966
1470,510.391235352,151.881057739,22.6088352203,65.000617981,0.752730388194
1470,549.320861816,86.1408615112,21.9566059113,72.2476043701,0.648040371016
1470,580.27935791,131.499435425,20.1886940002,53.5779418945,0.383471162058
1470,521.948547363,68.1651382446,29.4220638275,67.4943161011,0.378555012867
1470,616.279174805,273.815002441,16.1108398438,44.9388389587,0.326992035843
1470,521.666381836,161.811569214,29.0782375336,61.1494941711,0.263024237938
1470,6.67783927917,382.214263916,16.9640331268,41.9857177734,0.195442070253
1500,494.042205811,132.298690796,51.5588378906,185.799865723,96.7753231525
1500,516.522521973,150.786300659,28.263212204,77.981338501,7.6115347445
1500,611.382202148,123.181640625,18.154253006,52.0299987793,1.82766318321
1500,517.190979004,231.239196777,23.8436412811,86.8531188965,1.62130780518
1500,536.057678223,61.4607963562,22.0342025757,56.5606689453,0.691851973534
1500,536.894104004,150.649490356,17.5876483917,51.9554100037,0.394655112177
1500,557.536071777,69.5327606201,28.947883606,91.2899475098,0.384037592448
1500,597.915405273,128.51890564,20.2854003906,51.1499214172,0.161284022033
1500,495.394165039,136.95274353,26.2390880585,85.0537033081,0.0739947485272
1500,360.730010986,391.356689453,23.1023406982,54.7478675842,0.0684085127432
1500,259.279937744,267.897644043,21.5588169098,48.9548187256,0.0529924058355
1500,4.60791540146,396.596679688,21.7180080414,53.7452697754,0.0495778571349
1500,304.689025879,398.401519775,24.9261722565,51.2609443665,0.0115198687126
1500,580.488220215,124.014099121,22.4228839874,54.7966117859,0.000535667504664
1530,520.069519043,135.326156616,58.8525276184,190.012390137,95.4049229622
1530,542.327636719,268.213500977,23.3815555573,65.0361557007,64.9489760399
1530,500.813354492,171.39793396,38.4018287659,138.2293396,9.28667485714
1530,526.879699707,140.675491333,34.3941574097,92.7704391479,3.82897369564
1530,613.628601074,300.137542725,17.5249462128,50.2034912109,0.776916276664
1530,528.830383301,256.439971924,21.4432849884,68.9178085327,0.759445270523
1530,515.192810059,164.677993774,25.5704059601,66.5866012573,0.709799304605
1530,548.18359375,66.3945999146,21.0404758453,48.9710884094,0.507214665413
1530,6.00762319565,293.459564209,17.9346904755,56.4985923767,0.0693170586601
1530,563.64666748,51.6802024841,31.1862316132,100.947540283,0.0555703532882
1530,484.438598633,179.237350464,35.0708847046,109.684631348,0.0387473177398
1530,559.800354004,141.24671936,19.9500026703,55.4258918762,0.0217742082896
1530,603.186218262,134.841918945,22.547088623,53.8714447021,0.0115321170597
1560,535.924377441,182.976501465,44.8731384277,138.417510986,60.0963056087
1560,443.530426025,182.096496582,21.4558238983,43.0320320129,3.46101857722
1560,555.616455078,246.734985352,23.3775463104,64.8469009399,2.51230672002
1560,562.966796875,217.852600098,33.2997055054,96.7495422363,1.23379314318
1560,231.307022095,327.108612061,21.9731903076,47.7382164001,1.11533105373
1560,574.268249512,54.8811225891,32.1992454529,105.423057556,1.00629394874
1560,610.580383301,132.161483765,19.858045578,52.9797058105,0.931835267693
1560,215.567276001,348.725860596,21.5072402954,48.7532539368,0.407058466226
1560,540.272277832,164.424041748,29.6701717377,71.8772583008,0.168331712484
1560,385.498779297,354.021118164,21.5726184845,44.2914733887,0.0650469388347
1560,591.219055176,58.3915405273,21.642786026,52.9169273376,0.043097420712
1560,510.74105835,218.087387085,19.1257457733,47.3877410889,0.0398269563448
1560,614.624694824,48.18907547,17.8213672638,55.1691246033,0.017077474331
1560,560.712219238,48.8928718567,29.1481704712,78.8358764648,0.00683757680235
1590,449.386199951,183.126708984,20.3382606506,40.7874298096,45.2551960945
1590,610.920959473,195.045028687,19.7658195496,48.2025108337,13.3946746588
1590,596.718078613,44.204498291,21.2684574127,68.1985473633,5.97168318927
1590,302.207244873,379.072021484,20.0466136932,43.3993492126,5.1435507834
1590,216.489059448,338.477111816,31.2192993164,59.7734794617,4.45419959724
1590,191.535720825,344.739044189,27.7630691528,60.1768341064,2.94173657894
1590,568.542785645,49.9377555847,21.0422801971,53.5911979675,2.78649497777
1590,169.242782593,393.378448486,20.4725399017,44.9664459229,2.30027586222
1590,194.254104614,379.302581787,21.0437088013,51.2060508728,1.7801919952
1590,205.589157104,365.593841553,28.2721157074,53.2183570862,0.996202696115
1590,610.56817627,43.7882080078,18.9673442841,53.9143180847,0.753967603669
1590,426.281219482,348.791229248,29.070810318,57.9351158142,0.666204700246
1590,583.614135742,43.5385627747,21.1738128662,65.1164855957,0.603405758739
1590,461.202667236,181.253295898,18.7537193298,44.0916252136,0.587700959295
1590,232.167007446,370.291290283,21.3840103149,46.4785652161,0.491037266329
1590,317.624481201,379.19418335,20.4692325592,43.3984794617,0.438712118194
1590,391.794586182,386.574951172,21.4325847626,43.8258056641,0.423464365304
1590,413.062988281,341.025482178,23.249288559,53.3655738831,0.173680915032
1590,206.553878784,327.572692871,20.9879932404,50.4076881409,0.0934064679313
1590,615.561950684,263.776031494,17.9989070892,46.0266151428,0.0619047903456
1590,98.2845230103,395.872772217,30.8687458038,53.3540496826,0.00298043032672
1590,181.103683472,394.770629883,25.330991745,51.4642601013,0.00257513565884
1620,464.361694336,179.054702759,19.1248531342,44.6130638123,21.7737808824
1620,205.485519409,174.804138184,21.8797607422,69.2539749146,17.7597045898
1620,432.325897217,175.318161011,17.3867168427,45.62758255,7.91316330433
1620,447.775360107,177.291061401,16.8228473663,43.7228393555,6.71314448118
1620,615.399291992,173.004394531,16.355676651,50.9364776611,5.13573996723
1620,189.82043457,361.253814697,22.005197525,47.9504890442,0.765905249864
1620,428.72555542,374.503143311,22.8213672638,51.69272995,0.753177283332
1620,613.161071777,37.2675323486,18.2960300446,56.3639335632,0.75199441053
1620,457.48425293,381.311309814,29.8500995636,59.1622428894,0.433225883171
1620,295.627288818,348.290008545,22.0345287323,45.4312438965,0.315411342308
1620,444.051513672,385.582122803,23.6264057159,55.3829917908,0.193864840548
1620,417.779907227,386.160797119,23.2419509888,53.2414703369,0.163155642804
1620,614.867614746,207.013717651,17.9619045258,39.7858314514,0.138588331174
1620,360.223419189,259.774383545,24.2612247467,57.5444030762,0.111071951687
1620,582.08605957,24.635345459,24.4618282318,70.857673645,0.00374414194084
1620,595.849304199,41.7721633911,27.0076980591,73.3465652466,1.64757480547e-05
1650,483.62387085,181.268386841,19.7868251801,45.7717018127,73.1332719326
1650,463.982910156,180.794876099,15.3081083298,38.8907051086,65.7004952431
1650,450.091430664,176.015029907,17.2750358582,45.252117157,36.7922991514
1650,572.377441406,110.316001892,27.5027217865,78.974029541,22.3594412208
1650,394.168182373,183.160339355,23.4414958954,68.1787872314,1.09269870445
1650,615.747619629,178.495925903,17.8330955505,47.4068641663,0.608821632341
1650,498.954742432,182.016479492,19.1870479584,47.9935112,0.274352659471
1650,548.236633301,183.403198242,18.1970081329,45.2984428406,0.143620313611
1650,407.264404297,357.031890869,22.8061580658,46.1712303162,0.08938126266
1650,551.24041748,23.8783187866,20.4481143951,52.3418540955,0.0617535435595
1650,395.495452881,346.429962158,23.9907093048,51.1470031738,0.0360601756256
1650,606.561950684,18.8197250366,24.5665607452,57.0351104736,2.44597543997e-05
1680,469.304779053,180.30847168,19.996427536,43.2655067444,96.0383057594
1680,493.083374023,183.643203735,21.1962184906,49.26770401,80.092471838
1680,458.703399658,177.055435181,18.9589805603,48.5260467529,34.0552598238
1680,583.889770508,61.4645080566,19.7075099945,53.3313140869,12.5753462315
1680,602.063354492,93.5102310181,27.6893539429,92.0378494263,0.829124171287
1680,508.49597168,189.158889771,17.8487682343,45.1964073181,0.684132939205
1680,8.6967458725,73.1408157349,18.6516361237,54.4404792786,0.266884127632
1680,615.070678711,227.755554199,16.851770401,42.7791099548,0.107866129838
1710,487.261077881,184.595092773,18.8313884735,47.1652069092,94.8533773422
1710,509.4246521,182.104324341,19.3565425873,52.3434333801,94.5831298828
1710,469.762908936,180.628463745,18.2685184479,47.9536705017,89.5651340485
1710,498.436920166,184.133865356,17.0710945129,47.5656318665,7.28893727064
1710,612.300598145,49.142868042,17.6316375732,51.6139411926,0.550182675943
1710,459.606536865,181.604064941,18.0954475403,50.6788749695,0.505864620209
1710,399.549041748,170.585067749,20.1955299377,48.6366119385,0.421122042462
1710,507.254272461,110.450073242,23.4493274689,60.5532073975,0.0359512720024
1740,513.360229492,182.351608276,19.9305534363,50.5655784607,98.0441749096
1740,537.750305176,182.738388062,21.2345809937,58.3361320496,96.5767145157
1740,494.297821045,178.461837769,19.793056488,50.5639533997,96.1821675301
1740,226.835510254,384.867706299,20.8674678802,48.4955329895,2.02650763094
1740,529.149719238,179.425674438,16.2896671295,54.0161705017,1.55740305781
1740,375.016082764,371.447418213,22.5562610626,55.5795898438,0.453847367316
1740,150.148788452,187.576339722,27.3191242218,77.539894104,0.310522387736
1740,391.305877686,385.134246826,22.2387542725,54.5974731445,0.28740928974
1740,360.104980469,366.066375732,22.7077789307,52.7980766296,0.181875634007
1740,199.271972656,385.749542236,22.8534450531,49.4515266418,0.169731699862
1740,516.437316895,72.4383926392,28.4735584259,65.1966629028,0.0856024562381
1740,237.561630249,371.213226318,31.7355480194,60.6384239197,0.0819124106783
1740,274.667236328,379.018280029,31.2524795532,59.5060310364,0.065850286046
1740,210.086303711,393.638885498,22.4395198822,51.2522087097,0.0493698578794
1740,253.655776978,379.194091797,32.9083023071,61.9044151306,0.0288889044896
1770,551.785827637,176.830276489,23.0012836456,59.9854545593,99.72178936
1770,526.054931641,176.656616211,24.6019916534,61.1533088684,99.4456231594
1770,577.249084473,176.368606567,22.2359104156,67.525894165,99.4352281094
1770,587.234741211,83.9479141235,22.6940746307,57.2601661682,12.8852069378
1770,493.780548096,215.789718628,20.7470817566,46.5343017578,0.647144811228
1770,601.479492188,174.947433472,27.8668842316,72.9374847412,0.142128660809
