30,541.257873535,189.464279175,20.3791046143,55.3203315735,80.1006376743
30,203.249191284,166.477157593,21.299577713,55.8472709656,69.2418634892
30,613.654724121,213.805053711,16.7986927032,46.3614311218,62.1969640255
30,126.16305542,162.869125366,24.2698688507,57.8396110535,8.89756828547
30,557.118225098,192.574645996,19.5610027313,55.6473960876,7.63373449445
30,10.8644914627,201.013793945,18.5548114777,41.6807937622,3.46011146903
30,521.451416016,184.483398438,19.465051651,52.2692680359,2.2754220292
30,78.3276901245,190.722915649,18.7056903839,41.377910614,1.92953906953
30,123.637748718,105.374450684,21.4609622955,58.2453269958,1.63718294352
30,118.224464417,172.864425659,18.2214031219,51.1468315125,0.60299448669
30,192.625534058,172.040817261,18.4142551422,51.474697113,0.580807309598
30,140.666915894,178.992294312,19.021490097,46.4469032288,0.488032959402
30,371.008636475,145.285171509,22.8048553467,63.3175010681,0.396020896733
30,590.228149414,209.849746704,19.9761066437,49.6259918213,0.379633717239
30,6.63454580307,25.0911884308,19.4927749634,56.909702301,0.00736469010008
60,542.234619141,191.345458984,18.9683151245,55.0960083008,80.1845788956
60,614.203796387,213.671524048,16.4421596527,46.4860801697,62.9442572594
60,203.171463013,169.948745728,21.5395259857,53.022151947,54.9207866192
60,124.076393127,153.173873901,21.8743076324,66.7757339478,19.9671775103
60,9.89461040497,198.660400391,20.0025653839,44.4495239258,6.89910650253
60,529.785095215,185.046859741,18.2276744843,55.7697029114,4.37635406852
60,555.14642334,186.69367981,23.3867416382,61.617816925,2.59076245129
60,586.170715332,213.045959473,21.0298938751,45.5613136292,2.30380203575
60,192.099182129,169.369522095,18.7106990814,53.5087776184,2.00345125049
60,82.8330917358,189.477584839,17.6420726776,43.7329101562,1.62975247949
60,376.555633545,154.535995483,20.528421402,61.5509185791,1.58535577357
60,601.395080566,210.413009644,21.0337848663,45.420879364,1.41068762168
60,516.047790527,188.269714355,18.6233348846,50.4530334473,0.92498511076
60,125.060508728,94.1819534302,30.4934082031,70.1261978149,0.866620335728
60,134.085067749,178.621688843,21.6440505981,47.4373321533,0.856999307871
60,456.860107422,121.152854919,31.6022109985,83.0178222656,0.0250193203101
90,542.279724121,187.460098267,20.58244133,55.171787262,79.9314379692
90,611.91027832,215.076187134,16.95221138,47.1886634827,53.0601680279
90,114.678924561,133.776763916,32.9498558044,84.0753326416,27.1762609482
90,204.909729004,170.803405762,21.7401485443,53.337387085,23.2271164656
90,6.32052278519,201.916992188,18.5853672028,45.7172966003,8.7568692863
90,519.78326416,165.221481323,22.7361392975,71.6368179321,5.09931407869
90,371.470489502,153.577789307,21.9412746429,61.8620033264,3.62085141242
90,556.070007324,185.613082886,25.5460586548,67.5158462524,2.83763632178
90,594.69329834,213.215530396,21.8749313354,49.9979133606,2.65057906508
90,61.8368721008,192.354919434,18.3284664154,42.8171806335,2.58118677884
90,532.9453125,202.60798645,19.7926502228,48.2238922119,1.21364658698
90,130.675201416,176.513244629,19.0152568817,49.7204246521,0.634219450876
90,552.528503418,223.588134766,21.3657970428,44.8405189514,0.247727381065
90,141.68737793,164.769241333,19.0890045166,54.4978141785,0.157571875025
120,547.308044434,191.046707153,21.8092956543,57.5478019714,76.0324001312
120,113.292915344,131.983016968,30.2981414795,89.1841506958,29.2065620422
120,204.411499023,169.17805481,20.2465190887,54.5861244202,21.5023249388
120,559.133850098,188.441940308,27.0359249115,65.026725769,17.0462802052
120,4.95002031326,204.861984253,16.5895195007,45.2369651794,15.6885638833
120,606.754516602,213.200363159,19.3132610321,49.7936058044,8.6439281702
120,53.8765411377,194.890625,17.0021781921,41.7985916138,5.99943324924
120,525.873291016,186.808944702,19.7666797638,54.8714599609,2.81830858439
120,416.942504883,82.0915603638,83.19140625,163.301040649,2.13012378663
120,192.646194458,172.465316772,19.151391983,56.0570220947,2.03152149916
120,538.248352051,206.867202759,20.1331939697,50.0557594299,1.95675641298
120,81.0536727905,171.614196777,21.5034408569,59.4524269104,1.79713945836
120,63.2380104065,196.001998901,17.2930469513,42.6070289612,1.76650825888
120,370.529571533,145.443069458,24.3032741547,67.9863586426,1.60180386156
120,73.2546920776,192.809509277,18.0862503052,43.3675689697,1.34974420071
120,111.701225281,176.585891724,17.9914836884,53.444568634,1.02553535253
120,137.323867798,174.56590271,17.2765865326,52.1572608948,0.600132439286
120,568.952331543,232.609375,20.8993530273,44.0311584473,0.323034450412
120,129.964248657,133.558334351,20.7748889923,56.1839103699,0.290854950435
120,466.562347412,115.680541992,26.8734436035,85.393913269,0.289288512431
120,516.685913086,200.656692505,17.7594051361,46.1026039124,0.2688548062
120,552.366638184,223.037475586,21.8426189423,48.7016143799,0.110314460471
120,614.462463379,238.350387573,18.9872627258,43.903881073,0.0545390357729
120,428.595306396,120.313514709,24.0188884735,69.6735153198,0.00557321800443
150,578.511901855,189.868118286,24.3222885132,69.4531860352,79.5871138573
150,601.356933594,173.937484741,28.2145328522,91.4829025269,57.6433897018
150,102.964515686,183.945755005,21.0124073029,46.5527801514,22.6718783379
150,374.844696045,149.605926514,22.617477417,64.380027771,13.8918191195
150,566.458129883,193.994934082,21.339220047,63.1807365417,6.74815550447
150,195.202560425,168.731719971,20.0187969208,52.0542182922,4.34685572982
150,616.199279785,219.637634277,16.9703464508,51.5003547668,2.29625757784
150,544.218444824,219.18157959,17.0778980255,42.3897666931,2.18048710376
150,52.0066108704,195.13269043,17.9928245544,43.6074485779,1.9154202193
150,553.252868652,212.495193481,17.1717739105,42.8463096619,1.81893110275
150,5.7948474884,202.922958374,16.1255474091,45.385433197,1.45157407969
150,94.4575271606,130.176055908,34.6725502014,97.0745620728,1.38807632029
150,120.069236755,170.025192261,19.6155185699,56.5027046204,1.33063653484
150,589.910339355,205.531616211,25.6538143158,63.151714325,1.137289498
150,476.841705322,108.992218018,30.8191623688,82.1117401123,0.708943512291
150,103.763793945,116.007286072,22.4592571259,54.154586792,0.642676837742
150,361.425506592,155.070083618,22.7551021576,63.0298576355,0.557015603408
150,180.803451538,179.89704895,25.8507671356,57.1801490784,0.48533892259
150,606.233642578,235.393478394,19.8986587524,47.4625434875,0.3496554913
150,421.811798096,87.7577590942,102.362464905,187.036483765,0.113135459833
150,457.170013428,85.2096481323,31.4425067902,105.805717468,0.0398620089982
150,627.012084961,223.272628784,12.9879150391,54.0346565247,0.0267874507699
180,381.511688232,147.598861694,22.5936183929,67.0737991333,15.8911645412
180,79.0650024414,181.302200317,17.8614330292,46.2155456543,8.55592042208
180,192.957809448,166.657989502,19.8021793365,54.2312660217,8.2380361855
180,603.696289062,179.582336426,24.7247772217,79.2655715942,2.94845085591
180,615.69128418,213.950057983,16.9635848999,47.1064186096,2.40854360163
180,158.515686035,192.800765991,18.6031322479,42.6622962952,2.14021746069
180,85.4432983398,120.670707703,21.7611064911,61.3979759216,1.74916554242
180,593.406066895,63.2612953186,31.5072460175,113.249946594,1.0837755166
180,594.958557129,216.360916138,21.2339057922,50.3484916687,0.829225499183
180,81.1920700073,148.895950317,32.6737442017,72.2113113403,0.678324140608
180,98.5928649902,125.166503906,20.7110805511,55.9639129639,0.497440900654
180,366.046905518,155.18598938,24.2329406738,61.2048225403,0.365625252016
180,98.6469192505,171.443710327,20.5230712891,57.6573905945,0.260003632866
180,487.123016357,92.1651229858,22.6432094574,65.1639938354,0.181059143506
180,519.884094238,99.9712905884,22.0164089203,61.3628425598,0.114382756874
180,509.112762451,218.730407715,20.1337223053,46.1320228577,0.10457552271
180,505.023895264,94.0370254517,20.6266384125,59.4253044128,0.0546318013221
180,466.282836914,108.349212646,31.9928817749,72.3257293701,0.0378011725843
210,31.4109039307,103.684181213,31.8007507324,124.457115173,48.1344282627
210,30.6961765289,173.606262207,20.1295051575,52.627407074,34.5985203981
210,371.292602539,143.92124939,28.42096138,69.8490600586,18.0997550488
210,362.537475586,157.798782349,21.5485286713,59.0927009583,8.80842059851
210,43.5624542236,167.342712402,22.4121799469,60.7977333069,3.2339092344
210,86.7701416016,67.6098403931,21.2840423584,64.950843811,2.27503273636
210,105.884544373,76.4590454102,20.8464660645,54.9363555908,1.20803751051
210,50.999080658,112.540496826,19.3864536285,59.8766212463,1.10404631123
210,534.692932129,52.6851806641,22.170539856,63.8210296631,1.06296502054
210,79.0636444092,180.753723145,17.8439426422,45.9564208984,0.988091435283
210,578.963439941,233.176864624,19.7679290771,49.0926399231,0.725807715207
210,121.027076721,182.65826416,17.8547344208,46.0229034424,0.644188933074
210,561.930480957,101.255584717,21.7092533112,59.893573761,0.302542536519
210,60.6563606262,101.859657288,21.6884460449,58.2540016174,0.27672892902
210,615.141235352,227.776916504,16.2549419403,44.5052833557,0.227320799604
210,501.646270752,82.8839035034,25.8037014008,66.1816177368,0.196586037055
210,553.177062988,52.6099243164,20.847486496,65.7445907593,0.13773314422
210,63.1480712891,172.817855835,18.4119415283,54.4792327881,0.103506282903
210,78.3039932251,94.3946456909,21.5505905151,53.8708686829,0.091461482225
210,562.518005371,40.4944648743,22.6451625824,60.6222648621,0.0869368202984
210,616.125183105,259.735565186,18.184387207,42.5967292786,0.045827991562
210,158.569015503,161.146408081,19.361574173,53.070224762,0.0200259819394
240,366.915435791,141.644271851,29.2798709869,71.7335357666,12.7096071839
240,593.606750488,225.105728149,21.1872329712,48.0207481384,9.90069806576
240,383.157989502,131.31803894,27.1203746796,85.3776473999,7.30703249574
240,357.252807617,161.84387207,21.2619495392,54.8097419739,2.53966469318
240,29.1630649567,195.357177734,18.8944015503,45.391418457,1.98860391974
240,579.88470459,86.8884048462,33.5207328796,68.5583114624,1.08579266816
240,76.9356613159,61.6265983582,19.7110843658,55.0673675537,0.972566660494
240,40.5751228333,187.653091431,16.6358242035,45.5264129639,0.567181315273
240,153.53503418,160.382766724,18.3983917236,52.9408607483,0.298022176139
240,5.76811742783,79.7358779907,18.614402771,52.9879341125,0.288140610792
240,609.457275391,101.277778625,19.8530845642,57.9034233093,0.212230859324
240,562.127685547,71.0377120972,33.4585533142,96.7900466919,0.130851764698
240,13.2321405411,79.1060256958,25.2490100861,67.1045303345,0.0781613925938
240,37.0279197693,37.092502594,22.7306499481,82.6328811646,0.0363656465197
240,581.151245117,22.4557704926,36.6108970642,73.6887893677,0.035810211557
240,498.291290283,87.8489608765,32.4799690247,84.1224899292,0.0349227251718
270,389.785186768,128.634384155,28.5665359497,84.0246582031,3.78179550171
270,373.538330078,149.894577026,22.8415737152,61.1258735657,3.10189686716
270,598.887634277,63.5233268738,22.8282337189,55.8926391602,2.24522091448
270,360.730255127,147.016555786,22.6342086792,52.384059906,1.41519997269
270,46.0705223083,49.846370697,21.7279033661,55.151134491,1.29436245188
270,127.085723877,148.598861694,21.404340744,65.4126586914,1.19693623856
270,614.837585449,226.912063599,17.3637104034,43.4414672852,0.111802830361
270,146.588424683,168.679138184,22.3789291382,62.5069618225,0.076564878691
270,72.6641769409,129.597717285,31.6660060883,79.576210022,0.0759878195822
270,30.9693450928,51.3004646301,22.4338359833,55.6700553894,0.0307624286506
300,371.847167969,139.944229126,21.2386054993,60.3845863342,8.75303968787
300,83.900390625,162.36026001,21.0750179291,53.455947876,5.60376346111
300,383.506988525,134.288314819,21.3656616211,68.6025009155,3.22646126151
300,94.3360061646,142.212844849,22.9908981323,63.6624755859,1.16358725354
300,394.076568604,115.759376526,29.9798946381,93.5539321899,0.840082019567
330,381.470794678,120.626991272,55.6131744385,93.0110855103,33.3064079285
330,100.213317871,172.906173706,31.5304927826,70.6884384155,26.8676698208
330,375.79296875,147.04888916,21.4191131592,59.5285949707,21.942666173
330,394.593170166,151.538162231,20.9541568756,59.5022315979,15.7613188028
330,11.0483894348,121.803276062,26.7165546417,94.4032211304,2.30592917651
330,404.737640381,79.4318618774,78.0787124634,137.168228149,2.06480491906
330,401.12020874,110.689353943,22.1928310394,75.0904922485,1.68083421886
330,313.012481689,253.447570801,20.9762763977,46.3604278564,1.40734585002
330,361.744232178,148.495376587,21.9314174652,56.6809120178,1.14264618605
330,291.453521729,159.426620483,80.7505111694,129.126876831,1.06077054515
330,226.153198242,249.842712402,26.9452228546,46.6347236633,1.04146581143
330,338.054107666,160.531570435,31.2712535858,65.2905960083,0.589362718165
330,7.32523918152,112.637634277,19.7410087585,59.9883613586,0.250113825314
330,208.494369507,251.798400879,29.3029842377,52.4849586487,0.149543641601
330,5.97757577896,191.117752075,16.5479221344,44.8688659668,0.134577101562
330,23.7768650055,112.296165466,35.7307395935,86.1988525391,0.019987601263
360,410.543212891,87.4973754883,58.1718711853,133.383255005,54.597812891
360,375.376251221,143.328842163,27.0130004883,65.9425430298,24.9351471663
360,407.077972412,122.861061096,27.9763431549,88.1414489746,10.8428105712
360,459.314544678,134.400588989,30.6454391479,73.8618850708,4.03953678906
360,294.368804932,389.9793396,24.697347641,64.3504333496,3.07296905667
360,391.265655518,138.892684937,21.8726940155,60.9854393005,2.30553932488
360,289.227661133,158.842391968,84.3771438599,168.191665649,1.55979655683
360,422.926177979,112.52481842,24.4933166504,70.2450256348,1.14734740928
360,488.296783447,110.4190979,22.3584957123,56.7415733337,0.714802602306
360,336.00213623,232.69770813,30.1760025024,71.3938064575,0.566722685471
360,449.113250732,145.12538147,23.5859088898,65.635597229,0.533485040069
360,5.68032646179,208.980545044,16.6754817963,47.6784553528,0.274345674552
360,360.742645264,145.641983032,21.9802188873,56.9088897705,0.263760122471
360,543.423522949,84.4069137573,28.8091106415,100.759025574,0.166667392477
360,615.631591797,240.13053894,16.7339000702,40.949634552,0.115637178533
360,609.332580566,32.5753440857,20.7614917755,49.8311576843,0.00342691964761
360,78.8695297241,36.0483665466,32.9627685547,82.653678894,0.000254014207712
390,433.512329102,113.145362854,51.014831543,115.354438782,28.7610918283
390,10.7875862122,179.374465942,28.4261951447,84.3969497681,7.16309249401
390,390.358795166,351.353057861,22.3880081177,58.8352661133,3.1138010323
390,414.488372803,126.749839783,36.0343818665,89.7546768188,3.01494952291
390,389.577728271,149.490585327,28.7699222565,67.4839553833,2.96996831894
390,287.566986084,133.815826416,162.39781189,287.445648193,2.18434482813
390,485.887115479,41.5590324402,29.5446605682,106.085365295,1.92799568176
390,592.299865723,68.9836120605,23.3549804688,63.1739044189,1.42031079158
390,378.34274292,148.967666626,22.6260070801,62.9855041504,1.19186285883
390,609.07232666,238.497085571,19.1820354462,49.499130249,1.08467508107
390,542.684082031,190.383346558,21.9644832611,51.1660881042,1.05617474765
390,370.869720459,305.346893311,29.592924118,72.9633255005,0.544190313667
390,397.624176025,378.55871582,29.8290939331,71.3165664673,0.506086042151
390,611.68951416,267.575592041,18.572063446,44.4787750244,0.367258489132
390,424.917572021,175.497512817,20.3139400482,48.7881469727,0.349098420702
390,472.352874756,45.3100090027,22.1388015747,63.9968414307,0.343398377299
390,477.048065186,135.515365601,23.0601406097,57.4498252869,0.163131859154
390,436.025177002,177.398620605,21.1385784149,51.5576896667,0.11877566576
390,433.370605469,64.0296020508,134.564254761,259.332550049,0.0884278910235
420,398.341949463,155.393310547,27.2979202271,66.0799484253,13.919468224
420,85.4225845337,173.208740234,31.067949295,64.9323806763,12.6317083836
420,391.803222656,283.765350342,31.6048736572,75.916595459,4.15891259909
420,99.1270675659,118.924102783,23.1234302521,56.3843040466,2.8610676527
420,283.353118896,154.590042114,168.979980469,263.022186279,1.91469695419
420,52.507900238,146.433853149,21.3373317719,51.5858306885,1.6031106934
420,615.164611816,225.7396698,17.6554813385,45.1167297363,0.66375862807
420,6.46352624893,229.099105835,17.6544589996,53.6033821106,0.532941520214
420,514.348388672,169.808639526,23.0487976074,59.6851844788,0.363511429168
420,508.471954346,80.7093505859,31.6917819977,89.5465087891,0.0623233267106
450,416.394622803,144.616348267,34.4434700012,81.9443054199,25.8258223534
450,311.898956299,296.667053223,27.177980423,78.6496963501,9.54263880849
450,604.377990723,177.812057495,24.3576183319,89.8817825317,7.53380060196
450,6.11885690689,86.6917724609,26.3243560791,85.1701812744,3.51052358747
450,615.872619629,226.838134766,17.8362979889,47.4296684265,3.1766358763
450,424.639770508,124.273124695,65.8548278809,116.92490387,1.55176594853
450,469.387420654,168.941543579,32.0289497375,76.3424911499,1.42249362543
450,441.885498047,170.739273071,19.3271884918,58.4230804443,1.06386123225
450,599.916137695,139.328201294,28.1162242889,65.3404159546,0.870885234326
450,547.495544434,191.318191528,22.6208553314,60.6125488281,0.642529083416
450,588.546936035,146.557601929,22.9673252106,57.4576301575,0.50034285523
450,99.9987716675,75.5289764404,23.4834365845,49.2717590332,0.491938740015
450,509.076629639,131.406600952,30.9086227417,88.7759933472,0.332613312639
450,453.581939697,132.324234009,25.4587249756,78.616317749,0.254756980576
450,499.411834717,139.372528076,21.8062362671,69.7360687256,0.218442012556
450,408.629882812,180.345077515,22.1362094879,50.2720603943,0.123995728791
450,567.331665039,120.20035553,32.9605560303,79.0296859741,0.0626394175924
480,430.64541626,173.560348511,20.7546081543,56.2512016296,4.82318066061
480,578.710876465,166.989700317,21.7172222137,56.3691520691,3.54274883866
480,511.246124268,82.7466964722,66.796257019,168.973175049,2.75541208684
480,614.539489746,240.801574707,17.904001236,47.31407547,1.92636270076
480,466.455352783,97.0380859375,65.0170135498,148.302841187,1.77435092628
480,545.863952637,183.509765625,21.8701992035,55.9624061584,1.04335416108
480,492.93838501,170.2993927,25.520362854,72.1155166626,0.927169434726
480,601.399353027,88.1895828247,27.6495742798,63.8978691101,0.814431719482
480,465.809112549,130.866607666,24.1530380249,72.8467407227,0.369027419947
480,515.784484863,100.849769592,30.0458660126,91.078704834,0.23663812317
480,478.325592041,136.501846313,26.374666214,85.9828109741,0.186658278108
480,424.930206299,347.975708008,29.2017917633,60.5818901062,0.18177247839
480,508.455413818,96.683265686,23.1882572174,63.1228790283,0.14200725127
480,499.709136963,131.522171021,27.785949707,75.40625,0.116931227967
480,584.153503418,86.3259811401,23.6329040527,59.5864715576,0.0949107692577
480,449.24105835,131.356033325,27.6668720245,84.2974090576,0.0945026578847
480,395.408599854,315.673614502,25.1379108429,52.5191497803,0.064851087518
510,466.4453125,161.236587524,33.8015632629,80.7064590454,27.4368733168
510,594.798706055,190.334396362,33.0942764282,92.5878601074,1.06435101479
510,406.694244385,339.482208252,22.9666156769,51.8981781006,0.840667635202
510,386.772247314,303.225860596,22.3104610443,49.7225341797,0.773203652352
510,369.527679443,300.830474854,23.90483284,51.623046875,0.576021755114
510,361.951446533,259.728179932,29.1992702484,62.2610740662,0.536917056888
510,562.236083984,166.741195679,22.9586086273,65.8432617188,0.398300215602
510,420.662261963,354.306427002,29.2869434357,58.0858802795,0.395756913349
510,388.233673096,320.076812744,31.9834136963,65.2614212036,0.386722479016
510,6.75352334976,399.051147461,17.3521575928,48.3180084229,0.378375407308
510,570.502075195,128.68711853,28.0387496948,72.0955276489,0.253055803478
510,466.224029541,204.75440979,21.0043582916,46.0679168701,0.179278268479
510,615.75994873,295.838226318,17.3222904205,45.5511779785,0.0305599096464
510,424.63192749,382.752838135,35.4964256287,67.2632217407,0.00361368656741
540,574.493225098,126.186347961,51.3071784973,147.215103149,43.3814316988
540,305.258148193,303.446411133,28.3071594238,80.1136016846,15.9082621336
540,604.17767334,204.442993164,24.3071212769,85.0142211914,3.02572213113
540,402.298706055,336.150054932,21.8421878815,54.2471008301,2.59571690112
540,278.833282471,166.318740845,173.475692749,272.69543457,2.06783227623
540,615.831359863,244.085861206,15.6483154297,46.7025642395,1.76998525858
540,434.110137939,393.118743896,22.4485702515,56.3774108887,1.15943774581
540,343.175201416,248.784805298,23.7707290649,54.2663154602,1.09881749377
540,297.837310791,304.463592529,19.5436630249,52.2246131897,1.03720445186
540,381.995269775,314.220947266,29.2395477295,69.7038421631,0.872596912086
540,602.456420898,176.122207642,22.7035961151,60.3924560547,0.74141472578
540,365.759674072,291.902496338,23.3843460083,58.4427337646,0.562456948683
540,328.31060791,237.466262817,22.9784107208,56.1046333313,0.507167493924
540,603.449951172,112.398864746,26.7808361053,86.8537826538,0.279595679604
540,594.275390625,253.273391724,21.0675640106,49.5224494934,0.260853301734
540,112.076965332,163.275527954,35.8197135925,67.0068359375,0.20991161
540,356.051055908,243.748123169,30.2762966156,68.1001586914,0.130784756038
540,387.165161133,353.178985596,35.0607566833,71.8183822632,0.0799360219389
540,614.321899414,193.430007935,16.6396446228,52.203994751,0.0640224665403
540,415.25668335,379.609375,30.9695034027,66.8819961548,0.0573984289076
570,249.645629883,160.813613892,156.171585083,272.640808105,7.93012902141
570,369.650726318,132.347763062,22.3918056488,63.450969696,5.21248951554
570,609.845214844,201.76423645,20.1637611389,48.1185264587,4.38121296465
570,6.66259527206,199.079116821,18.2934951782,46.5456504822,2.57990583777
570,141.956253052,149.351867676,25.1562042236,53.8987617493,1.3907651417
570,363.138031006,293.605651855,27.4744091034,59.3289375305,0.803107768297
570,563.14239502,299.002410889,20.4034748077,44.9537239075,0.768081005663
570,605.118713379,281.108703613,21.1741275787,46.2802276611,0.645549315959
570,276.277557373,300.210449219,31.0916996002,78.2459182739,0.525441626087
570,583.43572998,295.858276367,22.3023223877,48.3028411865,0.421811407432
570,273.674835205,369.047210693,35.518661499,85.7713623047,0.261767907068
570,346.21081543,267.350311279,30.4953632355,70.2509307861,0.154655461665
570,385.904785156,148.592651367,19.5761604309,51.4080505371,0.095559930196
600,385.243438721,112.53994751,24.673324585,81.6926956177,10.1949132979
600,6.27386283875,187.754699707,15.5165367126,41.9066810608,9.39329788089
600,279.937591553,333.279724121,28.8643932343,80.5416412354,1.39188719913
600,56.5221099854,170.782485962,18.7122402191,48.3016929626,1.31461657584
600,398.685211182,136.58190918,20.9259281158,61.093170166,1.19494153187
600,6.88191223145,75.4201660156,19.2243652344,52.7105064392,1.04843620211
600,615.680480957,215.290115356,15.5412454605,42.5798530579,0.348478252999
600,381.905517578,378.186187744,30.1712551117,68.2134246826,0.053047464462
630,615.846008301,208.618911743,15.7344284058,49.0419921875,4.22546155751
630,398.248748779,122.25868988,26.1660175323,65.2374649048,1.37104513124
630,84.7508163452,130.748306274,28.0725078583,69.0540847778,0.787302944809
630,202.282775879,381.39352417,30.2797698975,63.0682067871,0.0424936559284
660,539.801818848,181.606399536,20.9634571075,51.9787406921,21.6381430626
660,403.262237549,360.08505249,22.0752887726,59.4857826233,3.00917960703
660,211.288024902,183.764099121,18.1907196045,46.7337188721,2.89711672813
660,607.775085449,170.188095093,22.4857501984,75.9808883667,0.443335343152
660,129.282791138,38.5599327087,32.6076316833,79.3866653442,0.40647899732
660,103.633964539,56.624004364,22.137588501,52.6475563049,0.391014339402
660,358.95803833,247.238708496,30.6408081055,69.177947998,0.355863315053
660,414.165008545,361.455200195,30.7077693939,71.0367965698,0.0700522796251
660,22.8103466034,78.9007949829,31.4385681152,76.6115341187,0.035841204226
660,464.490356445,122.54209137,27.4957714081,63.9029197693,0.0301683263388
690,337.882965088,183.464416504,145.781661987,261.99331665,3.29040586948
690,365.460418701,349.112762451,21.8136978149,54.102142334,3.22062559426
690,120.54876709,36.4376869202,30.0218200684,69.8198013306,1.92228276283
690,28.1907901764,178.289978027,21.8364582062,58.9723167419,0.953160319477
690,387.36026001,308.046356201,29.7080554962,73.1138458252,0.896671693772
690,373.432647705,322.306396484,30.513967514,73.6138381958,0.888855103403
690,407.255645752,358.811645508,22.9340515137,53.0476379395,0.599895324558
690,384.397949219,349.600921631,30.7085704803,64.3156356812,0.453818636015
690,615.409240723,185.14390564,16.9305057526,44.3132591248,0.313941016793
690,552.384094238,120.645843506,31.9278812408,75.8013534546,0.241533084773
690,9.11068820953,162.196304321,25.6473617554,88.4890365601,0.183760968503
690,429.178314209,368.065917969,33.8193626404,90.7771606445,0.0596629746724
690,406.878509521,377.486907959,34.4074821472,70.377204895,0.0125096135889
720,593.707092285,102.041870117,33.0291671753,130.555252075,22.0009699464
720,376.473266602,307.383209229,28.9436645508,68.5801391602,2.75357812643
720,395.97644043,326.68762207,22.5164718628,56.9446525574,2.19733268023
720,611.27911377,204.16809082,18.1754550934,54.7979278564,1.87360215932
720,394.836273193,179.327468872,17.2295207977,48.5941734314,1.59569811076
720,608.5,121.965644836,20.7423057556,55.8400726318,1.35881882161
720,291.391998291,290.132629395,20.2168483734,45.1164245605,1.14573277533
720,349.811737061,274.545257568,20.45271492,49.590927124,0.972214713693
720,365.526611328,296.679962158,23.063583374,55.5175514221,0.733660208061
720,386.609985352,340.988769531,22.575302124,55.6353340149,0.709928572178
720,300.006713867,399.284759521,24.4507198334,52.7932395935,0.559918675572
720,358.943450928,259.33114624,23.6176586151,52.4270019531,0.477114878595
720,398.004547119,351.882324219,29.6676254272,65.0042266846,0.43578511104
720,104.493835449,378.25302124,21.6495876312,42.6299705505,0.371353211813
720,337.066650391,251.789199829,27.0513706207,58.4237861633,0.218990049325
720,569.61920166,225.768356323,28.6714572906,58.1435966492,0.171600398608
720,13.823767662,24.3839168549,23.2168712616,57.2311897278,0.115824246313
720,590.733459473,178.944564819,18.8564071655,49.1940345764,0.103114673402
750,186.709274292,180.521408081,20.0134906769,53.62758255,20.021674037
750,391.914520264,182.234298706,18.3750133514,51.0606536865,2.31298282743
750,297.051055908,166.630081177,156.001998901,246.603942871,1.18128526956
750,51.7050590515,176.417480469,19.3544864655,44.0254478455,0.696016428992
750,377.639923096,185.825454712,17.9171733856,48.401763916,0.534041970968
750,377.245361328,325.767486572,28.2311878204,68.3572463989,0.33412144985
750,615.976928711,122.437042236,16.8920726776,48.1941680908,0.322667672299
750,345.228118896,243.224746704,30.3380126953,73.0770797729,0.249529792927
750,388.76953125,361.502227783,31.4557056427,79.1569900513,0.146494014189
750,5.06318807602,392.385375977,20.6356372833,56.4408874512,0.0466227153083
750,23.7686538696,20.6439361572,34.293712616,75.131690979,2.49626793902e-05
780,119.439704895,183.823043823,24.1489391327,66.439956665,65.3060138226
780,605.26184082,209.049575806,22.7560100555,45.7130584717,15.0186017156
780,225.986129761,310.211639404,30.0819072723,63.4525871277,7.01598599553
780,552.229309082,202.830993652,22.4021759033,42.2962760925,4.22469675541
780,215.645462036,315.133087158,22.1406383514,55.5107002258,3.92127968371
780,47.0628242493,198.61390686,22.7845363617,62.550567627,3.70909161866
780,195.173965454,340.863983154,20.5426521301,46.5169258118,3.10251880437
780,331.203338623,314.280609131,25.5300369263,64.7138214111,2.75992937386
780,343.034637451,342.554931641,21.828332901,51.3191261292,1.80613733828
780,258.355499268,297.666992188,20.5260658264,48.1947174072,1.49630056694
780,6.55587768555,387.480682373,16.4650592804,44.8902778625,1.46947950125
780,244.053115845,303.910644531,27.3022823334,57.8405151367,1.21365031227
780,419.244110107,194.496261597,19.1282730103,45.5381126404,0.493965018541
780,157.185775757,174.931716919,22.6075305939,61.3534126282,0.458924332634
780,322.364776611,351.67565918,22.0906963348,57.5030212402,0.329991406761
780,402.910125732,183.656860352,22.5324802399,51.7268257141,0.179202912841
780,341.595001221,367.943847656,30.4774856567,80.1995925903,0.0720506825019
780,292.904541016,204.816833496,18.4445095062,38.9178009033,0.0540283450391
810,311.590911865,380.959106445,20.8256835938,50.6298484802,8.96868035197
810,5.38267183304,220.680587769,17.6912670135,59.9261054993,2.67544891685
810,397.257293701,194.551513672,20.6244850159,54.8884849548,2.65464484692
810,590.458557129,113.995628357,32.2981719971,63.9537658691,2.36810669303
810,6.5994143486,381.983856201,16.8066139221,45.4552192688,2.01768856496
810,412.755706787,186.77784729,22.8347568512,58.0336799622,1.05009069666
810,11.0698480606,382.842407227,30.8653697968,59.5076255798,0.304499128833
810,615.170471191,223.086593628,16.717874527,47.4308128357,0.299419928342
810,119.659362793,200.172866821,21.313293457,50.554271698,0.21818659734
810,316.683929443,376.849517822,34.058506012,85.308631897,0.00143457791637
840,414.708374023,187.820251465,22.3049240112,61.370716095,24.6776342392
840,382.047454834,200.105422974,18.7026901245,55.2508201599,13.9017939568
840,43.9586677551,204.809143066,23.518163681,53.4358711243,8.27632546425
840,124.238563538,206.618331909,22.7271404266,49.11485672,2.99090966582
840,444.03817749,178.899124146,26.6819820404,67.7840270996,2.49918028712
840,425.936309814,183.544494629,26.3134307861,64.6805496216,0.613231025636
840,28.4107818604,197.783401489,22.7664794922,51.7293739319,0.355316465721
840,399.610992432,196.487319946,16.6642513275,55.6015930176,0.245655956678
840,457.161987305,213.941650391,19.2102069855,39.5126266479,0.221344921738
840,307.123260498,218.232559204,17.8024864197,41.4170684814,0.159955618437
840,616.037841797,223.057052612,17.4004230499,43.374256134,0.0837471976411
840,14.4290628433,393.949249268,31.3228530884,67.159828186,0.0589572533499
870,306.736328125,387.903198242,19.6481838226,49.4207458496,4.58395704627
870,484.896240234,172.391357422,28.7124919891,72.2196350098,4.31811362505
870,477.292816162,171.131057739,20.9381256104,51.1422843933,4.31727766991
870,292.323791504,387.973968506,21.5855846405,50.9431304932,1.6720244661
870,421.197387695,199.480285645,17.7531585693,53.4214439392,1.51426261291
870,279.227325439,386.625823975,21.3163223267,51.7650909424,1.19909448549
870,435.613800049,201.826950073,18.8177051544,47.5403022766,1.01420152932
870,85.3807449341,179.188064575,20.5063800812,70.143989563,0.738934567198
870,447.52722168,371.141326904,29.0913009644,57.2873535156,0.550506310537
870,614.642333984,232.614761353,17.3097934723,40.3429374695,0.231862557121
870,451.778564453,201.004714966,17.6880817413,50.1865539551,0.225130049512
870,583.332336426,349.058807373,21.591211319,45.5110435486,0.121087790467
900,65.882270813,155.430130005,31.6553592682,118.281738281,77.1066665649
900,505.291015625,173.412887573,23.7073745728,69.9750900269,3.95921096206
900,119.685302734,178.299438477,37.3440742493,80.5967559814,2.16760952026
900,527.108337402,154.475418091,19.7350254059,52.0115814209,1.48812755942
900,541.747131348,209.455749512,19.767124176,47.7299385071,1.35058630258
900,491.389923096,173.288696289,23.5136814117,62.2553596497,0.64117484726
900,518.31842041,166.717483521,21.1331214905,69.3508148193,0.622524321079
900,300.12411499,196.688735962,20.7557582855,54.9873962402,0.620141392574
900,496.486602783,231.221084595,26.0762195587,51.0840187073,0.557193439454
900,391.515960693,199.211669922,21.7788906097,50.5578804016,0.396720087156
900,272.416687012,213.373535156,19.4712486267,43.262638092,0.35039470531
900,387.978393555,285.915374756,31.5297088623,61.5300598145,0.306932721287
930,536.366088867,161.526473999,28.4746551514,72.7585678101,63.902926445
930,47.2465820312,204.763473511,20.6722660065,54.4763145447,15.5881673098
930,612.579284668,214.821975708,18.0168991089,43.7715339661,11.5469962358
930,340.803314209,207.015380859,17.5585613251,46.3582000732,3.01690883934
930,307.523986816,198.003372192,17.5813808441,50.8941841125,2.11957190186
930,377.004882812,202.485351562,18.9771671295,51.4373512268,1.79592315108
930,251.782394409,202.128112793,18.3618907928,41.9588890076,1.7626285553
930,323.779937744,204.534896851,19.4037914276,50.3518981934,1.67808998376
930,390.989776611,189.108337402,22.6660995483,57.2034187317,1.21770612895
930,552.733825684,151.489059448,31.5569381714,81.3313140869,0.574996182695
930,525.984680176,158.41847229,21.8208522797,58.7212219238,0.508059933782
930,36.6729164124,206.997680664,17.6400318146,45.852268219,0.373415253125
930,220.148117065,297.759643555,22.5637798309,51.0992889404,0.297707924619
930,559.791809082,281.639587402,29.2476348877,54.4858398438,0.285333488137
930,616.742736816,278.33416748,16.6782054901,45.3294258118,0.253769848496
930,151.13168335,214.752456665,25.0303554535,68.1711349487,0.121627759654
960,345.126556396,198.82409668,21.3090229034,54.6167793274,2.45141703635
960,483.188598633,287.128265381,20.2065124512,46.2663078308,2.37074252218
960,328.858306885,211.862487793,18.9582633972,45.3876953125,2.21991874278
960,319.80456543,206.396118164,17.3825817108,47.2392539978,2.02677827328
960,516.319885254,292.393188477,18.9911670685,44.0965003967,1.55223431066
960,464.484344482,280.76763916,24.876619339,53.153011322,1.22336698696
960,396.752075195,190.067214966,21.6969985962,56.406829834,1.14227831364
960,290.312286377,192.16015625,19.4690704346,55.893787384,0.865511596203
960,614.51776123,189.772628784,18.0601902008,49.5112915039,0.804492644966
960,308.977722168,203.483963013,17.8840484619,48.6812705994,0.671416055411
960,585.893737793,303.3671875,19.3311481476,45.8465919495,0.661171833053
960,531.700744629,290.509552002,19.6460552216,47.5725898743,0.65777846612
960,387.696624756,202.841415405,18.6952877045,48.7053642273,0.651093106717
960,547.088623047,296.206451416,20.9692211151,48.3627662659,0.29985147994
960,616.827209473,290.015533447,16.5697937012,46.9481658936,0.224025268108
960,568.816345215,297.002502441,20.7420692444,45.4248199463,0.16918607289
960,436.086334229,291.396087646,29.3274326324,53.2515602112,0.132821477018
990,202.412521362,188.858444214,29.2283325195,58.3599205017,4.65233772993
990,430.613800049,211.553482056,17.505815506,42.6568908691,3.24328839779
990,345.976715088,217.513549805,18.1952667236,40.8325386047,1.86301972717
990,616.417297363,216.06060791,16.758939743,42.3454208374,1.60592794418
990,414.631866455,200.267318726,17.6198787689,48.8391532898,1.56972613186
990,184.715164185,267.751159668,20.6711864471,45.9766807556,0.749719468877
990,456.032440186,217.694213867,19.0279350281,42.0664825439,0.716933468357
990,354.823455811,221.119277954,20.0590457916,42.4873542786,0.482854712754
990,205.776611328,261.399108887,21.4240627289,47.3846931458,0.477429898456
990,467.7109375,215.106552124,18.8671913147,40.9765129089,0.419084588066
990,5.57723379135,394.683502197,20.0917186737,54.7353782654,0.378308282234
990,447.225921631,206.516159058,19.1077384949,43.1229438782,0.370651646517
990,275.127197266,280.738983154,20.762758255,48.032043457,0.327710970305
990,253.857727051,280.725830078,21.1302471161,46.7183647156,0.266087218188
990,422.724365234,397.047119141,22.3486194611,50.7803230286,0.129936286248
990,612.604797363,160.471664429,18.2237606049,52.1739768982,0.0431449152529
1020,317.515106201,205.555038452,20.3015727997,45.3868255615,17.6287412643
1020,135.248352051,206.565963745,25.5036010742,61.1696166992,14.8316457868
1020,121.042152405,297.142608643,20.045539856,47.0725822449,4.54165861011
1020,104.991539001,301.757751465,19.9281044006,45.5200042725,4.4831559062
1020,377.312225342,211.167480469,22.8107089996,42.1590385437,4.1108187288
1020,161.908309937,154.943435669,20.5151691437,55.5345153809,3.99150103331
1020,88.984336853,309.447143555,20.3871765137,47.1826515198,3.79276052117
1020,136.54598999,304.847747803,20.4451351166,46.029460907,3.74392271042
1020,334.361602783,199.132766724,18.2653617859,47.9898071289,3.25583554804
1020,99.2590408325,282.743682861,20.8234462738,46.7213172913,3.13540548086
1020,465.649932861,191.800979614,20.9484043121,49.1977539062,2.86456160247
1020,147.366531372,311.415435791,20.0609073639,45.8053245544,2.83899027854
1020,142.515869141,240.336074829,20.8937492371,49.4816169739,2.51722075045
1020,83.3365631104,285.820861816,20.9501609802,47.6378593445,2.47119199485
1020,157.652359009,308.063018799,21.1230239868,45.2615318298,2.31164768338
1020,13.3631248474,376.660736084,22.5577983856,52.1074523926,1.84275992215
1020,168.192138672,313.439727783,20.8168506622,46.2714958191,1.65658053011
1020,144.107406616,269.286651611,28.8871135712,61.2885017395,1.27870794386
1020,115.145195007,316.392120361,21.8277187347,47.9785270691,1.21098831296
1020,498.588470459,198.805419922,21.4761810303,49.9259986877,1.17758978158
1020,306.699859619,200.117630005,19.5704936981,50.2530708313,1.11821833998
1020,579.268188477,321.972229004,20.4144878387,43.9239501953,1.11479079351
1020,130.554641724,323.35055542,21.5551509857,47.5321807861,0.999940745533
1020,8.68152332306,217.046585083,19.7018013,46.9552116394,0.91086961329
1020,64.1192855835,278.745727539,27.1488571167,55.2500343323,0.84845284
1020,172.647720337,290.586608887,21.5724048615,47.1406402588,0.823600590229
1020,74.2463531494,324.58416748,28.1214466095,54.5116615295,0.76392502524
1020,361.241119385,191.821243286,19.3501186371,50.5781593323,0.737868621945
1020,47.7057800293,343.761077881,27.6498947144,56.1450996399,0.672839395702
1020,98.592376709,325.537200928,22.0867080688,48.9036903381,0.672058109194
1020,332.724761963,319.750061035,22.4245052338,47.4875183105,0.563865248114
1020,216.4322052,315.428619385,20.9412498474,46.6132926941,0.543907145038
1020,28.9970264435,370.817138672,22.3482055664,51.8914642334,0.366817926988
1020,172.997238159,149.148880005,20.9308223724,60.2113304138,0.360194523819
1020,187.072341919,268.688232422,26.933588028,54.5685997009,0.306721776724
1020,39.8887786865,361.251342773,22.2522602081,49.8744163513,0.276303756982
1020,206.065979004,264.757476807,31.9861354828,61.2808647156,0.26145032607
1020,613.379333496,80.0822067261,17.5624961853,51.0235176086,0.118619157001
1020,66.2178878784,343.864898682,22.2790603638,51.0151939392,0.0923195562791
1020,145.833724976,164.708328247,34.5781784058,78.5868453979,0.0814274942968
1050,334.741424561,201.896011353,20.6236934662,47.2189674377,55.5024445057
1050,402.734039307,199.948181152,23.5737705231,50.4899101257,26.0134160519
1050,215.377258301,381.939239502,23.3745822906,62.5252113342,11.1530907452
1050,220.761367798,354.600494385,20.874792099,54.0578765869,5.3749833256
1050,206.322158813,315.399078369,20.4949512482,55.8729515076,3.41204479337
1050,569.694030762,205.670898438,19.2189388275,48.2431678772,2.0752588287
1050,323.927154541,211.134414673,19.1570148468,43.3147468567,1.64940748364
1050,387.399627686,194.816329956,17.4764194489,47.1924629211,1.53903458267
1050,547.079040527,192.556106567,19.7045993805,53.4658050537,1.43152587116
1050,203.571899414,356.825195312,29.2821655273,66.7873916626,1.40304025263
1050,421.577270508,200.152908325,17.0841464996,50.1016387939,0.817743036896
1050,350.749237061,194.204605103,24.3421478271,52.8044586182,0.753071717918
1050,228.794799805,356.064605713,28.3033447266,70.0949707031,0.509571935982
1050,611.181335449,220.268417358,18.6753025055,45.2864494324,0.394031684846
1050,225.270126343,401.152709961,22.0085277557,58.7319450378,0.375074800104
1050,199.483963013,279.343994141,23.2056941986,56.8750762939,0.31622259412
1050,205.242263794,404.528411865,22.9129333496,59.8139228821,0.216532405466
1050,355.489593506,137.476913452,19.0536689758,49.2986412048,0.0776034663431
1050,188.612365723,269.798095703,23.9294567108,52.9059028625,0.0510748068336
1080,359.745239258,197.104568481,21.4049358368,50.5884437561,30.5300474167
1080,450.303314209,199.05329895,23.8407840729,50.1752052307,3.35032641888
1080,604.488220215,51.2246894836,21.9341373444,55.9099273682,1.30071258172
1080,371.592071533,201.422714233,22.3656978607,47.9856262207,0.852978415787
1080,615.67175293,233.784103394,17.0884628296,45.4569702148,0.79118963331
1080,292.298309326,203.704284668,18.9885482788,45.4903259277,0.638311868533
1080,340.073760986,211.23487854,19.1582355499,41.5862770081,0.590191781521
1080,569.997558594,216.845962524,18.3018245697,42.1085853577,0.546336779371
1080,88.5122756958,301.629608154,20.8714351654,48.6458778381,0.50953249447
1080,17.6930465698,388.668548584,22.9780826569,56.1891746521,0.481055257842
1080,60.0107002258,351.469604492,25.5141048431,53.0895805359,0.37885364145
1080,43.3523864746,358.023925781,27.0805835724,54.8838615417,0.317736598663
1080,82.6768798828,347.042022705,21.853012085,47.2496681213,0.203620758839
1080,135.236663818,307.314361572,22.5100765228,50.3674468994,0.150586117525
1080,151.29927063,294.923950195,22.2107486725,48.2516937256,0.146641989704
1080,34.2486114502,377.439422607,22.5775547028,50.9129180908,0.132383988239
1080,167.353012085,284.812652588,22.2376041412,48.1428871155,0.0933787261602
1080,125.238685608,319.000701904,22.0810832977,48.9485816956,0.0589689007029
1080,193.630249023,266.39956665,23.2203388214,51.680721283,0.00161783991643
1110,423.779205322,189.251052856,20.7036190033,49.4721679688,50.8783578873
1110,430.101837158,201.961044312,25.9790725708,57.4753570557,2.60386522859
1110,409.346710205,190.674194336,19.3485794067,49.3393974304,2.40877959877
1110,184.289306641,271.615814209,22.0209827423,50.6840934753,1.77592691034
1110,392.917358398,205.226272583,20.028219223,45.6420135498,1.59237589687
1110,418.614532471,209.431838989,20.2684612274,46.9817085266,1.26457801089
1110,477.908813477,176.282302856,17.5399742126,46.7424659729,1.0328871198
1110,615.088806152,223.683029175,16.7032356262,44.4163475037,1.02275805548
1110,402.956695557,212.791320801,19.5620155334,43.8324317932,0.846750568599
1110,445.21774292,201.348617554,20.1385326385,50.9470367432,0.705200387165
1110,383.119384766,141.842941284,23.8889522552,51.0598182678,0.364450505003
1110,382.106689453,208.202697754,19.1447734833,44.2270545959,0.327225006185
1110,109.454017639,354.810089111,21.3975429535,46.5271568298,0.308722048067
1110,135.246673584,343.454437256,22.1104354858,47.23279953,0.297734909691
1110,55.54429245,393.595611572,22.6764678955,49.5528678894,0.238333363086
1110,93.5262832642,366.817474365,21.384727478,51.2788238525,0.200946931727
1110,34.0797157288,400.379547119,23.1822795868,51.024684906,0.19132134039
1110,120.011024475,348.093383789,22.1496982574,48.4059257507,0.180903705768
1110,82.5136108398,376.692108154,21.3828983307,47.0968055725,0.145548768342
1110,66.2375106812,386.008026123,22.5863170624,47.8036384583,0.100464979187
1110,340.290588379,208.51385498,18.5186901093,39.4030647278,0.0941643200349
1110,318.637664795,326.167755127,28.7081317902,61.4225120544,0.0934830051847
1110,362.434417725,389.207397461,29.4042892456,61.4143066406,0.0710097432602
1110,334.101043701,350.198150635,31.0294895172,66.5656661987,0.0464395183371
1110,5.94083356857,403.963134766,20.5040378571,57.5142402649,0.0431847962318
1140,518.068664551,186.422622681,22.4311618805,58.8400993347,11.1595116556
1140,480.793487549,197.431716919,20.6905994415,53.0113868713,4.49168607593
1140,596.212768555,148.369308472,19.2463607788,49.7586021423,1.83700062335
1140,140.235229492,198.807723999,19.7534046173,47.5228385925,1.75661332905
1140,337.041656494,176.38671875,21.002204895,53.5771331787,1.16455638781
1140,535.893249512,188.665725708,20.7676486969,53.8264579773,0.478789117187
1140,493.932098389,196.927993774,17.823923111,51.9965400696,0.205878238194
1140,420.442230225,201.565719604,17.5868244171,43.8063545227,0.0923039449845
1140,152.060165405,202.326950073,18.9506797791,45.482421875,0.0798364693765
1170,200.865844727,342.80859375,30.7287921906,71.812828064,0.954417604953
1170,402.978271484,162.551315308,29.123418808,59.3334350586,0.800875946879
1170,390.760040283,175.885055542,26.8609447479,60.8226966858,0.659492425621
1170,504.29776001,192.884292603,20.5702285767,43.3985328674,0.445216428488
1170,109.743522644,181.419250488,19.9280967712,46.62342453,0.371389579959
1170,614.967102051,214.420471191,18.772321701,47.2945594788,0.211265939288
1170,185.418869019,380.59777832,30.1034259796,65.431602478,0.0866656424478
1200,499.00881958,141.607131958,18.1257991791,62.4737358093,64.0431344509
1200,486.096557617,145.474533081,21.3665409088,62.4778594971,9.75758656859
1200,10.0525407791,179.332641602,20.8054561615,40.89686203,3.73451374471
1200,613.819091797,199.180923462,18.8193645477,45.6335029602,0.362704950385
1200,482.900482178,32.9069824219,24.0242004395,49.4082641602,0.253622280434
1200,457.326385498,150.152313232,29.4704341888,55.6487846375,0.132698472589
1200,470.208374023,207.00390625,22.2297897339,43.6739692688,0.0628465146292
1200,435.177520752,145.962112427,21.2217350006,54.967086792,0.031241987017
1230,597.078979492,196.912979126,28.1426525116,61.1640472412,22.278405726
1230,51.4054679871,184.913131714,28.8904857635,62.3636322021,21.2844848633
1230,589.651367188,82.6120300293,33.2785453796,103.705711365,13.938061893
1230,6.9144153595,182.440322876,14.2503595352,40.5859031677,3.13919372857
1230,486.611694336,126.895996094,22.7097072601,54.8581237793,2.83776596189
1230,380.958007812,174.34942627,23.1099033356,43.9139251709,2.23442465067
1230,343.884124756,168.262390137,20.6625423431,50.4752693176,1.37440236285
1230,506.205566406,60.3911895752,21.1593647003,54.5938224792,0.858881790191
1230,596.20690918,56.7047843933,24.4493541718,67.5200805664,0.80408193171
1230,616.290222168,56.008556366,17.1593875885,54.4055213928,0.513190589845
1230,517.568908691,122.570838928,30.8036174774,86.6023178101,0.356520316564
1230,494.009918213,65.640411377,20.7410945892,55.9435005188,0.063293002313
1260,603.989929199,194.402999878,22.1563415527,50.576965332,6.7662037909
1260,391.80065918,164.483459473,20.494764328,49.5379295349,6.12975358963
1260,452.005126953,182.26991272,19.316318512,45.6773986816,5.66295795143
1260,349.970703125,169.507598877,18.8248996735,47.2735404968,2.34774313867
1260,322.88772583,167.630233765,21.0662174225,49.1208343506,2.17477921396
1260,66.9936904907,356.705230713,21.8145084381,46.5871086121,2.11127363145
1260,93.276008606,335.016937256,21.8539962769,49.0053367615,1.54943224043
1260,51.423664093,363.841217041,20.3720569611,44.5955314636,1.45890386775
1260,82.6825714111,344.533966064,22.634185791,49.6615905762,1.15806125104
1260,104.547851562,327.401977539,30.2931518555,59.799331665,0.336857372895
1260,594.268188477,136.099227905,18.4571094513,45.7815055847,0.209167296998
1260,439.521820068,167.167037964,24.301908493,53.2082862854,0.0654442585073
1260,603.656921387,22.1948719025,23.2285995483,62.860660553,0.000650249376122
1290,570.903381348,168.290924072,26.3737030029,66.2989654541,25.4549592733
1290,368.632110596,168.898727417,20.1528835297,46.4547767639,22.8158250451
1290,394.68270874,166.469558716,21.9341030121,51.1620025635,12.1486507356
1290,611.069763184,181.141113281,19.3270320892,49.6158409119,9.59186032414
1290,60.8654022217,176.591629028,19.0869255066,48.2217521667,5.16250580549
1290,8.42803382874,178.514450073,14.3658685684,41.9637489319,1.40315694734
1290,540.479431152,145.652984619,22.5574474335,55.3210601807,0.508261052892
1290,349.821380615,163.776916504,21.6511383057,50.7639503479,0.242047687061
1320,476.205932617,178.128219604,20.5977611542,51.9218444824,65.0970041752
1320,377.30355835,144.26612854,23.8981952667,62.8950614929,20.6329256296
1320,424.87121582,172.835769653,20.51263237,48.2978019714,11.789251864
1320,411.688842773,166.675765991,18.8565368652,52.5375823975,0.833016354591
1320,398.331329346,160.599624634,22.2142467499,51.2192115784,0.528565282002
1320,109.771362305,321.571350098,20.8385906219,46.2846984863,0.446241814643
1320,366.318084717,160.093673706,21.0499668121,50.4362335205,0.361690158024
1320,9.85169506073,378.263580322,32.4674835205,63.3798828125,0.152179622091
1320,126.711029053,297.016937256,31.9188251495,61.9129638672,0.147526967339
1320,88.0629653931,335.004730225,23.0055370331,48.2601318359,0.123925262596
1350,533.211791992,185.506942749,23.0010852814,48.4860076904,21.5334445238
1350,488.30847168,153.532470703,22.513923645,60.9010047913,6.12737312913
1350,452.715911865,167.455001831,19.5922279358,49.0056152344,5.06545044482
1350,420.715484619,176.888961792,18.4930839539,43.3121490479,2.52472795546
1350,471.933746338,145.343688965,22.5739593506,65.8803329468,1.95855591446
1350,509.242584229,172.344436646,24.7174968719,60.1310577393,1.44915012643
1350,611.740539551,212.702102661,17.4756660461,46.6613121033,1.41877233982
1350,442.32321167,172.985122681,17.6837863922,45.9776649475,0.952418614179
1350,409.683959961,172.088546753,19.7593822479,44.5871734619,0.390183646232
1350,484.159790039,182.25730896,20.0529460907,45.719619751,0.158623093739
1350,9.29555606842,26.8362808228,24.0653247833,56.8571205139,0.0327383168042
1380,602.086120605,119.144569397,30.3357906342,104.103935242,20.4097032547
1380,565.854797363,157.542800903,31.2712554932,63.315738678,10.0984528661
1380,142.482849121,141.369186401,23.2342853546,58.1611595154,9.31915715337
1380,440.147949219,179.624557495,19.6035327911,47.2000579834,4.71304059029
1380,396.095489502,179.953292847,17.8145847321,41.674282074,2.95554939657
1380,553.238586426,165.415939331,20.6831436157,53.7497673035,2.02041547745
1380,467.638397217,175.755691528,19.502576828,42.8828849792,1.18802580982
1380,616.784484863,183.893310547,14.1449241638,48.4967498779,1.16145052016
1380,313.001678467,165.026184082,19.0284900665,46.2708282471,0.597763480619
1380,451.144866943,176.813461304,17.8650932312,44.8801269531,0.393915968016
1380,424.513641357,188.437362671,19.8555202484,41.9905319214,0.192748755217
1410,448.208007812,173.595199585,26.371213913,56.6195983887,10.2500960231
1410,340.134155273,165.80821228,20.3610782623,50.4624519348,6.08834028244
1410,616.237243652,187.52355957,16.2162952423,49.1454124451,1.0017439723
1410,485.318084717,190.535888672,26.4606781006,49.2736663818,0.596844498068
1410,466.34375,185.683486938,18.206035614,43.7299041748,0.58695091866
1410,478.400634766,188.826217651,17.6028194427,40.3707008362,0.503491144627
1410,155.376190186,143.08757019,31.4232349396,63.7848930359,0.472488021478
1410,500.920166016,200.841918945,27.1044845581,49.7797584534,0.199569971301
1410,615.761291504,217.630172729,16.6387042999,45.7002220154,0.131826731376
1410,182.231918335,163.339660645,18.9819698334,42.5102462769,0.102797965519
1410,520.091369629,78.7878952026,23.0958881378,46.684299469,0.00633043746348
1440,607.670837402,196.025436401,21.6162719727,62.2646369934,9.98245701194
1440,420.129180908,179.592391968,23.9030780792,47.7176856995,4.51495014131
1440,5.3192191124,176.04284668,15.3377885818,43.7418022156,3.03584076464
1440,308.631652832,164.050735474,18.0379829407,45.9522705078,2.05592680722
1440,615.425415039,225.080993652,17.6350955963,44.2079772949,0.561540573835
1440,150.244522095,169.913955688,26.4897613525,49.2718353271,0.399707909673
1440,319.723724365,162.033706665,17.6755943298,47.9254493713,0.129762676079
1440,12.5311346054,377.271362305,35.7057266235,73.3083343506,0.0654795672745
1470,9.50466632843,171.803268433,21.5254974365,44.5753364563,35.8169674873
1470,579.827392578,203.311477661,20.1342830658,53.9285163879,16.3451373577
1470,222.184341431,115.265022278,34.6613616943,80.9878540039,7.84731283784
1470,311.75592041,160.491012573,21.6295566559,47.1048545837,2.50812359154
1470,345.784698486,168.900787354,19.8535499573,44.8580055237,2.33923643827
1470,227.061080933,162.509185791,21.9437160492,44.6154975891,0.544717162848
1470,27.7950057983,47.0588378906,24.3269138336,68.4917297363,0.0427087943535
1500,396.32824707,162.513320923,20.8315353394,47.6237373352,47.668659687
1500,450.865570068,174.148605347,19.2324733734,54.4331703186,7.11845159531
1500,542.936340332,38.7990379333,26.0692005157,54.6014709473,5.48312477767
1500,10.1794786453,168.754577637,13.6344099045,39.1221046448,5.16147017479
1500,350.353179932,148.855651855,25.1160964966,56.5927429199,3.91624309123
1500,578.08972168,38.0264549255,22.5242767334,62.5858764648,1.39778871089
1500,268.297790527,158.973220825,24.948720932,51.0252532959,0.359873892739
1500,432.760101318,171.730514526,19.2119464874,49.1814422607,0.349774560891
1500,226.033096313,156.897567749,19.2641010284,44.9851646423,0.276665552519
1500,387.07901001,167.162979126,16.8920841217,41.8493728638,0.229858537205
1500,29.09765625,23.449388504,29.843536377,84.565864563,0.0375762145268
1500,615.269470215,201.592773438,17.0772953033,41.4087524414,0.0253158679698
1530,469.800018311,159.249588013,31.1104049683,64.1326217651,34.037399292
1530,8.91378116608,172.502182007,15.6781244278,48.4634857178,19.360601902
1530,308.501831055,168.211349487,18.6397838593,44.7851676941,0.56133326143
1530,285.928222656,152.751220703,26.469575882,55.6508674622,0.526087777689
1530,587.348937988,195.492080688,25.3342266083,55.758102417,0.483699468896
1530,615.595092773,196.712387085,16.4876747131,49.5387229919,0.297295674682
1530,34.9303741455,26.341337204,24.2380962372,69.9560928345,0.173760659527
1560,16.43775177,167.220962524,23.881357193,42.2235679626,1.4947803691
1560,7.98063468933,162.994094849,16.0885181427,45.9677772522,1.32797658443
1560,331.416992188,168.128982544,18.3141765594,45.5191650391,0.399345578626
1560,66.7579193115,158.331680298,21.0111751556,48.0805397034,0.161176454276
1560,17.1950149536,19.6278514862,24.7790622711,65.5768051147,0.0268372154096
1560,29.5297851562,29.0674571991,31.1323471069,66.2074813843,8.49946601988e-06
1590,593.156921387,181.922653198,31.2755146027,80.4914932251,61.2848103046
1590,453.505401611,167.708236694,24.146528244,55.3552246094,28.8761794567
1590,32.4406051636,150.53755188,26.8592166901,53.3805961609,0.395404873416
1620,575.433776855,184.204086304,24.7884597778,56.1778106689,3.38355116546
1620,612.686584473,208.847351074,17.2709846497,40.4272956848,0.574826495722
1650,575.540161133,180.347976685,31.3644104004,73.6214370728,51.4403700829
1650,607.302307129,137.28338623,20.8993415833,50.5328025818,9.95106771588
1650,377.218017578,130.495895386,20.4318199158,58.7975959778,1.92183814943
1650,8.64681339264,178.120956421,16.4823856354,46.4497566223,1.39817651361
1650,596.369506836,174.214553833,27.9332294464,67.9485244751,0.136386789382
1680,562.272155762,178.58581543,19.3662662506,66.4122467041,49.0569651127
1680,613.04486084,218.575927734,17.5066928864,51.8494682312,38.735678792
1680,348.485321045,144.995773315,20.396238327,51.5832939148,2.11514998227
1680,8.24702548981,169.147445679,14.1558218002,43.9383850098,1.13253500313
1680,14.8757791519,164.945205688,24.8559799194,49.919631958,0.741300312802
1680,62.7159767151,171.356796265,22.5113697052,38.671333313,0.520746270195
1710,611.973266602,208.759963989,20.3930797577,58.1730155945,6.15685582161
1710,401.955322266,104.256225586,20.0822544098,55.7528800964,0.123282859568
1740,609.154174805,197.098068237,20.0864429474,74.3582077026,43.3557212353
1740,310.049346924,151.563339233,21.119512558,50.7841911316,16.1566287279
1740,258.644897461,163.422668457,18.2816696167,45.9860725403,9.59891006351
1740,236.808120728,168.984725952,20.4333286285,46.6542167664,6.75632283092
1740,590.734130859,195.29750061,19.1689491272,53.6551628113,0.792529527098
1740,443.151947021,166.729690552,20.0097122192,54.325756073,0.669272895902
1770,481.831085205,165.995559692,23.438079834,58.0165596008,26.7851173878
1770,300.210510254,146.236557007,21.6979904175,51.2818183899,6.53388500214
1770,329.021514893,142.233047485,20.2509784698,46.0851402283,6.2006380409
1770,616.024169922,185.529312134,18.0772838593,55.0814247131,1.6434295103
1770,124.046691895,150.698501587,21.7269573212,59.7191314697,0.256234151311
1770,503.446746826,380.822540283,33.5828437805,63.1049613953,0.0174352215254
