30,5.95025396347,167.512420654,15.0548629761,47.4725074768,5.63116632402
60,134.914398193,34.0543365479,22.6342372894,47.9935188293,8.5737273097
60,499.472076416,86.1370010376,85.0895767212,153.81477356,8.28608348966
60,338.530487061,29.9131698608,30.0513477325,58.2873497009,2.79636979103
60,208.067459106,30.3377590179,29.6471805573,55.4358406067,2.13458817452
60,2.16597485542,246.347122192,85.3491516113,178.371109009,1.69532876462
60,398.242553711,149.617324829,18.220708847,48.9416465759,1.56719032675
60,261.986480713,32.5848388672,25.2163181305,55.5313606262,1.19952708483
60,408.453887939,146.66885376,19.3268127441,49.5728912354,0.318265217356
60,118.751945496,30.8492183685,27.1205043793,49.2033691406,0.0133559966343
90,412.405914307,152.259750366,19.7483463287,52.3036308289,68.1486606598
90,424.408691406,148.076721191,17.746837616,51.3225402832,0.955422408879
90,430.057647705,128.179382324,23.1091060638,61.744430542,0.169502396602
120,436.780883789,152.61579895,21.1623859406,54.575088501,23.9619553089
120,11.5918893814,190.172424316,26.3159255981,48.3658409119,9.84451323748
120,579.064697266,180.416702271,20.8774433136,44.5836143494,4.31678779423
120,426.463775635,163.529830933,17.5936889648,48.1115379333,1.43354982138
120,146.986099243,164.914291382,21.1371860504,44.722743988,0.732026807964
120,451.194610596,161.492324829,18.9362621307,48.9330329895,0.495881447569
120,484.494384766,148.485931396,17.1693973541,44.8653831482,0.485516292974
150,489.883575439,168.561599731,18.5056915283,43.9892845154,2.24785543978
150,472.103973389,170.949539185,18.2628135681,51.3935508728,1.86684392393
150,179.667526245,81.8562088013,28.3688354492,65.2989425659,1.71649139374
150,195.768966675,168.240493774,31.0177707672,56.8374938965,0.381221086718
150,445.71987915,160.38192749,19.5978755951,49.0427398682,0.375402695499
150,480.306304932,177.626403809,22.2800445557,53.0555686951,0.238549127243
150,444.668823242,94.0995254517,20.6577663422,59.8191795349,0.223780958913
150,457.056274414,167.547470093,20.3158359528,53.7504272461,0.217969948426
150,274.338134766,0.0,21.834154129,51.072467804,0.211486732587
150,543.456726074,155.496444702,17.2964248657,46.8016319275,0.0481430412037
150,311.050384521,0.0,23.1144866943,52.7647590637,0.0450399151305
180,95.2161636353,149.423080444,18.7295379639,53.8389167786,7.76584371924
180,5.51408576965,89.0811767578,20.2510738373,54.0127067566,5.15164062381
180,471.674926758,83.4683151245,19.5261573792,58.8062934875,4.51211035252
180,542.74597168,154.167648315,18.6429843903,55.2133598328,2.44541857392
180,174.161178589,79.1200027466,21.6746368408,56.6970367432,2.04060859978
180,172.417312622,175.050598145,23.1898574829,61.2431602478,1.82359144092
180,611.898071289,159.831253052,19.4242572784,52.0650177002,1.68219264597
180,488.452636719,165.516220093,17.9738674164,47.6326637268,1.44878709689
180,291.712249756,167.025131226,21.2458019257,61.1119880676,0.82417409867
180,429.376983643,145.836593628,18.852853775,55.534160614,0.704583479092
180,585.268920898,163.274749756,19.0905246735,60.2976341248,0.470807822421
180,13.7149963379,91.9001464844,28.0411834717,68.0905075073,0.256691244431
180,413.378570557,147.932846069,23.9799041748,46.2445793152,0.159220537171
180,478.08493042,62.1796875,25.4705142975,58.3919639587,0.112165312748
180,534.643676758,21.3157520294,25.0084400177,58.2781524658,0.00581477506785
210,458.69052124,159.332199097,20.0430278778,49.6074485779,67.8763389587
210,609.780822754,154.744796753,16.3673686981,54.1588935852,49.8495161533
210,74.7303237915,140.457214355,25.2293453217,58.9530334473,14.3751099706
210,19.0800151825,159.739181519,20.7438106537,54.6896476746,2.1869648248
210,6.88762331009,74.9962692261,16.3322639465,50.1635093689,0.528839370236
210,531.839050293,177.368774414,17.836265564,46.1110496521,0.381805701181
210,133.349609375,90.3408432007,28.3905639648,64.5355300903,0.325910979882
210,5.5592045784,158.089950562,15.7924232483,48.1839942932,0.231261644512
210,214.728149414,147.92729187,23.8308429718,67.4032440186,0.18909497885
210,163.794769287,56.7371864319,24.8464126587,62.0178337097,0.13217771193
210,462.429779053,60.4154396057,28.9112529755,100.002044678,0.130828237161
210,479.077026367,75.4490356445,19.2502098083,61.073299408,0.0948023807723
210,580.610290527,144.691101074,18.1870174408,51.6087493896,0.0726140278857
210,569.379943848,134.961776733,18.7259654999,52.8236351013,0.0338884128723
240,474.659942627,159.578918457,21.1098918915,49.2811279297,67.3853158951
240,159.923217773,55.5094718933,22.451379776,55.7413787842,12.0262913406
240,616.937561035,222.995162964,14.8621139526,46.3859138489,7.56993815303
240,576.994689941,168.147155762,17.060590744,47.6983299255,3.80515307188
240,4.01374673843,176.236618042,18.7621631622,46.8508338928,1.212727651
240,611.594360352,117.270729065,21.5114383698,58.0607185364,0.632541952655
240,479.590118408,55.1377868652,25.1639328003,66.8160858154,0.21195882
240,13.9257860184,163.707595825,16.5339851379,44.1267127991,0.172857905272
240,143.114303589,72.4945983887,28.872877121,65.2689437866,0.146940548439
270,494.042877197,167.000183105,17.9313430786,48.1259727478,95.8138585091
270,606.758422852,165.121078491,20.4352397919,57.5373725891,65.702933073
270,153.542221069,59.2438087463,21.4982681274,53.2415885925,10.406626761
270,574.940368652,250.894042969,18.4712276459,45.46616745,5.21704889834
270,487.053314209,48.8885688782,24.8195571899,68.6191940308,4.57093380392
270,618.848754883,166.597213745,17.2699947357,52.6941947937,2.73728854954
270,276.63458252,162.337219238,24.6883525848,70.2765808105,2.36645508558
270,505.125030518,60.50938797,19.301202774,54.5149993896,2.01675351709
270,593.463317871,34.177406311,22.6610488892,59.0265769958,1.63562819362
270,482.657684326,165.445205688,13.8380727768,52.5012702942,1.43979843706
270,510.919219971,167.95489502,16.528131485,47.9040565491,1.0181340389
270,221.946472168,158.612625122,26.3343257904,84.7476119995,0.98523888737
270,538.171447754,168.835372925,19.1381759644,48.0543785095,0.85247317329
270,514.348571777,71.171257019,20.0609798431,55.8365058899,0.301161780953
270,527.669433594,165.742721558,18.9250087738,50.7451133728,0.279745762236
300,519.906433105,168.463027954,22.0236263275,55.4826011658,98.4204471111
300,282.244476318,170.927001953,19.5409221649,58.8352775574,18.2361721992
300,367.622650146,107.652442932,33.7622489929,62.8244361877,17.4311906099
300,549.113952637,171.816223145,18.4062099457,49.5223045349,10.9848633409
300,503.084686279,86.5936050415,20.0271492004,54.5067634583,2.23114285618
300,610.489929199,269.876708984,18.0396308899,46.8621063232,1.27829685807
300,560.070617676,175.759353638,18.5478343964,45.5500488281,1.04568023235
300,535.43182373,170.328292847,19.3202629089,52.7861022949,1.00592272356
300,65.5518798828,45.6704292297,22.9226131439,57.3654632568,0.555407674983
300,553.401672363,100.296936035,20.5328960419,46.8930549622,0.519869290292
300,491.964599609,93.4137954712,19.0735702515,51.5188903809,0.260948576033
300,594.843566895,279.274200439,20.1990413666,45.0125007629,0.186364818364
300,567.328491211,94.0692520142,21.2212429047,60.5829963684,0.090416520834
330,548.52154541,181.652832031,25.9655017853,64.2480545044,99.2607653141
330,137.658462524,59.6654472351,24.1519107819,60.0012359619,8.84562432766
330,567.948059082,189.621383667,18.7036552429,51.3162117004,5.18892742693
330,604.979553223,186.772842407,20.6713409424,48.9114685059,4.70285825431
330,528.571960449,187.303527832,17.3523654938,46.9287986755,3.3339381218
330,6.45288324356,377.785003662,17.7196025848,52.7974815369,2.8297059238
330,103.46837616,105.585960388,21.2820491791,56.0366363525,2.1624289453
330,538.417297363,182.449111938,18.2384777069,58.121673584,1.94757450372
330,7.95302248001,180.639831543,15.2236032486,49.9334869385,1.22506944463
330,118.650444031,100.091766357,24.8700580597,72.4914703369,0.544441724196
330,533.659545898,59.4390449524,21.2416286469,65.0263900757,0.358629785478
330,614.908569336,214.52394104,16.3669643402,41.8263664246,0.0914654403459
330,506.278717041,81.4585723877,28.1216220856,76.5248336792,0.0909467693418
330,510.201568604,180.815124512,15.9187421799,48.3241233826,0.0890271912795
330,8.26162242889,64.0874176025,15.8937673569,54.2719230652,0.0682864512783
360,593.321838379,186.522415161,30.6195545197,79.5415420532,99.4849801064
360,368.007049561,121.315238953,38.3270759583,71.3931884766,24.5964214206
360,484.06161499,169.36656189,21.1493263245,56.1224060059,14.7982686758
360,552.166931152,55.6903495789,19.1209354401,61.1131019592,13.2492244244
360,37.4297294617,138.252304077,30.4743900299,88.5260620117,4.40621525049
360,125.574951172,69.7512969971,23.256231308,60.9117546082,3.89933586121
360,6.36744880676,383.329620361,18.6654682159,53.0449066162,2.60101146996
360,573.34576416,359.336761475,20.5890827179,46.9385871887,2.5052247569
360,6.62774419785,201.767700195,15.0190916061,44.0216255188,2.28650849313
360,528.212158203,174.174804688,17.6523418427,55.0737113953,2.12661158293
360,583.971069336,190.02142334,19.8365325928,58.5273742676,2.03300714493
360,163.127975464,169.008987427,21.076965332,53.285320282,1.78900714964
360,498.151733398,166.676132202,16.9178791046,56.4101295471,1.7544105649
360,580.978637695,105.556175232,22.5080471039,61.4799385071,1.63611043245
360,488.364624023,116.623748779,24.9550647736,83.1561965942,1.00197773427
360,614.691345215,199.473510742,17.5348262787,55.0696411133,0.900630559772
360,596.84564209,70.7842407227,29.6451416016,81.1212539673,0.800540950149
360,5.139067173,95.0254745483,24.4505138397,70.2544631958,0.727855274454
360,137.905441284,146.598922729,23.9582691193,54.5662879944,0.693783489987
360,474.121582031,181.79524231,18.5257740021,46.002117157,0.616300432011
360,264.467315674,281.600189209,35.6262016296,69.3600997925,0.527296494693
360,570.312194824,100.882484436,20.4389076233,58.4138374329,0.515458360314
360,408.319091797,147.206054688,24.30103302,48.5852966309,0.50228824839
360,359.703643799,140.727554321,21.0009555817,53.6434211731,0.41941665113
360,138.546829224,73.8019790649,23.4011669159,58.5832023621,0.406879000366
360,193.63621521,174.30291748,18.4343261719,56.2277374268,0.321684661321
360,394.707397461,132.214172363,24.9074420929,59.3667602539,0.14233054826
360,146.880828857,168.462753296,19.4898071289,47.0623283386,0.125700014178
360,493.594970703,196.568313599,18.5435276031,44.4284629822,0.100455142092
390,376.389923096,123.846336365,29.9285869598,75.2326126099,29.8729985952
390,489.3543396,172.061203003,21.3199043274,53.7736701965,12.826231122
390,569.628662109,104.241966248,22.5619792938,56.946472168,11.9222871959
390,524.194946289,169.976776123,20.282793045,56.2683677673,6.76702931523
390,610.09552002,175.821853638,18.3337841034,44.9880218506,4.53099608421
390,573.377319336,170.538650513,19.8382854462,47.6943511963,3.33523564041
390,108.645812988,82.0173416138,31.6748142242,91.4964828491,2.6368431747
390,502.588134766,171.867263794,20.1010913849,53.3211669922,1.66943203658
390,111.932502747,183.425521851,26.1342792511,68.7004013062,1.37877957895
390,18.7400035858,112.28427124,33.5589637756,84.9630889893,1.23241525143
390,119.493049622,153.19442749,34.4109458923,83.7499008179,0.782128423452
390,403.732574463,365.095123291,30.3213653564,67.2827682495,0.684943376109
390,614.743347168,196.171310425,16.7464637756,52.2250671387,0.558510236442
390,583.943481445,112.387916565,21.1425571442,52.8567390442,0.48366333358
390,255.168167114,352.84072876,33.8166770935,79.2254486084,0.473322859034
390,150.4896698,143.732177734,20.0563850403,51.9066772461,0.206987350248
390,228.600662231,356.830047607,34.3134498596,65.2312469482,0.19139671931
390,383.628936768,371.266967773,27.9543972015,59.6317481995,0.158525363076
390,531.352111816,193.322677612,18.8193569183,46.709651947,0.102065235842
390,123.155883789,58.4385223389,23.2249755859,64.8615646362,0.100841524545
390,357.953948975,362.184539795,30.7481822968,73.063659668,0.0873560493346
390,99.3756103516,84.1243896484,21.9821472168,58.4285736084,0.0562341301702
390,39.4791145325,406.408660889,23.6017684937,47.5083732605,0.00865670735948
420,535.440246582,89.1689224243,27.8237304688,70.9041671753,24.227976799
420,582.249084473,95.9061584473,23.1966114044,60.2636871338,12.8856509924
420,87.8430175781,66.3676986694,22.4819641113,63.1138954163,4.77187111974
420,569.724853516,94.4618453979,21.2087345123,61.8512115479,1.26708094031
420,597.276123047,94.7845077515,27.4136753082,66.2046890259,0.985124893486
420,439.990478516,385.282501221,22.176240921,54.647403717,0.669912574813
420,568.144714355,186.893737793,19.2200603485,48.7729377747,0.666989339516
420,617.477905273,40.1332321167,15.3244695663,50.5727500916,0.541086774319
420,23.1380329132,170.122360229,22.5555267334,63.992855072,0.538064260036
420,34.8309822083,165.334884644,20.9871463776,59.3496131897,0.403134338558
420,95.0087280273,181.621398926,19.1132926941,53.9868812561,0.392507389188
420,446.410125732,366.222564697,30.888841629,62.2324638367,0.311629939824
420,9.831990242,106.137908936,30.5678100586,101.878562927,0.136997213122
420,367.12979126,374.804412842,32.9933395386,74.5149612427,0.113983929623
420,429.663909912,393.18737793,21.7721843719,58.0484199524,0.113210326526
420,17.8444194794,382.699737549,35.8975753784,75.704536438,0.103074673098
420,98.9279098511,64.330116272,30.8773574829,80.5505142212,0.091027241433
420,522.048034668,93.0025024414,19.6772060394,61.9185829163,0.0894896569662
420,70.1596679688,134.018325806,22.9562454224,53.8014335632,0.0714522087947
420,50.506816864,151.460403442,32.8139190674,68.8413314819,0.0705069047399
420,184.649459839,363.32711792,34.6570930481,78.5462188721,0.06338126841
420,454.777252197,386.733184814,35.0281715393,73.1220016479,0.0141345488373
420,262.68850708,398.265045166,22.8214664459,57.4323539734,0.0119727686979
420,474.945465088,401.093994141,25.2369003296,56.9883995056,0.000653348024571
450,608.729309082,81.42918396,21.7538433075,72.5969924927,10.8685292304
450,540.014038086,164.975112915,16.9201984406,61.800365448,8.84158015251
450,555.331115723,49.8963508606,21.105966568,60.3738555908,4.67944145203
450,507.430053711,185.490539551,18.8083209991,49.0842857361,3.63633595407
450,75.0183563232,197.275283813,18.7509899139,51.0004425049,3.28529067338
450,127.596801758,176.54637146,21.7423381805,58.9136314392,2.90963444859
450,588.375305176,180.905334473,19.1678791046,45.575088501,2.73241903633
450,615.777404785,186.330612183,15.8335409164,42.6590995789,1.37502960861
450,92.8002319336,119.156486511,20.3951568604,59.5271186829,1.33030107245
450,62.6916809082,207.219284058,18.7374248505,54.2369346619,1.27484286204
450,615.579040527,118.606666565,17.3982467651,46.429271698,1.1338820681
450,427.10446167,189.445663452,18.2626247406,46.7598457336,0.841102283448
450,584.534240723,71.9417800903,28.010515213,96.3037414551,0.821137055755
450,599.190612793,167.270675659,21.2856884003,58.2544708252,0.735432235524
450,120.139778137,158.999267578,20.4506340027,52.0488739014,0.498427450657
450,114.314064026,74.0614242554,23.7483501434,69.7172317505,0.340061518364
450,616.717895508,282.75177002,15.8152246475,43.2652435303,0.315617886372
450,41.5932769775,116.144828796,26.1092529297,59.1748046875,0.239275838248
450,600.080383301,114.010597229,21.4857540131,62.7919502258,0.219602882862
450,102.639549255,138.830184937,21.235376358,53.4352912903,0.208789412864
450,534.241882324,90.9539413452,22.9520797729,59.3904724121,0.168363959529
450,610.77130127,149.640167236,20.0473442078,57.6854438782,0.12726400746
450,6.09410619736,400.275604248,21.4817047119,58.2945404053,0.0899014179595
480,439.130706787,178.502700806,27.0312633514,63.6849212646,7.74143114686
480,487.327880859,66.0637817383,22.9439983368,68.6991348267,2.79259588569
480,7.87240076065,112.387184143,18.6227893829,51.608089447,2.35745552927
480,595.281555176,59.9511299133,33.493724823,100.05682373,2.13454030454
480,461.07824707,78.9061355591,19.9774551392,58.4304924011,1.75050497055
480,613.748474121,183.440444946,16.576215744,45.0438804626,1.13066090271
480,16.4605045319,113.350669861,26.9918384552,71.5036239624,1.12829906866
480,26.2674541473,179.210250854,17.8992557526,46.8886108398,0.472201965749
480,176.581741333,174.975296021,22.9688396454,53.1662940979,0.296725123189
480,33.9988822937,112.524269104,20.7065162659,55.0663604736,0.267370254733
480,82.216583252,116.269813538,29.7381153107,79.4551467896,0.247666379437
480,599.125183105,39.5193595886,21.1409492493,59.3854064941,0.206073466688
480,70.7870635986,113.514251709,22.7045574188,58.2064170837,0.168010848574
480,577.27557373,83.3379592896,21.9959640503,57.2376365662,0.105670269113
480,21.5827541351,390.268218994,35.3031044006,67.6256332397,0.0983492471278
480,615.520263672,124.189109802,16.6349258423,56.9727287292,0.061021494912
480,613.879699707,41.6454696655,21.1741962433,84.7259979248,0.0522851652931
510,54.1503448486,188.003601074,17.9504795074,55.0321350098,47.3492741585
510,11.818561554,188.500549316,26.8246841431,56.078994751,19.9513375759
510,65.6750335693,199.267318726,20.2928791046,46.3801574707,13.0942493677
510,452.039764404,168.47605896,22.0601348877,61.0016021729,5.99571838975
510,18.1712875366,110.769592285,22.0293273926,59.2070579529,1.96497999132
510,5.51928949356,386.74331665,20.1812152863,53.2927398682,1.4625960961
510,519.474304199,49.0052986145,21.5203266144,59.7427940369,1.37621210888
510,617.743225098,203.229934692,15.1921548843,40.3482093811,0.859463680536
510,6.7795214653,174.994338989,18.5581378937,53.5165405273,0.188881438226
510,537.114868164,53.0864295959,20.8374786377,54.5352287292,0.0495829503052
510,7.52886009216,102.068534851,17.0927391052,53.4569740295,0.046025874326
510,80.7902755737,126.215492249,33.1540489197,80.3668212891,0.00462103416794
540,8.27202987671,187.896789551,23.9519824982,59.865020752,63.6328399181
540,32.4281654358,195.752990723,17.84674263,51.7428741455,37.2866123915
540,539.582275391,123.305702209,17.8809642792,51.960231781,4.11146208644
540,67.6671829224,180.157394409,19.9156188965,59.235118866,3.24543863535
540,579.697692871,112.751319885,21.6853580475,60.5311889648,3.1469963491
540,5.49291181564,391.472869873,19.8245601654,53.6582984924,1.2282137759
540,55.7054290771,120.27948761,26.1061916351,67.9314804077,1.19958836585
540,40.4073524475,188.977218628,24.8009567261,57.8532676697,0.984758324921
540,583.411010742,167.537918091,23.5851593018,65.2845687866,0.856848619878
540,41.3005485535,116.1407547,19.6725635529,58.5819854736,0.824529491365
540,89.541229248,178.78918457,22.0447978973,57.7591438293,0.8116918616
540,6.15901517868,123.742126465,18.7910251617,53.4217681885,0.673927832395
540,576.615966797,252.425048828,20.2596988678,45.4605407715,0.301510933787
540,615.68939209,187.280258179,15.901389122,48.1219062805,0.22281629499
540,547.489196777,22.1075801849,22.4383773804,61.4521980286,0.220345379785
540,617.106872559,237.351760864,15.496509552,46.6319122314,0.205942126922
540,62.6204338074,55.0283508301,32.993434906,63.9759941101,0.154457625467
540,9.28017044067,139.720016479,26.3888072968,67.2438354492,0.0350978370989
570,611.31048584,64.5979919434,18.6772823334,48.3842811584,7.90336281061
570,17.2300758362,99.4188156128,28.5355052948,81.6891021729,1.79868061095
570,11.3171224594,151.609939575,30.3593273163,70.4080886841,1.02472091094
570,40.4410820007,90.9014663696,31.851064682,69.1112136841,0.887261051685
570,617.494934082,206.944885254,15.5345563889,39.3956413269,0.455404724926
570,7.26610136032,130.89982605,16.8931598663,49.0291023254,0.31624797266
570,586.723693848,105.145225525,20.2594928741,50.9062385559,0.276825367473
570,178.822433472,185.245849609,19.9196643829,49.7739448547,0.273564294912
600,7.79648590088,138.67477417,22.7679767609,59.5712280273,1.32488943636
600,12.0759620667,80.7082748413,30.208732605,89.6594467163,1.22525505722
600,235.934814453,166.240127563,24.8573532104,56.3400001526,1.14496378228
600,20.577009201,30.113702774,24.2312088013,54.6422843933,1.63109703522e-06
630,522.542602539,195.081237793,20.8170757294,56.2421836853,9.86816361547
630,232.505905151,165.735946655,18.0409240723,51.9423522949,3.34670580924
630,11.0274391174,168.990020752,21.9947528839,51.0160560608,3.30552458763
630,412.614837646,158.781997681,18.3563480377,49.7134399414,2.79267542064
630,387.405151367,181.675827026,22.9237537384,53.6244659424,2.70712506026
630,457.224121094,87.3332214355,21.368516922,58.0083961487,2.20169834793
630,613.769836426,204.858383179,18.0567626953,45.1413574219,2.12530232966
630,5.54094839096,380.565338135,20.0878047943,53.3613433838,2.00826004148
630,153.75340271,181.976119995,19.8109436035,48.3296089172,1.99056044221
630,101.626533508,148.493026733,36.6121711731,79.015586853,1.74688659608
630,4.32993459702,237.372970581,19.1763458252,56.1229438782,1.3513806276
630,350.917480469,167.219558716,25.6370162964,73.438873291,1.22539177537
630,381.429840088,128.708129883,21.0766086578,50.0629882812,1.08755771071
630,512.545349121,198.717727661,17.5046253204,50.0884513855,1.08117051423
630,476.208862305,141.02130127,26.8499507904,77.2130050659,0.970246549696
630,244.896377563,164.418334961,18.668264389,49.8352546692,0.617760745808
630,6.72368574142,83.1516799927,18.928647995,59.2096672058,0.247277785093
630,431.159088135,165.629623413,18.5302181244,44.4896087646,0.11576282559
630,8.2631521225,149.170272827,16.7054424286,49.4055671692,0.0953761860728
660,600.963928223,174.52331543,29.2380771637,91.4736404419,73.7808346748
660,132.15284729,174.763839722,20.6258678436,50.7249565125,18.4582293034
660,508.405517578,186.151184082,23.121301651,62.4885978699,17.2571748495
660,153.364089966,171.64024353,18.2564849854,46.1442985535,1.98389980942
660,171.233505249,171.492797852,17.5376052856,43.104183197,1.90006159246
660,347.888458252,177.849227905,23.8076019287,54.0483093262,1.53933651745
660,404.755523682,184.414474487,22.7049541473,54.203918457,1.10833877698
660,536.305969238,160.862472534,21.7360401154,63.024394989,1.02982446551
660,524.854614258,184.28578186,19.6847019196,61.2273254395,0.997216347605
660,616.166259766,218.921829224,16.0185546875,49.5923614502,0.727453362197
660,13.857963562,181.72644043,18.4343910217,49.2773246765,0.62096035108
660,259.345855713,164.109786987,20.1119651794,42.5949020386,0.407262798399
660,576.187133789,148.198684692,20.2699565887,65.454536438,0.379080697894
660,404.870025635,114.315673828,20.939283371,53.9468078613,0.316329463385
660,269.797515869,171.799926758,18.9019393921,43.246673584,0.192974333186
660,589.210754395,175.908828735,21.4785633087,79.541557312,0.163162499666
660,615.375183105,307.594360352,17.1566295624,43.3201904297,0.121673766989
660,243.088088989,156.935195923,20.4528713226,51.5598335266,0.0833297788631
660,613.862121582,44.4616394043,17.9682598114,55.2075958252,0.0218393906835
690,415.602508545,97.3933410645,19.1991252899,54.9944648743,8.20236727595
690,3.86036801338,204.245193481,15.9103517532,40.2876167297,8.02192613482
690,422.66027832,182.07383728,24.1360759735,61.0340270996,6.95175454021
690,39.8936729431,169.729354858,27.7750396729,62.9498939514,4.97742556036
690,611.101135254,103.737426758,22.9588527679,60.8734931946,3.45105975866
690,617.101379395,204.538772583,15.5650978088,46.7514457703,2.43189688772
690,611.754760742,55.1491508484,19.602022171,64.5927734375,0.445009581745
690,5.49532079697,392.377349854,17.5450744629,40.9451179504,0.352035323158
690,447.113128662,138.027450562,22.1048984528,50.2214546204,0.342296017334
690,440.175567627,65.6574172974,22.6086788177,59.3338127136,0.218025106005
690,615.574645996,379.598754883,16.239982605,44.9318122864,0.158488750458
720,447.574584961,54.8486747742,26.0121688843,71.0255355835,5.50947599113
720,446.34262085,186.34727478,17.8147220612,53.0412864685,1.85065250844
720,601.06036377,146.180648804,23.0828075409,59.5450019836,1.56700760126
720,613.487792969,146.93522644,21.7068080902,71.5246124268,1.28377163783
720,490.796905518,197.869262695,23.4230251312,61.4102592468,1.21901081875
720,217.755310059,164.511886597,23.9238300323,52.9012107849,0.254054483958
720,368.189300537,113.445045471,29.6881656647,71.8787765503,0.231202342547
720,78.2438278198,100.138557434,28.7295608521,68.3845062256,0.13417735463
720,234.411376953,158.792572021,17.5775966644,52.7130393982,0.0428161903983
750,611.635925293,156.231674194,18.5953197479,55.1415901184,16.4901345968
750,204.940353394,162.223815918,19.3807239532,51.8806190491,2.66371965408
750,5.63988685608,390.775543213,20.4239559174,55.260848999,1.15777011961
750,18.4180355072,67.2133789062,28.5033092499,85.4072647095,0.293533317745
780,102.344947815,158.686096191,25.8610534668,63.808681488,13.0590483546
780,205.554489136,160.526290894,19.9118652344,48.819442749,7.84645229578
780,243.151550293,157.560745239,20.6682796478,49.630657196,5.73525503278
780,414.486816406,161.355789185,27.5973052979,72.0885696411,2.26555708796
780,381.079620361,141.639648438,20.6626396179,47.4178962708,0.996364653111
780,190.137283325,149.897384644,26.0289764404,59.1070137024,0.594303570688
780,5.8138885498,393.861450195,22.1636867523,59.8670692444,0.0785647425801
810,9.59242153168,156.023666382,22.7038822174,76.6267547607,8.7381310761
810,116.440093994,146.225494385,25.8048915863,70.1674575806,7.90654420853
810,292.112121582,140.383865356,20.0515918732,58.0658988953,2.90325861424
810,478.423797607,159.008209229,19.1272945404,52.307723999,2.48954445124
810,491.00881958,157.056793213,26.4923610687,63.5075035095,2.44240425527
810,540.387268066,140.911132812,18.076965332,46.1357536316,1.53667777777
810,374.04309082,135.373977661,21.0119781494,52.5270652771,1.14428093657
810,13.3978319168,205.24659729,21.5513763428,37.7543907166,0.421396177262
810,318.633026123,149.616271973,20.0558338165,45.4808692932,0.345583655871
810,616.199523926,143.922531128,15.8963050842,43.3888511658,0.258886744268
810,86.4782028198,135.19380188,20.575712204,50.9639625549,0.258211535402
810,461.593139648,175.671936035,28.5785140991,66.9787063599,0.235369079746
810,511.134429932,165.507614136,17.987909317,48.7571258545,0.159728538711
810,4.89237976074,394.624237061,23.6929016113,64.2697525024,0.0215493811993
810,109.76385498,87.7373046875,32.1903190613,100.273246765,0.000268020244221
840,586.019104004,162.870330811,31.6540813446,101.114479065,49.7543156147
840,63.4469108582,179.190490723,31.5232410431,61.6377372742,22.4061354995
840,328.677276611,134.884719849,27.318944931,52.0083618164,7.25358948112
840,521.346435547,141.232650757,24.8196258545,67.6463699341,2.93061453849
840,615.267944336,153.252975464,16.4391613007,46.8791465759,2.33670398593
840,203.544631958,157.779846191,24.7697544098,48.3326416016,1.68122686446
840,100.952850342,171.918502808,26.4587268829,61.0227928162,1.03114787489
840,7.17062139511,207.511947632,14.0603895187,39.4926338196,0.927643384784
840,600.823425293,154.195755005,23.5922756195,63.2075004578,0.698045548052
840,69.8629379272,90.3813095093,23.0004730225,56.8266296387,0.102464435622
870,494.330352783,142.777038574,42.0605735779,118.773368835,79.6413958073
870,266.385131836,141.505065918,27.8487949371,52.3294181824,25.2061486244
870,200.597335815,153.450866699,19.4673900604,48.1543388367,4.4511962682
870,543.586547852,80.4794464111,29.1376934052,75.0291061401,3.90779189765
870,169.373184204,156.194732666,19.6027812958,55.8322944641,3.46420444548
870,616.767089844,130.596328735,15.4233732224,47.9708137512,2.33845729381
870,182.842086792,157.263122559,23.635263443,50.569103241,1.44690778106
870,553.448669434,57.2612266541,20.5890979767,54.9970397949,1.26909362152
870,505.862884521,143.209442139,21.7807693481,57.9915618896,0.990009959787
870,610.214294434,94.2196655273,19.3388519287,49.0965690613,0.371252256446
870,575.433959961,82.9609680176,32.6166687012,81.2542266846,0.319097796455
870,35.8015136719,36.7341537476,21.8723316193,57.2555084229,0.23326354567
870,227.786514282,163.79914856,16.9198799133,36.6859321594,0.225313263945
870,11.3234453201,156.369140625,21.9585170746,79.3734512329,0.1863249694
870,216.704116821,157.900741577,18.7796363831,44.5296363831,0.184482161421
870,22.5342922211,164.583724976,30.1084766388,67.7549285889,0.16971003497
870,562.856445312,41.9736213684,23.1172943115,55.0605621338,0.10434432188
870,594.378112793,94.0005493164,20.1861438751,53.4050865173,0.0914639618713
870,512.917297363,192.572143555,20.5387001038,53.6498222351,0.0528357631993
900,153.447402954,162.914260864,24.0314235687,55.8118858337,48.1325417757
900,193.96661377,161.156829834,22.8782043457,54.5886039734,24.4723066688
900,30.9847927094,172.228103638,26.7738628387,59.2109947205,14.4295856357
900,135.774368286,156.261535645,26.557466507,68.7827987671,5.08325323462
900,270.343109131,157.77154541,23.5182437897,49.7707824707,5.01345917583
900,117.269615173,173.772750854,26.8445072174,59.0244102478,1.72929763794
900,5.73631334305,364.6590271,20.1869029999,54.9165802002,0.981210358441
900,289.478820801,159.042236328,19.6172351837,44.8841514587,0.752999959514
900,172.170394897,165.562423706,24.4409236908,52.6795959473,0.646029226482
900,73.4931869507,201.413772583,26.9635791779,45.1092185974,0.461758021265
900,81.3522720337,167.526321411,34.9475860596,68.6456832886,0.365192280151
900,209.472961426,167.289871216,18.2082576752,47.7150230408,0.173047976568
930,264.21862793,163.364776611,19.7554721832,53.5619468689,16.7805045843
930,83.8898239136,169.074005127,29.5653247833,68.1415023804,14.8521780968
930,607.258117676,210.653808594,25.3279666901,112.165779114,11.8876196444
930,171.041809082,156.727584839,28.4256000519,68.0877761841,5.15384860337
930,110.628929138,182.651046753,21.0143527985,53.1751899719,2.72008720785
930,61.3777770996,201.676528931,19.7090339661,44.9771385193,2.4487869814
930,68.4322509766,182.173538208,29.276517868,59.4340171814,1.04406373575
930,282.766662598,161.43510437,24.6642932892,48.9055137634,0.817058514804
930,6.34671401978,385.558685303,19.6791610718,54.8376617432,0.576600711793
930,534.041320801,157.232192993,28.1920928955,70.150390625,0.437020277604
930,465.854888916,249.703796387,29.9579944611,61.2114372253,0.325625389814
930,425.720733643,80.8298721313,22.313079834,53.5373191833,0.14224385377
960,15.2391891479,153.456878662,29.881362915,86.7267456055,37.0910942554
960,36.2512397766,155.377639771,29.1825485229,72.6671142578,8.97517949343
960,7.91615486145,152.923812866,20.5079669952,52.2745933533,2.45437845588
960,615.523193359,228.437820435,15.5099954605,44.9905891418,2.0258391276
960,533.309753418,179.2943573,28.7054672241,87.4343261719,1.9798066467
960,550.429504395,180.969833374,29.2338943481,87.5282516479,1.50864180177
960,159.95010376,169.027389526,16.847661972,45.5338592529,1.48171894252
960,145.37322998,160.147903442,20.7373828888,61.2219429016,0.814719405025
960,5.92100000381,384.36026001,20.1527805328,55.8358573914,0.713732419536
960,168.348190308,172.24256897,22.2752990723,43.709903717,0.573538569734
960,332.828674316,142.282424927,22.8533878326,60.0388145447,0.507613783702
960,563.695678711,170.67628479,22.2242031097,54.7423591614,0.0856723927427
990,538.70501709,230.93031311,31.7007389069,79.9112014771,11.3693192601
990,470.100708008,27.5767211914,30.6679458618,91.8441848755,7.49804228544
990,40.7374458313,168.683837891,25.8749256134,54.4993858337,3.08711919934
990,207.619750977,138.711898804,32.428691864,72.5750961304,1.70188825577
990,7.62029981613,172.246536255,17.0369815826,51.4930419922,0.695595610887
990,15.5525598526,170.930130005,24.6168842316,53.9670600891,0.51242262125
1020,610.071960449,40.9756317139,21.7875156403,54.1295166016,12.4237783253
1020,610.390319824,157.110717773,18.6947002411,51.1523094177,6.28787577152
1020,435.839874268,42.3254165649,24.9412250519,64.1830368042,3.16549427807
1020,568.438903809,195.585922241,18.2991504669,50.447479248,2.76035387069
1020,449.00769043,109.578277588,26.0157489777,63.7156562805,2.35118046403
1020,10.248878479,175.997619629,23.1133213043,79.5928497314,0.96056740731
1020,492.634307861,169.850418091,19.9529514313,50.1456451416,0.615251949057
1020,602.160583496,173.241577148,16.5640163422,45.0576667786,0.39636506699
1020,33.8341636658,172.571350098,30.3694057465,77.2441711426,0.146885355935
1020,544.008117676,31.2224884033,21.4322185516,54.4249382019,0.0371658883523
1050,462.058959961,102.68712616,31.9510440826,69.305480957,5.99016658962
1050,594.511169434,163.382766724,20.2853488922,49.1658058167,3.62405888736
1050,612.109558105,154.877700806,17.7245597839,48.4506492615,0.895410217345
1050,379.918365479,127.480041504,29.7511119843,75.0012130737,0.847304053605
1050,547.574523926,107.833580017,18.2197608948,45.5221290588,0.734163308516
1050,304.415374756,139.333526611,23.9302425385,56.9551582336,0.3489528317
1050,439.0675354,102.660377502,20.6751918793,60.7568054199,0.307655776851
1050,568.919616699,177.367782593,18.771478653,50.0311164856,0.211056834087
1050,604.633972168,176.958450317,20.4832897186,43.7406921387,0.192731386051
1050,450.327270508,107.964134216,20.4729290009,53.9582939148,0.180139543954
1050,616.143005371,188.795455933,16.6402397156,46.0836448669,0.0895489705727
1080,353.169067383,142.065994263,27.2195262909,64.0705032349,6.54485523701
1080,498.488372803,96.6993637085,26.3416423798,54.0079841614,4.6803586185
1080,610.803405762,89.7883987427,17.8539409637,49.4094810486,2.83165238798
1080,310.125457764,132.273498535,24.6206817627,61.3063468933,0.903595425189
1080,467.377655029,104.499107361,20.0364589691,51.6364784241,0.66999970004
1080,429.209869385,139.062973022,24.9082736969,55.7183685303,0.457778433338
1080,395.424560547,132.257614136,30.2870731354,76.9445724487,0.303443986923
1080,546.839050293,164.893051147,30.330871582,70.4878158569,0.240588677116
1080,578.893676758,173.24546814,28.3150615692,65.2036590576,0.218649837188
1080,614.763916016,112.167236328,18.3329563141,50.227355957,0.0238068314502
1110,613.353088379,153.542449951,16.9146556854,51.7572212219,30.9286862612
1110,540.924682617,90.0811538696,18.9236965179,46.3503303528,3.15246060491
1110,514.839904785,87.2100601196,22.7041034698,52.3313713074,2.30132360011
1110,134.750686646,161.355407715,24.3145885468,52.82654953,1.35133070871
1110,304.035491943,122.66506958,26.086730957,58.3410644531,1.2374009937
1110,140.141799927,78.666633606,29.847328186,63.9474334717,0.532088335603
1110,374.176391602,122.215751648,20.93633461,54.2042198181,0.414736894891
1110,115.808166504,83.9850997925,26.7192687988,60.625289917,0.21282597445
1110,615.331359863,87.0102233887,17.8216552734,49.1792449951,0.134084641468
1110,387.603485107,126.514762878,22.5716152191,52.2892417908,0.0780446862336
1110,551.862976074,93.8770065308,18.917509079,47.010055542,0.0744785764255
1110,435.830688477,69.7844772339,31.9249172211,84.9709091187,0.0703198311385
1140,478.976470947,48.3815612793,30.7083740234,83.7804641724,4.74171862006
1140,21.5466060638,146.92515564,29.4321880341,70.6927719116,4.23165783286
1140,388.029449463,92.9878768921,23.1504001617,78.430267334,1.83908324689
1140,601.930480957,123.481163025,19.1438674927,51.2262878418,1.16976834834
1140,327.1590271,96.4917526245,22.4491882324,61.1788482666,1.12433182076
1140,612.741027832,65.8898086548,17.8089313507,43.3572845459,0.891034677625
1140,564.992736816,71.7605895996,24.9989910126,70.0638809204,0.864535849541
1140,615.854492188,125.140411377,16.3544712067,47.5248374939,0.513905612752
1140,127.511802673,169.156570435,21.0259895325,50.5756187439,0.504677044228
1140,6.72052431107,170.230804443,16.3505897522,50.5353813171,0.42455191724
1140,469.824005127,44.7644500732,22.1996631622,64.4268569946,0.306500168517
1140,585.33416748,137.333236694,27.6299495697,61.657787323,0.235864892602
1140,34.7437744141,181.739440918,17.6541652679,42.7234344482,0.215660152026
1140,590.604064941,75.4804763794,19.5567646027,52.8159294128,0.0521343376022
1140,99.2032394409,33.9580726624,22.4032230377,55.2078742981,0.0241557776462
1170,610.316894531,52.109954834,21.8124256134,56.3134803772,3.09014339
1170,411.979827881,120.033660889,20.7393455505,56.0072174072,1.73024553806
1170,529.454956055,23.6025333405,25.4055309296,77.7900085449,1.06725730002
1170,475.223236084,134.713577271,22.4853610992,55.4176635742,0.245292764157
1170,435.161895752,170.875366211,21.6568374634,55.0338897705,0.157549441792
1170,425.817352295,114.007957458,18.734380722,59.0465812683,0.0774693500716
1170,419.075958252,164.755493164,21.5076141357,57.2464294434,0.020897979266
1170,484.459442139,120.524963379,30.624792099,64.1299667358,0.011156614346
1200,33.2266731262,171.981613159,22.687166214,52.3875465393,18.9467489719
1200,442.993560791,108.885154724,20.0002841949,55.033946991,4.8958349973
1200,18.1557807922,173.59602356,21.8614940643,50.4030723572,1.21890362352
1200,592.58807373,121.785148621,20.1572914124,52.0226593018,0.95160137862
1200,504.365844727,137.399124146,20.417131424,57.582244873,0.656436709687
1200,514.853881836,130.684631348,21.490814209,55.8911399841,0.345890200697
1200,444.174438477,166.281738281,24.4518299103,56.0555915833,0.330520397983
1200,458.437286377,111.86415863,19.8842449188,48.8939552307,0.198387587443
1200,120.720855713,164.458374023,28.5280151367,73.051399231,0.107141816989
1200,429.366088867,113.116172791,21.5391597748,61.6369743347,0.100404722616
1200,348.438995361,96.2475204468,28.9445934296,70.842300415,0.0980868120678
1200,414.340301514,119.751197815,24.2025051117,55.532749176,0.0187094308785
1230,607.482788086,208.577026367,23.5474376678,74.2211303711,21.8286022544
1230,609.126831055,108.070869446,19.6481742859,64.8007202148,5.79272173345
1230,453.729095459,100.355773926,20.8944244385,53.0239830017,2.47960221022
1230,429.010894775,115.384796143,21.7825546265,56.5464668274,0.972029101104
1230,12.4041442871,122.981025696,25.7938079834,65.1009292603,0.8270974271
1230,438.997192383,104.224884033,21.338060379,55.2449302673,0.80933496356
1230,65.5117263794,178.244750977,17.4922084808,50.4977111816,0.402526929975
1230,461.638305664,167.674728394,16.937582016,57.9028129578,0.330608594231
1230,525.768493652,111.159919739,21.733423233,55.3958282471,0.30298284255
1230,455.176635742,40.1948356628,22.23736763,68.4086837769,0.176342157647
1230,413.365356445,113.845680237,23.4375762939,52.6260261536,0.084755156422
1230,540.777160645,121.863853455,21.8954906464,58.26795578,0.0672030088026
1260,31.0647373199,172.903762817,20.7434253693,49.8215332031,6.72643110156
1260,525.42779541,148.821609497,20.6206855774,47.4391365051,3.56973074377
1260,543.386047363,89.5640945435,21.1491069794,63.035358429,3.41470837593
1260,599.408935547,124.808044434,25.7833538055,63.4855041504,2.28875651956
1260,14.1542215347,169.709701538,19.1297473907,53.5380210876,1.34987076744
1260,456.329956055,81.6380691528,19.2279129028,55.3716125488,0.877663865685
1260,614.939025879,132.376113892,17.7528343201,46.6708641052,0.503011373803
1260,460.893829346,27.0891647339,21.4678554535,63.3272666931,0.366884097457
1260,515.571411133,154.904067993,21.4458770752,63.9255409241,0.349629134871
1260,374.230804443,88.2511978149,24.5735549927,57.172454834,0.295120407827
1260,44.5264282227,175.010375977,17.5341682434,45.6152839661,0.173032050952
1290,540.039367676,144.008956909,20.4519863129,54.1231231689,29.1345208883
1290,10.8190221786,176.546035767,18.9619064331,50.3275489807,16.1830708385
1290,458.285369873,84.9967193604,26.7112674713,67.2505187988,11.9738101959
1290,612.635986328,144.141891479,19.6136131287,56.9124259949,4.37026955187
1290,467.79019165,155.596939087,20.9144287109,58.4435997009,2.88914740086
1290,520.960021973,94.7337036133,30.0887241364,64.6480026245,0.951706059277
1290,490.428924561,171.381698608,25.9822635651,58.1151428223,0.64681628719
1290,551.563842773,84.0061569214,21.5618915558,64.5037765503,0.602647708729
1290,615.96685791,97.5286636353,16.5712032318,51.218585968,0.520427105948
1290,535.041259766,83.8326187134,22.3065013885,54.7119140625,0.415899185464
1290,497.504974365,100.729553223,20.8392086029,48.8528137207,0.137417705264
1290,23.0715579987,176.936233521,17.981426239,49.7926368713,0.0847511051688
1290,381.837005615,117.772819519,26.2865600586,68.2229690552,0.0781816779636
1290,507.61605835,104.460044861,26.6527042389,61.1614723206,0.0137076276587
1320,7.41061067581,181.33354187,16.4710178375,51.466003418,48.6465722322
1320,536.835632324,154.42338562,20.6439857483,50.4750061035,36.714437604
1320,461.458892822,84.527923584,20.4575538635,54.2223091125,2.69109085202
1320,552.007995605,76.1565551758,22.9640655518,79.2172393799,1.81897077709
1320,469.234466553,159.696884155,18.5538253784,52.8692741394,1.72174535692
1320,611.807067871,133.930725098,18.3053970337,52.3691291809,1.00869908929
1320,574.009277344,118.651733398,21.8978176117,55.9664955139,0.37224709522
1320,550.272766113,147.450302124,19.3845939636,55.7308044434,0.210037222132
1320,542.355407715,86.1083679199,20.4414958954,53.1544036865,0.103660684545
1320,409.993652344,125.567436218,28.165512085,55.6344032288,0.0976840266958
1320,560.180114746,100.419822693,26.7384719849,71.0566940308,0.0959041295573
1320,483.182281494,194.795455933,21.7205715179,55.877117157,0.0721049145795
1350,466.108062744,169.127792358,22.1567935944,57.123210907,3.45553979278
1350,460.722137451,91.8405151367,22.3078136444,57.5534553528,1.17368213832
1350,531.378173828,165.013565063,21.0605926514,57.7858695984,0.280621601269
1350,6.61633300781,156.04649353,17.1689910889,48.9785499573,0.102062814403
1350,480.964019775,177.877319336,27.5993652344,61.0923461914,0.0765084463637
1350,451.596038818,108.949058533,21.6330947876,54.6571159363,0.05848503788
1380,9.68090629578,196.287414551,15.251458168,47.9731483459,34.8344296217
1380,464.359832764,102.995933533,22.7882461548,59.3648490906,1.86310801655
1380,74.7235031128,193.130142212,18.3874568939,41.556930542,1.57045871019
1380,475.269866943,181.801956177,21.2301692963,53.6584320068,0.670865783468
1380,569.244445801,125.004829407,20.8959293365,59.1225852966,0.461550382897
1380,550.146240234,125.542930603,23.7882766724,59.459148407,0.0734768400434
1410,9.70953464508,199.469894409,15.5840578079,50.0840873718,48.4712392092
1410,464.020904541,99.3417358398,22.0235691071,58.8455619812,3.80702652037
1410,611.823303223,153.29258728,17.11668396,47.7001953125,2.94534172863
1410,470.140533447,176.890258789,21.4063625336,59.187713623,0.181707041338
1410,541.041687012,103.236206055,20.4445228577,53.6047477722,0.15423099976
1440,470.483795166,177.306686401,23.9558086395,64.425819397,2.03935988247
1440,460.990509033,98.6946640015,22.1599559784,58.9157371521,1.65694896132
1440,615.564880371,227.680526733,16.894285202,47.4190254211,1.18549158797
1440,614.491210938,110.367858887,16.1085643768,48.1737785339,0.880435667932
1440,420.611663818,147.026931763,30.3612060547,67.7303695679,0.347751332447
1440,617.087280273,198.436019897,16.4356746674,52.4113426208,0.21248923149
1440,554.003723145,114.37247467,28.9420032501,77.2740936279,0.0797412416432
1440,573.564147949,136.955337524,21.8601989746,57.2209815979,0.0622009509243
1440,465.144989014,42.5660362244,18.8415088654,62.4035339355,0.0525493524037
1440,63.6847267151,190.788574219,16.2085800171,48.2231254578,0.0467043719254
1470,463.500457764,101.07509613,22.6664905548,59.3802642822,6.61581084132
1470,604.945251465,225.182601929,24.9844207764,62.7237586975,6.39849677682
1470,418.787445068,148.530044556,33.5654182434,73.7616729736,0.615429412574
1470,567.916687012,145.531295776,22.9328994751,57.2850608826,0.31090003904
1470,614.818725586,206.026535034,16.3145561218,51.0111808777,0.172391044907
1470,498.529144287,123.65738678,20.5748291016,46.6734962463,0.0925749249291
1470,550.320861816,130.332199097,23.537027359,59.7199058533,0.0428710831329
1500,9.12483978271,202.13092041,16.3336791992,48.9721794128,62.9953384399
1500,552.234313965,178.692489624,21.6562023163,70.5229492188,7.98850730062
1500,610.397705078,225.905761719,21.6125030518,50.9626960754,5.67109845579
1500,569.184753418,181.259399414,26.6410980225,71.3573379517,3.53406630456
1500,575.98638916,210.800949097,31.9344100952,67.8514633179,3.28124240041
1500,461.632537842,107.321617126,28.3252849579,69.0723190308,2.11744904518
1500,420.153533936,143.526779175,32.2252540588,70.8157806396,1.47226713598
1500,563.509460449,165.00982666,20.6736774445,58.8734855652,0.572924269363
1500,498.511474609,120.03653717,21.0116863251,46.2010803223,0.158679485321
1530,421.408111572,144.665054321,34.1624794006,74.0490341187,2.84339990467
1530,545.166931152,188.489517212,29.0164775848,78.200630188,1.83276142925
1530,457.563873291,100.955192566,19.6081485748,55.6010322571,0.970552116632
1530,466.161743164,180.51423645,25.0546703339,56.6656951904,0.317020760849
1530,614.271240234,156.925216675,17.5375099182,47.776550293,0.132260005921
1530,566.26385498,215.117843628,18.3698997498,56.6527366638,0.0410231587011
1560,8.47117137909,199.161117554,15.403845787,48.3042640686,45.1368033886
1560,460.115112305,97.6661148071,22.5007171631,58.620716095,1.2627793476
1560,552.857116699,101.364715576,24.6233882904,81.0251846313,0.479102879763
1560,414.213989258,144.210220337,34.0767097473,60.655166626,0.227728136815
1560,541.810058594,107.342498779,20.2508716583,51.7776222229,0.218867207877
1560,467.554168701,174.332962036,20.2181625366,60.5824737549,0.198463280685
1560,498.553436279,123.114356995,21.0158748627,49.1714477539,0.0688477652147
1590,29.1872463226,211.121231079,24.4082565308,59.852935791,1.8635571003
1590,460.820343018,103.531578064,22.203458786,60.2750549316,0.764774065465
1590,616.764404297,141.694412231,15.6917724609,50.3529205322,0.481845391914
1590,550.79119873,102.556274414,27.502746582,84.7138366699,0.388158578426
1590,62.8269195557,190.552627563,18.5938243866,52.5025901794,0.349945877679
1590,6.85091972351,200.862060547,17.0117988586,47.3425102234,0.204402836971
1590,541.950378418,110.177101135,20.6177310944,55.970790863,0.168045959435
1620,464.239471436,109.798553467,23.3880825043,60.7625732422,1.71215087175
1620,540.866027832,139.5128479,21.2755489349,57.2017059326,0.867215823382
1620,614.776550293,158.581924438,16.6960411072,51.4696464539,0.247949711047
1620,564.18145752,156.114761353,20.5838451385,57.1213989258,0.21965156775
1620,533.133666992,161.681472778,19.2819900513,50.7568969727,0.0802844646387
1620,547.05645752,155.324630737,26.1502685547,63.7854957581,0.0738060101867
1650,6.7646241188,216.43762207,15.0296812057,44.7160835266,3.67179363966
1650,460.668945312,107.468688965,21.5108661652,56.0779838562,2.5719480589
1650,555.632019043,96.147026062,23.2303924561,79.5498275757,1.9173771143
1650,472.868774414,184.592407227,21.1984882355,58.4678993225,0.731294415891
1650,355.554412842,108.131492615,23.7086105347,66.2587356567,0.403429102153
1650,577.589538574,143.457519531,22.9873886108,59.5049743652,0.400985591114
1650,614.732421875,115.431610107,16.4669857025,46.7795753479,0.33445651643
1650,26.383026123,208.748916626,19.6057109833,47.3229942322,0.254716281779
1650,543.422119141,130.898208618,28.4672851562,72.6052932739,0.0279033178231
1680,464.115020752,184.418884277,21.8933353424,52.06092453,7.94597268105
1680,18.3704891205,208.451889038,29.5334701538,54.349773407,6.4355686307
1680,609.987243652,209.9712677,20.7286720276,57.0532035828,6.37390688062
1680,455.889282227,112.950752258,29.6901550293,68.2270889282,4.28222715855
1680,417.325195312,126.86844635,23.5569171906,52.2705802917,0.9696431458
1680,432.859222412,116.54598999,23.0365543365,53.6713829041,0.392324104905
1680,497.49130249,130.984085083,21.3867359161,52.4729614258,0.277116545476
1680,541.33013916,123.255638123,20.7000904083,55.9897041321,0.219397316687
1680,562.346923828,149.476150513,21.7142734528,65.1063308716,0.168782135006
1680,445.187591553,110.899810791,22.5830078125,57.2433280945,0.122308800928
1680,574.445861816,150.89881897,21.4343624115,61.5329475403,0.113036355469
1680,518.056945801,129.64541626,28.7205982208,67.3326568604,0.0687704014126
1710,458.621795654,112.730567932,26.4076366425,71.2675704956,15.1674702764
1710,559.903869629,187.302627563,25.817861557,66.1512145996,2.78605185449
1710,610.182861328,76.7159347534,19.3977909088,56.6280059814,1.80185157806
1710,415.973968506,127.416938782,20.9895114899,49.2564544678,1.37070007622
1710,23.7430782318,194.198532104,20.7992305756,53.8289909363,0.903433654457
1710,551.180419922,120.166015625,20.8918056488,61.5445518494,0.740766339004
1710,445.871948242,129.276443481,24.5265407562,65.142906189,0.119509280194
1710,529.958679199,113.282684326,27.1560058594,64.8161621094,0.0854906858876
1710,546.516784668,173.075073242,25.1980686188,53.4075469971,0.0557281251531
1740,347.909942627,85.05103302,21.7071208954,57.3051452637,8.61402601004
1740,458.79296875,88.884765625,22.9059810638,68.0821304321,3.10997590423
1740,8.34232997894,188.141052246,16.2762489319,51.1533508301,2.26083714515
1740,473.695922852,178.345718384,20.6908245087,59.6067695618,1.80611051619
1740,594.343078613,76.7328796387,21.0853385925,69.2778701782,1.08756441623
1740,544.760559082,147.328430176,24.2266101837,53.4706115723,0.622019171715
1740,388.685882568,186.991760254,20.0173816681,56.4202308655,0.332692847587
1740,415.441650391,131.570205688,29.0976161957,65.5161743164,0.249428953975
1740,567.049926758,141.32182312,20.9785251617,53.2565574646,0.208032387309
1740,379.353485107,188.135375977,17.6285991669,50.840839386,0.148173200432
1740,615.508544922,101.932228088,17.7153263092,47.149181366,0.103046861477
1740,464.161224365,114.373893738,28.0209217072,74.8913803101,0.0641960534267
1770,476.722290039,165.011657715,25.1205825806,62.2314338684,3.94516140223
1770,616.825744629,144.803543091,15.9194831848,50.3768806458,1.18628609926
1770,601.968811035,75.9032821655,21.1876583099,63.030796051,1.01018678397
1770,136.78956604,183.023727417,18.5759372711,45.6451225281,0.677683483809
1770,568.029052734,121.527137756,20.4515399933,55.8330078125,0.594276329502
1770,392.267456055,189.644271851,17.7895584106,53.8154411316,0.589598389342
1770,464.659881592,106.484069824,25.7469272614,74.1924133301,0.561395566911
1770,407.434448242,111.249267578,23.2235336304,51.4696235657,0.11971447384
1800,474.967987061,164.047988892,28.0800857544,64.1800231934,16.8785110116
1800,390.197143555,182.853775024,22.4758605957,61.333694458,0.665883533657
1800,578.50592041,116.541656494,28.7593746185,74.977684021,0.279883155599
1800,408.381958008,109.603790283,23.4006118774,47.8230781555,0.202420447022
1800,511.435028076,179.175857544,26.4843387604,63.9950141907,0.137994682882
1800,471.428436279,102.526245117,23.0799789429,65.5305709839,0.0861536362208
1800,555.233337402,110.18082428,32.6216239929,75.824256897,0.0404835329391
1830,472.630706787,167.134384155,30.5362453461,65.2859725952,20.0313076377
1830,495.029266357,106.113868713,20.3279476166,46.9644889832,1.79451406002
1830,486.552947998,151.435577393,21.794713974,50.8956108093,0.739023042843
1830,617.010131836,56.8778266907,16.6717338562,56.3135643005,0.53593586199
1830,610.513427734,177.220092773,18.9649982452,52.8901939392,0.384750543162
1830,424.066497803,111.976989746,20.0560359955,48.6748542786,0.285977544263
1830,381.036102295,176.824417114,22.3142032623,66.3293304443,0.247499882244
1830,435.316650391,108.897773743,21.1298465729,50.180934906,0.129504629876
1830,467.413574219,108.472846985,21.7546310425,52.7115821838,0.0488919322379
