30,290.504974365,35.186668396,26.346364975,57.6699066162,10.5031177402
30,220.282333374,31.1235179901,28.6493206024,59.8171730042,7.5351819396
30,260.602508545,41.0809822083,26.1708011627,54.5575752258,5.3772225976
30,376.823608398,37.8958740234,31.3422641754,61.2126464844,3.41052040458
30,410.620452881,49.5805168152,27.323469162,49.248046875,2.5742771104
30,480.11706543,205.933303833,22.0599746704,57.5906791687,2.1496295929
30,178.502731323,179.690200806,26.7442855835,45.7460823059,2.09698509425
30,37.7328147888,35.3632621765,27.5049819946,53.3834571838,1.4723688364
30,533.235900879,200.381484985,38.7257270813,69.9697341919,1.41159361228
30,305.805511475,51.6557121277,23.1758880615,47.93409729,1.08356969431
30,282.056732178,45.4510917664,19.6431255341,49.2439918518,0.928784906864
30,270.95123291,156.145568848,163.639923096,269.052886963,0.208859797567
30,218.152175903,161.532485962,24.5017681122,63.3387298584,0.0413799745729
60,521.518737793,176.381103516,35.2458724976,74.2405166626,84.4681620598
60,43.6580505371,170.969955444,26.5872116089,58.9468841553,6.16047680378
60,143.132202148,175.056930542,25.610918045,52.2443656921,3.56950461864
60,110.601600647,173.841934204,26.5149173737,56.1269493103,1.98393538594
60,67.3099212646,173.480117798,18.08568573,47.6871185303,1.65232121944
60,136.072143555,111.699134827,20.7008075714,48.8605003357,0.0659815967083
90,508.779693604,172.659790039,18.8336925507,47.9249687195,23.8870680332
90,485.226165771,170.611251831,22.5542354584,49.8477516174,21.6410636902
90,40.455532074,134.194107056,19.0328464508,50.6220588684,11.7294438183
90,604.611877441,191.212890625,25.7168598175,76.3067245483,1.78276803344
90,8.6393289566,31.3898010254,21.3328132629,55.5293159485,0.925764907151
90,602.037658691,129.272766113,22.9113483429,51.1933860779,0.826043635607
90,373.587036133,162.85383606,23.075012207,58.9338722229,0.360239716247
120,542.949768066,168.472351074,22.552438736,60.7639503479,99.33822155
120,569.252807617,172.819839478,25.1676559448,55.80701828,98.9803552628
120,7.56007766724,140.796646118,16.4736022949,49.8601074219,0.693139573559
150,496.16494751,184.226364136,19.0627613068,46.8128051758,1.77285466343
150,393.183135986,165.98387146,18.0860347748,44.0675621033,0.914554297924
150,6.79053640366,124.308616638,18.0875015259,51.8885955811,0.0910767412279
150,28.5710773468,30.0443115234,19.453660965,54.8954353333,0.00939266465139
150,9.76502895355,33.7088088989,28.2831401825,72.9663238525,0.00028986619327
150,529.726013184,23.3132839203,22.1602935791,52.1693115234,3.87900172427e-05
180,430.312591553,167.578567505,18.0106201172,47.9889183044,10.4098804295
180,608.943359375,188.972366333,22.5186386108,63.450302124,4.35967706144
180,378.603302002,163.811935425,21.465051651,46.0291023254,1.90026685596
180,456.969573975,129.759613037,22.996088028,58.968296051,1.27999642864
180,414.931030273,167.479629517,20.6725654602,47.3074531555,0.89911101386
180,547.64251709,194.613708496,18.7307567596,45.0761222839,0.547032942995
180,493.785064697,33.0448951721,20.5507583618,47.7742767334,0.41597019881
180,444.643463135,173.130859375,16.6199111938,40.7045707703,0.393223529682
180,611.205749512,227.156234741,18.6786785126,48.0530700684,0.262662745081
180,6.93944168091,46.8928337097,17.2935810089,53.3353538513,0.233569834381
180,536.315307617,216.003005981,20.7596530914,46.3271980286,0.228746864013
180,513.778991699,205.716796875,20.9241523743,44.5487060547,0.0648102199193
210,32.1045875549,134.866317749,28.8564758301,90.6391906738,55.5925548077
210,6.33836889267,185.126663208,15.5453338623,43.7316169739,14.8896306753
210,320.422393799,388.811523438,25.336523056,64.6624298096,4.15804125369
210,439.500457764,171.123306274,20.8724784851,47.9332923889,1.00081246346
210,455.556152344,165.486740112,18.90782547,53.5453453064,0.924932211637
210,76.7522506714,186.85218811,19.0078639984,40.4262466431,0.607808306813
210,543.637512207,43.8981933594,19.2893772125,48.3616638184,0.451583368704
210,615.903259277,230.854614258,17.4134082794,41.569858551,0.438513653353
210,196.229415894,139.324905396,31.3772258759,65.2371444702,0.275980657898
210,104.313537598,122.027282715,21.487701416,57.1909332275,0.215507298708
210,515.044189453,27.4307098389,21.134098053,46.5602912903,0.13806943316
210,616.157897949,32.6378440857,17.0550765991,47.6011772156,0.120227597654
210,156.726699829,106.054374695,33.5741157532,82.0468215942,0.00115509319585
240,438.569061279,174.322555542,18.4595394135,46.6162452698,28.5255014896
240,463.010986328,175.734970093,19.6865558624,47.1037902832,4.3434292078
240,7.43020439148,183.475769043,14.7636270523,44.3381767273,2.93688587844
240,450.233673096,171.432556152,19.1494140625,49.246963501,2.21273638308
240,397.002838135,161.36680603,17.2424736023,49.9103736877,1.66064370424
240,414.075683594,164.075973511,19.246553421,49.5601158142,1.51390666142
240,390.748321533,311.434509277,30.2212467194,62.8857917786,0.728633999825
240,475.160430908,172.482833862,23.9739837646,51.8605155945,0.506005948409
240,426.612701416,172.49407959,19.0268154144,47.1289520264,0.430476199836
240,135.841171265,151.190307617,22.0693645477,49.2797355652,0.244126375765
240,156.510421753,89.4806442261,31.0521621704,70.2636184692,0.159386359155
240,424.06729126,384.070220947,23.7704868317,54.0640068054,0.0351534428773
240,138.83706665,103.166130066,34.3191566467,87.7124252319,0.0131460677949
270,471.513061523,184.8931427,19.5337810516,46.2078056335,74.317741394
270,406.361724854,161.536499023,21.5262393951,55.7018165588,29.1100531816
270,520.369812012,177.346755981,22.2167873383,53.170715332,12.1034912765
270,508.845947266,179.072998047,19.7873630524,45.7657012939,6.82930648327
270,482.007568359,189.658630371,19.305814743,47.4736328125,2.9316034168
270,553.813049316,191.893447876,17.581861496,48.1140403748,2.56407149136
270,496.630981445,181.033584595,17.1008853912,45.2325592041,1.07213594019
270,536.835998535,191.914657593,16.8039302826,43.9792633057,0.620823865756
270,272.147003174,169.775314331,133.596359253,225.322753906,0.545315863565
270,582.660522461,91.3236312866,23.5630264282,62.2421569824,0.267045176588
270,274.551971436,265.102600098,21.342338562,51.7111549377,0.0463684467832
270,614.719543457,232.636917114,18.0357246399,41.6839256287,0.0226095129619
300,540.920715332,184.74230957,17.1548404694,50.6913795471,74.2106258869
300,568.66192627,55.2972297668,19.9575386047,47.8851280212,66.5393352509
300,607.509216309,169.131011963,21.7064342499,63.4413452148,46.0874021053
300,426.158355713,170.603439331,18.5683479309,49.0452537537,29.8201113939
300,527.98260498,184.673294067,14.7752532959,50.7710990906,16.0670131445
300,550.765808105,184.425674438,27.7503643036,57.4222259521,4.78142797947
300,598.827453613,180.324417114,17.5883846283,57.1327972412,3.29522006214
300,616.696105957,191.533004761,18.2416400909,51.3382453918,1.3762107119
300,411.678710938,169.136459351,17.0418357849,49.4262695312,1.16533255205
300,584.016662598,51.7555122375,20.8967990875,52.3004798889,0.482411216944
300,616.891113281,33.9752922058,16.4066829681,41.9004020691,0.3249355359
330,508.695037842,180.160171509,22.3774700165,47.1712379456,52.4693548679
330,455.441558838,158.269622803,20.4524726868,64.2286224365,22.1539884806
330,40.2154579163,182.186019897,21.3990192413,52.2262763977,2.13934648782
330,266.51260376,275.026519775,30.1553344727,60.4018745422,0.66756089218
330,369.686126709,160.738754272,23.3986759186,57.0804023743,0.341830123216
330,171.12651062,151.023666382,24.0682621002,58.5309181213,0.213117874227
330,344.334442139,272.545562744,22.0903873444,46.5344848633,0.0291330885375
330,10.6546096802,114.669464111,21.5418643951,50.7889060974,0.0273293757346
360,595.474243164,180.748168945,21.0225791931,51.6109886169,91.3547873497
360,516.126220703,170.492980957,23.756280899,60.2617149353,88.7495100498
360,551.942810059,175.153244019,19.9880695343,51.4975090027,82.4758291245
360,584.780212402,180.261047363,17.5995979309,54.3297920227,48.3196854591
360,504.892425537,174.858276367,20.0328845978,55.0586967468,7.17631280422
360,229.129776001,319.437408447,28.7791423798,58.9098815918,4.93037216365
360,480.628387451,35.525806427,24.1085109711,59.7008476257,1.1150252074
360,608.979003906,180.204879761,18.5313816071,52.3968925476,0.655740080401
360,158.455001831,132.208312988,28.1340694427,79.4013595581,0.442052353173
360,530.861999512,170.235733032,17.2242183685,54.1279640198,0.195353268646
360,565.888183594,1.48955535889,26.5304012299,62.1912651062,0.0102281177533
360,21.8552474976,75.100151062,27.9622745514,83.3351974487,0.00243364775088
390,616.888977051,165.051864624,20.0397186279,82.6197280884,90.8864498138
390,474.959869385,180.401229858,17.2178077698,41.1864433289,51.5917479992
390,595.541748047,160.666519165,30.4300994873,94.6079101562,5.16338869929
390,43.5924797058,195.749893188,19.2060508728,47.915927887,1.83018539101
390,75.0163803101,190.187194824,19.257604599,45.039768219,1.30853503942
390,605.239135742,40.6227455139,19.4412059784,51.6244506836,0.839469581842
390,138.85017395,112.084877014,35.1127853394,101.470184326,0.616093724966
390,551.652160645,186.117782593,18.4449367523,48.1994285583,0.450923712924
390,562.72833252,183.920211792,18.8207740784,46.2189674377,0.153172458522
390,615.253356934,214.57989502,19.0132656097,53.0139427185,0.144043355249
390,65.4715194702,189.276626587,17.4597206116,44.1302146912,0.110931228846
390,606.674072266,119.132728577,23.2769775391,61.341796875,0.0775031454396
390,21.3306293488,125.699806213,31.9846725464,75.1251525879,0.0623080937658
390,583.876953125,28.0511341095,30.0612316132,81.7202987671,0.0270983524388
420,505.708831787,184.644287109,18.1108646393,44.1579170227,41.4878755808
420,8.21342182159,188.474624634,14.8724908829,39.7460479736,6.83448836207
420,565.257080078,180.581466675,16.1620826721,44.321269989,5.6027341634
420,554.74017334,180.169113159,16.9629497528,45.4906005859,2.73712035269
420,488.379394531,183.982299805,18.5190944672,46.2642631531,1.64965577424
420,220.396408081,328.931976318,23.3541202545,55.9379920959,0.886372569948
420,577.545715332,176.71937561,22.0167312622,53.5280914307,0.267655192874
420,522.481689453,177.973068237,16.0222606659,52.1091156006,0.232466263697
420,114.705665588,103.311676025,37.8831443787,95.4908218384,0.0371864589397
450,562.883239746,178.701858521,20.5715961456,56.4800720215,92.6280498505
450,54.4417533875,83.9051208496,28.5501041412,74.0953598022,23.53836447
450,8.2112569809,192.545059204,17.0113372803,47.8611946106,8.40995684266
450,595.481933594,194.109664917,19.9558200836,48.7029075623,5.31694814563
450,617.383850098,184.13482666,15.4802598953,48.8796539307,5.2603174001
450,536.152404785,188.505249023,16.9636764526,48.4263954163,1.97582487017
450,380.356781006,141.760269165,21.6467647552,64.3949966431,1.17788556963
450,577.276489258,175.00567627,21.0387134552,61.1809959412,0.954818725586
450,8.6939201355,109.01134491,20.7813282013,55.1091918945,0.572494417429
450,71.2550735474,86.5503921509,19.7872238159,54.5303344727,0.485787494108
450,615.398498535,210.319396973,17.4883785248,47.3438453674,0.232226890512
450,37.1768760681,95.7270278931,28.8622303009,71.8162307739,0.176010979339
480,9.85918426514,59.5176811218,25.7599124908,70.0489730835,16.8300792575
480,7.97846221924,185.030654907,13.0856752396,45.1853179932,14.6234810352
480,386.089691162,134.38243103,21.8751811981,65.3271026611,13.728889823
480,36.7189674377,83.7353134155,20.5873680115,52.2569923401,12.4693766236
480,24.9917354584,81.1749038696,20.2111740112,53.3551330566,0.478575564921
480,398.466949463,142.592086792,19.7769165039,53.308177948,0.2475123154
480,408.610809326,141.731018066,24.7746887207,53.4771690369,0.133478909265
480,393.546630859,167.432601929,16.7492237091,47.467300415,0.0954328803346
480,185.501693726,371.186676025,28.5771083832,67.4233474731,0.0472334242659
480,557.428771973,208.712509155,30.2568740845,65.3398742676,0.0394008064177
510,482.167877197,181.798446655,19.5215511322,48.7556724548,37.8033459187
510,401.140716553,125.435310364,21.9248199463,63.1131248474,13.1495043635
510,9.88317489624,69.9475326538,22.5138454437,55.1460876465,8.1436291337
510,421.787109375,136.729721069,22.7715473175,50.4540901184,0.885922368616
510,409.43838501,170.537918091,17.28332901,45.2231445312,0.402235705405
510,23.8312129974,69.8607254028,27.7917003632,58.8487663269,0.300519820303
510,615.334777832,230.313522339,15.9327058792,42.6893424988,0.258576893248
540,526.668273926,183.832641602,23.1004714966,48.8833198547,91.8006241322
540,553.182556152,189.721969604,18.0111598969,49.5371551514,19.3171799183
540,511.072265625,181.082458496,17.2567310333,49.586391449,2.28849425912
540,408.352386475,110.979148865,30.1697483063,89.1019210815,1.46475490183
540,543.986022949,186.1927948,17.3943004608,48.1625823975,1.30765661597
540,414.561279297,165.956375122,18.5886936188,51.5918540955,1.10398093238
540,7.61833810806,161.933151245,17.0257873535,47.7425231934,0.635858299211
540,432.230682373,131.556747437,18.7370662689,53.3422584534,0.407393882051
540,429.884857178,166.209030151,17.7916374207,50.1032905579,0.249881041236
570,609.052307129,177.406066895,21.3631954193,61.4377746582,88.2634103298
570,456.804229736,119.606468201,32.3808937073,96.6012878418,3.92661094666
570,594.983215332,181.966552734,21.3847560883,59.6325874329,2.9238127172
570,430.640716553,97.3327407837,30.0667724609,94.92212677,0.818547420204
570,387.229492188,159.541183472,23.9306774139,53.0763092041,0.552426371723
570,456.30355835,174.411605835,19.7756652832,47.7564735413,0.387195055373
570,452.834991455,116.946228027,19.1991348267,58.4639396667,0.261810864322
570,211.183944702,131.130844116,21.0657444,54.9365196228,0.17976971576
570,444.405303955,139.679336548,23.2099971771,75.7096252441,0.0891053234227
570,426.693939209,144.283676147,21.1083850861,68.8986129761,0.0864204601385
570,400.471099854,164.273986816,21.9581813812,51.3552970886,0.0723597651813
570,616.04888916,217.66947937,17.561832428,50.0769081116,0.0365251733456
570,326.299194336,174.867630005,24.9590816498,69.1193237305,0.00682673999108
600,11.2410163879,139.732376099,30.6213302612,80.6177215576,0.383223057725
600,447.324005127,83.7935256958,30.7021102905,93.6432495117,0.288775237277
600,5.65085840225,397.083618164,21.5536212921,56.0794830322,0.214515859261
600,140.63319397,398.262329102,24.3438034058,54.9759559631,0.0791280064732
630,569.452148438,167.184997559,30.7759189606,66.1484832764,5.65804764628
630,349.202789307,171.324996948,16.9161128998,52.771938324,2.9015969485
630,245.532058716,172.601974487,23.0796031952,59.2980499268,1.47308381274
630,52.3292999268,172.232910156,20.8603477478,54.5877952576,0.749127799645
630,479.969696045,126.169090271,27.4549808502,99.8798828125,0.571770733222
630,178.090652466,347.330596924,22.6350154877,49.0033073425,0.0764153781347
630,423.191040039,152.288391113,21.282289505,55.0832214355,0.0349198147887
660,335.932006836,170.646972656,29.0517654419,59.2110099792,18.6329960823
660,8.82745838165,190.573852539,15.5201530457,44.7728614807,5.10191693902
660,525.36541748,84.4630432129,27.3715076447,90.9630737305,4.43154536188
660,219.474990845,184.699035645,23.947259903,64.544670105,1.41866626218
660,611.759277344,66.4789810181,21.3916187286,48.4310722351,1.02020492777
660,569.773864746,80.7698669434,18.8943767548,48.3138275146,0.59325019829
660,614.627502441,150.649200439,17.0816497803,39.7358283997,0.132270343602
660,616.133850098,206.32611084,16.7079124451,40.3193016052,0.0550512806512
660,426.030029297,141.035675049,23.9111328125,75.0787582397,0.0242416295805
690,423.065338135,168.817855835,21.6562519073,61.7425994873,25.6004780531
690,606.474182129,60.9295539856,26.249786377,81.3941802979,23.1660827994
690,210.027664185,167.204788208,29.1361160278,78.2732772827,4.64975833893
690,6.8041510582,193.925857544,15.5473937988,42.4449577332,1.15544423461
690,595.454284668,79.8529205322,19.9097957611,56.2845954895,1.01350080222
690,438.220855713,145.732620239,23.5936584473,71.6962509155,0.992505904287
690,558.082580566,218.431030273,31.295331955,58.9764251709,0.616921298206
690,499.915039062,76.8657150269,28.4779052734,100.177192688,0.199486990459
690,524.526184082,65.4234390259,29.789899826,85.4870223999,0.14321898343
690,225.983016968,176.376708984,20.1243190765,55.6205291748,0.124371913262
690,605.007324219,212.788375854,21.1084728241,55.3497924805,0.0363215833204
690,334.774353027,163.75112915,19.75639534,61.1459693909,0.0313021009788
720,445.994903564,143.330825806,25.2279968262,80.6005783081,18.9380124211
720,465.727386475,166.346176147,19.89103508,58.5534973145,15.4307544231
720,6.02380371094,188.58001709,15.730427742,44.6807098389,10.8556419611
720,99.164024353,176.733932495,19.1023616791,43.5652656555,7.67026916146
720,233.239807129,171.241699219,26.7662334442,72.164855957,0.750667788088
720,578.417907715,52.6294441223,49.0557289124,150.260513306,0.692921923473
720,435.797271729,160.098999023,21.2575931549,59.0734519958,0.494876271114
720,474.948638916,150.114135742,26.0925045013,76.6080627441,0.439794175327
720,616.512634277,185.942672729,16.2344036102,46.5690307617,0.0916098768357
720,584.950378418,35.8719024658,30.6234493256,88.036895752,0.0367396161892
750,524.391052246,173.644577026,19.0375843048,51.0521850586,9.39967855811
750,264.399932861,159.645950317,20.1169242859,58.008769989,7.76898115873
750,5.18414640427,174.918197632,15.5767660141,52.6519012451,6.20858483016
750,51.8720054626,178.980407715,17.5085983276,45.7583770752,3.2370954752
750,581.916442871,184.002090454,21.2445583344,54.4123802185,2.32308730483
750,595.424377441,61.9683036804,35.0249977112,91.3154678345,0.861956644803
750,507.576049805,56.6163139343,28.9651927948,82.0584869385,0.644063809887
750,493.490600586,166.107345581,19.1854686737,66.0014038086,0.595752801746
750,533.716491699,158.633712769,21.224319458,65.1080245972,0.194553576875
750,550.76739502,135.390914917,26.6119403839,96.6954727173,0.187976507004
750,513.744018555,176.69694519,17.0286998749,52.6992034912,0.0793926184997
780,279.343231201,343.270294189,35.3599739075,66.8339157104,5.3379945457
780,110.500915527,176.073669434,17.617017746,45.7531700134,1.94036196917
780,269.719146729,164.706832886,35.6383247375,90.0640335083,1.7209161073
780,615.71875,97.3286437988,17.9052505493,53.2427330017,0.407036859542
780,294.932281494,174.628234863,19.0626411438,55.6734313965,0.293503189459
780,494.640625,54.3298950195,26.1951007843,57.7726325989,0.179770449176
780,573.989990234,41.0153236389,25.7579212189,73.5123519897,0.170454627369
810,573.645019531,232.066040039,36.2064704895,95.9729232788,24.5506599545
810,62.9467582703,191.195236206,17.6579475403,44.2976264954,4.94084730744
810,504.033447266,134.475326538,24.9929294586,88.751701355,2.42278315127
810,523.777770996,163.03894043,21.0239162445,58.2342414856,2.02697180212
810,483.287384033,163.395706177,22.1554260254,59.6167030334,1.66182555258
810,516.160217285,117.838478088,21.6866989136,59.4898719788,1.15282339975
810,205.563659668,148.597839355,23.7290782928,59.4098396301,0.614015106112
810,44.5340690613,51.6459350586,19.639087677,53.5989952087,0.482830218971
810,535.536315918,169.79057312,21.6189594269,60.5816001892,0.321398465894
810,286.527618408,170.673904419,40.4382400513,85.0343551636,0.0334071257384
810,550.98223877,108.371192932,26.0319442749,82.7657394409,0.0239614426391
810,533.110168457,107.00856781,26.9876766205,67.9536056519,0.011608171917
810,568.263427734,235.018295288,21.1719226837,63.9511604309,0.00887923160917
840,73.0366744995,183.072463989,18.1286087036,45.5376777649,37.7493172884
840,475.279327393,184.397598267,18.3592834473,51.1351203918,17.9706960917
840,495.449432373,172.567382812,19.3280963898,61.6264686584,13.1517976522
840,580.942016602,187.624450684,24.3499393463,62.2060394287,9.2409580946
840,608.915710449,94.9595336914,25.8869419098,94.1040344238,8.55529084802
840,7.88333177567,192.606140137,14.9433526993,42.8114471436,5.60574010015
840,580.558410645,44.1971473694,23.5243854523,66.0141296387,2.31001693755
840,554.571044922,183.92741394,26.5716400146,58.3728981018,1.73961203545
840,18.8018894196,188.003036499,17.7116851807,45.9694519043,1.69525202364
840,141.947463989,99.1006469727,19.8683414459,55.997631073,1.13820834085
840,51.2836418152,64.2537918091,18.3418064117,54.8788490295,1.02896690369
840,537.930969238,200.554199219,17.4439888,47.2198371887,0.900671351701
840,617.303649902,224.950622559,15.9136190414,44.1945648193,0.86756432429
840,607.175109863,38.3323669434,24.5854034424,64.6292419434,0.78164068982
840,555.409973145,100.932899475,21.144990921,65.2479629517,0.758023373783
840,604.721130371,78.6158676147,22.8530426025,60.6116600037,0.61321510002
840,521.829284668,101.830963135,30.8616657257,94.8230361938,0.219834526069
840,458.486968994,185.961791992,17.8752994537,49.1132392883,0.195711152628
840,120.752685547,111.85521698,17.9642658234,51.608669281,0.178030598909
840,110.762138367,113.566467285,18.1748981476,53.1845245361,0.13260638807
840,510.88180542,137.796829224,29.0705108643,97.2843322754,0.131564866751
840,492.795623779,102.869239807,32.7175979614,104.270904541,0.0983968609944
840,469.840209961,99.5218887329,34.8406867981,84.1950683594,0.050397781888
840,626.801757812,81.7152481079,13.1982421875,56.5653038025,0.0332500290824
840,594.284851074,30.7909374237,23.9567546844,65.8673248291,0.00965984581853
840,562.52154541,27.2460155487,33.7246360779,73.9553070068,0.000614234113527
870,471.572143555,182.684432983,21.4758472443,54.3208770752,30.8420270681
870,7.73023462296,186.557327271,14.8190412521,40.6003684998,10.5452716351
870,519.318664551,207.156997681,17.4619579315,45.9687347412,7.57115632296
870,110.94908905,145.485137939,21.7858028412,55.1134223938,6.14568032324
870,562.952087402,62.3142204285,19.881942749,59.588596344,5.82260750234
870,445.031616211,174.536437988,19.4375648499,55.5409851074,4.02929894626
870,590.393554688,169.1509552,27.3304195404,80.5787506104,2.69984286278
870,243.012191772,322.6512146,22.1058979034,49.3903656006,1.6062291339
870,584.490112305,72.4682388306,23.6701793671,59.5834388733,0.91850431636
870,371.068237305,320.606231689,28.5654811859,57.5645294189,0.739597715437
870,89.2725143433,54.7965126038,19.9387950897,54.0104980469,0.700853718445
870,67.6395111084,59.0641479492,19.9118442535,54.1752929688,0.57134963572
870,94.2944869995,164.363876343,18.4943904877,52.657989502,0.528852408752
870,579.776062012,201.988479614,20.7190513611,53.0544090271,0.5014621187
870,455.687347412,161.162078857,20.0392169952,62.0204124451,0.477047730237
870,613.593688965,247.853103638,18.2871646881,47.2173881531,0.174331094604
870,356.815338135,295.130218506,30.6435546875,65.0512084961,0.158631091472
870,533.698303223,117.285400391,35.055015564,118.244018555,0.045843393309
900,522.058288574,178.113845825,24.1939716339,70.1037521362,95.1066911221
900,556.732971191,176.848983765,19.7332553864,52.8820495605,81.600612402
900,464.758148193,168.474624634,21.6715316772,56.8483924866,76.606208086
900,487.519989014,179.700500488,17.6959209442,44.8121795654,49.2535203695
900,424.578643799,174.101318359,28.3405742645,75.4984817505,33.0376982689
900,92.8964157104,139.239807129,22.5270309448,61.114025116,17.093347013
900,84.3540725708,129.772750854,19.8483638763,57.1315460205,1.07021760195
900,447.824707031,174.112197876,17.3118495941,51.9665527344,0.742849381641
900,615.580993652,222.940353394,16.1711139679,52.8544311523,0.52328412421
900,69.2628479004,167.292373657,18.8278961182,49.2561187744,0.45652766712
900,626.887390137,103.355979919,13.1126098633,52.1012992859,0.1022145967
900,516.134399414,151.83984375,21.8131122589,58.8544921875,0.0171599182067
900,513.676452637,209.194396973,25.166425705,64.6108932495,0.00955757786869
900,607.227844238,28.3561172485,23.7285766602,59.7978172302,0.00455363770016
930,11.157207489,188.813110352,22.9376354218,43.5171775818,16.2325128913
930,88.4902420044,140.335800171,26.3987369537,70.5209732056,3.93625758588
930,77.7228317261,29.8446884155,20.4123916626,55.0122108459,2.4776250124
930,73.612449646,71.5457077026,18.558095932,48.4624176025,2.21345610917
930,597.608642578,88.9295425415,21.9879074097,61.0512046814,1.35570019484
930,600.0703125,195.79864502,27.7968387604,53.6474609375,1.16097573191
930,83.7036972046,83.3801574707,20.1904811859,52.6478462219,0.742810545489
930,433.079071045,161.81199646,23.8403339386,68.0462265015,0.416078232229
930,115.832862854,77.3081283569,18.5247344971,51.3484382629,0.283467117697
930,615.406677246,176.801269531,18.1937885284,50.0625114441,0.08792373701
930,609.227233887,112.981170654,20.4451007843,55.0282936096,0.0719835283235
960,532.513305664,176.618270874,28.2483615875,63.3839263916,98.9221274853
960,594.852844238,162.413391113,25.5772762299,74.3618621826,94.8999762535
960,121.853172302,181.625915527,18.7329730988,45.1294441223,8.11994969845
960,9.59754085541,176.508102417,14.7962732315,47.1089324951,3.4093119204
960,610.518188477,171.894897461,17.8619594574,59.6140327454,3.37512902915
960,460.349884033,153.782531738,21.0279903412,59.9401741028,1.23637588695
960,86.4318008423,124.479919434,26.6464595795,67.5431442261,0.860701315105
960,481.101196289,146.696426392,25.8053455353,88.5345458984,0.771690672264
960,129.044754028,137.533798218,24.5344238281,64.0868759155,0.375302438624
960,584.930847168,152.37336731,22.7965145111,65.08177948,0.260640052147
960,574.853881836,121.14540863,20.245267868,54.1849403381,0.222141644917
960,616.477050781,202.484725952,16.2026462555,46.1507911682,0.154766358901
960,520.862915039,182.927001953,20.8154754639,56.6105957031,0.00519089080626
990,612.284606934,195.122436523,19.5703296661,75.5248794556,18.6877965927
990,462.894317627,156.718109131,28.9685974121,64.7909927368,5.98450601101
990,117.524902344,131.784011841,22.1298542023,67.7527389526,2.94954907149
990,424.925201416,178.392623901,18.6934814453,41.0757637024,2.46918294579
990,507.254760742,130.858001709,20.8305931091,71.6035308838,2.22355015576
990,69.1910018921,60.9211425781,18.3530483246,52.5425071716,1.36345522478
990,515.18145752,169.831878662,26.3028793335,53.5678443909,1.22495396063
990,54.4459838867,73.4227371216,21.3403015137,55.9759178162,0.961227994412
990,562.882141113,362.614624023,20.9105548859,47.3524284363,0.740591203794
990,483.393798828,125.633827209,20.2514019012,46.3636894226,0.548703595996
990,529.215454102,161.557052612,24.2591152191,56.5290107727,0.410087453201
990,112.094665527,176.154846191,16.0474948883,45.0050621033,0.385955208912
990,581.116394043,237.972091675,20.1903133392,47.1531333923,0.354347215034
990,411.23928833,261.303466797,24.392911911,49.2594642639,0.255622179247
990,410.612579346,176.913269043,17.0525188446,44.853302002,0.254478002898
990,594.669616699,231.28868103,19.7123069763,47.5228919983,0.120020122267
990,541.979492188,186.097702026,21.1211223602,47.918888092,0.117318960838
990,612.015197754,244.373413086,19.0593833923,47.59217453,0.107752624899
990,59.2394676208,134.142486572,26.7127971649,72.3253555298,0.0962539983448
990,492.989624023,129.575561523,21.9643707275,57.4120368958,0.0887206406333
990,368.460571289,368.362304688,34.1602668762,83.556602478,0.0066840191721
1020,602.752624512,176.170532227,23.1837615967,56.9708099365,26.3704061508
1020,305.132110596,161.452835083,20.5905475616,55.1904640198,9.29129868746
1020,477.857788086,173.972305298,23.8600330353,56.2094841003,6.42039701343
1020,585.222839355,167.482192993,24.423330307,58.7738227844,4.29395586252
1020,425.469390869,170.648666382,17.8001842499,51.1585693359,3.27166058123
1020,97.470664978,175.944946289,17.2533512115,43.2268981934,2.94302999973
1020,51.3338928223,90.9604110718,20.356803894,55.7710380554,1.69055815786
1020,507.07711792,153.730697632,27.2741832733,74.3451080322,1.63526162505
1020,616.438903809,170.829650879,17.3783016205,43.6809806824,1.59734357148
1020,490.92477417,161.973800659,23.5640659332,59.8909111023,0.849981978536
1020,556.306335449,120.716514587,22.425737381,62.4647827148,0.218386109918
1020,413.6456604,352.59487915,21.7473812103,47.6917572021,0.214791623875
1020,31.6714839935,130.052154541,28.6619281769,84.9170074463,0.211247382686
1020,116.964256287,171.117324829,19.8719768524,49.2708702087,0.190010468941
1020,521.219360352,137.198196411,21.706243515,56.5877189636,0.14046827564
1020,333.696563721,381.125457764,30.3869724274,78.967628479,0.0581942149438
1020,47.0764465332,152.20324707,19.9889564514,54.9385986328,0.0175378969288
1050,82.6554641724,179.319580078,18.9440174103,47.9219856262,20.09344697
1050,560.459411621,179.694702148,23.1213283539,55.1630210876,16.9008240104
1050,511.376556396,166.891281128,21.8300476074,56.7026329041,6.15559779108
1050,6.49134588242,186.711868286,15.909942627,48.0743217468,1.65811702609
1050,60.5274162292,137.672866821,23.2011699677,63.6275291443,0.646301032975
1050,23.2697296143,89.7464065552,22.9400405884,58.4418678284,0.553906103596
1050,518.422119141,191.514816284,21.5038452148,49.1279907227,0.213054846972
1050,535.120422363,346.72265625,22.5982227325,50.1091003418,0.209727254696
1050,17.0284786224,381.446807861,26.8564128876,77.9977722168,0.181053741835
1080,542.653503418,162.686691284,23.5646209717,58.9773864746,48.0340063572
1080,561.547302246,161.803359985,22.910943985,61.512676239,11.0840015113
1080,52.0035858154,177.853775024,19.7654914856,51.0782356262,9.9486194551
1080,484.007446289,168.197967529,18.233133316,48.1273765564,5.04308715463
1080,513.284362793,170.721084595,26.5266094208,66.0166778564,4.79644425213
1080,503.71572876,167.321685791,20.585855484,58.4367866516,4.06855978072
1080,617.35144043,64.8323669434,15.7121076584,42.4650268555,0.973694771528
1080,494.689575195,170.631881714,17.8360481262,50.3564949036,0.799776148051
1080,484.774017334,210.706832886,19.2568759918,45.9303741455,0.761973299086
1080,42.0147438049,183.404373169,17.5042133331,45.5134620667,0.646978709847
1080,455.103271484,142.216598511,22.2116775513,53.6404571533,0.485737714916
1080,574.416503906,157.858352661,22.7315368652,68.123374939,0.463113142177
1080,534.24230957,159.077728271,18.3495960236,55.7072906494,0.433749565855
1080,615.382507324,201.759780884,17.4595966339,44.9457893372,0.408172653988
1080,477.355072021,189.836715698,21.5021152496,49.100112915,0.223096855916
1110,595.576416016,160.061950684,19.3008117676,62.8784942627,16.0036683083
1110,63.8248329163,176.821731567,18.8643684387,52.2704734802,15.6863585114
1110,392.422454834,160.383728027,18.7572689056,55.7387580872,12.899556756
1110,568.03527832,152.719345093,30.7087688446,73.5813827515,11.5935504436
1110,4.73623991013,193.567733765,17.8025417328,53.5948524475,9.28159952164
1110,532.051086426,167.26612854,20.6125450134,50.3733482361,6.42065703869
1110,610.950378418,165.657333374,25.0679035187,81.2788925171,6.01305216551
1110,442.630523682,162.669265747,18.6768550873,49.7304954529,5.38744367659
1110,371.60244751,157.112991333,16.8768196106,56.9676704407,4.07180450857
1110,346.079345703,154.54246521,23.3431930542,68.5161514282,3.6611545831
1110,26.1491394043,183.048202515,18.2724838257,46.8754844666,1.48375676945
1110,574.239379883,330.079681396,20.9848098755,46.0760650635,0.851358566433
1110,475.895385742,138.13911438,20.732667923,55.4528694153,0.521814636886
1110,401.234649658,177.864929199,25.6833934784,56.0697441101,0.478682527319
1110,627.971984863,162.493209839,12.0280151367,47.3052024841,0.154847546946
1110,553.716430664,171.207702637,20.1351051331,52.3945007324,0.122670584824
1110,457.164886475,159.586746216,19.866481781,60.66979599,0.116400211118
1110,13.2105455399,184.067214966,18.9741973877,52.5029716492,0.0197911344003
1140,391.354400635,154.751205444,23.1940460205,57.750995636,35.6491833925
1140,451.555450439,163.410385132,24.5690612793,61.4111671448,26.7346352339
1140,615.25592041,167.465805054,17.4953174591,49.5555305481,6.45445212722
1140,376.118743896,154.109664917,21.8358154297,60.4197692871,2.76505351067
1140,366.832672119,163.804733276,18.094953537,54.9219245911,1.40950130299
1140,579.19934082,169.419036865,19.531961441,55.965473175,1.04855997488
1140,610.702941895,237.143478394,19.1626739502,45.0375709534,0.829437188804
1140,547.772644043,169.855300903,17.7353076935,48.3727912903,0.819447822869
1140,467.761474609,172.296127319,20.605802536,54.3314208984,0.693299248815
1140,327.896392822,162.188491821,31.5415248871,67.5245895386,0.289307837375
1140,348.852081299,163.576095581,19.9297580719,59.570438385,0.227157329209
1140,615.067077637,257.772674561,17.1779098511,45.0640983582,0.12582273921
1140,273.644012451,396.920196533,23.2669067383,46.82995224,0.0590690877289
1170,553.735717773,177.981079102,19.4946537018,46.7985191345,10.6690242887
1170,378.867431641,159.264221191,19.3977451324,56.3306083679,6.99156671762
1170,569.031066895,171.864089966,20.1226005554,50.9723930359,5.84296807647
1170,13.7844171524,177.018722534,20.7420978546,52.321182251,4.16131019592
1170,614.841247559,168.333053589,17.2346096039,50.132144928,3.73598597944
1170,482.013183594,173.126205444,21.220872879,54.078578949,3.45886349678
1170,541.63482666,173.141769409,19.7801074982,51.1034545898,2.93013080955
1170,403.028808594,167.667831421,21.6851520538,51.1765556335,2.66520474106
1170,130.817474365,181.795425415,16.750005722,49.0033416748,1.33845796809
1170,502.466644287,169.958251953,20.8940448761,52.9778633118,1.13849118352
1170,391.21862793,152.559631348,23.6318054199,60.4045448303,0.906238239259
1170,521.864807129,163.299102783,18.9099807739,52.8261451721,0.834662467241
1170,584.50958252,335.43347168,21.3455581665,46.5762519836,0.239778356627
1170,28.9352321625,159.990127563,24.8313522339,65.1274795532,0.0714484252967
1170,575.776916504,194.234207153,22.8191604614,50.5267066956,0.0639019301161
1200,419.155853271,156.471069336,22.9956188202,65.6369247437,43.6020433903
1200,332.82321167,170.320480347,21.8003368378,51.8076782227,11.1071787775
1200,601.519836426,158.995101929,17.2582263947,50.4630889893,6.23160712421
1200,610.998474121,162.947814941,20.4083309174,59.2733268738,5.89456558228
1200,506.194976807,169.560623169,20.769323349,58.31873703,1.49182286114
1200,611.038879395,234.484069824,17.3006362915,44.1169128418,0.569843081757
1200,615.606811523,197.786209106,18.4925174713,54.3171539307,0.488727772608
1200,409.341308594,158.730651855,19.1633358002,57.9298057556,0.438350159675
1200,450.226287842,276.2059021,22.7825622559,51.7472267151,0.409959908575
1200,531.41583252,199.922286987,19.1765918732,44.2036476135,0.372691825032
1200,586.604431152,163.311721802,18.7880516052,50.1141777039,0.1865463797
1230,428.681976318,153.350753784,20.9733371735,57.0265350342,9.24403741956
1230,548.611938477,153.338729858,23.0277957916,67.6941299438,7.09923654795
1230,586.99230957,190.5521698,24.513999939,49.7518501282,6.39118328691
1230,611.691162109,185.552185059,17.4113483429,47.0989189148,1.52174942195
1230,417.991729736,136.798873901,22.7410507202,65.4121704102,1.30597315729
1230,441.318847656,175.089065552,21.5902462006,53.4152374268,0.329236127436
1230,360.015228271,163.768203735,19.9956550598,49.7198219299,0.149329507258
1230,398.305084229,131.897338867,29.0650024414,84.6124725342,0.139598385431
1260,440.840667725,170.938735962,20.0931568146,50.9798164368,26.5092045069
1260,404.87902832,173.194564819,17.46043396,50.3189125061,5.8001216501
1260,582.353027344,130.065841675,20.9990711212,82.4193344116,2.99580059946
1260,141.461975098,177.299301147,20.301656723,45.8852844238,2.5072241202
1260,350.552703857,172.947265625,20.1139640808,53.7767982483,2.09161099046
1260,6.23182439804,189.740402222,15.2109117508,47.2031097412,0.805690418929
1260,436.083618164,125.551506042,29.4898166656,81.9884567261,0.769991939887
1260,614.49609375,147.439071655,19.1586647034,58.614276886,0.301106041297
1260,481.550079346,361.366699219,23.4699192047,53.1075553894,0.143654854037
1260,416.379547119,128.919998169,27.4696598053,77.3949813843,0.127101433463
1290,462.052703857,176.954544067,18.3456325531,47.2334861755,26.6660451889
1290,456.0440979,116.668083191,31.4166431427,93.4889755249,6.65057823062
1290,5.73334121704,164.2447052,17.961473465,58.3666877747,4.5334931463
1290,357.287841797,161.899765015,23.4502944946,60.6009101868,1.7603520304
1290,445.303070068,170.419708252,19.4493427277,53.0568656921,0.835347734392
1290,412.125457764,151.699996948,22.642457962,70.8624038696,0.424352195114
1290,17.266210556,164.498291016,24.3810043335,67.4304504395,0.282885506749
1290,581.099121094,196.16003418,26.5388412476,59.7709388733,0.250586168841
1290,429.954498291,98.3774414062,27.3101882935,81.9552078247,0.193529902026
1290,445.61819458,109.554359436,22.3877639771,61.6325111389,0.124295684509
1290,577.252807617,82.212272644,20.684129715,53.1470336914,0.0973413407337
1290,470.160430908,106.343238831,21.3877887726,52.6284294128,0.066369358683
1320,481.59262085,181.17048645,18.1215324402,48.8377418518,80.0630390644
1320,419.154266357,155.483642578,18.7688007355,50.7849845886,11.6163320839
1320,480.210662842,115.040161133,34.2150764465,102.329406738,4.12986688316
1320,65.4607467651,103.733482361,22.9316272736,61.6751213074,3.80609929562
1320,281.717010498,173.461593628,20.0870189667,48.7491455078,2.48522926122
1320,427.978637695,153.222167969,22.7066116333,60.3251953125,2.10400000215
1320,376.866729736,140.692977905,27.7278499603,71.8929367065,2.07101665437
1320,452.417694092,91.5717163086,28.9670162201,112.414215088,1.82996522635
1320,463.505371094,180.118362427,18.4831161499,53.5292816162,1.28020113334
1320,158.445114136,256.318084717,19.9405460358,45.7003822327,1.17217618972
1320,466.595977783,98.9601669312,21.2035579681,68.2060928345,1.12827168778
1320,500.458129883,172.500106812,17.7843151093,48.7637176514,0.281365960836
1320,167.990356445,241.356155396,21.0435829163,45.3320159912,0.231731659733
1320,7.37838220596,361.867797852,35.7128715515,84.7976989746,0.137571967207
1320,473.109466553,79.1343612671,32.6768455505,80.6356277466,0.0899384904187
1320,8.32701015472,169.745773315,15.5444383621,47.8033599854,0.0765584001783
1320,264.148223877,176.518112183,19.4806041718,47.3820495605,0.036495961831
1320,490.908477783,74.6255645752,30.9748764038,76.5335388184,0.0222878908971
1320,463.884063721,141.666870117,23.6985015869,69.1655807495,0.0185156153748
1350,515.026550293,187.841186523,25.0913715363,61.4483757019,5.45713640749
1350,439.000335693,144.551986694,23.0079040527,55.7730293274,3.71235497296
1350,28.2216358185,89.4864196777,19.898727417,50.6473999023,2.9230684042
1350,412.839263916,316.157073975,22.3377227783,48.0675048828,2.40149572492
1350,500.857940674,198.95362854,20.0357589722,51.1346282959,1.90239604563
1350,529.325927734,176.073242188,20.5056285858,63.8535766602,1.74697134644
1350,523.343811035,54.5152740479,30.135187149,89.9920349121,1.62865985185
1350,497.810028076,60.560459137,25.8988628387,94.0170822144,1.23993800953
1350,481.438018799,186.789871216,16.8374881744,48.022518158,1.1447308585
1350,301.540100098,311.492248535,22.147064209,51.6322441101,1.08389826491
1350,268.348724365,303.470031738,23.1277599335,61.6423606873,0.97152357921
1350,271.381072998,174.112258911,26.1572113037,57.1603507996,0.772142363712
1350,518.334899902,53.9497528076,18.595708847,60.0456237793,0.527598802
1350,282.18170166,292.29196167,27.7257976532,70.1293716431,0.498457392678
1350,427.861236572,306.28237915,23.0427150726,51.1958122253,0.491614080966
1350,316.479370117,319.790374756,20.33634758,45.9424705505,0.383736100048
1350,504.612792969,101.219940186,29.0462741852,108.952941895,0.341912661679
1350,370.477142334,314.754669189,21.4434967041,50.6331748962,0.299457437359
1350,252.804672241,313.364898682,22.6644573212,53.2329750061,0.259451777674
1350,232.606735229,309.121582031,22.2883167267,49.2843360901,0.142861029599
1350,428.103393555,149.416763306,18.6373748779,46.6657905579,0.124650727957
1350,42.2765083313,78.6722183228,20.8072853088,57.9946022034,0.122068217024
1350,541.768310547,51.5841674805,37.604511261,79.8500976562,0.070406118175
1380,597.222717285,176.337844849,26.370973587,68.8621902466,99.2137372494
1380,579.095825195,173.650436401,22.6176395416,63.1443786621,95.253008604
1380,491.354156494,367.623901367,29.8156604767,60.7920951843,8.82669016719
1380,425.638031006,171.973937988,19.8254833221,56.1888084412,8.67028981447
1380,197.889648438,364.339080811,34.100528717,68.2375030518,5.21636717021
1380,5.74451780319,351.891815186,17.8027534485,44.4988746643,4.44889441133
1380,508.931488037,376.104400635,22.4426422119,50.7068977356,4.41179387271
1380,444.421966553,357.992645264,22.5024738312,49.0536956787,2.99490951002
1380,220.957687378,362.04574585,21.548210144,49.8645896912,2.50475592911
1380,485.051239014,354.177886963,20.3033390045,44.9934844971,2.33450233936
1380,10.7794294357,69.9579086304,29.202835083,62.7590332031,2.23066527396
1380,13.1277074814,361.844940186,33.1924247742,76.4360809326,2.21473202109
1380,423.580932617,377.404632568,21.9777927399,53.2377510071,2.05009207129
1380,328.732666016,373.883514404,20.2985038757,52.3322753906,2.04615965486
1380,466.934051514,136.955734253,22.1872730255,64.5603408813,1.7129631713
1380,455.572723389,350.347625732,21.6880626678,48.9826622009,1.53082842007
1380,464.030487061,365.582977295,28.6994781494,58.4135932922,1.52774220333
1380,523.688232422,374.168121338,29.3373508453,58.1926765442,1.4979608357
1380,277.300811768,362.683013916,35.4052391052,77.8308105469,1.26989753917
1380,345.28012085,363.736297607,26.4998245239,75.958732605,1.25249745324
1380,240.702041626,362.553100586,31.630689621,78.9175643921,1.21327536181
1380,236.273452759,352.063354492,23.9712677002,51.4285545349,1.13429538906
1380,539.755310059,385.721832275,23.8019237518,52.629196167,1.13089578226
1380,151.479125977,386.630645752,22.7779445648,55.2893943787,1.11374864355
1380,439.217437744,380.190826416,22.8002796173,54.9874153137,0.990874506533
1380,231.338012695,372.331420898,22.6102752686,58.2156410217,0.859947968274
1380,509.714752197,348.380096436,20.3222770691,51.1281700134,0.505847996101
1380,163.292709351,360.046386719,22.3266372681,46.5636329651,0.414864718914
1380,458.021881104,140.215759277,17.3347434998,48.2215156555,0.354020250961
1380,454.741424561,388.347015381,23.3499507904,51.2714958191,0.258123618551
1380,34.7171936035,349.067260742,23.3194274902,46.9869804382,0.237715663388
1380,181.624099731,380.939605713,29.9746227264,61.7449645996,0.17185745528
1380,167.37852478,386.455413818,21.2374210358,57.2440986633,0.129436701536
1380,476.668823242,390.377807617,23.24650383,54.7427482605,0.113506580237
1380,429.099822998,396.753326416,24.004617691,55.9375305176,0.0453601533081
1380,298.374298096,389.854095459,25.1389694214,61.5425872803,0.0156694106408
1380,173.210586548,116.179710388,21.2711849213,45.6223487854,0.00710924141458
1410,465.6925354,178.192642212,18.6468982697,49.9249267578,81.6249489784
1410,493.789520264,136.51210022,19.8425998688,62.1927528381,6.80775344372
1410,6.92663240433,56.0293693542,16.1945171356,57.4834022522,5.00180833042
1410,455.551116943,176.062255859,17.8006000519,49.9926567078,3.56683768332
1410,491.312347412,166.40473938,23.3582019806,70.3900146484,2.22483612597
1410,508.250274658,136.189559937,26.5136623383,69.8326873779,2.09967307746
1410,281.505218506,170.973617554,27.678396225,63.2050323486,1.89752560109
1410,502.125976562,183.40802002,25.5405578613,73.7591171265,1.13212000579
1440,524.269348145,174.14302063,23.2202377319,62.6270561218,94.7805702686
1440,613.305847168,194.826156616,17.3731517792,59.0487098694,28.3304214478
1440,547.14453125,169.952377319,16.099029541,59.3535308838,9.66566801071
1440,289.854217529,173.950119019,21.937959671,49.3843841553,4.01864610612
1440,570.531005859,177.552658081,25.8451213837,60.7233848572,1.63111127913
1440,568.631896973,112.37877655,23.2116088867,59.7152748108,0.424459110945
1440,94.052406311,184.141464233,19.4278450012,41.4030342102,0.372750638053
1440,378.00769043,177.119674683,24.1258163452,64.3696212769,0.343130016699
1440,513.813903809,170.769607544,16.767747879,54.8507499695,0.26631904766
1440,576.556762695,114.667144775,34.4819450378,82.7305297852,0.175642361864
1470,318.470947266,170.292129517,28.0484542847,56.5221595764,2.46059056371
1470,147.545639038,167.538085938,15.3217468262,50.6132011414,1.3728168793
1470,391.654510498,168.545349121,28.6996326447,67.7518997192,0.961136631668
1470,6.2244720459,209.000076294,18.1614608765,43.2882843018,0.175832619425
1470,332.354797363,373.916656494,33.6240577698,75.0415878296,0.0938160461374
1500,497.754516602,166.676773071,18.1310558319,62.5223045349,25.965744257
1500,505.476959229,165.453338623,27.4038085938,75.9694213867,4.18566092849
1500,481.770172119,95.2674789429,26.4179286957,68.3170700073,2.77681779116
1500,529.88671875,165.359909058,21.1692848206,52.8592567444,1.4169247821
1500,344.978363037,299.272125244,21.6360225677,53.9226989746,1.16797341034
1500,493.144683838,305.985748291,23.3481674194,53.6043586731,0.526109617203
1500,483.410003662,164.78086853,20.0529460907,54.0053901672,0.408214377239
1500,339.820953369,170.612762451,25.4376907349,56.87059021,0.343112228438
1500,463.145294189,286.883636475,29.6713848114,64.3314819336,0.149589637294
1530,521.734436035,181.655151367,17.2976989746,48.9065551758,41.1521196365
1530,10.0060596466,186.687393188,14.8596382141,45.2141418457,8.46133306623
1530,554.257385254,187.649520874,20.9973697662,53.1804542542,7.67563581467
1530,569.725036621,155.224639893,21.196313858,66.5894088745,4.25212308764
1530,511.868560791,178.654830933,17.4073810577,51.0986366272,1.88983529806
1530,375.767333984,374.799713135,21.6228427887,53.9267082214,1.80295407772
1530,364.953948975,333.895355225,22.0714645386,54.3074493408,1.38821704313
1530,579.848815918,185.910644531,18.0733451843,45.0468139648,1.30946217105
1530,462.968505859,133.530715942,26.6627655029,70.4306640625,0.698991538957
1530,42.5670051575,285.28616333,25.5200805664,50.206829071,0.621150946245
1530,473.464385986,296.373443604,21.899805069,42.6221733093,0.471333693713
1530,526.632568359,194.317703247,27.3509426117,54.7878112793,0.300021027215
1530,615.714904785,197.134140015,18.829662323,44.2006072998,0.207698275335
1530,379.449920654,396.186676025,24.5945358276,63.7918701172,0.0195332468138
1530,499.486358643,140.763565063,22.0428924561,56.0855979919,0.0149065017467
1560,547.976501465,181.649536133,21.8304138184,53.5364112854,96.9440162182
1560,612.858764648,181.838989258,18.0352535248,47.8121910095,22.171844542
1560,521.734436035,189.470809937,18.5943565369,48.7323913574,17.3458427191
1560,533.96307373,185.65246582,18.5630989075,52.88463974,8.03818255663
1560,499.865386963,143.538116455,18.8186626434,51.7595176697,0.713034439832
1560,487.468505859,71.3725280762,24.5275058746,62.318195343,0.654834276065
1560,615.209655762,219.85319519,18.6221103668,46.0291748047,0.323848752305
1590,595.253845215,175.959243774,25.2838382721,77.6090087891,98.642796278
1590,492.187011719,50.6464424133,27.0630664825,79.2007675171,7.87335038185
1590,83.8470077515,175.725585938,18.6330909729,45.9251976013,1.71413607895
1590,450.155639648,123.53616333,22.5109100342,56.2206687927,1.28399524838
1590,619.630065918,185.111618042,15.2993173599,51.9608154297,1.20848249644
1590,89.6797714233,100.865699768,22.2281169891,44.0373191833,0.864265486598
1590,285.024475098,241.187454224,29.9325618744,56.046245575,0.823677331209
1590,580.729675293,183.705703735,20.4666156769,54.1970787048,0.718477740884
1590,617.057128906,310.90838623,16.7082424164,44.7806892395,0.0712906999979
1620,180.101547241,190.338256836,20.4313373566,39.8928947449,64.661616087
1620,565.728210449,23.6346893311,26.4222564697,71.9686813354,6.5089404583
1620,364.194915771,363.124664307,23.1361465454,59.1564750671,2.26365961134
1620,259.971893311,369.337432861,20.5277957916,63.0823249817,2.05358359963
1620,94.5088500977,176.154464722,20.9476985931,53.6020011902,1.57119594514
1620,270.133392334,354.933746338,28.0112438202,68.1667175293,0.934639666229
1620,568.225524902,119.314109802,25.7534618378,63.3494987488,0.188649399206
1620,349.522460938,307.756225586,32.836315155,83.4811325073,0.152304244693
1620,105.491401672,90.9313583374,23.9476776123,49.5772438049,0.114259507973
1620,361.369384766,171.217056274,28.4359073639,74.2939758301,0.1050697756
1620,269.558868408,208.674911499,125.881462097,220.255126953,0.0819213804789
1650,607.733337402,93.4514694214,19.6175136566,60.0603675842,15.3119489551
1650,322.493438721,160.164657593,23.0572509766,50.381362915,2.94223260134
1650,372.673980713,346.936401367,33.0619735718,89.3393249512,1.58133879304
1650,99.4811019897,177.282943726,26.7132110596,66.0511932373,0.791143160313
1650,424.968597412,186.048812866,29.7505970001,76.3274383545,0.686936732382
1650,52.2960624695,191.116760254,30.0933589935,57.2692832947,0.500640552491
1650,599.629699707,183.693313599,28.1800785065,59.476360321,0.416392693296
1650,519.909240723,75.3021316528,20.9184474945,51.5393218994,0.331678637303
1680,464.259185791,188.043212891,31.0985183716,71.3017044067,9.52550172806
1680,36.3859443665,188.580154419,24.3291606903,52.9534606934,7.99307078123
1680,76.2700119019,76.8877868652,22.082069397,51.6621894836,5.79055584967
1680,395.871826172,307.156158447,21.9995517731,51.2321357727,5.74535466731
1680,536.835693359,147.492843628,21.3166866302,49.1120910645,5.59666566551
1680,134.429367065,175.00038147,24.6371669769,53.8995018005,4.71979640424
1680,422.471221924,384.04196167,33.5256195068,75.0009231567,0.206588744186
1680,94.7702407837,71.6586685181,27.7153644562,61.2816123962,0.149631942622
1680,16.6042766571,191.053390503,24.25066185,50.8804168701,0.10627808515
1680,591.051696777,130.242996216,19.5838184357,51.6421852112,0.0417558272602
1680,162.531692505,129.023208618,22.0353088379,46.6009635925,0.0344852072885
1710,21.5567722321,58.4450798035,23.7021560669,52.702709198,9.27003696561
1710,476.348876953,344.272674561,22.494058609,56.3838539124,8.31433907151
1710,430.858123779,296.097930908,28.5411663055,50.7336997986,0.908308662474
1710,290.242645264,275.564300537,22.3358364105,54.0501251221,0.894117634743
1710,52.9486503601,48.8871269226,28.7654056549,58.8407325745,0.729024689645
1710,450.236968994,309.069824219,22.4887065887,48.6560707092,0.220849760808
1710,292.204833984,159.367538452,21.8975849152,52.5227355957,0.153662322555
1710,616.439025879,28.2638607025,16.0430698395,44.5768737793,0.00586050082347
1710,129.138565063,129.22555542,24.0993595123,47.9816246033,0.00306092879327
1740,26.1455135345,164.301254272,22.7244491577,62.8471488953,17.4273505807
1740,483.602172852,181.518737793,19.7500782013,51.0842285156,13.0064547062
1740,8.1570558548,173.540893555,14.7059545517,48.87758255,2.47074272484
1740,493.892242432,179.080276489,21.4361114502,57.0726776123,2.10349373519
1740,40.0335540771,182.104537964,17.3094768524,48.3475227356,0.732070766389
1740,281.539428711,341.173034668,28.5384731293,76.6139678955,0.729640480131
1740,16.0343761444,171.362426758,17.4104919434,52.0976409912,0.622874638066
1740,263.652069092,287.85055542,22.9288883209,50.6165313721,0.509020639583
1740,526.918457031,179.717880249,18.5581798553,45.1163024902,0.507821654901
1740,282.174957275,157.957626343,21.6347579956,51.4065132141,0.268256268464
1740,6.48733854294,121.211921692,17.493221283,54.3181762695,0.23301683832
1740,120.386711121,136.039886475,19.8771076202,47.9004478455,0.131976616103
1740,598.533935547,153.400039673,22.8557910919,47.2282905579,0.0202082723263
1740,6.90719366074,31.5482711792,25.4424724579,62.8045921326,0.00105349672594
1770,499.105102539,190.264816284,19.1564826965,49.2092437744,8.21683779359
1770,532.768127441,178.589050293,20.3022861481,62.6911125183,4.21698354185
1770,550.358398438,175.299682617,19.2086429596,58.7026062012,3.31168361008
1770,242.853759766,291.199432373,21.1588821411,48.2013969421,0.876797083765
1770,281.790679932,255.000900269,30.7485675812,63.2636528015,0.567713519558
1770,613.822692871,152.25239563,18.962594986,60.8464698792,0.560890417546
1770,92.6454696655,123.248512268,19.7841835022,56.0033683777,0.492334272712
1770,563.47869873,178.39453125,18.1205501556,52.1464347839,0.469485437497
1770,575.844726562,179.800613403,17.0341053009,46.2548332214,0.204202812165
1770,439.058441162,377.317871094,33.3332557678,65.6928024292,0.0113333269837
1800,587.553588867,160.676757812,21.2147407532,82.5124816895,5.70659451187
1800,471.5987854,176.820739746,30.0674495697,66.3192367554,4.34256643057
1800,602.09967041,137.481338501,25.7900390625,74.8784561157,3.09865698218
1800,573.649719238,170.888259888,24.5669021606,72.5502624512,1.88125688583
1800,39.2467956543,120.505882263,22.3150100708,49.3341407776,0.991053879261
1800,408.422027588,177.863845825,26.6081390381,49.1608428955,0.636526057497
1800,25.564043045,124.841178894,18.2583885193,45.694065094,0.369502929971
1800,434.342254639,309.393280029,22.2999725342,47.2869987488,0.0375185423763
1830,198.623291016,162.021530151,19.998041153,53.7893180847,16.8194815516
1830,29.2417240143,190.859191895,20.1172580719,41.2975730896,14.0074968338
1830,608.133422852,165.697509766,21.0764293671,47.4358406067,0.526845268905
1830,7.9509677887,185.952835083,14.5212621689,46.6439781189,0.397016946226
1830,514.10144043,156.660293579,21.197889328,52.5128746033,0.356471608393
1830,582.721130371,160.314468384,24.9437847137,54.5393714905,0.250065582804
1830,562.731994629,160.716018677,23.3282909393,56.3775939941,0.0726478407159
1830,501.194732666,153.411834717,20.698759079,52.3149147034,0.02727569954
