30,427.188598633,170.176391602,25.2852630615,53.6099739075,93.1404769421
30,609.061096191,59.9767112732,22.416229248,59.8850402832,39.0333563089
30,147.028381348,47.351650238,27.7361698151,74.0503921509,0.637665577233
30,257.694274902,47.8921813965,27.545545578,60.3304138184,0.558161223307
30,200.014892578,40.2801513672,27.7656917572,89.3978042603,0.5285798572
30,539.915283203,44.1469612122,29.3709659576,61.9324989319,4.28214708137e-07
60,465.033447266,157.275100708,27.1850509644,64.8197479248,97.9804396629
60,591.977600098,137.411026001,23.4694442749,68.6975631714,35.9669685364
60,560.07220459,137.374282837,26.1279087067,65.827003479,7.45399445295
60,592.284240723,68.8407516479,21.1818218231,53.9151000977,5.57675361633
60,606.813049316,132.581939697,18.4455928802,58.3466796875,1.65793672204
60,452.208374023,152.617904663,19.6338939667,57.6911468506,1.00998990238
60,531.398620605,158.517089844,21.1537570953,52.5852813721,0.899389293045
60,579.647033691,146.965194702,19.5682907104,60.7071266174,0.833376869559
60,439.673095703,155.094299316,20.596496582,60.9087715149,0.419592252001
60,152.568862915,33.6000328064,25.6040592194,59.9890022278,0.399086205289
60,246.216445923,39.4025611877,31.7361373901,73.7488937378,0.0807024422102
60,104.174293518,180.152359009,15.7330770493,41.7671318054,0.037645350676
60,131.109390259,132.480361938,19.8935565948,52.4496040344,0.0332295894623
60,113.07660675,115.849182129,26.3740825653,73.7652587891,0.0172628264409
90,351.751831055,153.963378906,33.9776649475,83.6244735718,98.3565092087
90,526.36151123,134.862319946,24.8201808929,68.1689071655,70.948278904
90,34.2895812988,119.355262756,27.8112049103,70.8426818848,41.5268182755
90,496.658233643,151.067733765,26.1135635376,55.4998054504,27.5433510542
90,523.091064453,43.604309082,22.1403369904,57.6851654053,8.36810767651
90,463.62020874,131.269241333,26.6164264679,64.3113021851,4.31564971805
90,77.0909729004,119.164756775,23.2213134766,62.1691398621,2.63642724603
90,122.576042175,35.4125213623,25.0454502106,59.8950386047,2.18694265932
90,239.783370972,135.596542358,29.4317855835,77.8357620239,2.07481980324
90,49.5056152344,115.004173279,23.0379619598,60.3962898254,1.36316372082
90,63.4252319336,117.266990662,19.6229534149,54.7260627747,1.34211182594
90,297.009155273,147.504470825,19.3502388,50.2637786865,1.06634320691
90,513.659851074,145.541137695,23.9183216095,56.5139160156,0.712756020948
90,541.054626465,138.241928101,19.3578224182,54.549747467,0.672016572207
90,300.01184082,169.147994995,25.9629039764,58.3010063171,0.176654790994
90,342.818267822,178.559066772,21.8101119995,56.7486419678,0.164854107425
90,21.4395084381,99.2923812866,30.5355014801,71.445854187,0.0961009587627
90,428.007476807,171.33782959,21.6446456909,48.8004493713,0.0817426771391
90,95.9135818481,28.1283874512,46.5780220032,126.277000427,0.0626559194643
90,550.45098877,133.162200928,25.4916820526,54.8318061829,0.0487413461087
90,415.650024414,178.679748535,22.3189373016,44.5927429199,0.0418900948716
120,14.5474853516,148.902389526,27.262796402,66.7207794189,16.9635355473
120,54.3549308777,160.393692017,33.7956199646,68.9717941284,2.46696714312
150,433.561248779,124.855682373,75.4089279175,178.526672363,93.3242678642
150,543.060668945,140.422424316,31.9224529266,74.7802810669,7.68725425005
150,392.252532959,194.451156616,40.3665809631,86.8075485229,2.64356229454
150,409.915893555,213.558456421,45.2947120667,92.570274353,0.144314288627
150,356.129760742,97.4909439087,40.9309196472,95.063621521,0.0402343284804
180,523.318969727,159.259963989,18.9746932983,63.9812812805,9.58400815725
180,96.4267654419,87.8188858032,21.54778862,58.086101532,5.06523884833
180,542.359436035,171.876846313,20.1607379913,62.4584465027,4.18433435261
180,561.869934082,169.451049805,23.6689510345,71.8003005981,0.844210200012
180,616.076477051,184.330032349,18.0123939514,55.335018158,0.775140849873
180,111.339019775,91.7710189819,22.407585144,57.9275360107,0.42329034768
180,240.583847046,152.76789856,26.4284667969,63.9184112549,0.0791727623437
210,468.341674805,192.335494995,19.9893188477,51.5938835144,2.26496756077
210,38.6177635193,186.714111328,17.5049476624,46.4408683777,2.21542548388
210,418.230682373,197.168014526,17.2784576416,40.8243980408,1.99704971164
210,456.724761963,189.621902466,18.8239402771,52.2058601379,1.36280125007
210,443.486968994,193.102172852,16.3017654419,41.6175880432,0.605268636718
210,430.94430542,195.684814453,15.8438482285,37.8431892395,0.52075185813
210,446.88168335,143.438980103,19.1002349854,61.5632286072,0.129687704612
240,487.392242432,164.400741577,23.3436050415,68.2453842163,8.16658809781
240,449.701263428,34.7172775269,18.6038913727,48.7968101501,2.50599645078
240,608.006408691,124.865821838,26.5424957275,78.114982605,1.56926810741
240,520.154724121,187.407424927,20.55509758,65.1912994385,1.19127212092
240,467.29989624,75.3106460571,23.5036373138,50.8638648987,0.891430675983
240,474.199554443,182.20173645,18.2930774689,49.7201843262,0.385172548704
240,99.2913208008,196.761367798,18.3744983673,43.2584495544,0.130402762443
240,512.048278809,177.259872437,19.7523422241,53.8328399658,0.110866106115
240,88.1732711792,189.073074341,20.4207515717,49.1783943176,0.0402910605771
240,477.790161133,85.3839492798,27.2568454742,70.638458252,0.0335276388796
240,468.473876953,129.518493652,26.9232177734,69.4189529419,0.0231808386161
240,196.975158691,142.211242676,20.3467922211,61.0617637634,0.0133310764795
270,560.17956543,113.793693542,43.0078277588,139.971740723,59.4907820225
270,511.607879639,150.163284302,23.1352405548,72.4078445435,30.5151879787
270,429.528961182,183.185531616,18.8062458038,49.1518211365,24.0996152163
270,487.617462158,186.541748047,21.4966201782,47.9538230896,21.6320797801
270,608.310668945,212.643920898,23.4525585175,54.6991920471,7.081284374
270,476.157318115,187.623184204,20.1649036407,47.0457458496,3.97157110274
270,506.925689697,176.81477356,16.9817752838,53.6250343323,2.42354553193
270,405.443572998,150.061401367,18.7080249786,55.1105918884,1.66068039834
270,437.891815186,159.374084473,21.863992691,67.097442627,1.18467351422
270,598.379333496,172.690002441,27.631439209,81.034072876,0.78739663586
270,86.4680557251,178.344619751,19.9372673035,45.1431083679,0.473506655544
270,583.136779785,164.88609314,27.9496154785,86.5003356934,0.356388348155
270,417.750823975,164.048355103,23.6365032196,61.2733039856,0.0608845613897
270,501.995239258,130.305740356,26.411277771,60.9622001648,0.0371228117729
270,521.019958496,131.805801392,20.3177890778,59.6977348328,0.0234226798057
270,8.33751583099,29.0819549561,18.0254249573,55.5104866028,0.00871989977895
300,571.643310547,179.617141724,20.4950580597,51.3727455139,88.8831198215
300,456.042724609,181.691818237,19.772649765,48.8557319641,68.7300622463
300,547.780212402,180.871948242,20.2269878387,56.444606781,52.6184737682
300,9.21477603912,190.690567017,20.2392654419,51.8803672791,8.15144628286
300,533.659301758,179.227478027,20.9079589844,57.3350944519,5.30637800694
300,29.5133419037,190.048446655,23.3055400848,52.1924743652,0.747170392424
300,235.011047363,179.211135864,20.1985054016,46.8103485107,0.610840599984
300,444.299102783,177.608047485,16.0866184235,40.9482154846,0.393441133201
300,532.284484863,116.910484314,21.879699707,66.7657165527,0.227117305622
300,484.474090576,173.393569946,15.0988807678,49.1654052734,0.157661922276
300,557.298706055,110.597846985,22.3388671875,61.0934257507,0.0937861273997
300,473.174468994,176.739181519,13.7670564651,46.7455291748,0.0808102136943
300,30.144323349,124.808143616,20.4935054779,67.6445999146,0.0663404352963
330,497.028717041,175.715866089,19.9796905518,56.3787879944,15.4834732413
330,609.902770996,105.104797363,18.9302482605,61.7158927917,6.26699924469
330,484.959014893,179.03868103,19.6843891144,51.2765655518,4.96122948825
330,473.081329346,179.37487793,20.1202411652,48.2753143311,1.99877601117
330,319.014892578,250.697647095,29.6569194794,48.6205635071,0.293943122961
360,531.47869873,174.324752808,19.0961933136,50.3127784729,74.9052524567
360,544.338989258,169.015457153,18.7130012512,52.7852325439,62.2623562813
360,608.864562988,84.6556167603,22.4627227783,63.3404846191,19.3252146244
360,109.782470703,179.446365356,25.8633422852,66.997718811,7.37399086356
360,514.355529785,174.273239136,16.771654129,48.1759643555,3.44787091017
360,392.910766602,324.251037598,21.0950222015,45.8455924988,2.0825188607
360,615.262390137,176.044021606,18.1006736755,48.0485992432,2.06230096519
360,21.7742557526,196.800064087,20.0951442719,47.6783943176,0.260114809498
360,408.957061768,167.117080688,21.2222957611,53.816860199,0.226431176998
390,6.97912025452,197.364273071,20.1134376526,54.71875,88.7340128422
390,94.0739974976,167.161132812,23.9253387451,63.8654022217,71.3946998119
390,33.4362220764,191.24571228,29.2901000977,53.2132835388,61.0644221306
390,618.240478516,156.880462646,17.90583992,49.1486663818,19.0846458077
390,58.4739875793,176.931945801,23.3720989227,62.7514152527,12.9966676235
390,78.1753540039,177.020431519,21.6295833588,56.8951721191,10.3446491063
390,523.443237305,70.9521255493,26.6329364777,56.6261558533,1.54515756294
390,175.334487915,153.645401001,21.7101306915,54.1320800781,0.736670801416
420,53.2169685364,179.357376099,21.1860313416,61.1203041077,67.7853882313
420,20.5030136108,173.300354004,27.4731655121,77.1062393188,64.7426664829
420,62.737197876,156.936141968,33.0225601196,85.2231826782,56.2347948551
420,445.975952148,153.509277344,21.4616317749,54.7145652771,19.9920162559
420,90.120765686,185.876480103,16.6946964264,51.1785850525,19.1176891327
420,459.890167236,153.555206299,18.6733131409,54.9905357361,5.7888764888
420,599.583435059,49.9941711426,30.5022354126,66.5129013062,3.56790721416
420,616.600402832,73.1075286865,17.1321620941,46.9182243347,1.75874847919
420,479.571990967,162.356460571,17.8175907135,51.2073860168,0.845860503614
420,70.3218002319,118.489265442,21.5880756378,55.7797203064,0.174282537773
420,496.905914307,74.2058792114,19.9474754333,57.4869842529,0.0134092479129
450,591.993408203,166.577316284,22.2589740753,60.5992279053,95.3638136387
450,13.9228982925,196.041213989,24.4750080109,53.9590034485,71.7350780964
450,473.162445068,157.850006104,23.2863178253,63.7856292725,22.8325247765
450,615.920227051,163.028427124,16.6352825165,54.0935630798,16.726590693
450,36.9742012024,198.130432129,21.3235454559,46.9641876221,9.41656753421
450,442.327484131,139.038330078,22.8468780518,70.9110412598,7.61955156922
450,486.02444458,155.178237915,23.3061084747,65.0924453735,5.5079549551
450,578.741149902,40.4706878662,20.5148086548,53.9207458496,2.77585852891
450,450.344451904,91.9894638062,42.7481079102,129.681869507,2.18459088355
450,501.103271484,160.609222412,22.1105651855,59.5681343079,1.38349058107
450,457.614349365,148.478485107,17.947347641,63.4036712646,0.401093997061
450,440.376617432,55.9803581238,29.6434230804,98.8912734985,0.28421387542
450,7.29711294174,146.641647339,16.6137695312,69.1115264893,0.0997658120468
450,7.17894029617,56.2579307556,17.1077632904,54.9440498352,0.0556600396521
450,477.419281006,42.0019416809,24.16746521,85.2842941284,0.000868500410434
480,466.578643799,169.789932251,18.431137085,52.6283454895,85.2277338505
480,522.877258301,193.267532349,23.9882583618,44.3061714172,58.1801176071
480,8.23100185394,197.859924316,22.2946567535,49.9792976379,30.3259283304
480,38.5678367615,189.461990356,20.8349914551,49.4502410889,16.5253266692
480,68.5893173218,135.84777832,19.2107830048,51.9723854065,12.3347707093
480,445.966400146,164.741043091,18.9481678009,60.0520896912,6.40555173159
480,61.2232246399,168.581985474,19.443687439,67.8111953735,2.11926400661
480,74.1884155273,155.226547241,25.8274536133,76.7647247314,1.68792679906
480,541.590698242,182.184524536,16.8724536896,50.432559967,0.469632772729
480,468.626739502,32.8996887207,60.5364379883,212.520217896,0.325082847849
480,487.504272461,150.669204712,24.3933639526,67.2104415894,0.273594656028
480,511.612884521,176.611831665,24.1768875122,50.8420295715,0.204772059806
480,517.799499512,120.861244202,32.9183921814,99.7472000122,0.0869603944011
480,532.164367676,106.585357666,30.0237674713,83.4632339478,0.0626391731203
480,490.833343506,38.4325561523,33.0321578979,113.930458069,0.00030151561532
510,509.370330811,165.23500061,23.8963165283,64.6070556641,91.4246201515
510,500.10949707,168.390625,18.6073246002,56.9826660156,4.92566861212
510,183.759719849,154.328536987,20.9241638184,45.7895240784,3.61043401062
510,498.710845947,118.849052429,27.2437820435,82.247177124,1.08988778666
510,548.783081055,61.2224845886,70.886390686,174.594161987,0.445266766474
510,486.944854736,80.1193618774,26.2981090546,84.3132400513,0.0326397654135
510,446.380004883,37.861618042,36.4572715759,88.2392044067,0.00592492397118
540,550.403259277,154.064453125,30.2618770599,88.3127059937,92.8285300732
540,537.097961426,164.595855713,24.8157558441,75.0804595947,42.4735665321
540,179.430374146,154.843765259,16.2073192596,49.6601371765,11.6312399507
540,615.688720703,162.783432007,18.2618656158,60.7839660645,5.11434860528
540,531.675354004,47.1126823425,29.7899837494,91.3866195679,3.1169116497
540,27.0856685638,54.5068473816,33.1939125061,84.5993652344,0.70049376227
540,163.779678345,148.410415649,24.227684021,55.9840736389,0.453672371805
540,427.751922607,134.224304199,26.0173339844,71.4384613037,0.452715856954
540,569.240722656,154.487747192,35.0706214905,77.2537765503,0.336890760809
540,523.08026123,155.701477051,18.2407264709,63.2223777771,0.310524273664
540,502.966400146,36.8464813232,28.5870456696,83.4239196777,0.173466547858
540,520.231567383,49.7622489929,21.1987323761,73.6245880127,0.0859397638123
540,608.991638184,36.8277130127,24.5288982391,87.4111862183,0.0277551502222
540,554.463439941,138.040039062,21.368844986,56.8042640686,0.0153190703713
540,356.964477539,155.797683716,24.6401824951,54.8936004639,0.0119130825624
570,533.166503906,151.586608887,31.7216091156,90.5520095825,96.0427284241
570,512.712280273,161.033355713,28.0646266937,85.8678588867,67.1339392662
570,471.241333008,144.762466431,19.6665019989,60.2520866394,14.4718155265
570,503.28137207,157.278869629,23.1408557892,59.0056152344,3.92789170146
570,589.751831055,42.2421913147,20.8141918182,61.5818824768,2.73075383157
570,481.511108398,142.495025635,25.2185115814,68.8223190308,2.4255676195
570,563.062927246,145.017654419,30.498456955,79.9385147095,0.598559342325
570,578.766967773,171.061904907,20.7119998932,51.0220184326,0.484215700999
570,220.053894043,333.238128662,31.1285495758,72.3647613525,0.346824666485
570,458.076507568,146.338546753,20.9933013916,59.2029685974,0.323077826761
570,561.245910645,188.06703186,22.9087924957,55.7869377136,0.218006712385
570,609.46697998,118.533180237,21.5252151489,63.8968658447,0.10129584698
570,594.004760742,53.2265434265,27.7564029694,90.0149765015,0.0881173589732
570,378.764312744,157.708480835,19.6140880585,48.4921913147,0.0235996994888
570,534.366455078,24.6845226288,25.2057476044,61.064163208,0.000113846863314
600,488.239990234,143.961547852,44.0417060852,120.048866272,89.7677183151
600,459.313598633,145.619064331,36.68567276,117.140220642,89.0970289707
600,479.154907227,147.683898926,20.8543338776,73.9695663452,7.22793266177
600,616.617736816,184.244094849,16.6849822998,46.6257781982,2.07048673183
600,475.767852783,196.928726196,24.7620182037,67.9005584717,1.05506591499
600,491.680999756,217.408035278,21.3693218231,54.7112731934,0.516816368327
600,505.537078857,152.523025513,22.2708530426,65.5277175903,0.384924071841
600,516.067321777,132.060562134,22.706281662,62.3946533203,0.132773618679
630,406.037322998,144.036376953,33.7104606628,84.2216262817,38.7939482927
630,614.899719238,186.548873901,18.6830806732,50.489238739,8.23782011867
630,491.92980957,156.967605591,21.308511734,55.3907279968,1.80709455162
630,516.777893066,120.617980957,23.0801315308,68.4126205444,1.09779434279
630,370.235473633,133.959213257,35.8963546753,76.0561218262,1.09590580687
630,455.299346924,161.840805054,17.7249698639,47.0682487488,0.26582989376
630,429.974212646,148.254180908,20.3013362885,56.7756080627,0.20913858898
660,167.114608765,169.656814575,17.618932724,48.7590751648,14.469909668
660,495.398803711,157.994796753,19.4907169342,55.9106712341,13.1221875548
660,373.583282471,136.650100708,25.4509220123,69.9782485962,0.689019775018
660,509.209686279,158.575302124,19.4293079376,57.7137870789,0.256014498882
660,478.782196045,157.057327271,19.448425293,55.637752533,0.234628003091
690,141.877670288,148.175216675,66.5357437134,149.643127441,98.5568940639
690,498.318817139,160.453796387,17.8846149445,55.9653434753,5.00526204705
690,142.064285278,202.521606445,32.3978233337,83.988899231,0.364133901894
690,374.723144531,140.747879028,24.203458786,66.5222320557,0.238672061823
690,177.451889038,159.408203125,41.033493042,87.1502990723,0.165109045338
720,29.5698299408,158.030471802,58.985118866,139.026382446,99.7354090214
720,71.3301315308,170.7318573,19.6516971588,61.2009773254,1.78380906582
720,379.14743042,123.928718567,26.3836288452,88.0616073608,1.01806288585
720,499.139312744,162.037902832,18.9023246765,57.0756835938,0.985827948898
720,449.145050049,91.4000930786,28.9590473175,81.2552032471,0.491374824196
720,178.147705078,171.889282227,34.589099884,69.9672241211,0.287440116517
750,181.87953186,185.009719849,30.276763916,63.6673698425,2.91648041457
750,498.907226562,167.177963257,17.5913944244,56.7860908508,1.5115336515
780,488.074493408,166.271682739,23.0645904541,56.9307441711,0.726719526574
780,381.554321289,139.583389282,24.6536922455,73.4548034668,0.146199204028
810,148.255950928,167.689346313,20.7908039093,60.5858764648,73.9974021912
810,492.87991333,171.729446411,19.7138118744,53.5089874268,10.7943423092
810,504.168792725,167.480377197,17.27409935,59.1297874451,0.734080374241
810,6.06895971298,197.017776489,18.292673111,58.9618797302,0.612391298637
810,375.221191406,148.631622314,26.6399478912,67.5437545776,0.325901596807
810,591.592346191,34.2020149231,35.8607368469,66.4594802856,7.13951280318e-06
840,428.607543945,188.758682251,25.6001987457,65.1232528687,6.09393045306
840,183.23210144,190.228591919,26.6651077271,61.983215332,1.17997052148
840,497.715332031,168.322067261,19.2858848572,56.4585266113,0.878287479281
840,444.050292969,191.666625977,20.9461040497,50.9728088379,0.271070702001
840,444.281097412,97.4744033813,32.3334083557,87.2042236328,0.221110973507
840,475.880218506,144.393234253,24.5542163849,75.722984314,0.046554414439
840,378.61239624,140.870040894,28.3035736084,74.8478317261,0.0378074066248
840,458.18371582,82.4904098511,22.5039596558,66.9265060425,0.0239591448917
870,442.466827393,186.193603516,19.0831012726,55.3095397949,24.777340889
870,493.492645264,167.77381897,20.4204654694,55.9863891602,3.83459292352
870,454.254852295,181.003921509,17.7537231445,52.4346122742,0.0452796957688
870,380.039825439,140.283157349,28.5809803009,78.5226898193,0.0182927207788
900,440.350921631,183.750686646,24.6722927094,57.0653076172,35.6364041567
900,425.326293945,130.222488403,22.000711441,71.6125717163,0.0596926547587
930,441.907714844,182.727539062,20.5377883911,57.6841392517,4.51013445854
930,168.675186157,183.823806763,31.9525222778,66.5444030762,1.03615736589
930,455.560302734,179.778640747,16.9874153137,52.0194396973,0.128445553128
930,460.116363525,82.1861953735,23.966796875,70.8385696411,0.00675100454828
960,113.007804871,161.806274414,83.9984664917,134.201751709,97.9607284069
960,132.301101685,170.96421814,33.2212028503,97.461151123,17.4933075905
960,498.071624756,169.916992188,17.6584796906,54.3306846619,1.66124235839
960,375.439056396,143.835540771,26.9150333405,72.3241500854,0.166664493736
960,164.67817688,188.835861206,29.6387405396,114.449165344,0.159667897969
960,107.652900696,234.057540894,26.2359981537,58.7279243469,0.068770465441
960,153.827606201,166.648513794,27.0038776398,83.7155151367,0.0673648901284
990,414.028167725,155.244033813,47.3451194763,122.974967957,81.3030421734
990,421.305450439,159.102310181,22.7486209869,71.8759994507,0.307343248278
990,392.722076416,161.4871521,40.2307548523,94.2680892944,0.192840537056
990,450.575958252,180.410217285,19.1585121155,50.95753479,0.0855308549944
1020,534.270080566,174.5025177,46.0080986023,105.884300232,99.3800461292
1020,521.560913086,173.158935547,18.5629062653,59.8738670349,2.34946496785
1020,180.805114746,191.865524292,29.2683734894,57.1416473389,0.136504415423
1050,619.954650879,172.138565063,19.3241901398,61.685333252,38.7876063585
1050,494.40234375,169.78968811,19.9796962738,55.3926963806,5.58344908059
1050,431.539672852,164.175842285,20.2657375336,53.1764831543,0.135897332802
1050,420.937866211,181.43170166,21.3580570221,55.875087738,0.0745084020309
1080,452.106964111,98.7297363281,26.2682342529,78.8781814575,0.857725832611
1080,498.822723389,168.041381836,18.2516918182,57.1954231262,0.702973082662
1080,458.557373047,172.190551758,16.8155899048,50.1920890808,0.208329036832
1080,148.188644409,156.286590576,19.4449043274,40.5583267212,0.139384937938
1080,378.796264648,137.808029175,28.6307525635,77.1005249023,0.117735913955
1110,460.239746094,155.496566772,22.0528717041,64.8310928345,0.428642611951
1110,142.044876099,156.745193481,19.8059482574,43.9914360046,0.288844364695
1110,454.161376953,180.628982544,17.5145778656,44.0965766907,0.11155201355
1110,578.578063965,28.1164169312,44.5502738953,69.7544708252,9.10332087489e-09
1140,466.974884033,172.942398071,17.0838718414,46.0873756409,3.91171500087
1140,472.792388916,156.740646362,26.4718151093,65.4427871704,0.312250852585
1140,453.82421875,175.374404907,17.3280544281,46.851398468,0.26967509184
1140,586.580749512,29.7958698273,41.9039306641,69.8904953003,1.17431966928e-08
1170,468.260223389,169.879348755,18.9630279541,50.6899871826,8.0401584506
1170,141.34513855,168.42628479,18.5178146362,61.1148643494,7.56015479565
1170,498.759033203,168.665328979,18.6212024689,55.5361976624,0.382090359926
1170,483.665863037,168.319976807,18.5567264557,53.0230445862,0.348428497091
1170,146.803314209,159.88243103,21.5406665802,39.4735908508,0.125330185983
1170,379.546386719,144.976303101,28.9435749054,75.2380599976,0.038784663775
1200,470.792236328,168.769897461,22.0920543671,54.2347106934,0.338433496654
1200,486.019439697,167.801391602,23.9392604828,56.3250770569,0.32504638657
1230,614.511779785,166.849090576,21.9453449249,80.56300354,72.5145280361
1230,474.962524414,159.137969971,23.402009964,64.8843002319,0.403155852109
1260,596.507751465,166.694274902,23.3807678223,76.4150390625,98.9617586136
1260,615.737792969,195.608688354,17.8159008026,50.6890602112,3.12087256461
1260,485.783813477,162.853042603,23.0936031342,60.2185554504,0.650462228805
1260,611.600585938,309.728424072,20.5415611267,60.0777587891,0.108695658855
1260,378.953369141,137.785476685,28.5355129242,81.9069213867,0.0770818907768
1290,578.086364746,170.597732544,28.497133255,65.907333374,99.3732869625
1290,615.84954834,190.694091797,17.7086620331,55.011505127,4.58568260074
1290,498.494018555,166.837203979,18.1010055542,57.7924346924,0.881569925696
1290,597.337280273,172.589645386,26.9485015869,68.4121704102,0.227748928592
1320,569.425720215,172.296829224,24.8113117218,66.290145874,99.4011342525
1320,601.424865723,172.99357605,26.1429615021,64.9715576172,48.8421529531
1320,498.319580078,165.732589722,17.8349151611,55.0790061951,0.544302212074
1350,556.427612305,170.346176147,22.8987731934,65.9649734497,99.5056450367
1350,590.426940918,170.594299316,26.3977985382,66.4873428345,98.5269367695
1350,613.911254883,182.942337036,20.6221599579,58.7901878357,1.90118830651
1350,572.223022461,173.338943481,17.9128608704,56.845123291,1.3493581675
1350,489.373748779,167.96496582,19.6693267822,56.4012336731,0.813722517341
1350,503.904418945,168.711807251,18.2297954559,56.9656257629,0.415290286765
1350,384.179718018,146.42401123,24.0304279327,58.3340759277,0.113503471948
1350,591.307922363,39.700252533,32.419757843,66.0361404419,5.04777261656e-09
1380,549.496154785,175.226272583,23.8767471313,64.0687408447,99.7837781906
1380,575.502380371,176.255325317,26.3992900848,61.7486763,98.9815413952
1380,494.550872803,172.044754028,17.7687759399,53.7187538147,15.0164723396
1380,597.581848145,175.753128052,24.2627716064,63.1123809814,0.107241736259
1380,378.586151123,137.951370239,29.3542919159,81.9653625488,0.0602329731919
1410,544.821044922,170.478851318,22.5086231232,63.7707710266,99.8367488384
1410,566.658630371,172.430038452,23.2403411865,63.0911369324,97.7362275124
1410,496.498626709,174.359298706,18.5840854645,49.7878608704,78.8252294064
1410,523.301818848,170.608917236,17.4162750244,60.7837562561,5.10835647583
1410,509.580932617,170.23449707,19.3078041077,60.0114021301,3.17528992891
1410,480.912689209,161.896713257,18.8213787079,64.2358322144,0.320296152495
1410,606.904541016,295.815765381,22.1657867432,68.5631408691,0.0847670715302
1440,534.966003418,175.700561523,21.1995067596,59.4664268494,99.8736619949
1440,559.147827148,174.655532837,21.1549434662,57.3549346924,98.6993193626
1440,498.978485107,171.875732422,16.6224040985,54.8572387695,42.7249729633
1440,134.140991211,170.992675781,21.4101657867,61.1566467285,37.7232164145
1440,520.607299805,177.742965698,15.7215652466,51.3460693359,8.98933634162
1440,627.810668945,214.930984497,12.1893310547,56.9982185364,4.17016893625
1440,175.020309448,192.136428833,21.8907794952,59.3482398987,0.213049305603
1470,530.601745605,175.887573242,18.482301712,55.2147827148,96.7184066772
1470,504.155639648,172.510879517,18.30950737,50.2913017273,85.2552652359
1470,538.545959473,174.325271606,28.3266963959,64.2822189331,34.7309559584
1470,118.856208801,174.666305542,20.9817466736,60.8682518005,25.5962401628
1470,136.920211792,172.090042114,22.8483047485,58.957775116,1.72020476311
1470,597.31842041,179.836074829,33.874622345,92.5030136108,0.890609901398
1470,515.819458008,174.336898804,17.2264194489,53.7043914795,0.880543515086
1470,484.936187744,161.629379272,18.7240047455,60.9753303528,0.539292907342
1470,447.96887207,96.6175765991,29.7614879608,80.7685928345,0.352417794056
1470,503.988861084,82.182472229,19.3979148865,61.1441307068,0.00134413139676
1500,405.578735352,187.455245972,20.3499584198,52.7081871033,7.03135430813
1500,4.54385375977,185.507461548,20.6853027344,58.5869789124,0.297710276209
1500,446.381713867,94.9081039429,27.6195373535,83.4254150391,0.269958446734
1530,141.995437622,170.727035522,21.5896472931,50.4132995605,8.40914994478
1530,15.3362016678,195.612075806,21.4838161469,65.8522415161,6.80573880672
1530,456.878173828,184.531326294,30.9236240387,60.5260009766,5.10489158332
1530,474.006835938,190.536865234,26.3863677979,62.464630127,0.280363787897
1530,406.909576416,181.070541382,24.3291854858,57.5778541565,0.265704561025
1530,617.764404297,70.3260879517,17.2981796265,50.5313873291,0.144112948328
1530,421.471893311,185.418045044,17.9171466827,49.9826850891,0.106951757334
1530,470.780303955,107.610412598,30.4245967865,82.7341461182,0.0139533047331
1560,219.164932251,197.044067383,20.1810359955,47.1508636475,5.06573356688
1560,465.921508789,186.925949097,27.1118030548,66.3719558716,2.40222197026
1560,504.529907227,95.3132553101,20.8402690887,66.6136169434,0.353777827695
1560,445.697021484,184.321655273,16.7875766754,51.412311554,0.164346501697
1590,487.228668213,173.152664185,38.8035736084,91.5123291016,32.3761701584
1590,603.693786621,50.1701164246,30.3114681244,65.1958236694,11.654189229
1590,597.616271973,172.533401489,31.2425899506,107.314094543,8.4296412766
1590,458.533843994,186.760665894,18.6067314148,54.5300483704,7.97689855099
1590,579.356994629,171.076828003,20.4465847015,46.0606422424,5.88094703853
1590,614.007873535,169.981445312,20.1625614166,57.6637268066,1.47001007572
1590,477.618286133,186.761001587,25.4258346558,67.4455184937,1.06943584979
1590,588.888000488,171.661575317,27.2947750092,58.8399238586,0.832596514374
1590,446.422210693,181.843399048,21.0696659088,56.174571991,0.724911130965
1590,563.382507324,38.689617157,33.145488739,123.852989197,0.256805238314
1590,600.130065918,155.923461914,24.4290084839,54.5847473145,0.0929865520447
1590,542.594299316,70.7551116943,28.7062206268,73.3218460083,0.0473759690067
1620,518.452697754,170.239898682,39.0771980286,102.691139221,12.3411782086
1620,220.152267456,192.503829956,19.0636138916,48.235168457,0.9521975182
1620,579.793945312,77.8061904907,36.6231651306,108.167633057,0.0227283468121
1650,531.1640625,153.11390686,37.7507667542,133.079315186,13.9359503984
1650,541.423095703,156.565078735,23.6652355194,57.6451759338,1.11347734928
1650,10.9497652054,209.524368286,22.810552597,56.3121299744,0.754086533561
1650,597.592895508,44.5283660889,24.855682373,90.8115539551,0.239201495424
1650,152.289230347,160.149246216,17.2664356232,54.9043388367,0.121067988221
1650,96.1700820923,168.099594116,18.5853633881,49.9265899658,0.0669829372782
1650,584.54095459,103.442749023,22.0526428223,63.5858726501,0.0494393520057
1680,148.538085938,173.628982544,16.8863601685,41.6489448547,15.9565985203
1680,551.009277344,165.337310791,48.1694030762,120.393127441,13.0204766989
1680,408.67098999,182.561782837,27.4952392578,89.2223739624,1.04528693482
1680,585.029296875,180.751937866,26.4610919952,56.6916465759,0.997390132397
1680,608.075744629,48.248916626,26.3444061279,73.7898788452,0.18752963515
1710,151.352355957,179.608230591,17.9523639679,44.4857292175,3.5335291177
1710,590.513000488,175.938964844,42.9900169373,114.226905823,1.08090275899
1710,419.025756836,194.344360352,25.9555225372,79.6834640503,0.703467754647
1740,144.966217041,187.310058594,19.4045810699,46.603225708,10.8540318906
1740,79.419090271,137.08454895,26.7319812775,65.0547714233,0.731583405286
1740,526.032409668,92.5849304199,66.4295883179,185.970275879,0.464256992564
1740,567.801269531,36.0477294922,29.0294818878,64.3454208374,8.69986592988e-05
1770,589.30657959,159.803710938,19.1746807098,60.4569511414,13.1630554795
1770,136.858352661,194.563522339,16.8386287689,39.964641571,10.6287427247
1770,618.364990234,257.890228271,17.2438182831,54.1908149719,4.50083911419
1770,543.747741699,66.6991500854,63.7276916504,195.902481079,4.46972362697
1770,225.005554199,183.240432739,28.9724445343,55.1737060547,1.2384146452
1770,612.089111328,191.121536255,16.9808769226,49.1610717773,0.95446947962
1770,35.2061576843,42.9399223328,20.6054172516,51.1578521729,0.449550896883
1770,73.4395217896,169.662155151,26.4593067169,62.8834877014,0.416769785807
1770,89.1825485229,185.175674438,17.4206295013,49.7523155212,0.317981187254
1770,566.074645996,35.6707115173,36.2788658142,99.5031433105,0.000571521195525
1800,126.978424072,196.69303894,16.2849273682,42.1647834778,11.8218243122
1800,44.6636657715,136.460388184,25.3522281647,62.4083251953,0.601684069261
1800,78.1923294067,188.320083618,18.2997722626,48.74609375,0.378068117425
1800,108.052589417,186.530410767,15.7721166611,51.9387779236,0.134964240715
1800,226.410766602,165.499633789,25.0578556061,60.5051383972,0.0514835992362
1800,414.367156982,186.528747559,19.2204113007,56.4234352112,0.0238851571339
1800,360.107666016,148.468139648,33.9819297791,93.4030456543,0.0217925276957
1830,104.209022522,198.779907227,17.6078186035,42.543422699,56.3517093658
1830,82.9395217896,197.951171875,16.4621982574,45.1141853333,8.03939178586
1830,69.3340454102,195.998962402,17.3646583557,46.2658233643,3.67605835199
1830,451.772674561,172.475479126,19.6000423431,49.9918212891,2.32227575034
1830,369.236206055,170.19480896,28.9712734222,69.9864120483,1.97565127164
1830,436.389526367,173.92741394,20.0576152802,55.8401374817,0.771615840495
1830,582.51373291,191.304580688,29.8432979584,78.6399688721,0.587633438408
1830,474.171875,109.726409912,24.2973957062,76.7425994873,0.0828025804367
