30,429.612030029,187.554748535,30.7327365875,72.9211044312,63.4854316711
30,386.643920898,190.563232422,19.0652713776,54.0277290344,45.791336894
30,584.077636719,134.477218628,55.9223632812,276.373962402,33.4206044674
30,420.652832031,199.064498901,22.3433609009,58.7497138977,22.7375537157
30,446.191864014,200.250137329,25.9924373627,59.3558235168,16.3168281317
30,461.163726807,215.216308594,18.9302825928,45.3911323547,7.65607953072
30,567.635925293,138.114273071,45.2303276062,126.428138733,7.47232437134
30,397.894012451,200.149765015,17.7059803009,49.5026283264,4.97565306723
30,596.906860352,282.832397461,32.2846794128,100.807792664,2.32794117182
30,73.9924850464,192.775680542,15.6366930008,43.4298095703,1.08197936788
30,166.230575562,195.90687561,20.8377475739,56.7703590393,0.907318014652
30,364.425445557,199.297073364,18.594247818,44.7981414795,0.812955014408
30,8.10738372803,149.104690552,16.4474563599,48.1978187561,0.329488934949
30,601.299682617,105.757164001,20.4895095825,62.9647102356,0.227442244068
30,583.350463867,77.4369277954,19.8681297302,59.4154853821,0.184581743088
30,309.972442627,183.80859375,22.2510128021,58.9998283386,0.0151017899043
60,394.557281494,164.418014526,72.690284729,217.297180176,83.8174521923
60,336.242553711,200.397094727,31.1777324677,72.1527709961,69.8163449764
60,357.677001953,204.039535522,26.3293914795,63.591342926,27.3580908775
60,298.993103027,200.014282227,21.0819282532,53.6933631897,24.857018888
60,434.652709961,145.853683472,33.9079818726,134.581314087,17.0138686895
60,376.934936523,215.843154907,20.1695461273,53.0130348206,14.4151210785
60,403.978790283,261.4921875,30.4588394165,105.312011719,12.8482371569
60,350.8828125,174.296310425,88.192741394,145.791687012,8.77917557955
60,538.613220215,107.065948486,20.0760631561,53.6690483093,8.37894305587
60,311.626251221,208.11756897,18.3265857697,50.9991416931,8.07707980275
60,382.852874756,191.084030151,31.8704986572,84.1430435181,5.35893179476
60,419.665985107,249.535415649,22.4138126373,70.026763916,2.85590905696
60,279.218292236,205.053970337,20.5598335266,49.3738517761,1.33288679644
60,417.88192749,292.583007812,30.4864673615,78.7757034302,1.13242864609
60,431.751831055,223.549926758,29.2635669708,82.6763687134,0.101953838021
60,97.5308837891,195.899459839,21.9509906769,56.006816864,0.0102056023024
90,594.933227539,198.451278687,32.4108543396,78.577911377,98.4508097172
90,125.661170959,171.119949341,55.3912963867,172.558654785,88.3073091507
90,154.970748901,171.985549927,40.6465187073,119.782066345,29.8172175884
90,176.839614868,201.916213989,26.5801334381,76.4457397461,26.433262229
90,123.295082092,196.338546753,29.9416713715,89.2847595215,21.7745050788
90,192.949768066,233.394638062,28.1935176849,51.033290863,18.0419027805
90,117.436973572,205.213745117,17.5776386261,53.4644355774,11.1051477492
90,514.106506348,46.6207580566,22.7045135498,56.5003814697,4.91562187672
90,105.817504883,202.56427002,19.4275550842,50.2971229553,4.08612191677
90,373.599609375,102.003135681,21.3868541718,56.7181892395,1.8066149205
90,162.291427612,214.046188354,21.3010787964,66.2757492065,1.68317202479
90,144.046035767,197.787307739,26.5001125336,93.0668334961,0.572335999459
120,247.396011353,182.242675781,99.1429977417,200.012390137,99.6479928493
120,332.82321167,201.110305786,37.0771522522,100.042701721,91.6159510612
120,242.24786377,210.730224609,43.5793952942,110.720802307,56.1893105507
120,15.9032068253,95.8316116333,20.5833511353,53.2266845703,55.901992321
120,301.566253662,200.647750854,35.9794502258,108.755836487,12.4837100506
120,119.121833801,32.646282196,27.3676815033,66.109046936,0.186093884986
120,352.848846436,206.136184692,21.1033916473,56.0010566711,0.0648200104479
150,501.37802124,195.361450195,29.8495635986,84.9988021851,50.5510926247
150,260.172546387,191.565368652,26.1725845337,54.4060783386,1.81430839002
150,511.997680664,184.010238647,30.5919513702,59.2397575378,0.495069567114
180,306.354705811,61.6433296204,27.5583133698,62.2826118469,16.0443142056
180,509.556427002,164.692001343,24.7815227509,55.0080757141,1.90637353808
180,20.1005992889,254.489517212,25.9332752228,62.8110771179,1.51928616688
180,35.4325790405,200.202133179,32.1533050537,104.512657166,0.473721465096
180,452.665649414,164.327346802,28.1236896515,66.9368591309,0.189423304982
210,171.112167358,212.586105347,23.000497818,49.0636253357,46.855571866
210,74.3017349243,59.1056404114,24.8105163574,68.3568191528,4.0601529181
210,55.220035553,71.0439071655,22.2570934296,57.4153862,3.75143066049
210,301.553070068,173.058914185,20.8444347382,53.3243865967,1.26482984051
210,239.897262573,173.574020386,21.891916275,54.9190483093,1.0646966286
210,41.6479301453,203.720504761,24.5990657806,52.9034385681,0.804999284446
210,288.698608398,170.982910156,20.3791027069,48.9227104187,0.712058087811
210,508.13671875,183.596725464,21.2941761017,52.7118377686,0.4834739957
210,592.332275391,130.642868042,30.2246952057,79.040397644,0.0202271534363
210,5.72608995438,147.212081909,18.5171012878,50.7980041504,0.0137852708576
240,566.281982422,186.972457886,23.4300842285,53.0835609436,21.3031545281
240,23.0846767426,183.648880005,22.3299713135,59.4424133301,7.56919234991
240,450.895233154,188.552108765,17.6080303192,48.0398445129,6.91114515066
240,130.202590942,174.768234253,19.3229827881,54.2533149719,2.15054769069
240,211.525756836,165.340133667,20.8015270233,58.7430686951,1.33102573454
240,504.988433838,191.799072266,18.4594326019,55.0698432922,0.881497003138
240,459.529022217,178.470397949,25.2094402313,59.6557502747,0.760628888384
240,474.269561768,193.568984985,19.0801525116,48.8811187744,0.585113232955
240,9.34904670715,184.297592163,16.895658493,51.7997741699,0.247908546589
240,141.495544434,177.197463989,20.2585468292,53.9547119141,0.229774136096
240,542.852478027,184.45854187,23.4447498322,51.5611381531,0.187568296678
240,493.700805664,183.784225464,20.7419719696,54.6251182556,0.107043795288
240,80.0421829224,130.53565979,36.9088134766,96.148765564,0.0751143728849
240,530.954772949,185.189376831,22.2507190704,64.5571899414,0.0613771495409
270,607.414672852,185.672561646,22.1296367645,63.0352172852,43.8642203808
270,499.227142334,185.444351196,19.3094749451,53.7272186279,20.4814001918
270,201.501449585,172.441940308,20.6469669342,54.1333465576,9.92772132158
270,477.485931396,180.83795166,27.9143199921,67.0920562744,8.51526632905
270,462.512298584,178.276733398,24.9804019928,68.3817138672,6.33506178856
270,91.9826278687,170.160964966,21.0455226898,58.5986785889,2.54795514047
270,56.9339904785,184.137771606,19.2537326813,54.6419067383,1.63368303329
270,584.713623047,185.744308472,19.0252437592,57.1096763611,0.998570490628
270,78.3606109619,172.256881714,21.4170627594,55.7741088867,0.242559611797
270,514.710876465,171.248245239,21.2377624512,57.7093544006,0.194438709877
270,527.012023926,58.0493125916,26.1426143646,73.1591720581,0.12488932116
270,22.3024616241,103.907035828,27.6752414703,74.4794158936,0.00284094439849
300,524.527893066,178.18888855,33.8600387573,82.5472946167,24.136082828
300,171.799697876,158.235153198,18.6773452759,62.5713043213,15.1817411184
300,422.93850708,166.475265503,17.9256782532,49.9909210205,4.19362969697
300,548.34954834,177.78503418,28.548116684,80.8980407715,2.73018963635
300,560.165100098,147.691390991,23.1427669525,79.3966369629,1.96570772678
300,57.7215995789,166.195114136,22.947052002,68.7984695435,1.04768015444
300,501.752044678,229.154403687,17.4882907867,42.2415046692,0.337738124654
300,507.299804688,167.026657104,18.8300800323,60.7653388977,0.184067734517
300,540.293823242,165.671035767,23.1238803864,61.9774284363,0.112347910181
300,139.854293823,185.357849121,20.4689254761,48.0399971008,0.0890652823728
330,606.904602051,148.344650269,22.575340271,73.2348403931,42.3672705889
330,610.287536621,254.096298218,21.5832614899,61.8536949158,1.25733902678
330,3.43245434761,155.944442749,24.4614429474,66.5878448486,0.696858158335
330,580.807800293,204.57208252,19.5185890198,48.5140037537,0.383328460157
330,484.253936768,187.999191284,17.8507976532,52.826839447,0.149273592979
330,472.6746521,199.95640564,19.4445037842,48.7420005798,0.148628337774
330,592.667419434,141.043762207,26.4042606354,70.6161270142,0.0300248328131
330,22.6122131348,158.76272583,23.1888141632,71.7255325317,0.0194375446881
360,602.947875977,190.66960144,28.8935546875,94.2172622681,15.5544757843
360,625.894226074,243.753677368,14.1057739258,62.8778038025,0.638694735244
360,545.38873291,85.3714599609,19.9782123566,63.8401603699,0.566028989851
360,553.072814941,157.327850342,20.1958274841,57.2380218506,0.486526964232
360,121.239219666,147.451721191,22.9037094116,75.8583450317,0.299027888104
360,567.50189209,149.560134888,19.6744632721,54.3564491272,0.169261102565
360,613.811828613,30.955739975,26.1881713867,75.9862670898,2.60767905047e-06
390,605.209899902,53.2070198059,17.612405777,60.3082237244,19.962079823
390,7.24059057236,189.688949585,15.6466550827,41.6595535278,14.5884782076
390,605.199035645,188.718826294,20.6577129364,60.2574615479,1.30708580837
390,597.906738281,141.86756897,21.110868454,60.2914085388,1.0431480594
390,547.784790039,128.410202026,28.3131732941,63.0217018127,0.99536171183
390,547.497436523,90.8271255493,21.930765152,51.9166564941,0.368088227697
390,616.70324707,209.730819702,16.1803340912,44.7577018738,0.248089339584
390,37.5396614075,198.896621704,24.439661026,45.3133506775,0.123427447397
420,6.83923101425,206.137695312,21.2911510468,51.7083930969,21.7310845852
420,592.471862793,167.58631897,17.2055835724,50.9433898926,12.3275779188
420,615.747741699,170.012191772,18.603269577,51.8570365906,5.7782702148
420,67.9490585327,162.401245117,25.5642566681,64.0329666138,1.60907115787
420,406.237762451,97.7264175415,23.116645813,54.8229484558,0.197234330699
420,13.8097238541,148.12348938,29.7847156525,79.1440734863,0.038079492515
420,424.395599365,102.100013733,20.767244339,47.0175628662,0.00779572947067
420,516.412780762,28.5433216095,30.2481899261,76.2262420654,0.00121298280646
450,41.9753761292,153.715957642,19.0733394623,54.382106781,10.2085180581
450,617.21697998,169.601257324,16.7977371216,46.3868904114,2.53437682986
450,2.02438426018,171.46711731,12.7326803207,59.7834777832,1.23991901055
450,510.782867432,156.130737305,20.0855579376,45.3499031067,0.434903334826
450,500.244659424,161.59324646,17.0488185883,43.5098571777,0.320976320654
450,450.047851562,74.2361068726,22.4777984619,50.279964447,0.0538417021744
450,423.213104248,59.0445747375,29.4700260162,65.2437057495,0.0051962746511
480,516.214599609,150.199356079,19.2486801147,49.620098114,76.2567043304
480,533.617858887,150.538696289,16.5317592621,45.3398323059,1.27980532125
480,215.719314575,146.511413574,23.1102275848,44.1385612488,0.749263074249
480,440.512298584,40.5495529175,28.955406189,59.1757659912,0.00810731798992
510,580.340759277,148.516799927,26.5227279663,61.3262748718,96.3313281536
510,613.163696289,149.609390259,18.9540672302,46.9767570496,55.1584005356
510,168.126403809,147.492996216,20.7214374542,39.554069519,26.3279855251
510,528.869506836,155.861663818,19.2453136444,49.377658844,7.21535533667
510,564.452453613,146.42880249,16.3008766174,50.7298774719,3.5224288702
510,601.901123047,151.709503174,18.8089065552,49.7961616516,1.29706831649
510,541.703796387,160.591201782,18.1452083588,45.7883262634,0.276756472886
510,443.305297852,28.6045207977,24.4231109619,57.3624420166,0.0135678463266
540,41.9290618896,158.244308472,32.2122802734,68.0805892944,98.4925866127
540,611.58001709,173.524459839,18.9096794128,50.9074821472,85.930544138
540,498.54574585,171.557876587,23.7721176147,45.9523200989,12.3470798135
540,16.5807743073,80.1835327148,24.7710285187,55.3710784912,7.58131444454
540,540.201843262,172.348999023,24.7259120941,44.0897636414,6.65323883295
540,116.480018616,163.7212677,29.1058216095,52.1368598938,6.17866627872
540,473.09463501,170.971618652,19.001411438,42.4580230713,2.61746067554
540,5.68259000778,81.3182296753,18.9683895111,62.9555206299,0.983516592532
540,133.487838745,148.702758789,20.1918678284,55.1849021912,0.724284909666
540,63.5922279358,167.604446411,18.5429706573,56.7621955872,0.246497243643
540,466.577758789,34.5274734497,20.6659812927,54.4331092834,0.196161190979
570,564.803405762,182.807250977,24.4525203705,56.1823997498,53.2478153706
570,69.8985519409,173.734451294,17.3128261566,43.4969329834,25.0167489052
570,415.523681641,157.633346558,22.2328701019,49.6130180359,7.09058344364
570,524.556274414,179.943344116,20.7872619629,45.8884735107,1.77318397909
570,56.8191070557,170.92565918,16.9114131927,45.1222877502,0.830134190619
570,536.609558105,186.412490845,18.3183307648,47.4514045715,0.290485308506
570,493.311859131,29.7943191528,25.6829967499,59.7470550537,0.00424277459388
600,588.489074707,182.791641235,18.5303058624,54.2945404053,56.8777740002
600,572.440063477,182.13923645,17.5083255768,45.4361763,24.5338976383
600,420.234527588,159.005477905,25.9039745331,54.2313957214,21.3129624724
600,4.33376646042,181.741226196,16.8281536102,49.9208068848,13.152641058
600,601.635986328,189.261291504,22.839012146,61.2681999207,3.37926410139
600,616.598815918,201.088821411,17.9938220978,46.6303672791,0.724668009207
600,512.246032715,16.0893535614,20.5718631744,67.6643295288,0.402157846838
600,498.008544922,175.389541626,18.8310127258,51.7713928223,0.174104224425
600,558.461730957,171.384872437,19.3697509766,54.3097229004,0.136771518737
600,499.523925781,22.5633239746,21.3546161652,54.8247375488,0.00849895222927
630,602.010375977,191.64440918,23.8022708893,59.5392036438,71.595877409
630,427.279296875,164.87928772,18.8606262207,51.5571632385,33.4331333637
630,417.335174561,158.376144409,17.2483005524,58.4701728821,2.19964329153
630,528.737426758,165.724716187,20.0974788666,63.7333564758,0.692798942327
630,497.372467041,177.226989746,16.5460987091,53.1916465759,0.380509952083
630,562.950134277,199.562561035,20.2520866394,48.9898796082,0.0802287540864
660,85.8745117188,189.036117554,19.8743457794,46.9865722656,52.0148813725
660,579.85760498,164.509399414,18.6796894073,58.9217071533,33.3218902349
660,485.307373047,159.910217285,37.7622871399,65.0620803833,9.34693664312
660,562.832702637,182.598678589,18.0058097839,48.5573577881,1.19984420016
660,159.518173218,165.747055054,21.3886241913,51.5504875183,0.118446804117
660,577.389953613,27.2184772491,21.2041950226,55.8649749756,0.065372523386
690,464.012176514,159.322555542,23.7049026489,63.4660758972,48.933622241
690,504.602020264,157.859268188,28.1811275482,59.9355125427,4.30855117738
690,20.3386859894,194.185958862,28.019952774,51.5403709412,3.98510582745
690,615.674072266,191.622238159,17.5083179474,45.7713317871,0.803271867335
720,508.603546143,156.484802246,25.0553894043,80.2758789062,42.3895418644
720,9.47588062286,71.9147644043,28.1057376862,69.4438323975,0.452983332798
750,565.794616699,142.626541138,25.1914539337,86.1401443481,8.84206071496
750,585.740600586,143.800186157,28.0708217621,89.2969894409,0.381108908914
750,616.602478027,60.5237922668,17.2709751129,49.6509246826,0.370870321058
750,584.717224121,60.0119132996,19.4390506744,55.0654907227,0.154721923172
750,403.526611328,177.440811157,19.2642230988,42.7599372864,0.0181259194505
750,37.0364303589,79.2081451416,22.5069732666,85.4825134277,0.00967448504525
750,481.539825439,115.546165466,29.0096111298,93.8329086304,0.00591553798586
780,613.321228027,177.661071777,19.9527740479,53.5547294617,19.5394918323
780,454.409698486,182.572860718,15.412894249,38.9827384949,0.254764826968
780,23.3612575531,118.327308655,25.7650775909,91.5831680298,0.040334177902
780,45.0512084961,113.29561615,23.7045135498,78.9407043457,0.000674133025313
810,468.211547852,178.725784302,18.3731632233,41.4241294861,1.18862446398
810,61.1000480652,173.847290039,20.2704524994,48.6783447266,0.760003039613
810,24.0685062408,168.838012695,22.4993038177,53.1899871826,0.627145683393
810,40.2686653137,174.132751465,16.7116909027,49.2045249939,0.413569808006
810,504.235321045,168.447250366,19.4664993286,52.4779624939,0.287795253098
840,45.249912262,169.233062744,22.119468689,53.1792564392,2.24268753082
840,6.62019014359,174.042434692,19.7183017731,53.8320465088,1.81697066873
840,485.017700195,168.667922974,17.1613101959,46.4522438049,0.790325272828
840,18.1149158478,172.264907837,22.1805419922,50.5912437439,0.542402779683
840,511.593963623,158.023330688,16.6352462769,49.2741661072,0.249718199484
840,522.153869629,163.449539185,17.7674312592,51.0968017578,0.0911086332053
840,9.35261058807,94.5190658569,34.2380561829,89.3858718872,0.0191473765881
870,497.589630127,173.831893921,16.8556690216,43.5162086487,9.3018360436
870,30.7127532959,154.307846069,24.5016860962,63.1386680603,2.03399546444
870,508.869262695,172.665542603,17.7865924835,46.8540534973,0.986540783197
870,522.015258789,169.468582153,16.689157486,52.0159645081,0.661052530631
870,546.266540527,163.351623535,24.2283706665,62.0630187988,0.268608913757
870,536.121032715,161.207107544,19.4171695709,50.3522834778,0.229632924311
870,537.471496582,103.69909668,27.8371353149,70.974937439,0.0442032469437
900,504.703460693,169.30506897,20.0014095306,55.2329368591,29.2683005333
900,531.313293457,169.658966064,20.0133266449,61.3597984314,27.1309643984
900,610.716491699,184.549880981,17.0403003693,53.5378761292,0.915041565895
900,557.395690918,167.095825195,22.629732132,63.9715232849,0.748221110553
900,431.75302124,149.189620972,19.3703937531,52.0419273376,0.686500640586
900,548.227722168,178.461624146,19.0862693787,54.9938545227,0.559754250571
900,513.682556152,179.42401123,24.0648269653,50.0610389709,0.375359179452
900,455.14050293,159.444366455,19.9782352448,49.8081665039,0.29824366793
900,445.403900146,151.275100708,18.9862346649,50.4359931946,0.247870571911
900,562.84753418,137.708877563,18.5732269287,63.6730003357,0.238667544909
900,488.325897217,78.877204895,23.196149826,58.0560035706,0.208311784081
900,53.4086608887,112.604606628,25.255531311,77.7470932007,0.0104367674794
930,540.553100586,178.389816284,18.4229755402,53.8488426208,66.9587671757
930,509.57144165,182.30657959,20.5225582123,46.4549827576,34.3237131834
930,530.961608887,178.258926392,16.6975917816,54.4937019348,5.57498298585
930,18.2367630005,163.424545288,24.2800350189,61.0895385742,5.1338147372
930,552.009399414,179.090164185,18.4250221252,59.8255157471,2.22217589617
930,435.542510986,154.04725647,22.5067825317,52.6441802979,0.269887736067
930,450.238677979,152.960708618,22.407371521,58.6998558044,0.052118342137
930,46.8145027161,113.263977051,24.5645771027,83.8666381836,0.0447393365903
930,578.222106934,139.254562378,18.5469684601,59.6779785156,0.038333327393
960,568.03137207,177.273742676,24.8768215179,58.8480224609,52.6883065701
960,525.460021973,183.753128052,19.4321079254,50.6237182617,24.2184922099
960,555.328125,185.115493774,15.8745384216,50.1241912842,19.2957937717
960,6.17936086655,172.700439453,19.306892395,57.9430961609,4.48629744351
960,591.09777832,173.837600708,16.5909481049,71.9881210327,2.43151616305
960,539.59588623,181.99079895,22.923034668,58.4340171814,2.23748143762
960,33.1009979248,107.5989151,23.3759975433,74.7153396606,0.567785883322
960,602.165100098,166.173446655,23.3764743805,77.454536438,0.463426997885
960,512.350524902,188.133132935,18.7667198181,46.6101646423,0.198305747472
960,609.867004395,135.449829102,26.3687496185,71.7924041748,0.0335822056513
960,445.781524658,169.877609253,19.1900577545,45.820438385,0.0117903902719
960,197.338378906,159.579055786,19.8736133575,53.5268707275,0.00612953008385
990,596.809936523,198.903137207,19.3408164978,54.4822692871,40.3411716223
990,553.462097168,194.902648926,18.9519901276,41.6511497498,23.0312302709
990,7.26488876343,109.526771545,24.0632648468,75.570274353,21.4939072728
990,543.960754395,195.98878479,17.0083942413,41.8134078979,3.29520627856
990,609.147827148,195.749755859,17.0882282257,56.4651641846,2.49817576259
990,534.182373047,200.359024048,17.9648532867,42.7709960938,0.169323442969
990,448.690917969,164.679153442,18.2896137238,54.274597168,0.152237957809
1020,575.519592285,172.915145874,20.4080715179,54.9010734558,14.2420902848
1020,613.067810059,41.103767395,22.4868564606,71.5481719971,1.12858572975
1020,510.253387451,176.260681152,19.0650424957,45.461643219,0.697902683169
1020,587.565979004,178.295974731,19.5064811707,45.9114227295,0.639161095023
1020,561.454162598,188.165512085,17.3059101105,42.186214447,0.0806614989415
1020,432.850708008,145.448348999,16.2051315308,50.3155822754,0.0302403699607
1050,436.220123291,147.525192261,22.8807353973,60.5214233398,59.5460236073
1050,500.152923584,169.709854126,17.5334224701,52.0163841248,1.63962170482
1050,566.682312012,181.362136841,20.2511520386,52.8262023926,1.41334058717
1050,535.361877441,172.304763794,20.2905025482,51.6049842834,0.657115131617
1050,483.4949646,156.702163696,27.034784317,59.6308746338,0.0533579557668
1080,456.788482666,144.798370361,22.1238002777,65.8156051636,54.7283530235
1080,467.590332031,155.235961914,22.2931880951,72.4570236206,0.239010341465
1080,147.093002319,175.657485962,19.6701183319,45.8065986633,0.231090281159
1080,477.215545654,177.968307495,24.3661804199,55.4325408936,0.00338365753123
1110,510.096221924,178.183654785,20.100774765,60.9895591736,3.99715006351
1110,68.7179718018,172.75163269,18.2862606049,46.1391792297,0.699912942946
1110,560.91583252,74.7268295288,19.8881835938,58.8107147217,0.17635570839
1110,453.620941162,140.305221558,17.9856052399,60.2828102112,0.12777474476
1110,59.3739929199,173.632888794,17.4921665192,53.7534828186,0.0662545557134
1140,487.154052734,130.693252563,26.5193271637,73.3074417114,5.434037745
1140,503.027923584,148.777359009,33.022693634,86.5267105103,2.24368721247
1140,10.5366926193,105.006843567,19.552740097,49.9779510498,1.81513167918
1140,522.693115234,167.712524414,29.7863006592,75.8482284546,0.648001627997
1140,585.829467773,153.775985718,18.7203006744,44.0052986145,0.405826373026
1140,2.20623588562,99.705039978,15.0023994446,59.9164543152,0.357448169962
1140,20.723947525,184.288742065,22.8759212494,45.8959960938,0.130906444974
1140,484.772735596,184.037460327,17.8792495728,50.767124176,0.0962430262007
1170,8.18971538544,89.4558105469,40.3486747742,132.082305908,9.63243618608
1170,579.654785156,165.036193848,18.3973140717,55.2420654297,6.33630305529
1170,97.7229309082,184.425491333,19.4909629822,43.9337921143,3.27647253871
1170,590.138000488,170.139724731,21.8910064697,59.8041419983,3.24311442673
1200,44.6613464355,184.568664551,20.8611316681,42.8139762878,89.2003118992
1200,32.7284660339,184.076965332,16.8365154266,44.7143516541,0.89212404564
1200,538.916320801,52.2281608582,71.0437698364,199.850280762,0.859438814223
1200,61.4167137146,185.162887573,17.7505168915,42.0921363831,0.0578949751798
1230,438.954315186,136.002365112,25.6242961884,84.1389160156,17.765173316
1230,92.5029296875,179.149307251,17.1453762054,44.2043952942,3.96934710443
1230,451.283782959,182.00793457,18.4567947388,44.3095245361,0.384749798104
1230,454.33984375,134.973205566,20.1226673126,55.4105682373,0.125128461514
1230,103.387664795,179.895980835,16.7870311737,45.1624259949,0.114933552686
1260,608.394226074,104.202949524,22.7064208984,68.054145813,2.5193490088
1260,46.1926574707,182.99760437,17.6781730652,49.8041343689,1.1763795279
1260,577.954345703,114.53842926,18.9894485474,62.1396179199,0.0226490417845
1260,591.99005127,115.343139648,27.6808795929,75.1181030273,0.00520725661772
1290,596.937438965,158.087875366,16.9765338898,54.0153465271,6.90021663904
1290,498.128295898,165.308532715,16.0152645111,47.328327179,5.86388558149
1290,524.822753906,146.306686401,21.6155147552,59.5479774475,2.46988721192
1290,581.6484375,161.055435181,17.9225177765,59.1326026917,1.26979444176
1290,512.414306641,151.784378052,17.0735454559,50.3997840881,0.692753354087
1290,514.983886719,108.812255859,23.4685134888,76.90599823,0.0289737479761
1290,457.687713623,90.1016769409,28.6764297485,80.060256958,0.0139019306516
1320,563.258300781,152.500595093,19.6725196838,62.6950187683,42.3805385828
1320,578.649963379,154.194625854,17.8359222412,52.9944419861,2.85506807268
1320,624.128295898,89.4001846313,15.8717041016,78.7504043579,0.565700698644
1320,510.791717529,72.7829284668,18.9628181458,47.3291053772,0.0156866401085
1320,609.581237793,37.8037872314,20.8623447418,54.0327644348,0.000437870630776
1350,138.429580688,157.056259155,19.9882316589,44.9591712952,3.02173215896
1350,522.442749023,57.7692260742,26.3442382812,74.847946167,0.627194391564
1350,482.412750244,114.705101013,19.1959705353,61.1058692932,0.399753125384
1350,560.486755371,52.6264228821,17.3159351349,52.7717170715,0.274101854302
1350,597.372497559,173.234176636,30.3531265259,81.9798583984,0.176832475699
1380,615.914001465,190.955932617,18.6486148834,49.5212059021,12.336859107
1380,555.620422363,164.401107788,20.5314750671,61.1066627502,6.46761208773
1380,584.026062012,42.8325996399,28.4165039062,69.6014328003,0.289634009823
1380,571.95916748,65.4078292847,22.372045517,73.1485824585,0.259741372429
1380,565.113464355,177.076431274,24.0974941254,60.6642951965,0.243673380464
1380,95.0246353149,170.365585327,24.5500869751,46.1688270569,0.06905773771
1440,1.70728302002,193.126358032,14.0565338135,49.002117157,0.315601145849
1470,133.663803101,179.998214722,19.2822666168,44.4487113953,29.3209165335
1470,17.5575866699,135.213592529,20.2009887695,65.234375,0.213384651579
1470,14.6761980057,171.832641602,18.3113059998,60.0797462463,0.0464568729512
1500,558.358093262,180.553161621,21.6406879425,58.8543395996,55.8365345001
1500,85.3753890991,187.507736206,16.7245388031,45.6567497253,10.5354756117
1500,430.337768555,174.989501953,19.7152767181,44.6116638184,1.45211974159
1500,46.1061592102,183.017044067,19.0795612335,45.8212776184,1.29016563296
1530,5.97591018677,189.344985962,14.6558732986,48.6698112488,86.9198322296
1530,38.6464805603,185.110336304,16.6756153107,45.5224723816,8.47383141518
1530,479.105438232,164.298156738,21.566614151,51.5802726746,5.17130792141
1530,20.7447414398,179.937728882,16.9855499268,47.5834236145,0.0211569320527
1560,509.112670898,153.187149048,20.8120250702,62.4713478088,12.720566988
1560,414.183013916,169.763412476,19.1826267242,50.6073951721,7.22162798047
1560,11.3052949905,189.684494019,16.8544502258,43.7386283875,1.51101034135
1560,487.438354492,176.609298706,16.2547588348,43.5610656738,0.554450135678
1560,405.639526367,117.318275452,19.8059444427,55.5444641113,0.41159526445
1560,500.377807617,164.691436768,18.2542514801,51.6918792725,0.0560553919058
1560,144.426681519,164.204315186,16.9950733185,46.7910003662,0.0496865774039
1590,570.303527832,104.217292786,29.8894119263,97.8699111938,22.5915163755
1590,546.381652832,153.164215088,20.0232753754,55.3642845154,2.1901063621
1590,520.115539551,155.224472046,23.1051197052,53.4885864258,0.457982765511
1590,504.627441406,160.021453857,18.0644493103,50.494846344,0.300781591795
1590,556.024841309,135.654830933,25.8277893066,67.3278961182,0.21065378096
1590,416.680450439,86.2624588013,29.9010620117,75.0002593994,0.166469917167
1590,26.9495105743,94.4112548828,31.5082950592,73.2440109253,0.0238864537096
1620,581.77331543,140.372894287,23.0050411224,72.4748764038,57.3664605618
1620,608.031494141,61.8254241943,28.2333469391,91.4163513184,12.5971436501
1620,615.50177002,165.274124146,15.676402092,51.2373542786,8.19842070341
1620,596.317260742,140.117630005,18.8477115631,68.2149276733,1.74500811845
1650,615.594604492,179.20262146,18.5119419098,53.9345283508,2.22003590316
1650,563.585205078,159.017776489,20.2389736176,51.1065864563,2.10015047342
1650,516.437744141,158.388137817,16.983663559,54.5280342102,1.02263074368
1650,528.971008301,166.606079102,20.7152462006,44.868724823,0.39329295978
1650,596.311218262,185.699707031,27.1815872192,68.2247772217,0.168529560324
1680,596.905151367,174.363540649,19.2378692627,57.3077392578,13.383641839
1680,120.946838379,162.184005737,20.2339382172,45.2323188782,2.274412103
1680,605.562927246,159.424575806,27.7891616821,78.9566726685,2.07101944834
1680,616.670227051,202.405563354,17.4016666412,47.2901000977,1.06835570186
1740,4.13872289658,199.134521484,16.041513443,43.8159446716,14.9463608861
1740,73.4977722168,171.357254028,18.4351806641,47.1423950195,4.6278141439
1740,482.850860596,167.536102295,21.2249126434,51.020690918,4.48403097689
1770,47.169254303,169.86555481,19.2978229523,51.8449440002,7.37386271358
1770,525.848083496,137.483093262,30.4985332489,79.2908859253,5.99704906344
1770,348.834503174,173.646499634,19.6815299988,51.4590415955,4.24165166914
1770,425.160614014,171.548217773,17.5828781128,49.5849914551,4.00608219206
1770,435.891082764,169.977828979,18.4451942444,47.8764610291,1.00761577487
1770,367.697143555,175.51600647,16.1246013641,47.4581298828,0.487799290568
1770,336.938049316,163.942626953,22.786239624,54.605381012,0.0866466318257
1770,456.783538818,170.683776855,19.2449474335,46.6641998291,0.0522713118698
1800,424.210845947,176.403198242,18.1328411102,53.7827606201,7.79221132398
1800,611.674682617,173.823410034,17.4254741669,50.2025794983,7.16679096222
1800,438.467803955,184.055053711,14.9097070694,47.0362739563,2.79879290611
1800,396.304901123,175.768661499,19.2386951447,54.3077545166,2.72807199508
1800,479.278076172,185.262191772,23.8036251068,52.2338104248,2.08301004022
1800,447.775024414,186.317947388,15.6201467514,42.7139282227,1.69648285955
1800,521.4453125,181.089767456,17.2914657593,49.4503974915,1.29230218008
1800,123.171966553,161.265853882,25.2169818878,54.8288421631,0.687235500664
1800,599.749145508,175.702636719,18.9560661316,49.327091217,0.397629989311
1800,408.400848389,176.563369751,18.434469223,53.1982574463,0.347878201865
1800,326.042449951,186.234924316,23.9844303131,44.9629974365,0.0717353832442
1830,537.123352051,194.359207153,19.6334247589,54.4374427795,38.958722353
1830,514.530822754,186.479248047,21.692358017,65.7897109985,38.3292943239
1830,597.039550781,200.523666382,24.035194397,55.2765846252,2.91754361242
1830,550.271911621,197.140914917,15.0278320312,49.2377510071,1.18471318856
1830,500.689544678,196.388626099,21.1594638824,54.1754302979,0.863002426922
1830,615.872619629,204.21546936,17.8085384369,52.4726600647,0.626510288566
1830,403.63772583,141.238540649,25.6064167023,77.8098144531,0.014767756511
1860,568.772277832,195.581130981,19.2335357666,44.9758110046,50.3046154976
1860,614.518615723,209.971374512,20.2347679138,61.9660682678,29.7122657299
1860,7.29299592972,177.681930542,17.6341133118,45.6272239685,18.7249690294
1860,609.20916748,184.610946655,19.3989887238,52.2964630127,3.62188853323
1860,493.872436523,179.56262207,22.3082103729,55.6289329529,1.07081923634
1890,86.0294418335,140.976257324,18.7319641113,63.0651817322,7.30230212212
1890,582.034973145,50.3048591614,40.0507850647,109.243103027,1.48258181289
1890,573.20135498,47.5298881531,22.9933986664,78.6533584595,0.0514205195941
1890,428.505889893,164.368301392,19.7770423889,54.0418052673,0.000180853010079
1920,246.659057617,139.247329712,23.1187210083,58.4169960022,52.7033090591
1920,508.600585938,175.770584106,19.3964862823,55.56432724,2.18287166208
1920,616.498657227,158.984802246,17.4951515198,53.8086738586,0.91714002192
1920,599.254516602,73.8887252808,34.9185905457,91.144569397,0.293227448128
1920,59.3785705566,125.088554382,20.4304256439,58.6481666565,0.248779007234
1920,233.507766724,141.440444946,21.7266235352,53.9720954895,0.0176438756171
1950,610.937255859,160.855239868,18.0331096649,58.5384521484,47.2557872534
1950,581.486206055,167.236099243,17.2896118164,55.3742408752,37.2557431459
1950,202.154174805,143.304000854,22.3800258636,64.1074371338,15.9237831831
1950,65.1147460938,164.729049683,17.095451355,47.9271202087,4.9365259707
1950,594.339355469,164.549560547,25.0599136353,50.5391082764,1.52897508815
1950,11.2250089645,61.1611671448,31.343038559,89.0298995972,1.4853364788
1950,102.372383118,164.596817017,16.9168453217,43.8713493347,0.790559500456
1950,74.3333969116,166.324417114,22.6151561737,48.3696556091,0.710166851059
1950,49.4723701477,175.411865234,24.2177505493,50.9331970215,0.442035356537
1950,87.3260269165,165.708480835,22.4122638702,51.3036804199,0.182304217014
1950,157.839279175,164.541244507,20.6589641571,49.4307250977,0.129768240731
1950,569.632629395,126.040618896,29.5046157837,80.7858047485,0.0278543826425
1950,508.478027344,164.847640991,20.53931427,56.6177406311,0.0131100852741
