30,62.9737586975,189.757568359,23.3076782227,43.4807739258,5.88789582253
60,182.313827515,183.321090698,22.4710006714,55.9061851501,92.8433775902
60,108.062965393,194.871231079,19.9109325409,49.2216453552,77.8690099716
60,43.1540794373,188.653182983,22.9918193817,58.6467781067,77.5175750256
60,172.371749878,188.412033081,18.5422954559,56.5135231018,0.483421236277
60,93.5251541138,188.503494263,25.2497196198,58.2365074158,0.183717207983
120,33.7546234131,186.21446228,22.599275589,60.7204704285,88.1396234035
120,73.7505111694,194.458114624,20.9821300507,54.5388908386,29.5116454363
120,160.77885437,186.733535767,29.438659668,59.6879005432,26.2537926435
120,117.355857849,178.796035767,22.8647212982,68.50390625,10.6570906937
120,107.323204041,185.635803223,20.441110611,54.7472801208,1.66539251804
120,51.2638282776,190.046386719,27.5478305817,58.8314666748,0.542912399396
150,99.3120117188,182.973449707,23.8341369629,63.582321167,97.6175010204
150,141.744155884,186.223922729,21.601568222,53.129283905,89.4461274147
150,15.1196250916,192.906936646,21.5172405243,57.6716575623,72.7341234684
150,75.557510376,195.043075562,18.5748825073,51.7019805908,63.8869225979
150,131.18196106,186.064590454,18.334903717,56.4897727966,11.491560936
150,38.6886863708,191.761032104,18.7030124664,55.1948127747,7.71176889539
150,86.0034790039,186.386184692,18.9198608398,60.4249839783,5.71745894849
150,53.7505683899,190.799758911,25.7873764038,54.1465034485,0.107902952004
150,121.523719788,200.245559692,19.2853488922,50.7307243347,0.0769984035287
180,97.454284668,182.465270996,26.3680343628,66.3283538818,96.3905930519
180,128.13192749,187.40032959,24.2186279297,59.1401023865,89.1596436501
180,72.3222808838,196.603683472,20.9451026917,53.1008110046,70.5566585064
180,39.958480835,183.91217041,24.2485866547,64.567741394,69.0657556057
180,114.311859131,187.145874023,20.594291687,59.4080200195,19.5655584335
180,84.7249145508,186.015182495,17.6509647369,60.7841682434,5.40822893381
180,57.6353340149,187.753234863,25.6387081146,61.4164886475,3.13799865544
180,140.620529175,207.705184937,19.4897632599,46.1418914795,0.0341214443324
210,98.1703414917,185.678482056,20.9353199005,64.314201355,85.1585745811
210,37.1037521362,183.206954956,24.8009700775,65.0208740234,82.9373061657
210,68.6571884155,192.814956665,19.801733017,55.4976043701,62.261980772
210,118.470115662,190.785949707,17.2418880463,58.6843910217,20.6242933869
210,79.9592056274,186.360427856,24.1885452271,64.0003585815,11.5141578019
240,112.484649658,190.512390137,18.9596920013,61.0220832825,42.2288864851
240,92.2821884155,186.508377075,24.092710495,64.2068862915,33.0876082182
240,34.8681602478,187.117553711,26.7989215851,62.739490509,28.1604260206
240,246.824996948,156.000747681,18.305475235,54.5172576904,2.06506066024
240,70.7576370239,198.608230591,16.9044208527,49.8088531494,1.89956016839
270,36.3893470764,187.065185547,21.4234542847,61.092300415,80.2746117115
270,92.6125564575,187.493392944,25.018409729,61.7889518738,79.5125067234
270,113.896690369,185.72052002,21.2095584869,63.4658317566,51.8100440502
270,66.1206893921,192.158874512,22.7429866791,60.2941589355,22.6126044989
270,14.7453994751,185.874069214,31.7615814209,65.5474395752,0.297436583787
270,11.4419965744,210.612136841,18.804561615,45.2752075195,0.111363863107
270,125.362220764,205.557678223,19.6688270569,49.1541595459,0.0488142948598
300,26.0713596344,184.868530273,27.7005329132,66.8098831177,95.1631784439
300,82.060798645,188.46043396,28.8470897675,67.3934707642,92.8924143314
300,127.126403809,191.466812134,22.4131145477,58.3714561462,63.2777988911
300,64.919380188,192.686599731,21.0935306549,58.0947303772,3.42843085527
300,9.43553256989,195.957275391,21.1741371155,58.2158699036,1.9876094535
300,98.4620056152,185.071273804,25.2175922394,65.4413528442,1.00772855803
300,243.64793396,157.581436157,26.3595657349,64.8676376343,0.33801458776
300,327.325164795,171.980300903,26.3342342377,63.1349143982,0.214002165012
300,141.71156311,211.586730957,18.4428977966,46.8712921143,0.191607279703
300,116.575111389,204.201553345,20.368516922,51.0499000549,0.0865435111336
330,11.3724718094,185.082168579,27.3423213959,67.8508834839,94.2283928394
330,120.365516663,193.967758179,21.47514534,59.3262825012,87.8964483738
330,70.4761199951,185.390090942,28.5607738495,68.9276123047,86.7665290833
330,50.0401268005,194.069747925,20.5809726715,52.5884246826,63.40020895
330,31.7840633392,192.243850708,20.6714935303,60.2516937256,0.863759499043
330,108.891242981,191.10534668,17.282409668,58.4695320129,0.525658205152
330,240.304489136,155.840988159,17.8022518158,59.3514137268,0.426809955388
330,327.376617432,172.024765015,25.7577381134,63.3769989014,0.0828239310067
330,130.310882568,206.327453613,24.3220081329,53.7412567139,0.0530038203578
360,100.427452087,193.570327759,20.7730178833,59.9131660461,95.025151968
360,60.0192146301,188.853805542,27.0595855713,66.1704711914,90.0608003139
360,35.1144065857,201.905502319,19.3261528015,53.440486908,37.550213933
360,8.40306758881,197.941268921,18.2652587891,61.0784111023,30.9889018536
360,46.1150970459,197.983840942,17.607591629,54.5941963196,13.0097702146
360,83.1194076538,187.304275513,20.3971652985,66.8258895874,0.881831720471
360,328.314483643,168.565612793,19.5897464752,57.7921180725,0.139495765325
360,114.659248352,213.92980957,18.8848285675,49.559261322,0.0643256411422
390,78.8323898315,193.332260132,25.8844528198,67.0944900513,93.6815857887
390,41.3804359436,188.292861938,28.9720287323,73.1539459229,89.7529006004
390,17.4306468964,197.429580688,20.5520973206,53.4379425049,73.8221824169
390,30.5439891815,198.032272339,19.6709728241,58.1233253479,15.6128510833
390,57.9162712097,188.09576416,20.012758255,57.9821815491,2.29738615453
390,230.387451172,155.669891357,18.6550426483,63.0623130798,1.65935046971
390,323.408416748,163.84223938,21.0296192169,59.0252990723,1.13107990474
390,8.325340271,206.55406189,16.5549640656,50.8797721863,0.994442682713
390,92.5727462769,203.863586426,23.5055332184,61.9304847717,0.283840973862
420,65.229057312,187.270874023,25.2234477997,69.3023910522,95.5290317535
420,24.284614563,184.409790039,29.2394962311,73.0991439819,93.2774722576
420,4.49302148819,194.997177124,13.384472847,61.2630958557,45.1644390821
420,14.8545980453,192.563644409,16.7246685028,67.1653060913,9.09192860126
420,219.784301758,150.743469238,19.6137638092,55.1389274597,4.3887719512
420,41.9471168518,189.808822632,21.3708362579,67.3633499146,3.50968427956
420,57.5843467712,204.65675354,19.8035926819,56.5818748474,1.13105596974
450,50.2495422363,186.639633179,22.0085906982,67.057258606,96.5084791183
450,4.85529470444,177.813034058,31.0916042328,85.9917831421,94.3236649036
450,325.669067383,164.45930481,20.9156322479,53.5798797607,4.3787997216
450,17.7368469238,173.616897583,51.258441925,91.9468002319,3.40813659132
450,216.508834839,146.408920288,21.8642559052,65.6847457886,0.975717045367
450,337.809020996,157.296859741,21.6622467041,51.9436340332,0.00330945549649
480,1.5842615366,174.141281128,23.4006347656,88.5933151245,92.1809315681
480,34.1232948303,182.313369751,23.0409946442,75.047416687,88.8170003891
480,210.615158081,145.852462769,22.0305423737,62.8049507141,7.20184519887
480,17.5671253204,179.73677063,18.5388469696,66.8508682251,2.08230316639
480,501.332244873,164.380218506,18.6034603119,52.6592750549,0.637901108712
480,26.5715084076,205.062789917,16.6725845337,55.7996788025,0.333961192518
480,320.271331787,156.918060303,28.3709945679,68.124130249,0.194968038704
480,419.088592529,172.042236328,19.0941886902,49.6098022461,0.0853737990838
480,45.1334037781,219.688491821,20.7589092255,45.9371070862,0.021282574744
510,298.06350708,144.347198486,22.6606655121,68.2005844116,6.46581575274
510,177.29447937,135.535324097,23.2132472992,62.6723899841,4.77614216506
510,405.138824463,169.372192383,19.4185848236,49.0047264099,1.52900004759
510,616.087768555,144.210494995,15.6537122726,48.3029632568,0.176079408266
510,192.901016235,129.068572998,24.7701263428,61.6739654541,0.103166105691
510,412.714599609,150.471054077,20.2413082123,58.3553123474,0.0341518694768
540,20.3224601746,174.641662598,27.2960891724,81.1653747559,97.047829628
540,139.785598755,136.004730225,27.8084487915,81.9712524414,9.17221233249
540,257.429473877,149.3777771,24.9390659332,66.5951919556,2.09784694016
540,485.381011963,152.693862915,18.5538578033,59.1424598694,0.641567399725
540,384.721099854,172.364761353,20.8961086273,57.1279335022,0.206711702049
570,17.0643520355,173.206054688,25.8442840576,85.9910888672,95.9653913975
570,392.307983398,169.537063599,21.329000473,59.3680992126,4.82310764492
570,197.633224487,153.872039795,27.0531597137,62.8729858398,2.57382951677
570,610.246765137,150.022918701,15.5985841751,46.7880249023,1.25444512814
570,81.6617126465,135.892715454,26.4531497955,84.1304092407,1.07179302722
570,28.4535884857,209.112747192,19.673871994,51.7994346619,0.204762048088
600,124.261314392,151.408279419,29.6093139648,64.3085861206,12.9579633474
600,9.11041927338,142.831893921,31.7611408234,81.0362014771,0.903076212853
600,258.561096191,192.087280273,20.1229228973,51.7160148621,0.690373498946
600,362.465423584,175.688522339,20.898267746,59.313369751,0.63066072762
600,112.80292511,151.695343018,20.8879756927,63.7945365906,0.227931397967
600,144.232635498,149.649551392,20.588508606,56.4888916016,0.152945204172
600,427.99710083,158.617523193,23.3871536255,62.6537055969,0.14386032708
600,6.29075622559,178.924850464,22.6903533936,66.9016571045,0.108709093183
630,219.261611938,202.768798828,18.5287456512,52.8336334229,48.4616190195
630,62.5782051086,143.571243286,35.2030525208,80.3906326294,17.9894447327
630,337.425567627,181.348526001,22.4712371826,59.7631111145,4.71780225635
630,414.701019287,155.924835205,26.1507892609,70.5029525757,3.99742014706
630,523.915344238,100.068992615,19.5464019775,48.5246086121,0.367210176773
630,86.0938110352,158.180130005,19.7600269318,59.5518684387,0.24963459
630,47.078540802,161.840194702,27.0482234955,57.3925323486,0.217778235674
660,196.88722229,206.096633911,18.4787273407,49.6024055481,26.3536334038
660,26.4253616333,160.283355713,29.6861019135,61.9373207092,1.62750445306
660,328.20803833,192.838256836,18.7876644135,51.4302177429,0.776228215545
660,45.8479804993,146.90637207,23.8100147247,61.6147956848,0.591727439314
660,11.2545785904,168.184524536,28.6958026886,55.2355079651,0.364972860552
660,529.388366699,176.564620972,21.6968765259,51.7535057068,0.103993283119
690,4.95089960098,153.027954102,24.3289928436,62.0458946228,18.9325809479
690,610.174804688,148.747695923,17.1799182892,49.6052856445,3.20631824434
690,168.047470093,202.319519043,19.6006698608,48.9270973206,2.5155082345
690,18.2786083221,144.107589722,18.1905040741,56.4002037048,0.506787141785
720,9.33102893829,129.892440796,21.4842967987,54.6898803711,3.38578931987
750,37.6776161194,195.599731445,25.0643901825,55.5717658997,47.4683195353
750,88.3470458984,128.693893433,20.404592514,63.2766914368,0.215568114072
780,182.861328125,197.463867188,17.3806762695,42.9824485779,32.5290709734
780,192.752670288,197.369369507,16.1025238037,46.363407135,1.53286177665
810,92.1241073608,209.540893555,22.7735519409,48.1838722229,50.276350975
810,83.6487045288,209.107681274,16.5880641937,46.6655273438,1.92206911743
810,104.232429504,203.499740601,22.5783557892,50.1490631104,1.00771477446
810,127.632423401,201.952835083,19.177318573,50.1642875671,0.778216402978
810,615.801513672,150.497817993,14.8585891724,43.3547477722,0.412084488198
840,3.93605422974,216.71522522,15.276257515,49.7275733948,24.7746735811
840,615.13885498,153.178421021,15.0963544846,43.9315948486,0.931623391807
900,6.86415719986,224.298202515,17.29961586,49.2776756287,0.963775627315
900,491.494110107,152.952041626,24.1873455048,60.4681549072,0.0327193381963
930,5.3233962059,216.95954895,17.8019332886,53.485294342,26.9407004118
960,5.20174264908,216.612930298,15.1927566528,56.4460601807,24.0985423326
960,13.7750349045,228.885726929,16.5889911652,42.5703849792,0.0405021477491
960,493.917449951,158.553466797,18.5833759308,58.4729423523,0.0200642374693
990,7.27123022079,230.583267212,15.3519163132,42.4445724487,0.694280629978
990,492.423553467,161.693893433,21.261341095,57.0674743652,0.00998567848001
1020,615.74798584,183.758834839,16.0985450745,51.233379364,3.59745919704
1020,7.156021595,218.472351074,15.7633705139,56.4166145325,1.34998634458
1050,83.9631195068,187.472457886,31.9649944305,90.5818099976,98.4537065029
1050,606.525146484,159.640029907,24.4436855316,69.4661865234,7.98719376326
1050,98.2150344849,233.845962524,19.7043056488,50.7634239197,0.305550848134
1080,9.54127979279,185.882064819,44.3311157227,128.955566406,99.1510093212
1080,368.943389893,179.51991272,36.3986167908,101.839729309,99.1281449795
1080,118.087150574,181.805786133,45.1927452087,127.799415588,92.1536266804
1080,176.533187866,177.023025513,50.7086906433,129.97718811,87.0771229267
1080,204.917480469,201.788864136,41.6012687683,110.200828552,53.4059107304
1080,97.3724365234,208.311752319,31.7449874878,85.3439025879,43.4917539358
1080,163.191238403,206.940170288,38.516582489,89.9513626099,7.55574032664
1080,15.0382270813,241.250259399,21.696439743,66.9577713013,4.76619005203
1080,138.357833862,233.837219238,24.3073596954,68.9688186646,3.58126014471
1080,210.790054321,264.032318115,22.5501403809,49.5721702576,2.06266827881
1080,199.123001099,196.471481323,23.5583190918,81.6561508179,1.93750541657
1080,28.2814884186,245.870162964,22.6861057281,61.9739494324,1.55017627403
1080,201.51991272,247.245101929,19.1587104797,54.4117851257,0.839746464044
1080,154.935287476,251.287155151,30.1390209198,61.3702735901,0.79697240144
1080,115.315238953,238.187240601,19.0068340302,58.1761169434,0.669904146343
1080,188.893356323,224.604003906,23.8647251129,68.5644683838,0.426349928603
1080,125.563079834,256.982940674,22.4133930206,53.8341407776,0.270317448303
1080,389.947998047,227.755981445,18.33162117,54.938873291,0.255887536332
1080,367.267578125,231.981460571,21.6341266632,54.7889518738,0.0442279706476
1110,297.327850342,173.073303223,61.6786956787,147.036819458,98.742723465
1110,447.120117188,164.206680298,59.827747345,168.524398804,97.771447897
1110,513.968139648,154.205474854,74.3313751221,171.346694946,95.4634428024
1110,558.331848145,177.683105469,54.8142051697,161.047103882,33.4587097168
1110,421.107940674,219.043533325,33.3464393616,79.5683135986,11.8153005838
1110,532.285583496,215.746139526,34.5388298035,92.0565261841,8.2811191678
1110,441.780670166,231.712020874,23.1175308228,77.0812835693,7.48013630509
1110,303.724273682,249.36882019,28.0466861725,73.5352172852,5.15338815749
1110,535.619689941,162.571090698,38.1973762512,95.4326553345,2.40376330912
1110,462.349456787,279.963226318,21.2170772552,50.492401123,1.92905906588
1110,220.861495972,234.814819336,29.2564563751,76.9364395142,1.57676823437
1110,551.80279541,262.48324585,31.5647125244,69.4077606201,1.32185909897
1110,506.569335938,225.275512695,36.697177887,80.8344421387,1.30767785013
1110,320.348236084,239.285400391,27.3670425415,79.3735122681,0.777485454455
1110,472.214324951,243.894790649,29.9055538177,79.8499221802,0.509004108608
1110,450.346710205,274.955749512,22.4123897552,52.1370887756,0.474687293172
1110,488.193939209,231.443405151,31.2290325165,94.0997543335,0.209278799593
1110,326.920440674,187.388427734,26.2590999603,83.0699462891,0.071774382377
1110,206.701660156,250.592651367,23.7769260406,63.8093109131,0.0609373208135
1140,130.345291138,116.633750916,133.067657471,207.831375122,2.05111578107
1170,523.624938965,212.703659058,88.0739440918,179.311279297,6.60268142819
1170,577.193237305,304.244415283,39.4423332214,91.3827133179,3.09917535633
1170,74.8526229858,175.887130737,26.1541614532,59.763874054,0.761226983741
1170,91.7869033813,185.613937378,23.5890960693,53.7117347717,0.153018336277
1200,271.227874756,164.06993103,15.960436821,59.3952522278,23.8591700792
1200,206.032836914,162.850234985,19.2292938232,51.2612304688,4.37471717596
1200,285.046478271,175.411941528,20.5818500519,57.3186531067,1.91942639649
1200,254.643249512,137.91746521,29.911277771,76.7941055298,1.75222996622
1200,519.106994629,293.846466064,39.2300796509,67.7070236206,0.259049818851
1200,218.012832642,168.877288818,16.7072658539,47.6772270203,0.210556806996
1200,335.718109131,73.5996170044,114.094116211,221.417861938,0.0867777154781
1230,385.87902832,88.3250198364,40.1612892151,135.557815552,25.289991498
1230,570.667358398,198.88130188,38.0120277405,100.630104065,15.4257491231
1230,328.637939453,83.4456787109,20.8791980743,57.6987915039,0.650369375944
1260,463.765869141,87.7991333008,43.9736022949,155.882965088,47.1115529537
1260,379.693206787,153.226043701,18.552936554,53.5862083435,9.27320793271
1260,490.515838623,151.698287964,28.9919071198,92.1741943359,1.70786082745
1260,388.499511719,159.692153931,21.6848621368,57.9638557434,0.445311563089
1260,462.772216797,156.492111206,21.2606067657,73.3422393799,0.200050207786
1260,503.511993408,145.270309448,17.8952732086,56.262462616,0.152754108422
1260,515.98248291,148.351455688,17.5900707245,62.2093467712,0.0347781111486
1290,514.46661377,75.379234314,65.2873306274,186.928695679,36.3043397665
1290,279.513336182,146.847106934,18.5411128998,43.4749603271,3.00144720823
1290,414.205566406,158.98274231,19.9187335968,58.4204750061,0.581232085824
1290,265.232330322,145.414886475,19.0577735901,43.6953582764,0.192336563487
1290,374.179321289,26.6565799713,31.6378726959,90.4145431519,0.0919887272175
1320,546.079406738,135.817825317,21.0442676544,63.5076026917,81.6208422184
1320,97.700920105,185.11781311,20.4273452759,54.2415504456,70.0385987759
1320,270.749084473,134.033340454,21.4544353485,49.1444244385,0.438594957814
1320,538.261047363,112.663330078,64.317527771,140.828231812,0.429742364213
1320,19.6193504333,153.844070435,26.3035106659,76.9717636108,0.0533088576049
1320,397.416107178,19.1710357666,38.2182388306,77.3584823608,1.55914207767e-05
1350,536.394592285,139.941268921,25.6177520752,70.3003921509,90.4493033886
1350,16.9353294373,162.375976562,23.8882312775,50.4674415588,0.954231712967
1350,45.9879493713,160.572479248,21.4507465363,60.8237571716,0.944719929248
1380,515.449401855,153.431869507,22.2056980133,68.9692611694,96.8487739563
1380,63.232711792,195.334854126,14.3018264771,43.9179267883,4.78802993894
1380,9.38603591919,177.150894165,22.8863277435,64.650062561,0.262585561723
1380,614.179504395,25.815404892,21.6303939819,59.3813362122,1.30685691602e-05
1410,493.809417725,159.311691284,30.7044200897,67.0127182007,99.3320345879
1410,611.100524902,53.4826774597,22.2416934967,67.8371124268,6.11582063138
1410,617.345031738,121.56363678,17.6729793549,50.8814735413,1.57931689173
1410,127.801574707,36.4844093323,36.3213386536,72.200630188,0.194376602303
1410,521.956970215,148.377151489,31.1266708374,73.5887985229,0.0541320070624
1410,412.271575928,23.2488193512,23.9149551392,62.7323493958,0.00333179668814
1470,468.091064453,153.845657349,24.3693695068,67.0644454956,96.4820384979
1470,451.720428467,161.104125977,22.178030014,60.529132843,0.201551103964
1470,396.299560547,21.2907085419,35.0617790222,71.8536911011,0.00111933459266
1500,454.014984131,167.589157104,26.0604629517,77.1986999512,30.5759966373
1500,9.21696376801,179.523117065,19.9153957367,54.2137451172,2.97185797244
1500,473.747802734,170.128005981,22.1462936401,51.3916130066,0.364978751168
1500,21.6328601837,182.127243042,18.8895149231,55.7247123718,0.0387589272577
1500,389.461212158,18.1238040924,39.2096290588,81.0762023926,8.11487495866e-05
1530,552.494262695,59.130191803,18.9770450592,53.5625114441,9.94857847691
1530,565.157409668,61.4695243835,21.2910060883,60.7475852966,8.32932591438
1530,547.66583252,172.14630127,18.902431488,64.0405807495,2.80233006924
1530,472.255279541,132.727096558,19.3452224731,52.8223762512,0.671069370583
1530,81.0243530273,35.5045433044,27.5762786865,72.1738204956,0.664037233219
1530,482.997039795,131.889022827,20.0201816559,51.7147789001,0.257689529099
1560,604.956970215,131.481445312,20.1947059631,53.4786720276,2.91655994952
1560,91.1872024536,57.4688301086,23.9682006836,61.9056129456,1.24841388315
1560,589.559875488,128.787399292,20.2026233673,54.1062965393,0.683839898556
1560,448.510345459,145.165771484,27.2224674225,75.1776199341,0.67248120904
1560,461.708831787,138.423019409,19.6618156433,57.1589660645,0.314864236861
1560,450.580352783,58.1710929871,32.1181564331,94.0743026733,0.0542311870959
1560,374.457977295,26.0810623169,35.3160896301,81.3247146606,2.77068661347e-06
1590,254.326416016,154.0572052,26.7018795013,55.6183624268,0.720134703442
1590,518.274230957,272.158935547,24.3194828033,69.5266036987,0.602114526555
1590,533.160461426,225.405990601,26.3580226898,76.1826934814,0.00757218513172
1620,609.866638184,289.742279053,23.2083530426,57.2428245544,0.113744824193
1620,200.055709839,56.9720153809,21.8486614227,53.9897041321,0.0811240170151
1620,175.023910522,14.3349609375,35.7829856873,99.6004638672,0.0170705781784
1650,293.444610596,24.8658390045,35.7968635559,81.3943710327,0.000905649721972
1680,440.508453369,184.274490356,17.4495182037,53.8524932861,0.979721732438
1680,469.787445068,22.4405498505,33.6009788513,78.6814117432,0.105488777626
1680,423.510772705,185.916366577,19.7254924774,47.0796813965,0.0825226830784
1680,607.166259766,169.74836731,23.5883235931,60.830242157,0.0296064506983
1710,409.577758789,187.335739136,22.1852169037,57.3451538086,22.2298905253
1710,445.910675049,178.826675415,20.1980266571,62.5643959045,1.88807975501
1710,610.380493164,184.287002563,22.4654006958,52.608127594,1.29602598026
1710,557.618103027,92.6744613647,25.027173996,78.7027893066,0.181114696898
1710,423.29208374,187.177017212,18.6232662201,51.0505714417,0.102450454142
1710,459.590118408,179.712219238,20.0475215912,58.1987724304,0.0897315621842
1710,55.9685173035,208.081848145,19.4158687592,44.6082038879,0.0781241105869
1710,391.869750977,168.325302124,29.6829395294,65.9846420288,0.0351842871169
1710,37.7787361145,200.964477539,27.6324596405,51.8779411316,0.0285584508674
1710,22.3287200928,203.891372681,22.1685409546,48.4416542053,0.0179184833542
1740,408.452178955,193.063339233,26.3119983673,60.6199493408,29.6558737755
1740,373.881958008,199.069320679,19.3252620697,57.4734954834,6.62600770593
1740,8.4896478653,212.08152771,22.9774341583,53.5827217102,4.01802957058
1740,32.1092376709,223.493057251,18.3997707367,43.8055686951,1.50743275881
1740,385.621917725,199.329727173,19.1802997589,54.7943611145,0.106532080099
1740,51.0038566589,220.600112915,21.5716686249,48.64112854,0.0709143118002
1770,289.5652771,199.87487793,21.8307437897,58.7852210999,37.8738939762
1770,239.680557251,209.234848022,30.9379501343,59.7446022034,29.8731982708
1770,597.64251709,90.608543396,32.1454734802,84.7220153809,21.0138827562
1770,417.075073242,95.7592773438,24.9338054657,70.1622619629,14.5513266325
1770,276.890014648,204.215377808,20.3071117401,54.9839134216,2.17650514096
1770,610.337341309,77.5193557739,19.1393604279,49.3682594299,1.25360423699
1800,204.58807373,85.6531600952,30.9735183716,78.1873474121,39.8794025183
1800,28.8227539062,210.112319946,21.3836288452,59.8620948792,10.2219641209
1800,70.5638122559,210.615737915,22.8232955933,56.5993804932,4.79808039963
1800,57.9602928162,205.522338867,20.373544693,58.9615592957,0.739355757833
1800,83.3577041626,214.075180054,23.3402271271,51.9704704285,0.221473048441
1800,46.921497345,208.863891602,18.2821121216,53.7192955017,0.177765171975
1830,306.420623779,167.248245239,41.5000343323,70.5751571655,1.75604112446
1830,88.5725479126,241.663879395,23.1363124847,48.5425872803,0.163429765962
1830,555.349060059,129.056991577,23.2460918427,60.9796791077,0.0748386781197
