30,518.06060791,163.117630005,28.9906845093,68.4047470093,99.6299505234
30,471.942169189,177.176834106,26.1685962677,60.9447479248,95.2095270157
30,71.4519348145,179.22013855,24.7364864349,68.317527771,37.9328072071
30,460.134674072,174.605529785,19.1502513885,54.2801856995,37.9075139761
30,447.630004883,162.197158813,21.785779953,58.1975860596,1.77148357034
30,428.772613525,170.718856812,22.0559997559,60.9183311462,1.64735913277
30,435.982086182,136.735656738,23.630613327,79.6647109985,1.03275673464
30,542.271606445,169.015014648,17.7818813324,54.0889167786,0.840972177684
30,361.675262451,178.098266602,20.4123439789,50.8646087646,0.422347616404
30,506.997436523,169.318222046,18.8294200897,52.5041923523,0.349594373256
30,44.376789093,191.524429321,18.0790195465,49.5063438416,0.314001669176
30,491.557952881,167.693359375,25.4333896637,65.8134460449,0.273472769186
30,397.519775391,180.622421265,23.1534500122,55.5395545959,0.135097804014
30,486.200897217,203.500244141,20.4010868073,43.6265602112,0.0670233624987
30,584.946716309,26.7028675079,18.3410148621,46.47215271,0.049084337661
30,589.374389648,149.667114258,29.8210830688,65.9404754639,0.0296856014756
30,81.5735702515,164.654754639,19.208940506,50.9730873108,0.0260571367107
60,524.209777832,175.092285156,30.9271697998,68.4639892578,98.0391085148
60,121.004089355,185.707992554,29.4866695404,69.3575057983,92.7140712738
60,457.03527832,175.610397339,21.955373764,52.6787452698,83.1619620323
60,445.0652771,170.931045532,18.9233341217,53.6619987488,4.44094054401
60,427.438476562,136.041320801,22.7890224457,73.9098739624,0.877480208874
60,418.925018311,176.671707153,22.8467922211,62.6798439026,0.833353772759
60,544.795593262,174.378067017,21.0358562469,57.2603492737,0.559215573594
60,470.475341797,175.328536987,18.8615283966,48.4571075439,0.555830262601
60,513.766174316,36.449344635,33.3573760986,71.7777023315,0.0139896277688
90,580.374572754,178.305053711,29.0853328705,69.5657119751,99.016970396
90,542.593688965,173.237380981,26.700674057,70.939163208,98.8800108433
90,461.212493896,179.221191406,17.6464748383,49.8939247131,68.0242061615
90,7.78131484985,186.589782715,13.2259569168,54.2740478516,5.39854466915
90,449.787750244,175.393066406,17.4409065247,49.9216117859,0.976939965039
90,504.168334961,181.567993164,19.3114471436,49.8758354187,0.965641532093
90,527.715270996,172.202346802,19.477437973,62.7684936523,0.814730860293
90,423.614227295,132.14239502,20.2993831635,59.7079582214,0.243929144926
120,547.617858887,174.230056763,29.0463104248,77.5956802368,99.125379324
120,232.833999634,182.036132812,40.5482025146,86.3930435181,94.360435009
120,454.569122314,180.489578247,24.0266666412,57.4313163757,94.2616641521
120,441.40737915,183.114212036,18.9264411926,49.3339729309,3.58580909669
120,486.459228516,183.206237793,23.7215671539,51.4775733948,1.56502947211
120,343.475952148,186.420913696,19.5419654846,53.718170166,0.833128765225
120,423.652435303,195.470535278,19.3194465637,53.3653717041,0.581010011956
120,6.40901041031,196.408340454,13.9176607132,48.2327766418,0.300712301396
120,498.159423828,245.040939331,22.0843982697,46.3814277649,0.277937971987
120,407.742095947,135.699249268,20.0848064423,59.9004096985,0.110164447688
150,291.581268311,186.781204224,44.9188957214,75.7882843018,98.0780780315
150,566.344726562,175.474380493,29.3930950165,78.8670806885,97.4829614162
150,456.764160156,187.14251709,21.7358379364,54.3088531494,96.0693657398
150,435.834716797,189.217819214,15.7911596298,46.3205871582,4.52409870923
150,418.193603516,197.258056641,19.6198673248,54.740398407,4.18807007372
150,555.98223877,173.709182739,19.4353046417,57.5472984314,1.82264167815
150,324.790130615,187.42024231,26.3253936768,66.6254806519,1.70903000981
150,344.172576904,190.114639282,17.0714855194,50.7143135071,0.684379320592
150,408.649139404,213.130355835,19.9952259064,47.8040008545,0.481500709429
150,586.360107422,170.261703491,28.3517055511,64.6964187622,0.313297007233
150,498.361206055,252.438659668,21.4898014069,43.4427909851,0.268936995417
150,404.673553467,130.231765747,22.0535564423,69.4803543091,0.22399877198
150,434.925201416,123.603050232,18.997926712,56.8684043884,0.178454245906
180,585.395812988,172.496337891,31.7555465698,83.7656936646,99.1192877293
180,355.933929443,184.534042358,35.9615821838,85.1746444702,96.3849365711
180,458.028717041,186.506347656,25.5677814484,58.4321479797,96.1198151112
180,349.318939209,205.008972168,21.395149231,62.1999206543,7.38441795111
180,575.016235352,177.094985962,22.0427150726,63.8740730286,5.97901642323
180,414.431793213,195.528060913,23.9405899048,58.078502655,2.1946111694
180,450.458374023,189.744018555,16.3947658539,51.1642456055,1.47886201739
180,381.10635376,187.111206055,28.6452255249,75.3251419067,1.18091870099
180,6.16679573059,209.606704712,15.2040109634,44.8903656006,0.974694360048
180,375.376495361,179.100997925,19.7132797241,61.1575012207,0.422406150028
180,577.950256348,24.7873458862,19.7519130707,55.202999115,0.38608731702
180,403.627075195,139.204071045,19.8662567139,60.0404663086,0.147093017586
210,597.631591797,174.557128906,30.6986064911,86.1078491211,99.5928704739
210,463.62387085,186.177322388,22.421295166,59.7616691589,92.8854227066
210,425.092681885,187.837295532,32.0761146545,77.5623855591,91.7940378189
210,444.744293213,188.726318359,19.5530471802,59.8715553284,2.88114920259
210,417.014007568,219.595703125,21.176738739,51.2258605957,2.25477851927
210,339.436676025,195.404220581,18.5359172821,48.0363883972,2.01343391091
210,587.093688965,179.814651489,20.6207675934,65.0674514771,1.48711325601
210,399.812744141,187.3881073,23.1040115356,70.9164505005,0.531480507925
210,397.87399292,137.83253479,19.3866558075,57.1609916687,0.183796626516
210,355.066619873,192.569747925,20.9635410309,54.6443481445,0.0689672073349
210,412.305908203,134.87852478,23.1430892944,74.3292617798,0.0203668620088
210,573.287719727,26.4729938507,22.6437454224,50.6794281006,0.0102748788777
240,599.489013672,177.609802246,31.0232334137,82.2374420166,99.6458888054
240,490.68737793,181.059646606,29.1970806122,78.4623794556,97.4106132984
240,464.009887695,184.264465332,23.2921676636,61.5258750916,96.4037895203
240,407.176055908,192.205795288,24.264837265,67.2687454224,2.89369765669
240,423.459564209,194.514266968,21.893661499,50.6819953918,2.76366621256
240,338.814483643,196.856002808,18.6932888031,47.0494842529,2.14399304241
240,12.4799184799,210.333129883,16.3851852417,41.9000892639,2.09639705718
240,506.745147705,191.280075073,21.0583209991,57.5482826233,0.965401250869
240,591.588378906,183.329101562,18.6349945068,60.9959106445,0.443245097995
240,582.40020752,19.4720439911,19.0635547638,55.2232513428,0.307991472073
240,412.903900146,139.848937988,22.159910202,55.8536682129,0.206014886498
240,397.453491211,144.942550659,19.6844158173,56.453125,0.200180569664
240,477.490570068,192.864624023,21.3788757324,61.0202484131,0.0769725593273
270,334.217071533,198.961349487,17.4927654266,46.7424507141,5.10619692504
270,428.003295898,200.793701172,28.7306690216,60.0775337219,2.43020337075
270,413.289215088,140.947189331,21.3001117706,55.5914421082,1.67071018368
270,403.48324585,195.722000122,21.3882007599,59.3269691467,0.986224971712
270,444.97567749,186.704299927,33.9548416138,78.2755737305,0.937564112246
270,399.179473877,149.359405518,19.0611362457,72.9045181274,0.469171861187
270,577.798156738,23.8880519867,20.0170154572,57.5845031738,0.325506762601
270,344.754608154,198.257446289,18.5625934601,51.5710754395,0.141600007191
270,8.36914253235,210.827133179,14.1162557602,46.1358070374,0.120343489107
300,596.244140625,176.311019897,31.728143692,83.1405105591,99.888330698
300,473.363037109,184.942626953,29.3791255951,66.5428695679,99.2884278297
300,340.560180664,201.806518555,14.9905395508,45.5847969055,21.7453882098
300,411.336883545,202.84034729,21.9970149994,54.4835548401,4.76503558457
300,413.997161865,141.256439209,20.8564224243,52.1717987061,1.04962503538
300,404.567382812,147.763961792,19.6663417816,53.8067131042,0.280544557609
300,327.190093994,198.926391602,16.0373325348,43.3109474182,0.129702722188
300,392.480743408,151.732315063,19.1071643829,59.3048973083,0.0885905872565
300,619.773864746,182.1040802,20.2261352539,77.6337661743,0.0494553823955
300,572.017150879,168.000717163,22.392988205,78.7493972778,0.0325315777445
300,574.839355469,27.0928955078,26.2953796387,60.3736076355,1.1702464775e-05
330,601.23034668,179.994689941,32.0251617432,81.6333007812,99.8325407505
330,481.767913818,182.902389526,23.9427928925,66.5147628784,98.1908380985
330,337.464904785,200.672241211,16.9798641205,46.2239379883,9.51781794429
330,410.440582275,199.307907104,23.8730869293,58.4676399231,2.98644937575
330,470.83581543,187.234054565,17.433921814,55.5717926025,1.43554843962
330,417.973632812,137.223297119,21.7805614471,58.7084999084,0.280754780397
330,402.53994751,133.318496704,23.6878452301,73.3624038696,0.125291245058
330,572.69744873,23.8575992584,23.3381481171,52.1748161316,0.0630449212622
360,603.758972168,178.829391479,27.6243915558,81.9484176636,99.6486365795
360,489.262176514,181.253555298,25.6251583099,72.4892654419,98.4212100506
360,336.841339111,201.142562866,15.0758543015,44.3624839783,6.71744272113
360,405.325683594,197.794692993,23.9358005524,60.5904197693,1.75661351532
360,423.042236328,198.751144409,23.2088012695,49.0716590881,1.49395447224
360,478.244781494,185.426391602,19.5388393402,57.4938201904,1.27270072699
360,588.28717041,183.567672729,21.1042556763,60.3398780823,0.287036481313
360,7.62093496323,213.879272461,14.2407331467,43.9438514709,0.0323886604747
360,566.522216797,34.8869514465,21.272644043,54.2725410461,2.17486970655e-06
390,604.863891602,177.848861694,25.0119247437,52.1855964661,60.4481101036
390,502.154876709,188.128738403,21.9528198242,44.7491645813,38.5300457478
390,575.492858887,18.1979465485,22.7104816437,61.4326972961,3.25363911688
390,400.743621826,136.297409058,19.9629001617,55.4756622314,0.603108061478
390,417.364501953,132.523025513,22.0284328461,55.9888916016,0.170951255132
420,602.925842285,178.989257812,29.9342098236,83.7101974487,99.7895658016
420,508.915496826,179.180007935,33.9793205261,83.4940109253,98.7312793732
420,338.370910645,203.97076416,17.0230865479,44.4651222229,22.8815466166
420,528.386047363,187.287155151,22.0099182129,63.9408721924,4.0560439229
420,502.883911133,189.286682129,19.9282875061,58.5614509583,2.39156521857
420,412.916748047,202.568069458,19.893573761,55.0373344421,0.546875968575
420,351.581878662,200.54107666,18.648311615,47.450881958,0.506800226867
420,590.545166016,181.823165894,20.108335495,58.4833030701,0.404758425429
420,326.019714355,201.977554321,20.7228755951,47.4936180115,0.159184576478
420,7.25527000427,204.914077759,15.1221857071,50.6249237061,0.121852953453
420,397.479156494,135.577377319,20.2277698517,68.9090652466,0.105346180499
450,605.01348877,181.144058228,27.1021728516,79.6513290405,99.5360195637
450,526.043518066,177.07673645,34.7635612488,88.4848861694,97.2737848759
450,544.697998047,206.65447998,18.9683704376,54.655380249,6.44894018769
450,4.76919698715,195.927963257,17.8002529144,48.7198905945,4.93625216186
450,517.229553223,187.192993164,24.5171222687,63.9420890808,3.02718654275
450,587.365783691,182.632766724,24.1468868256,63.1994438171,0.661275628954
450,571.180175781,174.66619873,28.0148925781,75.4628829956,0.103064184077
450,577.190368652,32.7161445618,21.652639389,53.6241722107,0.0262638292043
480,334.589019775,201.664230347,17.5940055847,46.3965568542,10.6830753386
480,418.629241943,113.993743896,19.6569671631,57.1324310303,0.22732084617
510,588.003845215,178.939941406,32.9652938843,82.4042358398,99.6183156967
510,545.546081543,181.375808716,35.7954177856,92.3346786499,99.231761694
510,392.473022461,193.954818726,21.5579662323,63.3236732483,14.6349444985
510,471.553070068,195.463012695,24.2876186371,50.1233940125,2.71819159389
510,571.683959961,184.098587036,20.3406429291,68.1379089355,1.96480397135
510,539.870605469,188.336364746,21.0063896179,63.8570899963,1.30254263058
510,489.525238037,201.008346558,18.4001598358,43.878452301,0.812703836709
510,402.000946045,214.609420776,20.4237289429,50.4551086426,0.690017733723
510,570.434387207,32.8252906799,23.8623409271,47.0547447205,0.00038858975131
540,549.465637207,182.268295288,31.9804534912,94.4339675903,99.5193243027
540,582.798400879,180.933609009,33.4605140686,85.5971374512,99.514490366
540,323.099273682,201.915237427,17.2145118713,46.2339820862,26.6839802265
540,384.746582031,193.97857666,18.6992759705,54.1135520935,9.1840788722
540,394.318969727,195.146118164,24.809923172,65.3326644897,1.99698396027
540,531.518127441,183.52746582,26.7752437592,81.2024154663,1.34520148858
540,412.08694458,200.405639648,22.0339221954,46.0962181091,1.14198597148
540,574.800720215,182.466079712,20.465965271,72.9211349487,1.06240976602
540,482.805450439,255.107589722,20.617641449,43.8204536438,0.588400382549
540,566.736755371,220.858535767,20.5138778687,56.8965148926,0.496211554855
540,543.789367676,218.464065552,20.6253662109,57.5254707336,0.219915271737
540,604.659545898,183.581069946,27.2117404938,80.7999649048,0.207859510556
540,352.708221436,198.151855469,23.9725933075,61.4832649231,0.104689714499
570,578.688415527,175.706665039,32.1798362732,97.7691345215,99.6034443378
570,546.158081055,180.984786987,34.0135307312,97.0893249512,98.9844679832
570,314.272216797,202.092971802,18.0323181152,45.8696708679,20.2228099108
570,540.193908691,193.794921875,20.1850910187,58.0015449524,3.17626819015
570,394.086425781,199.426254272,24.0499019623,57.8142127991,2.53607295454
570,567.844055176,186.221801758,21.0018482208,71.7181625366,1.8977181986
570,463.089202881,197.601119995,18.8404159546,46.7813568115,0.775236357003
570,386.876220703,219.316757202,20.0253620148,47.9922790527,0.625230045989
570,562.432556152,225.2525177,20.5782604218,55.5698394775,0.518160266802
570,541.550170898,229.566177368,26.1456661224,54.9161224365,0.361194368452
570,392.263793945,134.620620728,22.0095424652,64.4843978882,0.202288734727
570,403.484863281,119.813415527,20.6431312561,55.791103363,0.0520455592778
600,575.094238281,184.650588989,23.41040802,45.7881965637,53.2374203205
600,550.077697754,183.961013794,24.2595653534,52.7648429871,39.0958964825
600,308.105285645,200.140029907,19.5124435425,47.1038551331,38.9491021633
600,376.909454346,192.105880737,26.7211856842,69.0211868286,14.9440139532
600,567.241394043,178.930297852,46.523021698,88.8003921509,10.1107344031
600,617.622741699,149.481155396,16.8404331207,51.4989738464,0.992991682142
600,563.278137207,177.37638855,19.0527362823,50.4962768555,0.814492907375
600,392.594940186,195.96925354,23.5963459015,52.5735282898,0.609249249101
600,538.56060791,187.786376953,19.3935604095,46.2671203613,0.417956197634
600,16.7711277008,189.159240723,27.4053859711,62.0569190979,0.231016799808
600,380.091033936,135.875839233,26.3863124847,74.9747085571,0.00364295410691
630,548.449279785,179.134887695,36.1522598267,101.247039795,98.0749368668
630,575.180236816,178.927200317,30.129442215,96.3469009399,97.4535942078
630,303.459564209,201.019088745,17.0410423279,49.7010231018,10.243973881
630,544.233703613,219.93560791,22.0817966461,60.69713974,8.58450606465
630,556.155822754,229.002334595,21.374753952,58.1804618835,4.52602058649
630,395.176147461,205.024368286,23.5866374969,46.8082084656,3.55906151235
630,382.792572021,201.546737671,23.5592041016,58.7001495361,3.06555144489
630,530.596923828,180.481140137,26.9612808228,95.665763855,1.39839164913
630,424.555328369,204.241256714,21.1495990753,42.5623130798,1.04238847271
630,510.848388672,205.618850708,18.756187439,46.5679664612,0.62498152256
630,372.072021484,220.818283081,20.5139732361,50.3144264221,0.12734682532
630,319.830047607,202.46836853,17.7297382355,47.6485939026,0.0730557308998
630,380.000366211,137.793777466,25.9906845093,84.0142288208,0.0530879420694
660,571.443481445,179.711853027,30.9046878815,98.4323730469,98.5367834568
660,544.813964844,183.554733276,35.4184532166,104.077140808,98.3159661293
660,296.953430176,200.515213013,17.9364891052,45.2200469971,35.8492940664
660,561.52166748,231.900634766,21.6055355072,56.333984375,5.28827384114
660,393.783416748,203.088699341,19.4381332397,43.5382118225,2.90222186595
660,381.266082764,144.955154419,20.9169807434,57.5114631653,2.8320280835
660,8.06727313995,184.530151367,18.0765895844,49.18516922,2.14596427977
660,374.565673828,207.606262207,22.9101963043,57.7616691589,1.3054179959
660,557.818054199,21.7073574066,20.2519893646,50.9634284973,0.765210622922
660,467.943511963,254.791519165,28.4488525391,52.2355041504,0.696230400354
660,307.101928711,199.827209473,17.406835556,49.095703125,0.641413172707
660,538.706420898,204.521499634,21.5442943573,66.044303894,0.390740018338
660,332.497406006,205.624832153,22.652929306,58.21667099,0.342562631704
660,563.121154785,183.230163574,20.2205257416,62.7580833435,0.308809359558
660,368.298736572,146.364929199,19.1850509644,52.0284385681,0.159828364849
660,283.057830811,191.933822632,19.003900528,47.7926292419,0.128994043916
660,315.782196045,202.674362183,25.1955471039,53.2968139648,0.0987636041827
660,355.268768311,142.440231323,19.857843399,56.5123634338,0.0165116449352
690,579.616455078,180.640426636,34.604095459,100.218330383,99.7621297836
690,545.324951172,179.927810669,37.2167816162,111.346221924,99.5811462402
690,290.84463501,203.913925171,18.920797348,49.5107688904,18.7354937196
690,564.510986328,222.89201355,21.033323288,64.2215881348,2.89617460221
690,3.58691978455,198.594482422,18.8305397034,53.5182304382,2.26446967572
690,532.642028809,178.598770142,28.9017429352,95.5416793823,1.69385150075
690,367.857025146,203.401062012,23.9810028076,61.5217247009,1.30633376539
690,423.611206055,208.346679688,19.8344974518,46.2637519836,0.60287611559
690,602.129577637,186.821899414,27.5314121246,79.6698226929,0.563841033727
690,442.027099609,206.916687012,17.9491691589,45.3830451965,0.50681871362
690,550.137084961,237.537231445,21.6474456787,54.5996360779,0.418453244492
690,278.400817871,197.426437378,17.6129817963,47.2374763489,0.400764960796
690,361.042572021,226.614547729,19.1899318695,48.1572151184,0.179195939563
690,371.270233154,148.216171265,20.2406177521,59.9110107422,0.0408101273933
720,594.226501465,186.503738403,35.2613220215,103.70841217,99.724560976
720,550.826660156,178.108596802,40.6273918152,120.910102844,98.6560642719
720,279.799041748,203.497543335,18.1782283783,46.1563720703,32.9201728106
720,543.070495605,187.503768921,23.8496685028,66.8674087524,4.82656732202
720,581.057800293,195.940841675,20.9287128448,78.7477645874,3.71241979301
720,289.431060791,205.018066406,19.3755970001,48.9720115662,1.79724451154
720,368.921264648,200.480148315,23.2796173096,51.9241065979,1.39547819272
720,352.39553833,192.529953003,22.6929454803,68.4654159546,1.24520808458
720,559.834655762,241.038345337,22.5946369171,58.0388298035,0.898364651948
720,614.803222656,186.878311157,17.9187526703,54.1923522949,0.829742476344
720,616.669128418,98.2852401733,19.7056789398,56.3884391785,0.508442288265
720,533.668518066,192.987228394,19.9790363312,54.5419273376,0.444921059534
720,266.049194336,196.215286255,22.1745223999,50.8599700928,0.208639306948
720,361.704742432,149.817581177,18.5587978363,65.2350387573,0.171376555227
720,250.767990112,189.744995117,21.9724597931,50.5639038086,0.0482435105368
750,557.720947266,171.882400513,47.9283714294,136.646896362,99.3480861187
750,614.619628906,194.661376953,21.8016109467,94.4197998047,74.6968209743
750,266.02835083,201.252441406,16.6577987671,51.6915435791,16.3886278868
750,611.950744629,176.964065552,19.1525783539,50.262928009,3.93558368087
750,552.312805176,193.683517456,24.7190074921,64.3898696899,2.42062900215
750,571.231994629,242.715499878,26.5979366302,63.812297821,2.20435950905
750,392.403900146,208.463516235,19.7992610931,43.7439613342,1.20464172214
750,597.35736084,192.085800171,23.1671676636,73.9081954956,0.89943241328
750,496.264251709,267.998352051,26.144990921,56.0091590881,0.579463690519
750,6.63043451309,210.065063477,17.9023666382,54.3646507263,0.527604296803
750,408.029144287,209.866012573,20.3351039886,45.5170898438,0.474444683641
750,514.324768066,273.600250244,20.9175987244,46.0491523743,0.187290320173
750,535.837463379,23.3301696777,20.9889202118,53.2388801575,0.110992032569
780,572.413391113,171.218673706,51.8022041321,149.888290405,99.4387626648
780,253.164993286,206.403579712,18.3377971649,46.5429954529,21.9257846475
780,599.356689453,189.929748535,26.9807434082,87.2965393066,8.71164873242
780,614.511413574,207.379806519,18.5921077728,52.429561615,5.73646910489
780,589.735290527,261.698486328,26.1054382324,58.0149116516,1.04279164225
780,408.374359131,209.147338867,19.5881347656,45.2345123291,0.863699987531
780,340.780822754,204.782241821,24.2525501251,55.2898368835,0.644146464765
780,574.069335938,187.951049805,26.2616043091,84.3334197998,0.569901429117
780,467.455932617,213.746505737,19.4001998901,45.9766235352,0.470130657777
780,328.474334717,144.277664185,21.1022167206,58.5129356384,0.169086793903
780,566.263183594,196.53767395,20.1808490753,58.0903930664,0.0761064176913
780,313.142059326,142.217849731,19.3640613556,55.4486808777,0.0236756910454
780,354.676483154,118.147865295,20.0933303833,56.8469047546,0.0129218271468
810,597.652038574,154.41456604,41.9018554688,163.468582153,90.2202367783
810,236.8931427,206.098449707,16.8497219086,50.8415489197,15.1056557894
810,602.958557129,215.14630127,26.6627426147,73.0743408203,10.809122026
810,614.808044434,253.514175415,22.0837001801,69.3721084595,9.1059550643
810,316.641265869,206.078567505,20.8402080536,66.5466537476,1.70016270131
810,326.335296631,202.06993103,27.228055954,53.3851776123,0.91067282483
810,592.758666992,172.255722046,31.0528812408,75.6949539185,0.717881554738
810,612.111572266,153.116928101,25.6912097931,78.4810256958,0.572868762538
810,265.993530273,216.799682617,19.9752807617,47.4274406433,0.364518421702
810,382.601196289,208.834274292,19.9789848328,45.4880180359,0.276861316524
810,508.346588135,22.9127445221,21.9008026123,54.4164733887,0.121328874957
810,243.205947876,207.356201172,26.5733013153,58.3771324158,0.105448334944
810,297.822113037,139.11680603,18.6275939941,57.8434448242,0.061536685098
810,318.339691162,144.865478516,19.4254722595,58.4886474609,0.0179000999196
810,506.083526611,278.102722168,27.0570049286,55.2776031494,0.00434461326222
840,620.202453613,210.021194458,19.7224559784,67.6334838867,13.6889919639
840,213.067092896,197.701980591,18.2663326263,51.4740715027,11.0981851816
840,7.71754693985,187.67048645,25.1092777252,68.8715896606,4.79373037815
840,288.666534424,201.306152344,23.6874446869,71.2423706055,2.18275338411
840,291.050567627,133.737442017,19.3333854675,62.8358192444,1.4245278202
840,423.421539307,197.015304565,24.1053409576,50.9600563049,1.38752963394
840,241.112014771,208.063156128,23.4264011383,52.350112915,0.825701467693
840,615.921875,244.575805664,18.908115387,52.6443634033,0.689767999575
840,504.080230713,207.57069397,23.772687912,46.0299415588,0.521158752963
840,300.958099365,139.880508423,21.1620922089,70.5287475586,0.464475620538
840,494.244293213,27.3063106537,29.0257701874,62.5369567871,0.00188791273104
870,192.519668579,200.35736084,29.294342041,69.6364898682,47.6493865252
870,297.138671875,203.996994019,26.1918506622,45.8235054016,2.35495455563
870,328.949188232,205.398330688,21.4421138763,46.6234474182,2.19494197518
870,388.982574463,195.127304077,24.1038799286,51.8089103699,1.97630245239
870,222.221755981,203.200881958,25.5958080292,56.0292701721,0.846042856574
870,407.059783936,196.5756073,23.3463821411,51.6285591125,0.812309794128
870,347.256988525,198.548233032,23.7822036743,51.5623931885,0.47171767801
870,282.407958984,203.508804321,22.3303203583,56.5713005066,0.438220147043
870,492.890625,198.401016235,22.8324680328,52.9843406677,0.389245711267
870,185.518630981,198.844070435,19.9108791351,50.8989448547,0.375088187866
870,263.744873047,188.666488647,21.0620250702,56.4885749817,0.29739451129
900,611.553466797,164.12663269,26.0149173737,150.481460571,89.610016346
900,186.69203186,202.169113159,18.5954837799,48.5984191895,37.7492845058
900,208.997909546,207.007629395,25.1014938354,50.4680671692,2.12815403938
900,174.565307617,206.104309082,21.044095993,52.7904548645,1.72179415822
900,283.226806641,199.924209595,26.8544082642,48.6677894592,1.33657986298
900,611.813842773,163.858551025,19.4740657806,49.5598716736,1.18810581043
900,345.935760498,200.729263306,20.0671329498,45.1625213623,1.15411048755
900,266.386077881,196.110794067,25.0410480499,66.0986557007,1.10677797347
900,557.863342285,145.030654907,18.6887454987,52.6123161316,0.421609217301
900,254.142715454,189.316238403,21.1857204437,59.9725494385,0.251735770144
900,194.21043396,226.608566284,28.1343669891,55.5595207214,0.0542739231605
900,547.397644043,80.3452148438,22.3246459961,66.3627853394,0.0462535215775
900,465.220092773,26.1465625763,22.2597332001,50.8208580017,0.00439818468294
930,551.549743652,174.170913696,56.2988853455,132.620819092,99.8979091644
930,179.65397644,200.088912964,18.1524410248,48.7421722412,10.7660219073
930,586.519836426,183.851623535,28.448179245,73.5381164551,10.4034304619
930,196.873291016,203.588790894,26.0876846313,52.5159492493,2.42235269397
930,611.463562012,173.102478027,17.9945888519,56.3561286926,1.87230203301
930,273.087280273,196.709182739,27.896484375,49.5885314941,1.22749004513
930,255.447158813,204.531860352,24.4036483765,62.7316703796,1.2022449635
930,398.058807373,205.190795898,19.7841644287,45.158782959,0.830211956054
930,378.577789307,193.90965271,26.7457733154,50.7605628967,0.679854210466
930,166.194641113,206.525436401,25.5268859863,60.1683692932,0.567938666791
930,537.419433594,179.532592773,31.6605815887,101.51499176,0.563219562173
930,243.858200073,197.971450806,22.0884304047,67.453666687,0.515778083354
930,616.008239746,194.873214722,19.9568977356,54.3595848083,0.442871032283
930,603.699768066,212.74571228,19.6037921906,49.048664093,0.398902595043
930,561.721252441,240.445617676,33.5393867493,65.1564254761,0.129395781551
930,7.53775978088,209.832214355,19.087266922,59.3937339783,0.0941059726756
930,545.205810547,82.7903213501,20.6231269836,67.2222595215,0.00671253656037
960,526.389038086,175.943771362,51.9635162354,129.546447754,99.8670399189
960,603.582702637,179.499252319,36.4172973633,98.3047180176,97.2650945187
960,162.418563843,199.556091309,19.94672966,52.6137962341,21.4435696602
960,565.468566895,191.455322266,20.3347301483,56.0655708313,11.4489674568
960,30.4978561401,202.775268555,23.0935268402,57.1540870667,3.89235392213
960,240.458633423,189.645858765,25.5444087982,76.5521011353,2.65510156751
960,535.507568359,231.019592285,22.6734218597,67.620223999,2.03525777906
960,392.394500732,206.514266968,20.2680091858,46.6122131348,0.711090024561
960,319.11505127,199.069381714,19.0827140808,44.8072319031,0.607444997877
960,307.789978027,202.341720581,19.9041194916,45.7197723389,0.328105455264
960,621.809509277,86.6946182251,18.1904907227,64.2399215698,0.290121138096
960,228.328872681,190.08354187,20.3068294525,54.042098999,0.281702307984
960,574.482421875,175.289627075,44.1157722473,101.711029053,0.260752346367
960,202.112991333,147.588302612,26.4891872406,70.6217651367,0.222548982129
960,232.992004395,229.169555664,20.7381324768,49.4548530579,0.0857997569256
960,529.119445801,81.0016098022,27.6019592285,81.7576828003,0.0574151636101
960,535.543823242,176.723526001,25.8856143951,60.5872001648,6.60036619138e-05
990,485.338500977,174.808425903,46.8911743164,115.841209412,99.8966157436
990,581.817138672,174.092895508,46.904964447,119.65927887,99.2956995964
990,132.443222046,198.99861145,19.2956085205,48.6257133484,42.9583728313
990,606.456848145,41.8055229187,23.9520816803,61.0435333252,22.9882627726
990,159.151535034,205.391983032,23.5503616333,53.8320770264,8.17758440971
990,212.521606445,199.194396973,21.8143463135,67.755531311,5.51206283271
990,237.088851929,200.318466187,26.4740066528,48.8927726746,4.04994599521
990,513.116271973,184.446228027,25.4640216827,78.4748153687,2.31738556176
990,347.857391357,194.389511108,26.1674518585,52.8021392822,1.18166226894
990,146.476150513,200.552810669,23.5372409821,57.4665184021,0.845461245626
990,585.325256348,230.954345703,23.5662555695,66.3486328125,0.776535505429
990,616.123901367,181.236495972,17.8091640472,59.4237785339,0.678002322093
990,614.739562988,124.634742737,19.5588684082,61.2707366943,0.536719197407
990,365.31237793,206.591201782,21.1658916473,48.0681304932,0.385301187634
990,195.036941528,190.263305664,21.9433917999,55.2725563049,0.348346540704
990,600.614562988,63.2131996155,30.3120670319,106.51789093,0.241134455428
990,173.679550171,148.355651855,18.2366504669,67.681312561,0.150379049592
990,525.586425781,84.3662948608,19.9634494781,52.7878990173,0.0200488982955
1020,406.423187256,168.946060181,41.486125946,111.809257507,99.8948633671
1020,71.6570587158,194.04447937,33.4951095581,78.143157959,45.3359514475
1020,569.29095459,35.6921958923,28.8852005005,68.5201339722,34.4754219055
1020,157.25163269,198.468811035,22.0454120636,64.1670913696,27.89106071
1020,565.487915039,111.287315369,33.4663543701,86.3537521362,11.4751905203
1020,597.362854004,178.362380981,20.4628334045,51.5339164734,5.2937105298
1020,102.636901855,196.612182617,24.08685112,59.266784668,3.45662347972
1020,518.920837402,168.220565796,22.6395244598,52.1981315613,1.43738752231
1020,243.083145142,195.121994019,19.8407230377,45.4902038574,0.89022833854
1020,123.013946533,139.90612793,23.1574077606,77.3822479248,0.853069592267
1020,152.285736084,113.490501404,25.3607711792,73.4161376953,0.584297487512
1020,606.762878418,192.441879272,23.5728912354,56.3336601257,0.378768914379
1020,561.636352539,56.0549507141,20.4215717316,56.4285163879,0.17443432007
1020,203.294189453,72.1091461182,25.4377994537,69.1861495972,0.143923342694
1020,391.105072021,195.081954956,24.414812088,56.5340995789,0.109901581891
1020,568.765319824,70.2144622803,29.9420337677,80.8398971558,0.0829015043564
1020,92.8780822754,217.634277344,20.822889328,53.4377632141,0.058220163919
1020,458.415740967,77.9596176147,26.3913574219,80.5419464111,0.0377792661311
1020,136.610473633,141.666275024,18.8720054626,65.7829971313,0.0264724891167
1050,320.847412109,170.797836304,43.3761177063,103.465827942,99.7853934765
1050,610.622131348,171.005905151,25.5604000092,105.256469727,94.9178338051
1050,110.657203674,199.269332886,19.6872406006,64.7323226929,78.998541832
1050,29.9356002808,198.132827759,34.7360877991,72.1817169189,13.5066539049
1050,526.938537598,39.3489646912,23.5472927094,58.1443901062,10.0535809994
1050,526.113586426,182.824462891,19.690776825,46.2048149109,6.43634870648
1050,53.9090003967,195.786483765,23.1769275665,60.2382545471,6.34741410613
1050,560.985717773,182.007980347,18.9283847809,47.2268409729,4.84890006483
1050,481.30065918,164.936386108,21.5725708008,52.4953575134,4.43871691823
1050,542.48223877,109.709510803,24.0753154755,60.4756469727,3.77760827541
1050,195.358566284,194.456802368,21.3375167847,48.4462852478,2.67159342766
1050,140.797195435,197.285079956,23.9470424652,44.1137962341,1.3898447156
1050,305.242736816,170.67376709,29.5778503418,92.0012283325,1.0904924944
1050,467.168945312,77.9242858887,18.8891925812,52.3092842102,0.427614105865
1050,615.721862793,232.595336914,18.0082035065,55.6248130798,0.342592177913
1050,118.688354492,190.382400513,18.5402812958,51.0194969177,0.304413028061
1050,523.027648926,61.316608429,33.6510887146,104.487571716,0.280123879202
1050,626.957336426,181.361694336,13.0426635742,59.6054039001,0.218769256026
1050,604.06060791,170.651168823,18.179101944,52.7210388184,0.216127582826
1050,349.142913818,178.221069336,27.2473831177,69.7115631104,0.144779984839
1050,64.896522522,209.339401245,21.3335399628,56.0688667297,0.14021510724
1050,44.9823799133,233.175720215,28.4547405243,54.2434234619,0.0991815701127
1050,160.531906128,70.7751998901,18.9565525055,66.6128768921,0.0532713485882
1050,414.58996582,65.1906814575,29.1800689697,89.0888977051,0.0315705663525
1080,536.262878418,175.270751953,33.9021911621,106.328742981,99.4724929333
1080,273.436187744,170.222946167,38.6011810303,98.7767333984,99.4613528252
1080,89.7022705078,193.300415039,24.5223178864,74.9051742554,86.1595869064
1080,39.8411521912,196.196517944,27.5403079987,66.6084060669,42.2123253345
1080,16.4832649231,196.17024231,28.0724163055,79.0044326782,39.4791990519
1080,462.029510498,163.865493774,19.5354309082,57.324672699,31.5433979034
1080,515.037414551,38.8443374634,23.2635555267,60.5044403076,27.0198315382
1080,472.707641602,170.352493286,19.3222351074,53.1699066162,9.6992649138
1080,522.354980469,105.058982849,29.1899795532,59.3182487488,4.63724248111
1080,184.476623535,193.040237427,20.0174255371,45.3322563171,1.37567464262
1080,10.5636672974,187.737045288,20.491350174,55.330657959,1.26993451267
1080,260.861877441,186.154663086,23.5406341553,66.4663848877,0.890440214425
1080,81.6970443726,178.752685547,21.4409313202,65.7540206909,0.69610257633
1080,296.684661865,177.057022095,25.7507343292,80.0312957764,0.66155064851
1080,168.62071228,193.664855957,19.2671108246,49.6743202209,0.513054942712
1080,103.009971619,186.270675659,18.4688682556,52.7475624084,0.267191464081
1080,542.265014648,233.790390015,20.7539730072,54.448348999,0.257151806727
1080,25.9922733307,233.926315308,25.6057510376,57.0266609192,0.237148953602
1080,554.483276367,176.894958496,20.9212932587,60.5400848389,0.145222130232
1080,408.2996521,163.299957275,20.174779892,57.9380455017,0.0909992319066
1080,397.388671875,50.8836975098,32.451625824,104.786193848,0.0711948960088
1080,317.938568115,26.16447258,28.631187439,63.5413475037,1.01003472253e-06
1110,193.847946167,173.233169556,38.8273544312,99.3498001099,99.7520446777
1110,412.865966797,173.181930542,42.2700424194,114.557220459,98.8732814789
1110,36.8737411499,195.149856567,24.1648406982,69.0417938232,93.0693626404
1110,440.001342773,229.349899292,23.9917984009,55.7062339783,33.6556255817
1110,22.0659694672,192.878555298,25.8521289825,78.7860031128,19.5006787777
1110,461.868621826,29.1889743805,28.8704090118,65.972694397,8.72846320271
1110,494.857696533,173.175415039,21.7781143188,56.2317199707,8.68547037244
1110,405.626800537,173.656814575,19.54570961,56.2454833984,4.05325219035
1110,591.800109863,31.1890106201,30.0365066528,90.4608535767,3.34078148007
1110,418.353759766,237.205215454,21.9889583588,53.6270294189,2.32943315059
1110,76.1151733398,194.866638184,27.3603286743,46.1860237122,1.61722544581
1110,98.1529922485,194.852783203,20.0543727875,46.1031532288,1.36143965647
1110,469.608154297,103.754127502,27.6719970703,64.0478973389,1.15314042196
1110,348.924804688,58.8004608154,27.0114192963,90.5362625122,1.05209443718
1110,276.138275146,199.275268555,25.6316757202,50.1086921692,0.83666658029
1110,130.991500854,196.545593262,20.4252376556,45.0973396301,0.543265324086
1110,461.576904297,180.311904907,17.9712848663,51.4173545837,0.511257117614
1110,424.591949463,171.599868774,21.8847732544,66.2363204956,0.172687077429
1110,477.673950195,39.4862937927,27.2775497437,72.1211242676,0.162146810908
1140,100.877754211,180.942443848,48.0594329834,117.582145691,94.3225622177
1140,189.281814575,159.596069336,20.7371349335,57.9711952209,10.7300393283
1140,243.149353027,87.5445251465,28.1888561249,60.4385108948,2.67742630094
1140,123.281951904,59.7919883728,26.7461471558,79.0852966309,1.74562446773
1140,510.164550781,154.961380005,36.1114883423,61.6759490967,0.998154375702
1140,39.2016296387,194.270065308,28.6449565887,58.417098999,0.897784437984
1140,271.241851807,185.243225098,23.7982845306,68.4497451782,0.478866230696
1140,408.291351318,44.1606140137,20.9776268005,60.1998748779,0.250054826029
1140,229.262649536,22.818939209,32.6809120178,80.3574905396,0.194686208852
1140,423.351287842,24.3780269623,22.7522144318,65.049659729,0.13304563472
1140,178.520584106,75.3208389282,25.3912582397,53.01795578,0.125803111587
1140,575.127258301,226.029464722,31.8134822845,79.0995101929,0.00641508449917
1170,19.0780334473,138.758972168,35.934967041,65.462852478,5.33959753811
1200,239.430221558,181.4712677,20.237827301,47.6360054016,29.7420591116
1200,213.121658325,83.2940826416,51.1580696106,138.693389893,16.1817833781
1200,350.953399658,130.386642456,29.1730899811,65.7956161499,2.7403222397
1200,202.24230957,81.313117981,31.9675617218,99.9117050171,0.749815814197
1200,237.077590942,98.4738769531,29.255147934,68.5847473145,0.517002865672
1200,426.786254883,139.725021362,22.3969554901,60.9213371277,0.0326201290591
1200,33.9891471863,54.426158905,34.5914649963,75.3368301392,0.00320223989547
1230,541.988586426,185.166992188,18.9291172028,48.3501586914,90.7145440578
1230,612.098083496,188.445571899,18.339761734,49.6884346008,34.6995860338
1230,8.30954742432,190.950500488,18.6017513275,50.4429206848,20.6020459533
1230,503.937469482,186.562561035,19.8737773895,49.4441184998,11.4629603922
1230,591.466003418,174.279159546,16.0566577911,60.7769050598,5.56853376329
1230,568.926147461,179.913375854,21.825876236,61.9182281494,2.98281293362
1230,528.089660645,189.099243164,18.2132778168,44.7005462646,1.48344123736
1230,561.394042969,185.44871521,15.3792905807,49.9848175049,1.04275988415
1230,616.753479004,164.096450806,19.2939224243,54.1489448547,0.933966320008
1230,515.850708008,187.307495117,17.9412899017,42.6855278015,0.573396589607
1230,485.969146729,180.41633606,14.9613428116,48.8530540466,0.0864535861183
1260,505.89541626,177.075149536,19.4648838043,54.0995521545,71.8729913235
1260,609.456298828,176.223312378,21.9423122406,57.833026886,60.537314415
1260,568.838562012,188.917709351,19.1813678741,52.441280365,35.0098162889
1260,463.640625,180.747146606,27.2683963776,53.4406890869,19.0707623959
1260,480.083862305,181.651565552,19.906999588,47.4679222107,5.86198754609
1260,449.936065674,180.080612183,14.5349149704,45.6060905457,4.21795584261
1260,597.965637207,179.915527344,20.1520881653,54.1901397705,2.71138641983
1260,553.897277832,186.597763062,24.4597492218,63.4888038635,1.18583571166
1260,580.587097168,175.92956543,26.4103183746,63.6933898926,0.409147934988
1260,522.890563965,94.3927383423,19.4141540527,61.4265136719,0.201238319278
1260,535.247619629,83.8127822876,33.8888206482,84.6670684814,0.11845062254
1260,550.856811523,95.3914718628,33.371925354,106.729042053,0.0966169580352
1260,48.9672737122,120.191047668,22.86328125,63.7942771912,0.000233320110965
1290,525.443115234,173.945556641,16.3018226624,53.7605400085,94.1713988781
1290,601.543884277,156.096618652,25.7207584381,73.7654724121,83.0314576626
1290,551.569580078,190.803512573,21.770362854,56.1817169189,71.2264955044
1290,485.519134521,182.438552856,18.3828372955,51.6081542969,67.4992501736
1290,457.974853516,179.243164062,16.5242767334,47.4443321228,42.8763747215
1290,500.226654053,183.746444702,18.0015087128,54.7959747314,28.0681967735
1290,615.127502441,185.807357788,17.755273819,54.0821647644,18.4080019593
1290,474.363922119,188.294235229,20.0963344574,47.9571990967,16.0383358598
1290,92.74609375,154.892272949,21.3221759796,58.8088874817,10.4561001062
1290,147.21446228,155.630126953,21.1906356812,62.4957695007,6.55963048339
1290,533.439208984,176.187301636,28.0479259491,58.5417671204,3.98629941046
1290,509.904205322,177.819641113,16.1881580353,53.9837532043,1.90518200397
1290,563.137878418,89.0930786133,20.618265152,56.0274963379,0.64531895332
1290,587.485168457,64.8163833618,34.9851989746,68.4674301147,0.331062194891
1290,190.175964355,172.534683228,20.2617664337,51.7135429382,0.196181121282
1290,132.338470459,180.542358398,20.0590438843,53.9226646423,0.130006566178
1290,459.518341064,101.267051697,19.3157405853,54.1123466492,0.0612271367572
1290,84.0533218384,133.232849121,20.6445293427,69.4493942261,0.0454932946013
1320,504.309082031,173.33782959,24.2241077423,58.2510871887,87.9852473736
1320,446.201293945,164.768417358,16.8565940857,57.4184265137,42.7934497595
1320,550.54473877,161.600112915,19.4041500092,64.5807571411,28.421241045
1320,464.257080078,173.962692261,17.1308307648,49.6460990906,23.7879291177
1320,494.371551514,178.085998535,20.86353302,60.448135376,16.4635002613
1320,470.931640625,179.414321899,21.7231616974,59.58801651,3.5734064877
1320,540.300415039,172.300186157,19.6770896912,56.6690979004,2.52962913364
1320,485.023773193,187.240066528,18.5490703583,54.7443733215,1.11531168222
1320,550.023986816,128.822067261,19.722650528,58.1358299255,0.78598856926
1320,500.842071533,57.6280097961,25.6995716095,66.2275848389,0.575474323705
1320,52.3874320984,201.298995972,22.1751804352,55.3817024231,0.425368640572
1320,595.965515137,151.268264771,19.1814937592,67.3880386353,0.396457035094
1320,470.092498779,75.9970245361,19.7244091034,51.0938606262,0.366231799126
1320,138.802963257,189.661010742,17.913640976,53.2952079773,0.344798830338
1320,406.525878906,175.225463867,23.7403125763,49.4653587341,0.325844832696
1320,583.096984863,66.9367370605,21.3173522949,54.1368217468,0.282111647539
1320,518.672058105,179.429977417,18.0549526215,46.7234306335,0.233381357975
1320,434.721069336,173.848709106,15.452542305,50.5018310547,0.224611582235
1320,598.788208008,30.0018978119,28.7253551483,67.9985275269,0.0155363159138
1350,577.69720459,157.887817383,24.8636493683,71.7329940796,97.0451056957
1350,552.363098145,167.239440918,27.4435272217,70.7025527954,84.4322919846
1350,464.830932617,162.24041748,25.0117282867,65.6618652344,53.3554911613
1350,493.650268555,172.42918396,18.7606372833,56.8430519104,37.7672582865
1350,454.50012207,160.783874512,16.8302669525,61.738155365,23.1252640486
1350,418.174438477,142.168319702,22.3382434845,72.2104034424,20.1872140169
1350,596.388305664,154.111251831,22.1041183472,69.7942276001,17.8055927157
1350,444.479980469,172.825744629,18.0608577728,49.2535400391,4.84065227211
1350,607.666625977,150.246139526,19.4688587189,56.2094306946,3.42107340693
1350,430.944458008,162.270950317,17.6900730133,54.5874328613,1.66426170617
1350,484.347442627,168.741836548,16.6316337585,56.7234840393,1.52622777969
1350,524.810058594,170.515945435,19.4836788177,58.3815574646,1.23235723004
1350,536.969421387,157.795043945,25.1363658905,71.4353561401,1.10871866345
1350,167.0025177,176.988830566,18.1959171295,52.3790588379,0.459332065657
1350,554.102355957,58.7084655762,30.3568897247,99.4616699219,0.03128281096
1350,409.147613525,121.337135315,22.8482532501,74.0911331177,0.012715793855
1350,598.385803223,39.1317596436,29.3652877808,90.9396362305,0.00560322005185
1380,503.445404053,169.019271851,23.0112686157,59.463180542,87.0533764362
1380,553.89855957,164.933517456,19.6238498688,53.6836967468,52.37018466
1380,492.59362793,174.230773926,17.3713512421,49.965927124,49.2704093456
1380,525.42388916,161.689697266,18.6375865936,57.8981208801,33.4988057613
1380,460.373168945,176.295974731,18.6597652435,46.8449440002,29.2212694883
1380,430.821655273,170.843673706,18.6901683807,48.0288696289,28.930991888
1380,592.805847168,168.603469849,20.2870082855,58.4051246643,20.1761335135
1380,475.860748291,147.262313843,23.1475696564,72.8583831787,18.2865470648
1380,445.346710205,169.977874756,15.9861898422,46.262512207,11.0072828829
1380,537.220703125,162.490142822,27.1848278046,63.9860687256,1.1761026457
1380,122.099861145,178.027236938,19.1281833649,50.4440498352,1.06230890378
1380,102.800132751,188.053573608,16.563501358,48.0463523865,0.317736505531
1380,586.078735352,143.956558228,20.5105190277,52.7695922852,0.281751784496
1380,7.13139677048,171.000076294,18.4473228455,54.9625968933,0.0493293278851
1410,604.564208984,154.642410278,25.2655925751,80.640914917,99.2156505585
1410,573.168151855,164.235458374,25.4641475677,71.5700149536,90.9425675869
1410,463.415283203,169.260574341,19.2209949493,52.0249290466,81.024736166
1410,513.344726562,160.716049194,28.9150485992,69.5168685913,41.442668438
1410,494.622772217,173.491409302,19.0475673676,49.4071769714,26.4910668135
1410,445.651489258,170.138595581,19.3501338959,47.4605140686,26.1495172977
1410,559.063049316,167.714157104,18.5787792206,52.0967445374,21.9639867544
1410,534.85748291,149.139404297,20.8000850677,65.788734436,3.93955148757
1410,477.023284912,167.976745605,17.9276485443,47.4203796387,1.30947120488
1410,525.270935059,137.460617065,19.6260204315,57.9280052185,0.937992334366
1410,454.947998047,118.84577179,20.4760074615,59.5704154968,0.640110205859
1410,591.474731445,162.397872925,16.9824810028,66.9216690063,0.629008514807
1410,550.497924805,178.97845459,17.7020454407,48.6014289856,0.425113923848
1410,73.6132888794,174.356689453,24.2491779327,73.6135787964,0.140808301512
1410,479.572875977,38.0237998962,24.419052124,65.5738449097,0.0352989503881
1440,527.301330566,169.719070435,19.5620174408,47.8390655518,74.9210298061
1440,488.150054932,167.707839966,21.5151004791,53.6677742004,74.7252643108
1440,575.301574707,165.366027832,32.9460868835,82.2332229614,65.5081391335
1440,470.214691162,163.946487427,19.3393440247,60.2415275574,43.596175313
1440,617.395080566,177.869308472,16.9925518036,47.1813011169,5.78902885318
1440,502.208221436,163.796630859,18.7355213165,54.8303184509,1.61754898727
1440,16.9164848328,188.331069946,22.6367931366,49.4878807068,1.09284417704
1440,562.90246582,163.048599243,23.1736049652,83.0915603638,0.89235752821
1440,403.691131592,278.478607178,20.1871166229,58.4112091064,0.301851751283
1440,474.210174561,103.332275391,22.8831005096,61.1534423828,0.193523522466
1440,549.671936035,30.0763244629,33.7586326599,91.7727661133,0.0150340172695
1470,510.465118408,167.718917847,20.3398342133,59.0208244324,95.7347512245
1470,571.581604004,166.023620605,19.985408783,55.4742088318,86.5448117256
1470,537.730041504,164.632095337,21.5356426239,59.5523109436,85.5799436569
1470,597.475280762,113.023826599,32.7713737488,103.950737,68.2538807392
1470,0.274588257074,255.079101562,34.0779075623,81.7602005005,64.7215723991
1470,548.089233398,163.265869141,37.6264533997,69.4264221191,16.4563551545
1470,523.11505127,166.953353882,16.8758487701,52.3568267822,8.81719812751
1470,320.621795654,176.990249634,33.0047607422,67.4350814819,6.86452835798
1470,562.266784668,142.00328064,51.2933921814,84.6311721802,1.79484635592
1470,583.691467285,162.207550049,18.0061340332,54.5947113037,0.297122797929
1470,108.922172546,112.691566467,21.690946579,58.2912559509,0.267833308317
1470,493.276947021,371.887481689,22.7912273407,55.4829444885,0.0974284193944
1470,505.16104126,82.2857208252,28.1095638275,90.6124343872,0.0845701375511
1500,606.054992676,153.964157104,25.3460483551,73.3618240356,98.1176137924
1500,551.437561035,161.138275146,25.6711196899,75.1122512817,72.1590161324
1500,519.252746582,78.4188308716,56.4924278259,158.290267944,32.1882784367
1500,565.866149902,189.670761108,19.4462985992,49.1163673401,1.22480522841
1500,444.736602783,164.681350708,17.618106842,43.3442268372,0.462317653
1500,146.910293579,118.344581604,36.8134918213,86.5570907593,0.327363843098
1500,537.859130859,154.260284424,20.2121257782,55.4961891174,0.047061566147
1500,579.972473145,154.880599976,23.8642711639,64.2234039307,0.0104607490357
1530,492.833984375,166.007476807,19.6683311462,49.5922660828,91.8939471245
1530,614.996582031,155.063552856,16.4169483185,45.5677757263,36.4847421646
1530,454.51473999,173.72694397,18.239862442,39.881565094,12.5768885016
1530,42.3451194763,117.249809265,21.0119152069,64.6025161743,4.52132746577
1530,580.483337402,40.2219657898,57.1019096375,167.4243927,1.45196104422
1530,603.33807373,185.834182739,27.4706172943,74.2227859497,0.406404957175
1530,8.78186321259,192.270980835,16.1977481842,45.8872642517,0.267042033374
1530,311.841278076,172.270751953,25.8526306152,67.191078186,0.0579384970479
1530,612.692199707,39.8612327576,26.8171081543,96.9567947388,0.0330569018843
1530,221.301101685,151.627975464,21.2952785492,58.4584541321,0.017966478481
1530,22.7163085938,109.880638123,26.0607528687,85.8788757324,0.00358131619578
1560,522.902954102,167.781326294,22.7819881439,55.903213501,97.3494529724
1560,460.935546875,169.143585205,22.5634326935,53.879863739,35.0261121988
1560,31.7931308746,166.881790161,20.8804397583,63.9482574463,8.56203734875
1560,5.93931436539,32.8442649841,18.3419570923,57.383392334,0.00680599114276
1560,305.626098633,171.610610962,27.1217060089,73.028213501,0.000882401036506
1590,578.730285645,162.894454956,30.7564296722,75.4553909302,98.4339594841
1590,471.483673096,170.383682251,24.4600849152,51.6682281494,20.0230613351
1590,424.418487549,170.361450195,17.12200737,48.7219543457,6.31895363331
1590,129.594192505,173.83543396,20.5287685394,50.4402008057,2.32838876545
1590,617.305603027,73.9815139771,16.8991641998,45.9588317871,1.35178184137
1590,94.440284729,200.752944946,31.066078186,73.7846755981,0.872439332306
1590,435.914428711,168.227920532,17.751871109,50.1101570129,0.773147307336
1590,192.709411621,147.780502319,20.1266021729,53.7712249756,0.627603754401
1590,152.109176636,135.88180542,20.8727264404,54.5897827148,0.232567358762
1590,601.305480957,159.598693848,28.6807174683,66.5720901489,0.121707760263
1590,119.599151611,170.953872681,17.7116451263,51.6117897034,0.0585053232498
1620,554.124816895,169.602676392,23.5716533661,53.9928398132,65.2989387512
1620,506.987091064,172.179931641,22.7362594604,51.6708831787,7.89152383804
1620,176.651443481,133.079299927,19.9005298615,51.6655235291,1.9079297781
1620,487.3309021,171.080886841,17.2735614777,49.5106201172,1.24220065773
1620,543.48248291,167.368133545,19.2598209381,57.7995452881,0.961033068597
1620,520.940368652,180.671691895,16.951543808,50.1903533936,0.199248897843
1650,491.297485352,180.275741577,18.1841068268,46.1619567871,17.8039759398
1650,549.554931641,184.029098511,24.4106082916,47.153137207,11.3567702472
1650,615.378479004,185.840759277,18.0217971802,52.8529510498,8.29930752516
1650,583.87689209,178.079421997,22.9895477295,61.4085388184,3.73917073011
1650,518.615661621,177.604232788,17.0561714172,51.4710731506,3.33963520825
1650,606.090637207,213.384689331,19.9485836029,47.6713523865,0.833699852228
1650,567.25592041,175.813903809,23.5048599243,54.3142852783,0.733797810972
1650,505.359741211,176.039978027,18.4512042999,49.776424408,0.0724860117771
1680,504.96484375,178.195083618,20.1031742096,51.8345680237,89.9142384529
1680,540.106811523,176.070114136,21.1068019867,64.4900741577,36.7030888796
1680,480.339874268,182.273300171,19.4878616333,49.3908233643,19.4747045636
1680,617.918640137,203.08001709,16.1416435242,44.0615882874,13.0362018943
1680,606.906799316,303.4246521,28.1055469513,90.1984329224,4.09986935556
1680,607.895874023,191.780212402,17.7121543884,52.7128181458,1.25457663089
1680,566.211547852,175.153457642,23.6093654633,55.5317497253,0.806331448257
1680,33.9846687317,235.857925415,29.8939151764,82.0758590698,0.483552645892
1680,516.862060547,173.172592163,24.0331115723,62.2290458679,0.401443382725
1710,483.227996826,181.001953125,19.5097789764,53.5999298096,66.3460612297
1710,514.681945801,172.304443359,28.6666717529,68.1417922974,58.9458107948
1710,526.41204834,222.480056763,36.9255523682,64.3666610718,4.96218949556
1710,458.679779053,82.5057907104,24.2229309082,79.2414016724,3.62922661006
1710,7.33778190613,179.014938354,20.9313468933,49.5393486023,2.87334676832
1710,505.967254639,180.553909302,19.2548046112,51.462223053,2.83358003944
1710,90.3474349976,182.501342773,21.2636470795,50.6958312988,0.905137788504
1710,532.401550293,174.360046387,21.9629268646,64.5786819458,0.559245282784
1710,10.5282907486,119.960411072,32.3192062378,94.0915527344,0.120243011042
1740,458.117340088,195.239212036,33.6355018616,76.3346786499,15.4784590006
1740,474.452545166,183.619247437,25.2616901398,62.1669807434,0.248381239362
1800,568.370666504,140.214782715,41.038230896,136.363540649,96.8479096889
1800,607.496032715,163.404174805,29.4775218964,103.233192444,90.0992929935
1800,492.855133057,156.949661255,26.7613201141,82.9203643799,85.4801297188
1800,556.849304199,181.693557739,32.949306488,104.363037109,5.75193054974
1800,507.932891846,164.014724731,28.6948604584,75.0664901733,3.63311097026
1800,592.65411377,164.23197937,21.6894550323,82.6467590332,2.82023977488
1800,579.878051758,138.788040161,23.7320575714,65.9788513184,2.81526762992
1800,545.194519043,148.689743042,18.3678264618,57.8364562988,1.77031327039
1800,527.947814941,155.135360718,39.2167396545,94.4238815308,0.71552474983
1800,366.655975342,54.4049720764,25.6067047119,75.8265914917,0.540371844545
1800,13.3393640518,150.119384766,21.3974990845,55.2571105957,0.286376080476
1800,144.487121582,179.058914185,32.0047645569,73.1925582886,0.0213781328057
