30,585.50604248,226.869384766,18.8633365631,43.871963501,2.86857821047
30,497.535888672,186.293716431,26.0463867188,69.1927871704,1.64253097028
30,404.667724609,196.168045044,22.5627193451,59.9911460876,1.18783526123
30,391.546356201,199.472854614,23.2657108307,51.2439994812,0.25370256044
30,539.067932129,188.104537964,29.695734024,73.2033691406,0.136861286592
30,511.580780029,185.536087036,25.2935466766,61.0361938477,0.0789743149653
60,598.714599609,224.324890137,19.5411453247,49.5460777283,2.37567145377
60,409.094146729,192.826461792,22.0212306976,67.7216415405,0.635514920577
60,392.26159668,202.227294922,16.3941478729,48.1225776672,0.383504363708
60,545.817321777,199.390304565,30.6360473633,72.600227356,0.197113421746
90,410.928375244,200.241592407,27.4766464233,65.1896209717,9.28804129362
90,382.722503662,200.987670898,23.5322475433,52.9222564697,0.452626124024
90,395.182128906,200.492416382,24.405714035,58.4480934143,0.213429378346
90,483.500366211,188.21333313,21.7877559662,56.0661277771,0.106577470433
90,531.03326416,205.623336792,33.9877128601,72.844871521,0.0589491683058
120,406.130401611,199.654342651,26.7194271088,59.4644813538,1.45724778995
120,576.905029297,185.158569336,22.0667285919,60.5653038025,0.459685642272
120,615.728820801,269.196014404,17.4255809784,43.7496032715,0.368724321015
150,444.414276123,182.989334106,29.5003585815,68.5712966919,6.74171447754
150,579.08013916,250.110900879,35.3490333557,78.8954925537,5.36656118929
150,612.639526367,178.173965454,18.7869701385,56.8601493835,1.92739106715
150,510.417510986,178.363845825,28.9189319611,86.759727478,0.571057619527
150,610.387573242,273.3671875,18.3999919891,51.5442504883,0.553507031873
150,543.957946777,244.906082153,27.9479427338,65.5782241821,0.144425651524
150,460.725830078,163.643066406,28.0687541962,74.7668991089,0.0129427528009
180,522.312011719,156.717895508,22.0337543488,68.1070480347,9.583568573
180,161.463699341,161.330810547,23.089307785,58.3356018066,3.08284517378
180,615.395324707,174.472915649,16.838300705,57.9356231689,2.682476677
210,581.462219238,249.497421265,30.5010528564,64.3696212769,2.45643313974
210,617.055297852,256.465881348,15.5185937881,53.3706321716,0.377853005193
240,11.1962080002,188.524215698,18.6776714325,47.3604774475,20.4231068492
240,143.408081055,149.03894043,22.3255310059,66.6145095825,1.64690762758
270,545.63067627,175.226882935,41.9310569763,110.7345047,15.0879740715
270,548.191467285,167.196914673,22.1875591278,59.9540252686,1.00558903068
270,342.559967041,167.663101196,17.5087757111,56.3161430359,0.106706970837
270,458.886627197,185.566650391,26.9998397827,66.9640426636,0.0575768121053
300,586.627746582,199.980957031,35.6467552185,80.2445449829,5.51222600043
300,610.033630371,225.248779297,18.6655292511,50.6870727539,0.412261905149
330,374.343658447,145.242843628,22.2111148834,72.0315856934,12.1464006603
330,244.524902344,159.841064453,20.0516414642,46.8728141785,3.85820679367
330,561.572631836,236.422653198,34.9132232666,82.1450119019,0.997234508395
330,608.123962402,166.03755188,24.7674846649,62.7085456848,0.484328763559
330,9.43425178528,174.364730835,18.6597385406,51.4768066406,0.348198181018
360,404.487213135,133.760177612,19.0184268951,85.8575820923,1.13607076928
360,6.43419790268,173.280563354,15.3907699585,49.9700508118,0.1534759067
390,424.174041748,162.989700317,20.5081424713,55.8561859131,0.434714602306
390,465.2137146,105.850341797,23.7075881958,67.7422866821,0.0163271164638
420,466.364013672,189.143676758,19.4454555511,44.69272995,2.25718170404
420,450.94430542,195.524612427,19.2075824738,44.1172180176,1.47830285132
420,616.347351074,111.928215027,13.5294456482,49.8149871826,0.157699873671
420,616.243225098,176.800033569,15.7971687317,48.6774864197,0.0687796564307
450,609.065856934,53.0450553894,22.5706386566,55.0914268494,1.98160707951
450,14.261138916,166.050613403,20.6464691162,41.9781417847,0.296485936269
450,615.936950684,261.794342041,20.1910858154,48.473690033,0.188431551214
480,429.712432861,165.697097778,17.4458522797,46.8367424011,0.866925157607
480,450.164794922,155.022232056,20.568605423,52.4905967712,0.0464345590444
510,499.718780518,166.140548706,20.467546463,61.5594177246,1.12112620845
510,323.675872803,151.253768921,19.22838974,50.1183586121,0.267003988847
540,48.0082435608,155.885299683,22.8832912445,62.7413291931,25.0392258167
540,554.067687988,234.968978882,33.8846664429,73.8960113525,11.0246479511
540,8.74614810944,156.632827759,21.3642253876,54.0560646057,6.24048821628
540,354.27456665,152.644760132,25.34416008,55.6495666504,2.56863106042
540,38.9652900696,153.931838989,18.29063797,53.0618858337,1.63624305278
540,322.799987793,146.244689941,21.7421646118,52.9751396179,1.16568887606
570,377.505950928,144.758285522,24.0501689911,65.7121124268,42.5410687923
570,344.029083252,148.674957275,20.4981365204,57.0885162354,4.6159863472
570,367.80960083,161.835418701,18.7245998383,51.0111732483,0.348842167296
570,599.065673828,77.0828552246,24.7374477386,59.3887519836,0.0451157306088
600,30.958688736,163.808242798,21.3992080688,50.1432952881,0.43055601418
600,402.807952881,171.48588562,18.3776226044,54.1434936523,0.423797033727
600,546.033508301,157.212142944,22.7994060516,59.0935935974,0.322762015276
600,419.334106445,167.773788452,21.5502548218,56.4115715027,0.120277144015
630,444.228881836,161.806655884,19.9550476074,44.9565429688,35.7730209827
630,506.081420898,177.351989746,21.7342700958,53.7355995178,22.409889102
630,451.404693604,137.719680786,24.4999389648,66.4854736328,2.34379004687
630,615.880371094,176.05708313,16.7685680389,51.9909210205,0.80418176949
630,610.215515137,58.9218330383,23.799659729,60.5319862366,0.191600585822
630,36.9904747009,174.527877808,15.5091438293,40.3963241577,0.0680821947753
660,546.127746582,153.564041138,27.2921600342,66.7252883911,63.6656701565
660,530.14440918,158.411514282,22.6614742279,55.8132781982,0.203725951724
660,275.246459961,131.355712891,20.6361541748,55.1051483154,0.11272050906
660,414.334960938,35.5130882263,28.3544025421,96.7844009399,0.0146695427247
690,8.0892457962,169.848220825,15.5811109543,41.7770423889,1.01638585329
690,271.381103516,131.622787476,19.3670024872,59.7475624084,0.68623367697
690,497.980926514,40.7436485291,24.0456848145,74.716217041,0.358809810132
690,588.900817871,32.0616340637,32.3467063904,69.0772323608,0.00153394266817
720,583.845336914,163.94342041,24.748052597,59.7022247314,12.6187518239
720,570.564453125,54.2729301453,26.3164310455,74.4706192017,0.297193182632
720,268.573577881,142.094696045,20.2546577454,54.0224876404,0.199024635367
720,543.526367188,165.219284058,19.2487316132,51.5323791504,0.179461773951
720,522.92791748,26.1874485016,24.837556839,65.6342697144,0.000549424476048
720,568.922912598,25.8528003693,23.1534748077,62.3454017639,0.000109153154426
750,287.717529297,147.365509033,18.1462802887,47.0008392334,1.39119401574
780,569.582397461,140.502304077,46.0613899231,75.4788665771,11.4327147603
780,493.235992432,158.047119141,23.6153392792,53.3441467285,3.19307669997
780,318.587432861,142.901550293,22.5991897583,60.7274475098,0.202781683765
810,610.292419434,171.022109985,18.3546257019,55.5914421082,5.93380667269
810,601.301574707,283.387969971,25.2476673126,49.827709198,0.423836614937
810,317.031066895,136.419784546,23.06731987,70.3993606567,0.282327341847
810,594.236633301,164.540283203,25.3460407257,59.6118049622,0.0330501265125
870,137.929199219,169.360702515,14.9389276505,45.683139801,7.36738145351
870,178.658004761,165.556381226,18.2838230133,42.8480987549,6.59532397985
870,557.471374512,156.643844604,18.6385307312,52.4610557556,2.43395380676
870,422.615936279,157.164672852,16.8222980499,57.9728240967,2.32238993049
870,8.35035228729,157.777359009,16.6028957367,59.4721412659,0.780690228567
870,411.195281982,155.963546753,17.6147460938,53.3327827454,0.745980860665
870,189.455383301,164.466339111,17.498374939,46.9537620544,0.434794463217
870,129.623245239,170.794021606,14.0943336487,42.3139038086,0.346288783476
870,202.260421753,167.0809021,18.7188358307,47.0448951721,0.0968330830801
900,97.1137161255,158.318664551,18.7947463989,56.2726631165,86.7944478989
900,70.813079834,171.840652466,21.8507061005,46.7682189941,14.158308506
900,580.983947754,147.236709595,22.1647205353,58.9860954285,3.59520353377
900,550.56652832,167.665878296,27.3323917389,76.085067749,3.35061214864
900,157.125076294,168.545547485,20.0897159576,42.9772491455,1.66468806565
900,81.5212478638,160.065917969,23.9587268829,56.6492576599,0.987544469535
900,538.491882324,189.157150269,20.8998279572,52.2370262146,0.425577862188
900,177.957015991,162.111465454,19.5651664734,51.887424469,0.329607329331
900,168.567367554,161.764266968,17.1400966644,48.5605659485,0.0946357729845
900,188.886779785,163.640396118,19.7452983856,46.6041145325,0.0659938319586
930,85.4058837891,187.193313599,18.5235118866,40.8597450256,22.1459150314
930,522.400756836,161.076950073,18.6769294739,52.635509491,7.52803757787
930,381.759277344,166.856613159,18.9398784637,53.1052246094,2.17856634408
930,364.350219727,150.890060425,24.872964859,64.5530548096,1.4861959964
930,466.251068115,155.552825928,22.1940841675,49.0090484619,1.01822772995
930,138.363204956,154.656341553,18.2503643036,60.6823883057,0.454464647919
930,616.844116211,154.506500244,15.6351575851,46.446308136,0.414716545492
960,158.089141846,150.989135742,19.1281738281,58.5465888977,31.7839413881
960,588.604797363,139.985046387,26.6373577118,58.3227348328,12.3133376241
960,417.446380615,157.962753296,30.7421722412,67.0937728882,9.72145497799
960,7.25245857239,181.078842163,15.7010641098,57.7219390869,2.31373365968
960,480.365264893,159.273757935,17.8824901581,41.1352043152,1.88344996423
960,103.360961914,166.462051392,21.5214138031,49.3800354004,1.00963516161
990,571.796142578,148.341445923,18.6064090729,47.598575592,20.8068743348
990,517.307189941,126.449150085,42.0809059143,118.417785645,14.2751306295
990,64.4414672852,165.832550049,19.4157047272,60.1883392334,10.7128217816
990,408.85446167,138.183044434,27.8239746094,72.309928894,8.67484807968
990,329.384796143,143.477996826,23.0521945953,60.2103118896,3.65512855351
990,343.085662842,148.197555542,23.5423336029,54.5895881653,0.604464067146
990,409.768341064,59.9744758606,20.6195774078,61.9083518982,0.105102453381
990,131.399551392,162.919692993,19.7601509094,54.9925041199,0.0700911798049
990,559.06829834,148.946670532,20.352060318,52.5070953369,0.0435772817582
990,104.985908508,58.747051239,31.8073043823,93.6437606812,0.000290932894131
1020,11.1922960281,162.767410278,14.8944864273,70.8427963257,81.9229364395
1020,599.928527832,135.22026062,24.5601730347,59.9537658691,32.8573673964
1020,455.615997314,106.298484802,39.3632850647,111.628623962,30.3527057171
1020,335.942108154,127.761024475,20.9119548798,73.5932388306,18.0327653885
1020,21.4205932617,165.307312012,23.7984294891,66.3674240112,2.27609220892
1020,199.976257324,182.688552856,19.8859157562,48.411945343,1.57193932682
1020,105.782012939,194.546890259,18.9550037384,52.8529548645,0.238246400841
1020,186.783950806,183.652893066,18.2327213287,51.3224830627,0.180994824041
1020,616.364196777,156.1353302,14.4750328064,46.0299224854,0.111297203694
1020,93.840171814,43.6142272949,26.8028945923,79.2502059937,0.000457550959254
1050,545.518310547,137.284225464,33.8294677734,88.567741394,8.46747234464
1050,345.139038086,128.503646851,25.9020404816,74.3027877808,0.183004967403
1050,578.660949707,173.648254395,22.3588199615,52.2673492432,0.157205318101
1050,8.18964862823,194.895126343,14.3693208694,51.4251708984,0.0766576675232
1050,134.77494812,180.871566772,25.8317184448,63.4181404114,0.0120520344353
1080,148.733810425,170.827804565,22.3465824127,62.4954376221,1.3990810141
1080,607.122375488,123.209266663,20.0006103516,55.9102897644,0.299345236272
1080,25.195646286,194.793716431,28.3809871674,80.3882598877,0.248846132308
1080,506.483001709,87.5990371704,26.2468643188,89.3700637817,0.0128573650727
1110,92.8572769165,146.625686646,21.0435199738,62.7435913086,24.230311811
1110,460.428619385,165.346633911,27.4616317749,63.5211448669,14.4125133753
1110,372.400115967,144.104660034,22.5100402832,67.9508590698,11.6513878107
1110,74.3399200439,219.203384399,27.5674343109,65.7665481567,0.863665994257
1110,445.650299072,142.370742798,19.3397312164,48.7665748596,0.622090511024
1110,615.607727051,161.915344238,16.369600296,49.9512901306,0.227465177886
1140,17.3171329498,227.493530273,28.7099781036,76.8500976562,4.32478897274
1140,34.3090744019,246.865249634,23.3338775635,61.2676734924,0.730814645067
1140,50.5943260193,186.609237671,26.1209011078,75.0573043823,0.607434753329
1140,21.8850307465,135.065307617,31.5211162567,105.511810303,0.33370393794
1140,375.352203369,146.989547729,25.6938648224,71.1741943359,0.197604228742
1140,561.909790039,110.074523926,22.9979152679,60.1256370544,0.000452402218798
1170,2.36504626274,191.554214478,36.038848877,103.31061554,0.927614979446
1170,515.428161621,163.055984497,33.1301040649,90.7092895508,0.471129408106
1170,563.76550293,106.684204102,23.2021026611,69.5387954712,0.000151851418195
1200,525.558837891,175.111282349,31.7339000702,80.9839935303,27.071082592
1200,609.070556641,151.951873779,22.1287326813,58.0996665955,0.548862060532
1260,614.082946777,48.786113739,19.1217746735,49.6613426208,0.0124729398522
1290,311.092926025,169.545730591,18.242105484,52.4435882568,0.17887474969
1290,572.47076416,119.104026794,20.8210468292,77.4662246704,0.17671098467
1290,377.90246582,162.167190552,26.2777080536,68.8776321411,0.0467359554023
1290,526.745361328,70.7513656616,23.6164531708,64.8744277954,0.00216469470615
1320,311.328338623,170.348083496,18.1000118256,50.9021453857,0.136409990955
1410,614.258483887,50.7033233643,18.9858722687,48.2025756836,0.0116210641863
1470,312.389587402,169.295425415,18.0311584473,51.3158988953,0.108119624201
1500,572.077087402,119.852210999,21.8444499969,80.1149520874,0.228311563842
1530,614.719848633,53.7189941406,19.3977146149,49.4255485535,0.0057221386669
1560,569.211608887,118.835968018,26.7012042999,84.2063980103,0.0686195620801
1560,614.284973145,52.5377082825,19.6552734375,51.8962364197,0.0159649192938
1590,597.314147949,160.81803894,30.8276138306,65.2924728394,0.00332655617967
1620,311.179962158,171.612075806,19.1494522095,62.6860466003,0.168758432847
1650,613.696899414,61.1261177063,17.5990467072,46.2209625244,0.109388388228
1680,613.159362793,60.845489502,16.2958965302,56.0218544006,0.2139267046
1710,307.655487061,168.362838745,19.734336853,59.9614257812,1.08851380646
1830,376.802124023,161.336227417,25.8888721466,72.2194366455,0.0165866076713
