30,429.467071533,94.4914932251,34.7084159851,97.2924118042,33.1721991301
30,147.021865845,110.2866745,24.4186859131,54.8938560486,1.90672017634
30,452.082977295,97.5414962769,20.9217948914,55.298122406,1.89615059644
30,579.479919434,282.072601318,30.0295009613,43.3583259583,0.776661746204
30,533.786560059,104.015281677,19.4126720428,50.3746833801,0.584665220231
30,615.38482666,24.2989063263,19.9497661591,49.6817359924,0.0239800254349
60,428.359161377,92.2487792969,33.9990081787,98.0179519653,4.3086219579
60,410.210845947,98.7117080688,23.3388538361,65.9648895264,3.1725384295
60,536.02532959,173.449050903,23.1116485596,56.1740226746,1.47236948833
60,145.38369751,137.961257935,27.809015274,58.9618530273,0.915116257966
60,450.902435303,92.8129272461,21.8505096436,56.5443267822,0.879410281777
60,533.883666992,85.1504592896,18.8300228119,50.7273139954,0.33304374665
60,589.30847168,69.4715881348,21.3729534149,49.7902832031,0.181567354593
60,578.419616699,90.0967407227,20.7131099701,50.9258918762,0.156951870304
60,615.054016113,24.6139469147,19.5911693573,49.2820854187,0.0261673267232
90,424.429168701,103.21938324,46.618434906,121.868339539,5.07960729301
90,472.796905518,79.743560791,25.8862762451,84.5537643433,1.40852769837
90,543.751647949,183.536697388,26.050491333,50.2041893005,0.809006206691
90,536.662414551,99.074180603,20.6124286652,54.2787513733,0.629501091316
90,583.492492676,76.2154083252,21.1969451904,53.098072052,0.474313599989
90,587.551818848,284.386627197,25.8680267334,52.2580413818,0.260725617409
90,450.848052979,99.2560424805,20.8051586151,55.5559654236,0.228753988631
90,573.637878418,185.943618774,27.1989192963,49.2560272217,0.225506932475
90,527.42010498,81.4582443237,18.7962665558,50.7583503723,0.175065803342
90,430.85848999,190.368392944,29.6761837006,61.5664634705,0.137708988041
90,594.086547852,88.0571670532,21.0117549896,51.1955680847,0.0947104359511
90,611.672729492,21.6518611908,19.3356647491,42.2290687561,0.00108463909783
120,428.740936279,97.2450180054,36.6563644409,124.717292786,58.1543266773
120,448.052520752,124.610961914,21.9142684937,67.2718429565,0.721772108227
120,408.210845947,101.167533875,23.1477870941,68.0936508179,0.701325014234
120,578.042358398,88.4426803589,19.977388382,54.099319458,0.555555941537
120,534.642150879,87.2327651978,17.6428775787,50.4601173401,0.2834437415
120,588.11505127,283.137908936,26.0900020599,53.5404090881,0.149949744809
120,594.981018066,77.1999816895,21.7555866241,54.4214897156,0.0726789934561
120,387.652954102,200.343261719,29.5198383331,71.0666275024,0.0378022465156
120,459.821533203,108.035255432,21.7507076263,58.4835662842,0.0350867136149
120,605.750061035,21.8542613983,20.0116138458,43.4477577209,0.000631663760942
150,422.165252686,89.2440795898,51.7604827881,126.300117493,20.488256216
150,577.965026855,88.3199539185,20.6653213501,49.7598114014,3.33217307925
150,466.896087646,78.0059738159,29.0103816986,81.1469268799,1.77926961333
150,449.823242188,91.9152832031,21.5929203033,59.6706428528,0.810936558992
150,583.461791992,181.382873535,21.3795032501,52.5145530701,0.805130973458
150,537.380310059,86.2303085327,19.4454517365,51.6677055359,0.603941222653
150,147.784423828,136.152420044,26.5404186249,60.7038269043,0.466588651761
150,588.328796387,283.701721191,25.2617473602,52.5359992981,0.288092065603
150,566.464416504,73.117515564,22.0649414062,54.5274009705,0.140768685378
150,589.524902344,69.9454116821,20.5404529572,48.9755592346,0.103075895458
180,423.43637085,94.6970214844,48.002243042,122.634857178,20.5427959561
180,408.065063477,100.378471375,23.6792316437,66.9777984619,0.630667526275
180,448.437011719,124.625648499,22.1449737549,64.680305481,0.610113656148
180,534.209655762,91.6700668335,18.8728752136,54.5774116516,0.420361943543
180,587.223693848,280.459259033,26.9098815918,52.3729667664,0.257737189531
180,437.560943604,92.8430862427,23.4780712128,68.3936004639,0.169981026556
180,453.46585083,97.8571395874,22.550195694,56.6593933105,0.0334045384079
210,427.70010376,93.4230117798,38.9481239319,127.605491638,36.4788681269
210,587.193725586,190.307937622,28.2258815765,55.3890953064,0.86039993912
210,449.551025391,85.0916213989,22.0775146484,57.4674949646,0.631217006594
210,578.410461426,92.3840637207,20.3129558563,50.3073272705,0.256082415581
210,533.850402832,84.7759017944,18.8870067596,50.8600730896,0.235139834695
210,580.068908691,284.535705566,31.3767318726,50.534866333,0.202970742248
210,438.785522461,192.118469238,22.9501132965,53.7276115417,0.146212207619
210,611.52166748,21.9926757812,19.4951515198,43.4065971375,0.00131151955429
240,426.283172607,97.077507019,44.0219535828,126.251403809,17.5969108939
240,450.687957764,95.8360977173,23.7623729706,70.2002182007,3.9392977953
240,578.533691406,88.8237304688,20.8068027496,51.1818122864,0.707793468609
240,538.054260254,89.4902954102,18.1153430939,50.9530029297,0.604985840619
240,588.99017334,189.291503906,21.8218078613,51.4589271545,0.490637868643
240,579.852233887,282.946502686,31.7752895355,51.4671173096,0.22716652602
240,589.628967285,68.4095153809,20.9532241821,50.0566062927,0.114354433026
270,427.452178955,96.366394043,37.0590057373,124.017486572,37.5251621008
270,536.055358887,172.084289551,23.6610870361,55.9776039124,0.972218811512
270,579.135131836,84.7800292969,21.4686985016,51.9945716858,0.631541199982
270,533.966064453,97.327583313,19.7214488983,53.333820343,0.508385151625
270,583.622009277,183.525741577,21.4569225311,52.297252655,0.323821720667
270,451.563934326,95.066734314,19.7051410675,57.7813262939,0.170024356339
270,437.989776611,188.841690063,23.6198806763,56.6364479065,0.150068779476
270,594.11541748,74.5849990845,22.320274353,55.0578575134,0.0775172142312
270,551.464050293,202.724411011,21.0934848785,47.9767112732,0.0661434198264
300,420.568756104,93.0017623901,50.3702201843,132.196166992,8.14072117209
300,537.438598633,87.0630569458,19.2744235992,53.4237213135,0.599411502481
300,149.88710022,140.82144165,21.1155605316,51.0565185547,0.497729005292
300,580.04486084,283.796020508,31.0301742554,49.6570739746,0.211692135781
300,605.756896973,31.3952713013,20.4056301117,55.504611969,0.104110501707
300,455.064697266,101.354911804,21.2272586823,58.9235229492,0.0358570454409
330,426.719696045,92.2520980835,39.1753578186,128.895889282,34.8705649376
330,392.866729736,151.746932983,17.7708683014,49.8945960999,3.81091162562
330,537.384094238,181.337722778,19.4039955139,48.4651031494,1.98962334543
330,450.110595703,96.3872680664,19.559223175,52.5303764343,0.947392079979
330,578.944763184,281.90713501,29.1842479706,46.4789466858,0.555758178234
330,552.593933105,186.926742554,20.2187175751,46.6225471497,0.54282611236
330,534.115722656,87.2111816406,18.2024269104,47.5790290833,0.514455558732
330,450.100799561,186.318054199,20.1491184235,49.3283538818,0.508352788165
330,482.561737061,248.881515503,20.9654560089,43.7910499573,0.448383903131
330,433.906097412,192.227920532,23.0653934479,53.4060516357,0.176522752736
330,585.850097656,184.472396851,29.2712268829,56.9189796448,0.161516387016
330,388.288970947,197.875793457,27.996137619,68.1477813721,0.0111189103336
330,605.252990723,20.3168811798,21.057641983,46.0656585693,0.00030325611533
360,426.245239258,101.06048584,38.077331543,86.4116516113,14.6741241217
360,401.934936523,145.408065796,18.8599185944,43.9575920105,1.14981476218
360,450.570587158,104.260826111,20.6722583771,51.0203742981,0.873219408095
360,487.65536499,247.142959595,20.5264987946,45.855758667,0.359947839752
360,537.315063477,88.7175979614,18.7884712219,49.4162445068,0.278863892891
360,581.936096191,283.310089111,29.6212177277,50.4931640625,0.181005999912
360,589.094543457,66.7929458618,21.8046264648,51.4807891846,0.175716413651
360,552.914367676,202.933898926,19.7265758514,44.4661216736,0.171258475166
390,427.579467773,92.174041748,35.7563819885,118.520652771,35.9606534243
390,437.553466797,81.4708862305,72.065864563,137.281448364,2.38150507212
390,403.602203369,144.23298645,20.3604469299,46.0502624512,2.2979779169
390,408.718139648,100.516288757,20.9895420074,64.9992675781,0.58391452767
390,583.282897949,80.6022262573,21.978767395,53.9504394531,0.47678113915
390,417.844390869,104.73110199,28.851600647,75.442024231,0.468893395737
390,450.260345459,90.6429214478,22.261598587,53.8784294128,0.41956147179
390,534.254455566,87.049987793,18.3262577057,50.5158119202,0.268179341219
390,581.73638916,284.882232666,30.3951721191,47.7342071533,0.202974607237
390,551.49786377,200.899337769,20.4356689453,41.9898071289,0.101556244772
420,427.28616333,97.3048171997,36.8638076782,123.411476135,32.8634619713
420,185.385757446,114.021827698,19.0334396362,45.5224494934,4.8780914396
420,534.258483887,100.375053406,18.769443512,48.1992988586,0.69789797999
420,450.880340576,108.625846863,21.0658512115,50.2728691101,0.232917419635
420,579.764831543,87.7127761841,20.2640628815,52.2536773682,0.125972810201
450,427.846466064,103.916526794,37.4781684875,94.9308776855,36.4322155714
450,184.952438354,119.358924866,20.1782817841,44.3158378601,2.8512114659
450,537.475585938,177.448654175,19.7608280182,50.4925270081,1.54237924144
450,536.94342041,101.660888672,20.1418132782,49.4685096741,1.16335162893
450,558.030883789,194.650863647,18.5728549957,42.5637359619,0.741049274802
450,450.397125244,107.735801697,21.8138580322,53.2567939758,0.309086916968
450,583.762878418,63.3962287903,20.9904575348,46.5921821594,0.202915025875
450,593.556335449,68.7720108032,22.6868724823,51.4744567871,0.0568401010241
480,425.148925781,100.569541931,45.1064758301,122.806060791,15.0461748242
480,184.58366394,119.704139709,19.2526664734,43.2820739746,2.78512649238
480,537.004699707,97.6710586548,20.7386455536,49.6991233826,1.95844639093
480,586.69720459,182.066940308,29.385597229,59.049282074,1.02910548449
480,583.637939453,67.649559021,22.0286998749,51.0388793945,0.353277684189
480,487.616546631,247.640670776,20.5338306427,46.8628540039,0.261780875735
480,151.808609009,139.249710083,20.7920646667,53.8993988037,0.155522720888
480,450.341217041,109.065345764,21.1155490875,55.1567382812,0.139898993075
480,528.204772949,89.458656311,18.0720081329,50.0731658936,0.132620404474
480,605.602355957,20.3180007935,20.6175251007,45.9875144958,0.000294070196105
510,428.836517334,98.5940551758,31.1097106934,85.0418395996,12.5398397446
510,185.117614746,116.486885071,19.2589035034,41.0899467468,8.83594229817
510,533.727111816,92.7920837402,19.0151958466,52.7490272522,0.783642847091
510,207.235778809,74.2402267456,22.845911026,53.6539573669,0.719397328794
510,572.578430176,68.5164642334,22.4641857147,55.6688728333,0.484805507585
510,583.95324707,278.586761475,29.8035030365,47.4954338074,0.282527133822
510,447.314300537,97.7154159546,27.5325164795,65.313117981,0.205557001755
510,439.185821533,192.667800903,22.5861949921,53.4242134094,0.139300595038
540,425.318939209,93.1202087402,38.9845352173,122.134361267,43.3264493942
540,184.830749512,115.06476593,19.6987724304,42.9405937195,13.7747257948
540,578.099487305,75.2904586792,21.3152694702,54.7955131531,2.04851422459
540,470.079437256,82.1637268066,29.2461910248,77.6631088257,1.65524855256
540,537.233947754,96.3654403687,20.6624393463,50.3412971497,1.35113103315
540,487.772247314,247.802856445,20.0445919037,45.5780067444,0.479016778991
540,558.13079834,188.16859436,19.0165996552,46.5755119324,0.399765744805
540,589.266418457,69.474067688,21.0631828308,48.7517662048,0.246834289283
540,567.661315918,61.2802734375,22.0059814453,54.3581809998,0.228575267829
540,437.706817627,90.2897872925,21.4196796417,59.925868988,0.19940494094
540,527.797912598,83.6376647949,18.7433357239,51.3192481995,0.145062222145
540,611.565246582,21.233757019,19.4852752686,44.5156517029,0.00145470512507
570,424.493438721,108.412231445,46.3639221191,116.128173828,9.150711447
570,185.266662598,115.411506653,19.5836925507,42.3823776245,8.78422111273
570,148.84866333,140.614501953,22.7831192017,55.7474479675,2.30306778103
570,578.841064453,89.3735351562,19.2411575317,51.3008766174,2.19447929412
570,543.403015137,185.341201782,24.9331874847,50.5138893127,1.14903431386
570,537.973876953,86.7505264282,19.2385253906,50.950302124,0.488213729113
570,488.207794189,247.707824707,20.0782413483,46.7545509338,0.40269009769
570,584.144165039,71.1973648071,21.5099620819,50.1859550476,0.250215479173
570,594.129211426,84.6242446899,21.4171466827,53.0403747559,0.180932460353
600,425.789031982,98.4438247681,39.9878921509,122.16884613,26.690107584
600,184.596603394,117.566825867,19.611913681,41.1051445007,3.42551842332
600,150.714096069,109.530799866,19.9288902283,53.8668708801,1.33135076612
600,578.18939209,72.1271896362,21.8074703217,51.9980201721,0.757344113663
600,536.789489746,98.0225219727,20.4726924896,50.2167854309,0.535780610517
600,557.463195801,188.737289429,19.2187194824,45.9618492126,0.378239923157
600,587.867858887,282.442352295,27.5083675385,49.3035736084,0.344613590278
600,593.75592041,69.3039932251,22.4158916473,51.0494346619,0.218860758469
600,450.597564697,112.57195282,21.4041347504,55.4327392578,0.111410894897
600,439.078979492,201.094528198,21.2078495026,53.1351318359,0.0861648470163
600,605.733337402,20.7435455322,20.3019580841,44.5414848328,0.000279637629319
630,425.119659424,103.062950134,45.7399253845,122.569885254,10.0805312395
630,185.261947632,118.748329163,19.3816699982,44.080291748,5.36709204316
630,557.292053223,194.454971313,19.2056846619,43.0190849304,0.760974455625
630,487.855804443,249.009689331,20.6168346405,46.2263221741,0.476216245443
630,583.673461914,70.9763717651,20.9212226868,47.3137245178,0.434561353177
630,534.110656738,86.2619400024,18.7125968933,48.9415779114,0.22759004496
630,450.90612793,106.928985596,22.0436153412,53.9711875916,0.225979555398
630,439.464599609,194.873168945,21.8298931122,54.3177452087,0.176519597881
630,594.735473633,62.4509620667,21.0593624115,51.0088806152,0.111792387906
630,605.62689209,20.7922801971,19.99559021,43.8330116272,0.000367279471902
660,427.153442383,100.719276428,38.1150932312,116.577934265,37.3861551285
660,445.08895874,77.4359359741,67.1533126831,140.998733521,4.97973486781
660,151.176101685,111.219993591,20.0379428864,51.73670578,2.29602176696
660,558.06427002,188.798171997,18.2778358459,45.08852005,0.428907480091
660,593.576965332,67.5911026001,23.0108089447,53.9379997253,0.234644417651
660,533.881408691,87.8116836548,18.5568637848,48.3059577942,0.206519034691
660,432.887329102,180.579696655,31.1985111237,67.1317672729,0.181977811735
660,605.156799316,30.6438732147,21.2132301331,55.46301651,0.130798737518
660,453.175323486,92.170135498,24.00922966,55.0402565002,0.0966960855294
690,429.925994873,100.477622986,38.483417511,117.029205322,59.6705853939
690,408.067047119,99.702003479,22.0405330658,67.6961898804,13.6285230517
690,444.206390381,72.6937942505,65.8844909668,145.624557495,12.5225961208
690,466.592498779,77.7691574097,31.0813617706,79.5026245117,4.08923849463
690,450.115020752,97.6243667603,21.1060733795,52.5843658447,1.29975099117
690,578.852844238,188.847579956,25.5335483551,51.63539505,0.694724032655
690,533.823791504,95.4540710449,19.2199459076,49.2845649719,0.501822447404
690,579.216003418,81.393119812,21.3991241455,53.9127464294,0.434252712876
690,594.472106934,71.0951080322,21.4624958038,48.9347648621,0.364078790881
690,438.980712891,191.608947754,22.713727951,54.4624938965,0.244939792901
690,557.911621094,188.504898071,18.5225849152,45.428188324,0.203081360087
690,455.345336914,123.427062988,20.1020145416,54.2884521484,0.119535555132
720,427.127349854,95.1127243042,37.3486404419,117.949607849,70.2217102051
720,443.890869141,71.7336807251,65.3980712891,144.770202637,8.16831290722
720,471.61807251,87.8006210327,26.5567550659,70.8357925415,4.57775406539
720,399.824127197,144.694732666,17.3785514832,46.7859916687,3.03745698184
720,578.421569824,68.0104751587,21.5478668213,52.6377830505,0.831128191203
720,577.213134766,186.76234436,28.3213367462,53.591709137,0.476229330525
720,487.903930664,248.085739136,20.3458480835,45.8653450012,0.433280784637
720,448.960327148,100.908760071,21.6761608124,54.4439506531,0.409657275304
720,593.867919922,68.5964736938,22.6103725433,52.1336326599,0.27115275152
720,537.740539551,88.8426742554,18.6865730286,48.9423332214,0.180270359851
720,439.478515625,192.43359375,21.4183521271,51.0867500305,0.119435728993
720,611.270019531,22.6765823364,19.5649967194,43.429397583,0.000554126336283
750,430.726287842,98.9239501953,34.9645233154,98.9780960083,20.7065984607
750,535.005554199,178.919998169,24.0325527191,55.3137016296,1.78488530219
750,538.065856934,107.950561523,19.1069660187,47.7597808838,1.21526382864
750,364.124633789,172.264602661,32.1230545044,105.43145752,0.767745310441
750,557.088928223,193.705276489,19.2398071289,44.2833061218,0.681239971891
750,488.404815674,254.695129395,20.462972641,44.4227714539,0.667966203764
750,453.20703125,91.362953186,21.561384201,62.5481567383,0.581171177328
750,582.212219238,79.0969314575,21.8096675873,58.0284538269,0.385487824678
750,582.510437012,281.202362061,30.7816982269,52.9335823059,0.238464819267
750,526.911315918,87.025352478,19.47224617,51.4718933105,0.168019335251
750,556.637084961,63.1021308899,21.9092407227,55.7067604065,0.13244303409
750,570.096618652,54.1860771179,30.4499969482,59.017074585,0.128989561927
780,434.044586182,97.7006454468,45.0048522949,131.933059692,29.5941740274
780,459.98449707,59.1107749939,51.2450828552,155.232437134,11.5381509066
780,459.747283936,78.540435791,22.7784862518,64.0062713623,2.44997814298
780,544.571228027,100.711914062,19.0947399139,49.6426048279,1.74866430461
780,453.650360107,170.555618286,23.837896347,67.8958740234,1.71927083284
780,546.430541992,174.520278931,25.5202655792,58.4270019531,1.50058204308
780,596.273010254,184.297790527,28.5254058838,61.102016449,1.25674568117
780,611.090881348,291.101074219,18.1246967316,43.4153862,0.734585942701
780,498.173461914,255.473632812,21.5003261566,45.9339027405,0.548843527213
780,443.810089111,197.347717285,22.4367313385,53.6934318542,0.526435207576
780,616.310302734,196.148849487,16.2135372162,49.767414093,0.466793449596
780,568.018493652,198.913894653,19.5018501282,41.4776344299,0.408364273608
780,448.328155518,87.1205444336,22.5278377533,76.3676605225,0.309703615494
780,273.640228271,115.687950134,21.048456192,47.66979599,0.26307143271
780,531.811462402,78.4214248657,19.4056415558,54.5919685364,0.127018813509
780,412.781494141,103.362205505,22.771402359,59.4719047546,0.0793738930952
780,363.248504639,170.741577148,32.0568809509,88.908416748,0.068305892637
780,614.592346191,311.651977539,19.3444423676,47.0160331726,0.0663176178932
810,440.635406494,94.2353744507,43.5427818298,136.651596069,27.817645669
810,482.305541992,58.1197814941,32.128528595,82.9685440063,2.51730214804
810,562.033691406,112.036842346,20.1210918427,49.4298973083,1.81976053864
810,554.196166992,91.4235229492,19.5019054413,49.3557548523,0.987402908504
810,459.902313232,84.3402481079,22.3759899139,57.3769226074,0.925615243614
810,450.304473877,203.513320923,22.7016658783,54.3008155823,0.858370214701
810,584.86328125,199.879867554,18.7624588013,43.9754486084,0.419619539753
810,562.785949707,70.6865844727,20.7934513092,51.7044029236,0.341174192727
810,598.310913086,189.426193237,25.7981567383,49.7964477539,0.223453785293
810,524.699401855,266.266723633,21.0257778168,51.377696991,0.209498777986
810,603.595581055,69.6558914185,23.5952072144,60.1487922668,0.177779956721
810,7.00261116028,181.296798706,18.7393169403,50.5392875671,0.101887923665
810,616.090576172,220.943359375,18.3873310089,45.1213493347,0.0837691535708
810,400.873443604,217.853652954,24.4651412964,52.1032829285,0.078240717994
840,474.983123779,66.3736724854,21.7199459076,61.880115509,17.3642039299
840,443.903533936,104.840415955,29.6583080292,75.0111236572,4.42940071225
840,452.823486328,71.1573562622,57.0291786194,151.518234253,2.60613020509
840,579.243225098,180.250778198,21.5174541473,51.120426178,0.69784168154
840,556.937072754,280.344238281,22.2452526093,46.6400566101,0.419575627893
840,358.605804443,193.034225464,31.0917644501,85.4445419312,0.409791246057
840,537.90802002,274.953338623,29.7007751465,53.192489624,0.173811090644
840,404.828216553,219.518966675,27.7695140839,52.2889709473,0.133135961369
840,460.123413086,69.9619522095,27.8844928741,81.9307403564,0.102034839801
840,617.371398926,278.958831787,16.3343753815,41.2859458923,0.0926846754737
870,475.392181396,51.6026306152,76.0943374634,180.97845459,31.0613900423
870,374.201171875,114.825279236,17.718744278,44.3839759827,11.4734768867
870,179.596557617,115.417564392,18.8777980804,42.2707023621,4.98217232525
870,392.080932617,114.542236328,14.5302810669,49.2059288025,1.84773746878
870,487.220703125,243.915222168,22.8941745758,48.8107757568,1.49488160387
870,479.929656982,78.183921814,28.908996582,94.7664108276,0.758002884686
870,423.897796631,140.972824097,19.3618679047,47.9717140198,0.703903427348
870,464.658416748,104.675354004,20.7551212311,57.1737670898,0.583013659343
870,500.721069336,47.5185508728,28.2006988525,78.8768005371,0.451975967735
870,283.293212891,83.8917007446,22.5127124786,59.0842475891,0.377795216627
870,359.724243164,183.138442993,30.1289768219,79.4296340942,0.370484963059
870,117.285179138,138.696533203,24.3195705414,70.8798294067,0.362091837451
870,594.184020996,291.527923584,29.3192386627,52.7488059998,0.348517857492
870,614.523376465,307.575469971,18.907869339,46.7164573669,0.0823789858259
870,616.742126465,210.820358276,17.6800785065,44.2499237061,0.0668232736643
900,498.0909729,65.7570419312,103.035774231,195.312332153,40.0605738163
900,379.7628479,106.401855469,17.6455516815,47.7249450684,13.0156099796
900,398.591552734,102.531616211,19.2082576752,59.1817588806,1.36599661782
900,550.246887207,143.297668457,31.1673583984,73.1577224731,0.724828522652
900,353.579742432,182.751144409,22.200674057,61.4099159241,0.332975434139
900,569.760192871,232.994369507,20.4922084808,46.9496421814,0.332278385758
900,502.995849609,77.4302597046,25.0399913788,77.5948410034,0.231041270308
900,326.155578613,164.830245972,43.4012413025,81.5582122803,0.0919063575566
900,541.720275879,34.4657402039,31.9076099396,68.0192489624,0.00935689749895
930,402.314788818,104.572792053,17.3776912689,47.752532959,19.9840202928
930,487.001312256,103.798912048,23.3650608063,69.2850112915,13.1611987948
930,414.999755859,99.9995422363,17.7616729736,49.5304718018,1.85056552291
930,603.354064941,286.470306396,25.9634571075,49.1310539246,1.00906416774
930,284.709564209,104.905677795,21.1116657257,51.8540153503,0.98067196086
930,365.04675293,160.449676514,26.5865955353,72.1939468384,0.438594538718
930,583.095214844,52.5894889832,22.2164821625,49.0792999268,0.42662541382
930,348.338745117,184.834182739,29.2714614868,78.6200714111,0.122585147619
930,537.700256348,276.492034912,28.8282146454,55.0353889465,0.0437255541328
960,409.847625732,105.227531433,17.4815177917,50.1617889404,14.9693801999
960,212.951339722,113.820770264,28.7220001221,59.2164115906,2.38202456385
960,422.192169189,98.2208023071,18.2217292786,54.7262687683,1.65244471282
960,611.111877441,307.078308105,19.1893882751,45.9858283997,0.47425669618
960,467.994506836,149.227890015,28.2290363312,64.5226974487,0.402624905109
960,582.797912598,301.229858398,32.7914810181,64.9097900391,0.288009620272
960,476.291473389,255.744812012,22.3649520874,46.1490325928,0.0606386980508
960,345.583251953,182.388565063,30.4353313446,90.7066726685,0.0536663166713
990,419.827789307,108.532798767,17.8223743439,49.8319206238,39.6765530109
990,402.291992188,105.655250549,16.6455440521,52.5243225098,2.91061513126
990,545.684875488,299.167816162,32.4206733704,53.4577636719,0.559266097844
990,185.059280396,133.821090698,21.088558197,56.3074378967,0.323447654955
990,499.136810303,157.635574341,27.7203884125,61.5007133484,0.279445433989
990,570.236022949,304.004669189,28.7393131256,55.588760376,0.270035909489
990,428.174285889,90.9413528442,17.534078598,52.3631248474,0.194633461069
990,616.19329834,196.495407104,17.5438175201,44.5874633789,0.0554178492166
1020,502.193023682,80.590385437,25.8716125488,69.7102584839,7.78843984008
1020,533.985961914,135.485092163,16.6976242065,49.6398658752,2.24585365504
1020,604.204406738,324.398895264,21.5583267212,51.323059082,1.45177040249
1020,550.147399902,121.755775452,29.838508606,95.0727005005,1.01376418024
1020,572.598449707,144.035324097,20.9155826569,51.0460700989,0.696514593437
1020,5.96305274963,188.057067871,20.0105781555,51.1127662659,0.423751911148
1020,412.970214844,36.8341941833,28.0235290527,76.366027832,0.238861166872
1050,575.071716309,111.128601074,24.4641475677,75.4716110229,8.36446434259
1050,541.381530762,60.9415740967,25.9799499512,61.5054626465,6.87974616885
1050,440.386352539,102.753166199,17.4247570038,54.8337669373,5.80384209752
1050,591.164123535,145.67024231,17.5911750793,44.8237953186,1.06764715165
1050,428.192779541,109.238769531,21.0721549988,59.1100463867,0.688839657232
1050,450.509033203,100.433921814,16.6144809723,51.3258476257,0.284597370774
1080,610.913696289,156.252655029,18.0291347504,49.8835296631,23.0582177639
1080,602.329101562,38.5353317261,24.4573745728,58.6311302185,14.6527335048
1080,418.767944336,110.775840759,20.041891098,51.2881278992,12.841437757
1080,447.254119873,121.461364746,19.1712856293,45.4072685242,3.92538458109
1080,337.441833496,92.0758361816,20.5881652832,51.5724029541,2.4328423664
1080,431.710662842,116.284667969,16.224527359,42.6670227051,1.11037194729
1080,602.16583252,170.088684082,19.5110321045,49.7765312195,0.351071427576
1080,360.466278076,155.097000122,30.8963603973,95.6483688354,0.0160759140272
1110,496.898590088,145.568527222,17.9327411652,41.0951080322,34.9292755127
1110,430.154815674,114.841285706,18.5917186737,48.3008117676,7.04726427794
1110,454.467193604,128.432922363,21.3069229126,48.0360412598,5.84940128028
1110,442.285491943,112.970924377,16.8352108002,46.9667396545,3.20510864258
1110,4.82834196091,160.886978149,18.6506977081,53.163684845,0.950960442424
1110,466.474334717,124.432312012,18.4279575348,49.3005256653,0.346976192668
1110,352.540252686,163.063903809,34.3144226074,94.0437316895,0.165993568953
1140,519.227111816,143.001602173,21.8391475677,47.3470458984,94.2830145359
1140,434.950042725,118.152549744,19.1936168671,55.7841911316,84.2301309109
1140,467.037353516,129.251052856,21.5129795074,52.4131774902,3.91318462789
1140,449.274658203,122.588356018,17.7376689911,44.2432403564,0.929344911128
1140,536.840454102,140.831451416,18.2381649017,44.5834083557,0.0950985704549
1140,628.647399902,84.4566650391,11.3526000977,49.6792182922,0.0712466367986
1170,545.988098145,139.334701538,22.5180130005,60.6861610413,95.6820189953
1170,441.871337891,120.292480469,20.2627925873,52.506275177,83.45900774
1170,481.61239624,142.375137329,19.4415111542,46.3716583252,24.1942927241
1170,374.442657471,175.831985474,35.3827133179,98.9145278931,2.92920731008
1170,585.36920166,314.181396484,18.8153610229,46.6153106689,2.14959010482
1170,492.378387451,136.807357788,17.8117027283,50.5067939758,2.08295248449
1170,594.108886719,318.981231689,29.4061641693,60.5167350769,1.55191402882
1170,463.786651611,118.666862488,19.7219238281,50.5907325745,1.24267088249
1170,574.133178711,330.032287598,20.556640625,46.8965301514,0.892796460539
1170,516.524414062,142.037322998,17.3565483093,44.8684692383,0.883720070124
1170,581.294128418,147.117675781,17.2200031281,42.2920684814,0.769061222672
1170,534.776428223,145.34588623,16.4555110931,45.1717033386,0.457246275619
1170,397.867279053,180.771682739,25.9035263062,61.810546875,0.372792081907
1170,506.333892822,137.129348755,16.2293109894,45.9620819092,0.371114281006
1170,570.346130371,143.873214722,16.9919090271,44.8308525085,0.226826150902
1170,404.970214844,158.159988403,22.0186710358,54.9854621887,0.0191586150322
1200,584.052062988,161.98210144,22.2115631104,55.6532707214,92.4652099609
1200,446.857910156,131.276504517,23.9563159943,64.3790664673,54.013043642
1200,6.1202378273,174.769241333,20.5348415375,57.571182251,0.940187089145
1200,612.65423584,168.541748047,17.73969841,48.6905021667,0.778945302591
1200,352.365966797,114.337501526,19.8857250214,49.0324745178,0.687286211178
1200,461.311676025,132.816513062,19.1250457764,53.8482398987,0.594611186534
1200,401.57699585,167.79208374,20.8011493683,66.20652771,0.299130892381
1200,600.829162598,155.956985474,17.3658504486,58.674621582,0.185238476843
1200,4.55660057068,101.411132812,19.8987827301,59.1678581238,0.0739517214242
1230,455.580841064,144.908737183,19.0978069305,52.8700370789,1.96757595986
1230,516.707214355,151.298034668,22.6032505035,49.2858009338,0.793097727001
1230,337.548034668,112.673484802,17.7278194427,43.0652008057,0.564299989492
1230,397.377441406,161.153457642,26.9801578522,67.1545791626,0.456024659798
1230,428.69821167,68.6728515625,36.412525177,92.8841323853,0.408862391487
1260,469.983856201,101.476951599,37.7818489075,86.374382019,14.2326265574
1260,617.324645996,160.143081665,14.9123678207,51.5760955811,1.65410973132
1260,448.261871338,153.863098145,25.6340484619,53.6524658203,1.20647000149
1260,490.654022217,133.483932495,18.1118373871,55.8223571777,0.887574721128
1260,482.309173584,150.597610474,19.8861370087,51.5378417969,0.451104622334
1260,190.944213867,131.8881073,18.7501296997,49.8410797119,0.139083038084
1260,72.6668319702,178.841018677,25.6754322052,57.441116333,0.107958144508
1260,234.370498657,81.5511245728,21.7360706329,68.5656661987,0.0612175557762
1290,7.78759908676,155.987167358,22.6266345978,61.4442939758,5.26628494263
1290,455.601837158,148.482223511,36.1231231689,67.5699386597,5.20489364862
1290,537.466003418,133.790176392,17.9540290833,53.5936088562,0.21640995983
1290,9.40639400482,124.521911621,19.19165802,59.8576698303,0.189522281289
1290,488.215576172,162.468276978,17.8810062408,47.6154632568,0.160369940568
1290,608.77520752,109.256164551,21.683057785,48.6150016785,0.0432054366684
1290,428.517547607,81.8603973389,31.9154968262,74.3378982544,0.0108551153971
1320,524.133850098,117.924926758,19.9661064148,67.5449829102,49.696457386
1320,178.989929199,152.394515991,20.6909103394,53.6054077148,28.3383756876
1320,534.821411133,93.9068069458,27.3097896576,100.847434998,3.01464665681
1320,547.272033691,146.268920898,18.1293315887,52.1092529297,2.62466780841
1320,528.176574707,151.232284546,24.3895702362,52.7145195007,2.10536923259
1320,203.424697876,116.178527832,23.8313503265,71.1821594238,1.20885176584
1320,557.277160645,150.007400513,18.0929908752,48.5269966125,0.371640501544
1320,435.912994385,142.407272339,14.3587608337,43.9873199463,0.138949882239
1320,604.945251465,111.902198792,26.4796524048,65.5049209595,0.106302695349
1320,387.567626953,176.669845581,37.016002655,88.5578842163,0.0343342631822
1320,542.808654785,176.586853027,27.5405368805,55.4941749573,0.0326688750647
1320,447.767059326,89.6581039429,29.4196033478,81.6642532349,0.0135776499519
1350,545.224304199,110.707588196,25.4344482422,80.1390609741,84.4517827034
1350,574.712280273,123.147483826,19.7010211945,71.2527542114,37.5731468201
1350,562.097045898,117.211174011,20.9666557312,69.6759796143,6.15619197488
1350,197.609664917,173.213790894,22.9794712067,56.3257598877,4.33295406401
1350,41.9332580566,143.728561401,22.5765247345,64.6070022583,2.48107984662
1350,483.123168945,150.258392334,16.4401626587,43.4564857483,2.24592387676
1350,206.534103394,151.182601929,25.5226211548,55.1068153381,1.91971454769
1350,424.343841553,160.848236084,19.0087490082,55.5321235657,1.54340164736
1350,591.759216309,138.571853638,15.4522361755,54.5511817932,1.26623110846
1350,516.214355469,97.2700195312,19.42070961,57.9197540283,1.16818537936
1350,583.63861084,76.2209396362,19.5436306,66.4222259521,1.11748790368
1350,8.57232570648,168.354354858,14.9020738602,44.7014312744,1.06725441292
1350,612.013366699,165.155807495,17.2988357544,46.8361206055,1.06469253078
1350,331.60446167,113.638648987,16.1942596436,37.8555908203,0.409363536164
1350,443.513885498,361.780853271,25.4730148315,54.928150177,0.252386298962
1350,568.483764648,91.4585189819,22.9603042603,62.8164215088,0.136245740578
1350,56.76329422,146.714523315,20.3164463043,56.2603874207,0.0745982280932
1380,569.723571777,99.3960952759,26.2421550751,100.902923584,65.8237576485
1380,584.941467285,147.724411011,18.0214557648,50.7578163147,44.6198880672
1380,593.772888184,100.265419006,27.8979644775,97.4301223755,12.7272829413
1380,614.294494629,147.146026611,17.2073917389,52.59324646,6.31696656346
1380,517.585327148,139.408340454,23.1514797211,57.5616874695,3.7488386035
1380,519.570007324,330.775543213,24.0038013458,59.5093841553,2.08958685398
1380,609.765808105,98.9383621216,22.983549118,78.7003555298,1.62126347423
1380,100.720458984,104.801643372,22.9249744415,54.1469764709,1.00034028292
1380,528.559570312,102.498756409,21.3719425201,59.4824523926,0.845470186323
1380,612.689208984,59.7051811218,17.1516666412,56.7184104919,0.773111823946
1380,565.272155762,154.909515381,15.4359312057,44.8232269287,0.143566227052
1380,563.246887207,101.409454346,16.1718559265,53.0572929382,0.130659656134
1410,593.411682129,92.8379135132,27.7907428741,102.854728699,46.2539374828
1410,537.078613281,161.360671997,17.2122898102,41.2960319519,13.243585825
1410,35.1776618958,172.614501953,18.0797290802,45.9151649475,2.76153981686
1410,230.171936035,181.177658081,22.0091094971,61.7978935242,1.67519841343
1410,616.249450684,158.36416626,16.2394504547,45.5456390381,1.45349279046
1410,7.31684160233,169.429153442,15.5317621231,46.8383979797,1.44144687802
1410,540.506530762,102.159545898,20.1785907745,56.3763923645,0.942716095597
1410,611.278259277,123.667396545,19.735332489,58.8165931702,0.913004763424
1410,20.8162937164,161.266647339,22.2682323456,58.3724708557,0.630873814225
1410,24.7308597565,83.6259841919,32.9415817261,78.0100860596,0.604529120028
1410,48.4145011902,167.973464966,17.6454601288,58.3381958008,0.427311006933
1410,242.661132812,170.241607666,22.2379550934,51.3864898682,0.230684597045
1410,587.300048828,93.1719741821,15.9078598022,48.5959892273,0.0967335654423
1440,544.29876709,158.617111206,16.1753692627,46.3393516541,27.990180254
1440,609.987426758,90.408996582,18.3933315277,59.3483428955,4.9208868295
1440,5.08354568481,136.032485962,18.8515625,48.6911315918,0.993159972131
1440,3.7200012207,162.443466187,20.2265167236,56.3647460938,0.484297424555
1440,584.204711914,162.860397339,19.5169715881,46.0505332947,0.325882388279
1440,616.220703125,178.438919067,18.1041545868,45.8269462585,0.0809422228485
1440,599.040710449,92.9854736328,16.3041782379,50.0323371887,0.0499605259392
1470,609.488769531,92.921295166,18.0346050262,61.6788902283,12.8153026104
1470,290.35836792,120.140541077,22.890668869,52.3334770203,5.11486120522
1470,551.157043457,164.164199829,18.1691818237,49.0171318054,2.87626180798
1470,535.427185059,139.053512573,22.16289711,67.6582641602,2.43723783642
1470,246.614257812,168.379989624,25.9850006104,62.7300872803,1.780279167
1470,530.612182617,96.3302993774,22.9520206451,60.9110870361,1.0847077705
1470,579.518981934,168.562194824,19.2284526825,45.1698303223,0.747785437852
1470,262.579864502,142.549560547,22.624124527,55.3405265808,0.235044257715
1470,598.077514648,103.705924988,17.8546848297,52.2343788147,0.230797659606
1470,565.846069336,165.395645142,22.8719997406,45.6623420715,0.12831093045
1470,616.204101562,185.158462524,17.435251236,45.8787193298,0.118119129911
1470,514.992248535,92.3884963989,21.6955776215,55.8274726868,0.00806032912806
1500,556.817199707,176.082519531,17.723733902,41.4886894226,90.019929409
1500,280.503814697,127.955047607,22.393371582,57.1772499084,8.81696864963
1500,607.718139648,93.9652328491,20.6508426666,65.7925338745,6.6312469542
1500,616.070861816,170.357254028,16.689119339,46.9120788574,2.04033274204
1500,565.948791504,173.671142578,20.9326972961,45.910533905,1.36173963547
1500,11.7629480362,284.896514893,21.8095378876,50.276386261,0.643134815618
1500,580.547607422,171.065261841,22.370595932,50.0710449219,0.476570846513
1500,596.612731934,170.144790649,18.6122684479,49.9418449402,0.211633159779
1500,596.256713867,96.5534362793,18.198841095,50.2202148438,0.147699483205
1530,556.646789551,174.942016602,18.0038585663,46.0968017578,67.0205831528
1530,612.681762695,93.3286361694,16.9107284546,66.3256072998,16.3033485413
1530,591.353942871,130.196609497,20.0320720673,62.7028198242,2.99264453351
1530,590.428161621,93.9890975952,18.655954361,55.6878395081,0.577119365335
1530,531.655822754,245.482620239,20.9028263092,56.310092926,0.553639186546
1530,569.950256348,164.944671631,23.1941680908,56.6355247498,0.326371262781
1530,615.844421387,188.354492188,17.4538021088,43.1752738953,0.228103203699
1530,241.53477478,205.235061646,23.7808017731,59.0797309875,0.210110284388
1530,138.171524048,197.197021484,24.5251598358,65.7318191528,0.132250436582
1560,553.924621582,175.02166748,18.304233551,46.8946533203,86.5673601627
1560,471.655273438,106.716331482,19.8470649719,55.7010688782,1.57904475927
1560,568.213317871,169.337432861,21.3972110748,56.2487945557,1.09046036378
1560,616.47265625,172.389389038,16.1936130524,49.2814483643,1.00292488933
1560,560.007995605,243.90675354,19.9439373016,43.5280609131,0.859407242388
1560,145.077011108,182.677108765,21.5035114288,57.6344795227,0.488635152578
1560,583.20526123,101.656150818,21.2918949127,57.9707183838,0.411297800019
1560,538.092834473,174.55921936,18.5628643036,44.9107398987,0.395056419075
1560,482.782684326,103.534934998,20.9917354584,53.5920143127,0.0126625600387
1590,544.840637207,175.331802368,19.6619434357,48.1705474854,86.8395209312
1590,108.372680664,174.862106323,18.8347835541,55.2238960266,12.4003782868
1590,562.68572998,241.806503296,21.0549488068,44.5483970642,4.60956133902
1590,492.157928467,141.184967041,24.3960952759,59.3276176453,3.52576039732
1590,556.044555664,178.541946411,19.7759990692,48.6577644348,3.3957157284
1590,449.81741333,108.154716492,22.3162631989,56.6741981506,2.94502526522
1590,593.577453613,81.400642395,24.0458469391,80.5521316528,2.23153308034
1590,612.591064453,155.375747681,17.9712963104,54.2578697205,0.939941033721
1590,567.844116211,182.291427612,19.2727298737,46.7989997864,0.0796945998445
1590,466.334259033,107.438751221,20.2546291351,50.1934623718,0.0328703405103
1590,546.439025879,316.227752686,23.3733348846,48.9647102356,0.0282591237919
1620,613.328552246,153.38369751,16.445098877,45.0151176453,6.80084377527
1620,563.690673828,252.290344238,20.3166599274,47.3630485535,2.74692066014
1620,70.6444625854,171.311355591,20.3467693329,54.5004730225,2.28737853467
1620,419.590545654,100.110435486,21.5335769653,61.0664100647,1.7152223736
1620,580.806945801,88.055015564,26.4114151001,75.3121414185,1.23703870922
1620,418.045074463,183.597366333,20.0199375153,48.1909217834,1.07721369714
1620,617.153625488,201.833511353,16.1068897247,41.1328010559,0.915019679815
1620,546.055114746,188.114547729,21.3542327881,47.6208343506,0.571509869769
1620,83.061340332,187.376647949,21.4712142944,58.5849914551,0.384375685826
1620,554.528625488,94.1333999634,16.9263706207,50.5781059265,0.358579284512
1620,365.788116455,48.8242912292,22.5596618652,60.3118476868,0.217899749987
1620,560.385009766,97.1513290405,25.0791988373,72.1284332275,0.212612305768
1620,603.257995605,97.3162002563,24.0181217194,66.6037521362,0.116057193372
1650,541.513549805,177.205200195,19.4783039093,53.2083702087,81.5793633461
1650,198.874954224,185.920776367,19.4518890381,67.0844650269,45.7014650106
1650,24.2451610565,180.923721313,19.8403148651,51.5897674561,18.9554318786
1650,34.5177268982,185.4193573,22.4645233154,51.1930084229,5.28537556529
1650,6.53211545944,177.471847534,18.2229404449,49.7699394226,4.82448004186
1650,578.145446777,64.0593948364,31.149553299,78.6557922363,4.3900988996
1650,403.092071533,268.252593994,20.5345840454,50.2586975098,1.37373218313
1650,570.339538574,167.405044556,20.464756012,59.3589782715,1.31681952626
1650,611.869689941,156.25843811,18.1331672668,49.7721862793,1.22558763251
1650,525.732299805,180.023544312,21.2408485413,50.7884101868,1.11823650077
1650,399.603637695,101.669586182,33.0999107361,67.6201553345,0.696048373356
1650,317.713684082,26.5186233521,22.3341140747,64.7082748413,0.545787066221
1650,588.459777832,281.650360107,22.7811737061,50.5284767151,0.256033241749
1650,564.709289551,65.5171585083,23.4751968384,67.6120681763,0.250160461292
1650,615.077453613,285.570373535,17.4291057587,43.9251747131,0.0864668982103
1650,597.071533203,78.9218215942,23.6119537354,63.8670845032,0.0715769885574
1650,417.963104248,97.0824584961,22.9802875519,58.0628967285,0.012151824194
1680,551.894104004,175.114257812,21.3245792389,58.3591499329,97.7432847023
1680,6.50808382034,190.349182129,16.5692577362,46.9122047424,20.0096011162
1680,615.580993652,152.482330322,15.7675542831,50.1257171631,5.45100010931
1680,585.042297363,59.6759033203,31.6337604523,77.5733261108,4.44255769253
1680,565.349304199,165.595169067,26.5320644379,63.8180084229,3.46196740866
1680,524.884887695,173.163406372,25.0408630371,57.2835655212,3.0643787235
1680,176.191238403,187.202682495,22.6973571777,63.0963249207,2.30885501951
1680,396.643951416,301.636901855,24.9989566803,54.3577423096,1.52321262285
1680,361.470092773,311.234161377,28.2779178619,65.9629745483,1.35549968109
1680,203.874023438,323.44821167,23.1118450165,54.2863464355,1.06109939516
1680,582.451477051,159.925430298,27.3079280853,68.8536682129,0.568057596684
1680,380.85269165,311.399749756,20.6754150391,57.7321357727,0.563264591619
1680,385.885894775,98.4346084595,24.8667621613,65.4919128418,0.491637643427
1680,516.245605469,163.915206909,17.478811264,44.1908988953,0.441630976275
1680,158.927764893,183.958190918,29.2350521088,76.3925704956,0.327579234727
1680,218.770385742,326.683044434,25.1707057953,56.203414917,0.191314681433
1680,355.117340088,190.746704102,30.5746231079,68.9622573853,0.108070101123
1680,616.95715332,177.8828125,17.3732223511,49.97133255,0.0689995824359
1680,603.244506836,79.5647583008,25.9065227509,66.6125259399,0.00654509640299
1710,578.2421875,178.132858276,21.0320644379,55.5687408447,92.3856914043
1710,594.865844727,181.404174805,19.2661151886,54.7892036438,8.97389501333
1710,161.845077515,372.316070557,24.4710006714,56.0533714294,4.42315451801
1710,144.183273315,182.323654175,25.7986011505,79.9138793945,3.81513386965
1710,175.47026062,355.231445312,32.1702346802,71.0883102417,2.98772715032
1710,412.065155029,333.738006592,24.767829895,60.2547492981,2.41072513163
1710,153.346450806,360.230072021,22.5966320038,50.7564735413,1.57744903117
1710,617.578918457,183.511962891,14.7937116623,51.8965759277,1.30230858922
1710,606.167236328,62.8051185608,25.786272049,79.4082717896,0.521864136681
1710,387.291290283,363.241241455,31.4850234985,73.124168396,0.515484251082
1710,388.357147217,97.1352233887,24.806394577,64.3963623047,0.498146470636
1710,217.018234253,256.573577881,20.9012928009,51.9665412903,0.393043830991
1710,454.884002686,137.618621826,20.1629161835,53.0072822571,0.310610514134
1710,589.054443359,93.2705917358,27.3058242798,68.6215591431,0.168142456096
1710,193.759628296,250.538253784,16.3880176544,49.412525177,0.101745768916
1710,231.803039551,268.304992676,21.5097351074,43.5863952637,0.0952900736593
1740,604.143371582,174.903457642,27.3120594025,62.7789344788,97.8831112385
1740,610.560424805,90.4057617188,19.4003810883,59.6539611816,5.81817403436
1740,458.217773438,139.263214111,19.3640727997,50.5040893555,3.41845005751
1740,422.480377197,372.771759033,30.1101169586,62.1715354919,1.88411772251
1740,604.604675293,396.349212646,22.1821804047,51.1952629089,0.584894465283
1740,273.499633789,381.655151367,21.6188354492,51.6159553528,0.410456256941
1740,547.255981445,176.013778687,20.7836666107,50.6302146912,0.350624974817
1740,391.31137085,97.9203872681,21.4742527008,51.8605766296,0.279114209116
1740,5.88511419296,257.535797119,17.8112773895,47.5108680725,0.248617352918
1740,531.219055176,188.278320312,19.7478141785,47.0882720947,0.167661299929
1740,349.600463867,369.546356201,23.3446750641,54.9494438171,0.164943479467
1740,442.564849854,89.2036132812,28.5285701752,73.9153060913,0.0682314450387
1740,443.992767334,375.592254639,23.4092197418,55.9883728027,0.060305907391
1740,474.044921875,138.987319946,20.3204250336,52.5276298523,0.0356665317668
1740,627.532287598,181.065795898,12.4677124023,46.8022956848,0.0256511935731
1740,118.089477539,381.277618408,36.5340538025,63.2107200623,0.00599958439125
1770,124.965171814,191.703384399,21.2484130859,70.4727249146,3.18861305714
1770,463.543487549,141.370849609,21.4185352325,49.0724372864,0.870032887906
1770,617.71661377,206.054122925,16.8546581268,45.4626274109,0.532863941044
1770,349.439361572,385.393676758,34.7763938904,55.8028717041,0.529101863503
1770,439.121337891,387.515380859,31.9056987762,62.0253181458,0.463023595512
1770,403.741729736,99.1297531128,20.4032344818,55.4957313538,0.254196021706
1770,5.93651390076,265.258453369,18.639705658,54.6381034851,0.204422767274
1770,478.590240479,145.612442017,19.9100284576,49.1860961914,0.192583934404
1770,426.48034668,104.661628723,22.7189693451,58.048625946,0.108867406379
1800,304.422943115,122.953895569,25.8906726837,78.4088516235,8.64938125014
1800,519.575927734,191.029922485,20.3601303101,45.4857177734,6.20389096439
1800,378.299285889,182.928543091,17.700799942,44.7427330017,2.4424508214
1800,617.751098633,175.675857544,16.3058795929,43.071395874,0.529702752829
1800,110.965034485,194.358154297,20.8402633667,55.3634338379,0.491098221391
1800,478.400726318,141.569839478,19.503900528,54.5314788818,0.40461816825
1800,391.458221436,94.8052368164,18.8104553223,53.1779289246,0.249351630919
1800,460.71194458,140.29914856,21.540397644,57.9522705078,0.102803239133
1800,403.854858398,98.1663589478,20.5334796906,57.5288047791,0.0130220680148
1800,435.862579346,384.973388672,34.7188644409,81.0338973999,0.00542610541743
1830,388.833618164,96.8139648438,21.2709255219,55.2000312805,3.85897345841
1830,104.105743408,190.176712036,28.2559871674,71.8539733887,1.83412097394
1830,409.326934814,102.762969971,19.0965270996,56.5905799866,0.287705124356
1830,483.26260376,141.780212402,19.629076004,55.401309967,0.180890655611
1830,465.550292969,142.83934021,20.2813777924,55.356048584,0.091273826547
1860,382.252410889,91.5800552368,20.1134986877,53.3371543884,2.89760734886
1860,570.56628418,178.557907104,17.0525169373,48.7023200989,0.913069676608
1860,393.890380859,102.283836365,26.6630573273,65.8735427856,0.668906513602
1860,24.126914978,227.697891235,37.069568634,84.6315078735,0.492916628718
1860,0.0,158.446166992,25.6184520721,58.2258415222,0.451984722167
1860,612.080810547,217.725479126,17.6866455078,44.3651771545,0.418229866773
1860,88.2178039551,189.349060059,21.0702266693,57.8549499512,0.273056724109
1860,421.242675781,100.594169617,20.2473278046,52.921245575,0.153351586778
1860,334.462219238,103.986671448,22.4519500732,45.1470832825,0.0250848475844
1860,398.752929688,52.2215881348,23.3573665619,64.7277374268,0.00262388402916
