30,5.21045827866,197.421127319,15.6769180298,48.1721496582,27.3619294167
30,597.927856445,89.8489685059,24.5306243896,65.7605209351,9.69988554716
30,513.608337402,187.918991089,17.6430721283,51.3727149963,5.67654184997
30,364.808227539,168.472625732,14.906498909,46.9082183838,1.20070530102
30,596.040405273,172.430847168,19.9719753265,48.9530677795,1.08039183542
30,616.344604492,101.879798889,14.0645875931,47.7715263367,0.644788751379
30,464.903961182,171.855941772,21.7645587921,58.092250824,0.302184349857
30,351.781860352,167.390426636,19.8524799347,45.5095710754,0.14089680044
30,616.072937012,209.777770996,17.0337162018,45.493724823,0.0997466850094
60,597.34588623,92.905128479,24.8737869263,63.8414001465,8.69078189135
60,514.210266113,186.122314453,17.7230758667,49.9435157776,2.26670708507
60,612.055358887,198.905776978,17.4225940704,44.7156639099,1.87575444579
60,616.041320801,100.258026123,14.6327409744,47.8039703369,0.906530302018
60,125.052223206,150.081832886,23.8979263306,76.9157409668,0.732077332214
60,139.791046143,164.874923706,21.5315608978,61.0804023743,0.14451892348
60,206.030197144,157.035308838,19.4449577332,48.6703147888,0.089189526625
90,597.848815918,90.7399902344,26.2386627197,68.9326782227,8.91474559903
90,126.100769043,125.404335022,23.1225585938,64.0315933228,7.30302110314
90,46.3257789612,113.840232849,25.1552600861,59.1040382385,2.93853674084
90,599.617858887,172.058792114,24.926940918,60.1302680969,2.54508331418
90,612.441711426,199.428207397,17.5267295837,45.6165733337,1.93160772324
90,65.1035461426,99.5483016968,23.9500370026,59.5242118835,1.20788533241
90,616.481811523,100.83605957,14.2258377075,49.0179901123,0.779519882053
90,465.49597168,173.532852173,23.1412582397,57.8272399902,0.247594714165
90,585.17755127,76.4085769653,19.8129310608,52.6631736755,0.164445978589
90,491.223236084,104.281211853,20.0026721954,56.143157959,0.0845850096084
120,88.6009140015,194.011642456,24.5475101471,57.6545677185,20.3288853168
120,29.004781723,182.800476074,36.9890556335,63.0178375244,9.77912172675
120,595.671325684,90.1555175781,27.2352142334,64.9365463257,7.81388580799
120,616.437988281,101.385353088,14.0672988892,48.0129203796,0.744522409514
120,129.134399414,147.452255249,24.0678024292,78.5037307739,0.233701686375
120,200.117355347,154.165939331,20.5930976868,60.2258262634,0.0736639427487
150,117.866035461,184.545578003,26.9153289795,58.8675994873,92.8326129913
150,597.194519043,94.4290466309,24.878660202,63.4085693359,8.53352472186
150,510.929595947,188.504272461,16.3187503815,52.5772514343,6.23404085636
150,599.872497559,171.289230347,25.0921802521,60.416103363,4.49428297579
150,27.7879390717,143.254592896,21.8703327179,58.2546653748,2.0245520398
150,610.73223877,91.6936416626,17.578130722,49.2410926819,1.39984227717
150,7.18227052689,188.308349609,15.4503774643,43.3426551819,0.928414147347
150,590.682189941,170.571792603,19.4551067352,48.7135124207,0.756361149251
150,518.995483398,182.135879517,17.7778091431,49.7104797363,0.547584705055
150,463.839813232,170.246734619,22.7296829224,60.9057044983,0.371725857258
150,616.077941895,202.516723633,16.7631587982,46.4646263123,0.331707042642
150,115.636665344,106.7241745,23.3349685669,69.0760726929,0.25161721278
150,366.399932861,169.663711548,15.1331949234,44.5847969055,0.104707374703
150,588.87677002,64.1253433228,25.988571167,71.6192932129,0.0236500141909
180,598.543212891,92.0991210938,24.8693027496,64.675453186,4.67735938728
180,489.160125732,102.380836487,21.2294445038,52.5205497742,0.151552644093
210,159.443527222,186.834396362,24.6567211151,57.7778015137,19.2275300622
210,512.415100098,184.840621948,16.8278942108,53.8030357361,4.45434227586
210,595.224914551,92.4832992554,27.4069423676,66.7635879517,2.85379961133
210,148.970336914,176.178817749,20.8258399963,61.1395988464,1.86175704002
210,117.594245911,105.872825623,20.4976024628,62.8538093567,0.736007746309
210,139.045394897,178.225265503,16.5556774139,55.4544219971,0.612192926928
210,492.131988525,104.273193359,19.9887447357,57.6232948303,0.0634627707768
240,595.899841309,102.075836182,29.3528594971,89.148475647,22.8370159864
240,208.590881348,183.724304199,19.8588066101,48.0907554626,16.8107375503
240,8.66309833527,207.110900879,15.3065633774,41.5679206848,8.02629068494
240,181.675430298,185.190872192,19.2241840363,48.5685882568,4.96823117137
240,600.082214355,87.7127380371,21.1760749817,50.849697113,2.35243961215
240,68.9161987305,173.285324097,20.6460323334,62.9101371765,1.6283903271
240,20.3167705536,199.369674683,17.4714183807,45.2875709534,0.69705802016
240,589.558288574,80.1070175171,20.9621086121,49.4868431091,0.257336045615
240,492.15322876,103.7317276,20.0936908722,61.142364502,0.108644389547
240,134.950073242,167.648300171,20.1080417633,59.1842041016,0.0693442998454
240,478.378936768,107.000648499,21.6677455902,50.8891296387,0.0101210542198
240,579.340515137,21.4071102142,37.3272476196,96.2632446289,0.00783712384873
270,606.983032227,181.427597046,19.5030155182,56.0888977051,11.3592341542
270,597.198730469,94.5722122192,25.2157363892,64.1112594604,10.7677489519
270,512.475280762,187.611938477,18.3531017303,52.3240470886,9.89724770188
270,10.0722475052,201.869812012,17.1506004333,44.6581764221,7.38883242011
270,554.700378418,181.567382812,24.6165599823,50.413936615,2.40464434028
270,20.4324264526,199.671951294,18.2749767303,45.3106040955,1.52583438903
270,596.090576172,170.382003784,19.5460605621,50.0409126282,1.3935783878
270,28.5237522125,186.927001953,21.7745990753,53.2678375244,1.29783004522
270,576.263244629,177.597717285,22.6343250275,60.5133628845,0.75476821512
270,591.060058594,84.8546600342,19.9109268188,51.2117805481,0.724036199972
270,615.347229004,203.506164551,17.5400257111,45.5171203613,0.435792095959
270,616.175415039,107.827201843,15.0785589218,47.8492698669,0.223074830137
270,580.723266602,36.5769004822,31.3422145844,90.5509719849,0.10858454043
300,599.36541748,91.6002578735,24.1202449799,64.3984680176,11.8402995169
300,65.7422714233,194.783935547,19.3815402985,43.82421875,11.1131951213
300,610.520812988,190.924942017,18.9861564636,46.8516998291,9.38822999597
300,510.229400635,191.135986328,18.5439167023,49.4276771545,4.91739138961
300,8.16117286682,207.887863159,15.7614145279,44.024684906,3.65470834076
300,568.471740723,158.931930542,19.3039836884,50.8684959412,1.0546406731
300,21.2172679901,199.442321777,17.3066425323,45.0718536377,0.802478101104
300,465.0027771,169.529846191,22.4388275146,60.6101417542,0.592509284616
300,134.251480103,160.140457153,22.8826808929,66.2379379272,0.121610728092
300,579.508850098,31.717666626,32.8683891296,98.0395126343,0.120165175758
330,2.0142185688,184.896179199,24.4041042328,64.743522644,99.3731379509
330,598.283996582,95.0822982788,25.2432098389,63.2933387756,12.1940329671
330,18.5550746918,188.526489258,21.5830249786,62.671787262,7.27994516492
330,609.067016602,185.867675781,20.9482364655,55.2956352234,6.92275166512
330,509.775970459,189.074142456,18.8405704498,51.9852180481,3.71284820139
330,563.185974121,165.279815674,17.8887500763,46.8097190857,1.06321703643
330,45.6359367371,172.939407349,20.6775016785,64.0000839233,0.803168583661
330,590.296447754,84.2282028198,20.8246555328,52.2434196472,0.584038579836
330,615.91229248,107.072654724,15.3405408859,47.5274391174,0.371875730343
330,134.445587158,166.638046265,22.1316890717,62.9827690125,0.169928593095
330,602.070495605,202.320632935,17.8195419312,45.522354126,0.154743157327
330,576.924987793,25.5353603363,38.3194732666,89.044593811,0.00807279793662
360,47.6574287415,179.392562866,33.0299263,72.1047744751,99.1849839687
360,508.116210938,189.232345581,18.8672733307,49.9080924988,13.3841216564
360,8.51746559143,205.935852051,16.2605724335,44.0026702881,6.39562830329
360,594.906433105,95.5662612915,28.1976699829,72.4421234131,5.34143671393
360,611.901977539,197.976730347,17.9044876099,46.7172241211,3.06103043258
360,558.704406738,164.176879883,19.093629837,47.6296806335,2.0412446931
360,32.9317932129,188.570861816,23.2235927582,59.4999885559,1.24512091279
360,520.191955566,184.176269531,16.3986778259,48.3487205505,0.514256441966
360,589.914550781,80.9239273071,20.558347702,49.226184845,0.45532239601
360,16.1148090363,191.96862793,24.4451675415,53.1588249207,0.176272285171
360,57.6031036377,103.810829163,23.7790088654,61.7710227966,0.155725737568
360,579.810241699,23.9921627045,35.9330291748,100.6170578,0.000171623753431
390,105.716644287,178.777404785,35.2840385437,70.5927963257,97.1890568733
390,595.946533203,96.5174560547,26.0344409943,67.5383071899,14.2383784056
390,91.6564407349,189.365219116,21.1276836395,56.6091880798,12.9350140691
390,8.88350486755,206.212631226,15.2835731506,42.1141433716,6.96103945374
390,611.87677002,196.871200562,18.0856666565,47.7408866882,5.40690794587
390,368.264007568,170.209976196,27.2313137054,50.0848846436,3.75364087522
390,563.666137695,163.995925903,17.9230861664,45.8505134583,1.28785539418
390,71.0621109009,183.416854858,19.7110691071,48.3667640686,1.2620898895
390,600.401428223,168.258178711,25.3496704102,63.0530586243,1.24809974805
390,609.810974121,92.6289901733,18.3180408478,49.6596984863,0.558117311448
390,19.8870563507,199.693740845,17.7796096802,44.3759498596,0.489531410858
390,589.684692383,77.6667709351,20.2039871216,51.5793914795,0.395395653322
390,578.518981934,29.0729522705,32.8863258362,88.0921554565,0.20634920802
390,61.6837310791,103.58972168,22.1682262421,59.4061126709,0.102363713086
420,161.971679688,178.885635376,36.8847312927,70.8434524536,97.7778196335
420,596.677001953,86.1078262329,25.7748012543,64.7174606323,12.4697186053
420,510.971282959,188.235977173,16.6369380951,53.02942276,6.16527870297
420,8.47525215149,205.521408081,14.6901359558,44.9670753479,5.96072115004
420,585.522277832,170.580978394,18.4186153412,47.3781013489,2.06530094147
420,599.206054688,170.710067749,25.1984882355,57.292766571,1.14402798936
420,616.29510498,101.256317139,14.3126449585,47.9578857422,0.905668269843
420,563.158325195,164.637527466,18.6539516449,47.4344673157,0.873245391995
420,577.082763672,24.517288208,31.0992412567,87.0604019165,0.81407437101
420,574.997253418,174.762161255,16.8195705414,45.3130989075,0.795299280435
420,201.616394043,192.799453735,18.5852851868,46.1008453369,0.535048218444
420,187.971252441,187.717300415,18.6201610565,58.8893928528,0.419629877433
420,463.480102539,173.708557129,24.1227855682,58.0508232117,0.243923440576
420,60.4279594421,110.206077576,23.4709568024,61.4309692383,0.0807145319413
420,593.855957031,68.8897171021,21.5831012726,49.2714195251,0.0467300298624
450,27.9260616302,179.564331055,29.5173015594,72.4844741821,99.3828356266
450,224.764282227,175.288314819,36.4655952454,72.4173202515,95.4399824142
450,598.499938965,91.5646743774,24.5886001587,64.003326416,22.9712367058
450,366.045684814,167.090957642,17.3267345428,49.0870933533,6.9913610816
450,600.971496582,173.708984375,22.3806152344,60.311870575,5.58958612382
450,510.428863525,188.153335571,17.2972049713,53.4062919617,5.21593168378
450,612.118103027,197.322265625,17.691942215,47.9771118164,3.89722585678
450,45.2291374207,183.357971191,21.646232605,60.8031349182,2.16779503971
450,211.843856812,179.221725464,28.6128902435,63.3271369934,2.1100660786
450,616.086975098,100.323936462,14.5233411789,48.5372467041,1.1801415123
450,15.4391069412,196.557479858,16.0349464417,47.7343711853,0.906153488904
450,201.606033325,164.594665527,23.4169082642,65.4016494751,0.652573117986
450,520.803283691,181.697494507,17.4130859375,52.0189666748,0.428309990093
450,462.738128662,169.627105713,20.7252674103,63.5412406921,0.403800653294
450,130.267166138,170.264556885,21.9010868073,60.9817085266,0.346933118999
450,590.20690918,81.1915130615,20.1181430817,51.6143302917,0.264918874018
450,253.630004883,182.278823853,18.6329460144,52.6272315979,0.0290544674499
450,578.769714355,32.0274620056,39.7852630615,99.2183151245,0.0007518673101
480,82.2538146973,177.997680664,29.5515537262,70.7547073364,98.3260393143
480,285.348846436,177.875915527,37.6938972473,72.0907211304,97.6782739162
480,598.01385498,93.5842895508,25.1505146027,64.0112838745,11.6982981563
480,205.81980896,164.534835815,22.8527297974,61.607635498,4.41417396069
480,612.15045166,199.956985474,17.4366474152,45.7392082214,3.28880287707
480,513.883605957,186.547286987,17.1096286774,53.2134819031,1.93267837167
480,250.051086426,179.402481079,18.8300933838,46.0663909912,1.52296507731
480,220.302658081,173.923095703,20.2726955414,52.0675544739,1.39581551775
480,367.22177124,166.880569458,15.6875829697,47.6042900085,1.35089857504
480,616.622497559,101.490074158,14.3803930283,48.3363952637,1.27485161647
480,147.024688721,184.478271484,16.4043540955,46.6756286621,1.23005546629
480,98.3884963989,186.233581543,21.8835773468,53.5957298279,0.928814895451
480,463.1512146,177.215835571,21.7292079926,57.5099372864,0.917433202267
480,135.303817749,168.903106689,21.1662273407,59.6006507874,0.460392795503
480,232.907241821,174.796203613,22.5120067596,53.3603935242,0.316581805237
510,137.745285034,176.429611206,28.9658298492,70.3610458374,97.479903698
510,335.064941406,173.069656372,50.7224159241,74.4652481079,92.5866007805
510,599.235656738,89.9533615112,22.2171764374,52.782119751,10.2490648627
510,600.166625977,171.236984253,24.3880290985,59.7091217041,2.5162704289
510,612.649108887,199.335083008,17.0833339691,46.014339447,1.47710535675
510,126.379768372,174.896530151,18.7965278625,57.7492485046,0.964638311416
510,616.328125,100.655906677,14.5008077621,47.780216217,0.919668376446
510,462.416870117,174.772262573,22.0642700195,57.9667816162,0.900467019528
510,27.7427577972,165.865737915,22.4916915894,62.5741729736,0.539921782911
510,157.179550171,175.512466431,18.0339679718,52.2051429749,0.364002864808
510,70.2408905029,200.207778931,20.6988487244,44.4932060242,0.191290187649
540,405.808837891,178.422531128,36.2526359558,67.692237854,99.630767107
540,194.958190918,172.590133667,26.7155666351,75.1546478271,95.0947225094
540,598.925842285,90.7871322632,25.5505809784,65.9730453491,19.2954838276
540,8.48557662964,206.192565918,19.0852832794,40.5331001282,9.23992842436
540,555.32409668,182.21685791,22.7432117462,47.3853721619,1.23791433871
540,612.455322266,197.45664978,17.5857315063,47.5194740295,1.21782217175
540,616.388549805,101.06893158,14.7206373215,47.7843742371,1.21746659279
540,366.740631104,169.382156372,15.4737234116,45.0045928955,0.886814855039
540,463.597991943,178.047927856,20.2486381531,55.4584236145,0.797014404088
540,129.544906616,166.406616211,22.0383358002,63.3181190491,0.552098639309
540,19.8923206329,198.043151855,17.866765976,46.3021278381,0.550058251247
540,571.928771973,172.212661743,20.6541156769,54.8149909973,0.456181913614
540,579.377868652,33.1213798523,32.6810684204,92.7501296997,0.149039097596
570,248.282821655,173.725158691,30.3643665314,67.7928695679,96.7071056366
570,475.746551514,176.763717651,24.8955745697,73.2094650269,92.3679888248
570,455.85824585,181.127929688,29.0028057098,68.7848510742,82.3026359081
570,596.099914551,86.9923324585,26.4840526581,66.0560760498,17.1203896403
570,491.624145508,178.241882324,17.6226482391,65.4782791138,15.8857882023
570,10.1266469955,201.494949341,19.1003322601,40.7702522278,6.7578278482
570,604.627807617,172.657608032,20.59856987,53.2421112061,6.16730116308
570,590.706848145,174.313491821,23.3296279907,58.7163887024,2.50432956964
570,612.965087891,196.843460083,16.9017620087,46.4043426514,1.5331370756
570,514.252502441,185.499633789,16.5568180084,52.2318229675,1.16098392755
570,125.260925293,156.191589355,22.6347904205,69.1378097534,0.943216774613
570,616.183532715,92.5701828003,16.3435554504,48.2081756592,0.902215112001
570,578.71105957,176.428787231,20.7906131744,58.2283782959,0.684841955081
570,69.0260009766,94.3870925903,23.4353351593,73.6037445068,0.0477774126921
570,268.685455322,182.261184692,18.5549221039,49.1201019287,0.019332789816
600,304.219573975,173.577514648,32.2971076965,69.5862197876,97.8907167912
600,514.597351074,183.643356323,21.1536464691,57.835308075,93.1105315685
600,533.02520752,185.400161743,24.7567901611,59.5007019043,86.4616930485
600,8.30347537994,206.506057739,16.079574585,45.4420433044,7.39208459854
600,595.482116699,89.6753921509,26.449836731,66.8868637085,5.86031079292
600,500.201141357,178.321395874,19.4835567474,64.2284088135,1.66399106383
600,46.7898292542,123.337524414,24.1920700073,69.3551712036,1.60360224545
600,553.626159668,182.578536987,20.1544246674,54.3990478516,1.46390069276
600,146.806045532,182.977539062,16.9176807404,47.4741325378,1.29139488563
600,616.21673584,101.254386902,14.7766990662,47.7307281494,0.649325503036
600,126.174354553,162.109970093,23.7523803711,65.3873825073,0.519466539845
600,464.50692749,173.715393066,20.8572330475,59.6743621826,0.432533491403
600,20.3576793671,199.457397461,17.2966785431,45.0604553223,0.42937179096
630,557.598449707,178.650680542,25.4637374878,66.2025604248,98.7602889538
630,359.493865967,174.54258728,28.7642211914,69.4090805054,96.0792541504
630,585.165100098,178.371017456,21.5193252563,60.650592804,71.192073822
630,596.055847168,91.4137191772,27.0219135284,64.0412979126,12.0928607881
630,41.6816825867,131.795578003,24.1251983643,54.6470336914,2.67867296934
630,599.008544922,175.22517395,21.5809993744,65.25,1.53405908495
630,467.510406494,183.47845459,18.7441883087,48.4704284668,1.37314470485
630,616.000305176,100.834983826,14.3682670593,48.1454162598,0.93178441748
630,575.461486816,178.093139648,18.2268238068,57.4361763,0.474669458345
630,68.8833618164,95.5532455444,25.6470718384,67.104095459,0.12605714146
630,244.501998901,169.854415894,17.4820327759,48.9805908203,0.0988523242995
630,378.873443604,179.008865356,25.2390899658,59.8231391907,0.01996037754
660,414.024078369,175.608932495,33.2839279175,72.7668228149,98.1982946396
660,592.967407227,172.989303589,21.6042480469,42.8551902771,38.2707536221
660,595.817687988,90.9979476929,27.4157562256,64.2791671753,14.1633316875
660,399.209625244,183.166824341,21.6218643188,52.8326072693,3.35064381361
660,513.777038574,185.448959351,17.3471813202,51.4831123352,1.71641651541
660,58.5937767029,196.455627441,20.8185214996,56.3384361267,0.602128682658
660,455.76940918,172.665115356,25.7375011444,56.5639915466,0.521004758775
660,615.895141602,98.2199478149,15.6440477371,49.2891731262,0.476010516286
660,612.899475098,170.262008667,15.2630109787,43.8471031189,0.473003135994
660,130.13583374,170.074111938,20.6620769501,56.1105957031,0.471217604354
660,40.7970695496,130.447006226,26.6407833099,66.4081192017,0.431827502325
660,590.112182617,80.3461074829,20.3733043671,49.9100799561,0.297176931053
660,70.421585083,191.893310547,18.7672958374,47.484588623,0.138164742384
660,438.203125,170.674194336,24.1605243683,60.138835907,0.0991847831756
660,21.1718978882,137.31388855,26.3795623779,60.5336303711,0.0403263024054
690,464.454376221,173.278991699,34.2874259949,74.7110214233,97.9655683041
690,596.612243652,89.5966567993,26.2919235229,64.006111145,35.9198391438
690,11.4025878906,193.822631836,15.6031255722,48.6879920959,3.32121215761
690,615.838623047,91.4408493042,17.2221279144,49.1797447205,0.922251679003
690,120.513084412,186.650527954,20.3509693146,60.0162086487,0.149133091327
690,576.495178223,28.0704441071,38.43542099,97.5583724976,0.000832275145513
720,595.47076416,89.8481369019,27.2372989655,67.0798873901,21.880556643
720,366.870483398,174.18522644,16.8903331757,49.5410766602,6.96128606796
720,8.04803180695,206.131484985,15.8360490799,45.4887275696,6.24292567372
720,55.7734069824,149.224853516,30.3965072632,82.1866912842,3.15113179386
720,524.909240723,171.182693481,19.1642055511,40.5152816772,2.09401678294
720,614.283508301,192.568496704,16.5632133484,47.7572441101,1.90400592983
720,28.8189239502,180.71434021,21.8084774017,61.5524787903,1.35818077251
720,82.0908966064,195.154541016,19.2278575897,44.8859214783,0.847045518458
720,616.260314941,101.569252014,14.9163637161,48.6054801941,0.822543818504
720,20.6227741241,200.207641602,17.68176651,45.6826477051,0.773514807224
720,36.5460662842,138.107650757,27.1671352386,82.9980697632,0.473100226372
720,589.444335938,75.832244873,21.1702346802,50.8728637695,0.113636464812
720,576.694335938,19.1500759125,39.0516624451,95.3737869263,0.0237460888457
750,560.567687988,177.409835815,31.3948535919,70.1188430786,98.3960807323
750,598.255981445,91.1303787231,24.4028682709,64.4718704224,18.2588845491
750,510.126556396,185.236251831,18.466506958,54.2589302063,11.7896735668
750,597.030578613,171.543380737,21.5995121002,61.1063423157,4.11050915718
750,550.413391113,178.361862183,17.1958065033,56.1830940247,2.31582205743
750,579.565917969,178.724533081,23.3786087036,62.9642486572,1.96766909212
750,611.799133301,198.463012695,17.6749210358,44.9779243469,1.07957711443
750,616.389709473,101.285865784,14.5944776535,47.5304679871,0.839559827
750,440.697113037,154.379562378,20.0979347229,43.6092376709,0.0857650593389
750,484.540679932,101.999237061,20.7840442657,51.4953269958,0.0183300158824
780,593.219726562,178.238723755,30.3993530273,72.0953445435,99.5870471001
780,283.487823486,189.229919434,23.8035430908,49.495349884,58.7969720364
780,597.534362793,93.5765380859,25.2138805389,66.3214187622,14.7925049067
780,58.3884849548,202.066574097,25.8376789093,49.79529953,7.5131803751
780,581.352661133,180.726989746,22.6350269318,63.6415100098,5.2520647645
780,514.090270996,185.197570801,16.7534790039,52.6665763855,0.835281051695
780,125.416618347,158.597290039,23.9805622101,68.8719787598,0.771690392867
780,616.365661621,101.43598175,14.7296190262,48.6525230408,0.746021419764
780,47.5261116028,122.766410828,23.3229293823,64.0435409546,0.521823298186
780,83.1551589966,197.951339722,17.9596385956,46.242641449,0.516241416335
780,186.872116089,159.31628418,23.8253650665,60.0266914368,0.474468292668
780,138.645889282,168.590042114,22.269241333,60.0051765442,0.386197003536
780,615.679016113,181.586105347,15.7911262512,53.0883598328,0.348408566788
780,200.86076355,156.096252441,20.027431488,54.2111358643,0.195329543203
780,491.347930908,102.875671387,19.3175258636,59.2996101379,0.194748130161
780,614.37097168,214.154037476,16.8014965057,46.2851715088,0.0193206826225
810,598.980834961,175.205581665,23.2446651459,52.7131690979,34.1221183538
810,596.39074707,90.3234634399,26.6098041534,66.1133651733,13.7768357992
810,585.051147461,172.177993774,20.1736774445,53.1609458923,2.84364148974
810,513.573608398,187.503723145,16.6947307587,52.5172767639,2.1459992975
810,364.846801758,170.302963257,17.2681217194,46.0118293762,0.781074119732
810,615.698913574,94.3919906616,16.5526123047,51.329864502,0.597661361098
810,125.050544739,116.264404297,21.3314914703,49.9752082825,0.596910296008
810,590.336120605,82.4167098999,20.2807693481,50.4919624329,0.534031074494
810,461.649139404,177.658615112,22.0676708221,56.5040855408,0.260937353596
810,616.671203613,172.278015137,15.8903455734,42.1357765198,0.2175956266
810,257.579162598,58.0217399597,20.6941337585,52.4084892273,0.0189008278539
840,596.762939453,178.540054321,28.5587234497,74.438873291,99.1711378098
840,594.927734375,93.0682907104,27.8445587158,68.8051528931,12.9983574152
840,585.933288574,180.49937439,18.7520122528,63.2867469788,5.32728396356
840,198.704299927,171.545471191,33.1271743774,64.794380188,5.05519732833
840,8.21120738983,205.819107056,18.8716869354,44.7613983154,3.23522724211
840,614.061401367,181.995529175,17.3121509552,56.7873535156,0.584002863616
840,125.211326599,153.558959961,23.645483017,74.4689102173,0.531199248508
840,615.646728516,105.836212158,15.875164032,47.3636665344,0.177005527075
870,596.701049805,178.761154175,29.5499782562,73.9299850464,99.6172070503
870,599.25769043,90.9884643555,21.1641483307,52.4087104797,11.6029210389
870,578.718811035,177.928222656,23.0976638794,61.7082633972,0.908168684691
870,616.053283691,101.695617676,15.2269430161,47.2861824036,0.417242804542
870,555.145996094,180.981140137,23.6269741058,52.3621826172,0.373993301764
870,36.8388824463,133.239257812,24.216878891,56.1644172668,0.273899873719
870,614.697570801,187.812210083,16.3927078247,56.8828773499,0.219103717245
870,123.299461365,118.13293457,20.856803894,54.9430236816,0.175933260471
900,596.517272949,177.64390564,28.954870224,75.0585098267,99.4530141354
900,599.334655762,92.396522522,21.9841213226,52.4713592529,10.5203710496
900,587.110290527,176.098403931,21.1385250092,66.6109466553,6.02181367576
900,615.958312988,181.667602539,15.3393125534,61.4900054932,1.50736263022
900,514.232116699,185.627059937,16.8915023804,51.7515830994,1.24422665685
900,125.190361023,155.874282837,24.9119663239,72.0773773193,0.820311158895
900,575.614318848,185.537826538,18.6138782501,48.202922821,0.812659785151
900,616.624023438,100.81577301,14.4963464737,48.9460868835,0.78158127144
900,363.585479736,169.442611694,17.4585971832,47.6089630127,0.728389201686
900,461.78994751,179.978225708,22.5090274811,55.4920005798,0.300926831551
930,595.994140625,175.59513855,30.1048717499,74.0114212036,99.5005369186
930,596.394958496,87.8226318359,27.3887119293,66.7071609497,12.5598818064
930,587.003967285,175.47668457,20.2401943207,65.6686172485,7.98583850265
930,8.40974330902,206.437484741,16.164981842,44.7604866028,5.67802488804
930,575.959289551,183.630661011,18.2624607086,48.4378013611,1.15907974541
930,463.369476318,173.178268433,22.0568161011,60.1965332031,0.925435964018
930,147.145782471,184.299850464,16.2107753754,45.3592185974,0.911989435554
930,364.421508789,165.951065063,18.40558815,48.7549552917,0.657418416813
930,615.614501953,178.644515991,16.1439228058,55.1714363098,0.622623972595
930,615.936828613,99.8093948364,14.9484205246,50.2639961243,0.563576584682
930,134.888717651,158.758285522,24.1188259125,68.5397796631,0.393314519897
960,598.765319824,176.984512329,27.3165359497,72.7877120972,99.4655907154
960,595.128601074,90.4289855957,27.6928844452,64.4543075562,9.96228083968
960,361.496948242,166.57963562,23.8470249176,64.6849594116,6.24338947237
960,614.7109375,178.963088989,17.0396175385,55.9548225403,0.79769063741
960,205.146682739,156.964096069,18.9661254883,50.3150978088,0.726101966575
960,20.3578529358,198.969772339,17.5128040314,45.4343261719,0.714635103941
960,615.90246582,98.0493850708,15.5040893555,50.1701202393,0.515748094767
960,43.2692260742,119.571777344,23.947183609,71.4180831909,0.414624949917
960,386.941314697,188.285263062,20.1269721985,51.2270774841,0.209810351953
960,614.920227051,216.776626587,16.4705696106,43.7399406433,0.0273525482044
990,600.31628418,175.987045288,27.4117488861,74.8088302612,98.4392285347
990,598.588623047,92.1177749634,25.4238300323,64.606842041,17.7191063762
990,584.878173828,178.214431763,19.9954471588,54.3229370117,7.74077624083
990,121.323173523,113.193023682,24.6753997803,73.3814697266,3.6347810179
990,365.382965088,166.495300293,17.2818279266,48.7687492371,1.93709097803
990,189.988510132,195.230102539,28.5877628326,52.4912567139,0.670358864591
990,141.150985718,121.453308105,20.5317649841,63.9091835022,0.669736135751
990,616.932495117,101.623664856,14.4449958801,48.3888969421,0.478956662118
990,461.955413818,173.357681274,22.095281601,59.1870613098,0.343944877386
990,153.332595825,128.755737305,22.1916103363,56.6899414062,0.0963425729424
990,615.131958008,201.722244263,17.0169849396,50.9400215149,0.0690814864356
990,587.800964355,59.6019096375,27.2493610382,71.2150039673,0.0225659561693
1020,599.602783203,176.251785278,28.7710494995,73.1669998169,98.7581193447
1020,598.363525391,92.2448120117,22.1366348267,52.5231208801,12.4131023884
1020,8.62967586517,205.697937012,17.5227012634,39.3123817444,12.0174489915
1020,591.10748291,176.273483276,20.2950191498,63.563583374,5.19726909697
1020,580.586608887,186.542404175,19.947675705,48.4941864014,3.7962179631
1020,367.018554688,168.837585449,16.2418270111,46.4538116455,3.68090718985
1020,615.880310059,97.6862869263,15.6078681946,50.7226295471,0.69838296622
1020,20.355840683,198.375595093,17.5990543365,45.1211090088,0.615878310055
1020,130.189956665,151.210021973,23.5985393524,76.199760437,0.342069147155
1020,462.424926758,172.056335449,21.6154193878,60.7014884949,0.260710669681
1020,200.262084961,159.039001465,20.3801002502,58.308303833,0.199944688939
1020,614.67779541,215.073928833,16.6026878357,45.0258750916,0.0209921126952
1050,363.351959229,167.363952637,18.8332633972,41.6074943542,20.7798570395
1050,594.71105957,95.5106582642,27.8769683838,77.5645675659,18.4753596783
1050,8.28777217865,199.520401001,17.7993488312,47.3877220154,6.57045915723
1050,610.360534668,95.4753341675,17.873374939,54.667263031,1.25816911459
1050,513.728149414,186.327682495,20.5991172791,48.9369354248,1.17454333231
1050,559.441955566,188.562133789,18.2014789581,50.5289115906,1.09153799713
1050,125.97101593,116.601158142,28.9399185181,96.2987442017,0.938954297453
1050,20.0053806305,197.157150269,17.9512577057,45.529750824,0.546670379117
1050,47.0820960999,120.980079651,24.3831768036,62.9374961853,0.268428586423
1050,576.152832031,29.283996582,37.6589851379,94.1353759766,0.00139991188917
1080,600.014831543,177.951171875,26.6198787689,73.3595275879,97.8224337101
1080,599.018249512,91.1873855591,23.9649734497,66.0634841919,9.12924334407
1080,585.437316895,175.662246704,19.4156341553,56.9816741943,8.34577009082
1080,367.26953125,166.430130005,17.9006729126,49.6967315674,1.68833378702
1080,575.609436035,187.710144043,18.0198440552,49.0071678162,1.45057644695
1080,43.8698692322,124.357391357,25.2529163361,71.9491729736,1.32054220885
1080,124.848114014,119.19733429,31.3857822418,102.503479004,1.18530560285
1080,616.337585449,100.74105072,14.2483034134,49.3330535889,1.0149021633
1080,147.266799927,185.064285278,16.7176418304,44.9774513245,0.761527940631
1080,464.814178467,176.604324341,20.8177871704,56.2500610352,0.561171909794
1080,121.75769043,163.867507935,19.9731407166,62.711353302,0.206999480724
1080,614.711730957,199.785385132,16.9767875671,51.2964439392,0.104913325049
1080,257.134307861,57.4017372131,20.456911087,44.9197502136,0.0908034155145
1110,599.934753418,176.548583984,27.6142406464,73.6298294067,98.7886309624
1110,596.14239502,90.58177948,27.0507030487,66.6937713623,25.2681136131
1110,8.51238536835,205.244934082,15.1508607864,43.4205818176,6.66082203388
1110,585.78692627,175.377761841,19.0979480743,56.8808555603,5.73480464518
1110,514.700195312,186.839859009,15.8572463989,51.2020759583,1.08902277425
1110,141.778533936,180.175720215,18.380859375,49.6772041321,1.08637772501
1110,462.463500977,176.256225586,22.9052829742,57.3312416077,1.03122461587
1110,616.524780273,101.645652771,14.6065397263,48.5461082458,0.675437226892
1110,125.470054626,155.568283081,24.654630661,70.8116836548,0.569661241025
1110,580.846496582,202.781051636,18.1982498169,45.5317802429,0.192419684026
1140,599.987243652,176.339614868,28.0438861847,72.884437561,99.0761816502
1140,595.936706543,91.5859985352,26.7010364532,68.0030441284,13.0344256759
1140,586.547424316,180.282180786,19.614730835,52.3050804138,8.77703651786
1140,121.02645874,119.799095154,31.0401382446,99.3713378906,1.51925049722
1140,575.732849121,186.249084473,18.3123893738,47.149356842,0.756029831246
1140,616.281677246,100.41733551,14.5873298645,49.9414176941,0.68976720795
1140,463.339996338,175.139831543,21.4321613312,57.8444404602,0.664263684303
1140,136.158294678,169.936813354,19.4901485443,57.2104225159,0.60051609762
1140,364.147125244,171.174484253,17.2707481384,44.2010307312,0.525762001052
1140,44.5163917542,131.369140625,25.9156570435,82.7166671753,0.407059770077
1140,200.602981567,160.394943237,20.614233017,57.030960083,0.402409536764
1140,614.844299316,201.14616394,17.0843925476,50.0129356384,0.0518780027051
1170,595.441040039,88.7824783325,27.5891399384,69.2498016357,20.1937839389
1170,364.467315674,165.662399292,17.916519165,47.2549095154,1.34902922437
1170,396.004486084,186.14201355,20.8579616547,50.6060638428,1.02347247303
1170,124.937957764,143.934127808,24.361158371,81.2328109741,0.3951321356
1170,489.805633545,105.025917053,18.871181488,49.549407959,0.252914405428
1170,615.593322754,102.637016296,15.7910356522,47.3080101013,0.242688413709
1170,446.340545654,161.146499634,20.3031959534,50.8854484558,0.157420977484
1170,575.295471191,28.0335540771,39.8252372742,100.532829285,0.000882413223735
1200,599.859680176,176.186935425,26.867017746,73.9140472412,98.5117256641
1200,600.596191406,94.8363265991,22.5313625336,57.2598876953,9.84891802073
1200,586.864196777,175.152694702,18.7714710236,54.172290802,9.36381965876
1200,367.508300781,165.906509399,18.8118076324,52.5511283875,5.03579825163
1200,46.7723121643,134.851547241,20.4172840118,59.019695282,3.62811535597
1200,57.5896720886,148.78427124,19.581653595,55.1944770813,2.98042092472
1200,546.844299316,179.340332031,22.4742488861,46.9299812317,2.15361006558
1200,575.982788086,182.296096802,18.0795993805,50.6010093689,1.57551001757
1200,615.672546387,95.3898010254,16.1108875275,50.654586792,1.26755135134
1200,119.407737732,111.361305237,25.6701869965,85.8421325684,0.466235354543
1200,592.015930176,86.5905990601,20.0910301208,53.6076202393,0.460740085691
1200,462.514190674,171.410888672,22.4287662506,62.2631988525,0.145374098793
1200,579.116271973,34.7445220947,33.1609764099,93.0074462891,0.057581497822
1200,614.372009277,214.701858521,16.6910152435,44.6957702637,0.0236201405642
1230,600.470092773,175.100479126,28.1415634155,74.6310348511,99.377822876
1230,594.919067383,88.2197647095,27.668844223,70.0723571777,14.3013671041
1230,8.21787548065,206.379898071,15.4389953613,42.6131706238,6.18646293879
1230,586.238830566,178.091384888,19.2184257507,54.418094635,4.77269142866
1230,610.664245605,93.8206710815,17.6828231812,52.3824195862,1.75769887865
1230,575.438049316,186.02911377,18.6818675995,48.3189201355,0.849904119968
1230,38.3434562683,134.40852356,30.9838695526,85.5237808228,0.758728245273
1230,125.179077148,151.476577759,24.3160800934,74.4183349609,0.748467631638
1230,119.356628418,112.354652405,25.3404026031,84.7947463989,0.635604793206
1230,462.924072266,174.411865234,22.382270813,59.8397254944,0.423661759123
1230,364.466766357,166.426330566,18.7056217194,47.0811271667,0.405635125935
1230,20.1659412384,197.388549805,18.4863777161,46.0654754639,0.334258098155
1260,603.03704834,181.781982422,27.6333827972,70.4810028076,98.9124119282
1260,601.073425293,96.9542236328,21.7937259674,56.4934387207,20.1075986028
1260,8.17318248749,206.15272522,16.0661773682,49.7474365234,17.566806078
1260,513.393066406,186.245178223,17.1269168854,52.4015693665,3.28927375376
1260,591.822692871,190.63117981,20.6415138245,61.0892524719,2.53208167851
1260,125.076759338,160.305145264,24.828130722,68.9300765991,1.62587352097
1260,615.621154785,93.9991989136,16.5407924652,51.159526825,1.11125027761
1260,462.83605957,175.783508301,20.841676712,59.5275840759,0.902650877833
1260,579.055969238,181.745178223,21.1526126862,57.4080162048,0.8829603903
1260,20.7867202759,200.4322052,17.2788486481,47.7804985046,0.226420070976
1260,38.1613197327,141.192550659,30.2371349335,79.8201980591,0.173876981717
1260,271.061920166,48.610118866,18.9345817566,46.6746711731,0.136828189716
1260,258.64654541,55.3667411804,20.0652065277,47.1528015137,0.0901674851775
1260,614.253417969,219.066116333,16.8503398895,42.5778617859,0.0141813885421
1290,600.010314941,176.048721313,30.1986141205,76.6402053833,99.2456614971
1290,598.177246094,92.3386001587,25.2878646851,67.6805648804,9.58113372326
1290,591.69317627,182.16645813,20.0256481171,58.4446601868,8.100245893
1290,582.17364502,187.17048645,18.1979103088,50.0685386658,2.7172293514
1290,462.150054932,185.758285522,20.0659446716,49.2940368652,0.937371049076
1290,363.932861328,165.494857788,18.2928409576,49.8078918457,0.783634465188
1290,616.190307617,100.848548889,14.8970537186,49.0547523499,0.62891333364
1290,38.4836578369,119.149452209,27.6585483551,66.0480880737,0.0235451356275
1320,601.878967285,178.251205444,26.1707363129,76.0860366821,96.9808280468
1320,365.939422607,165.859619141,17.8079090118,50.4657287598,26.2722104788
1320,599.456970215,90.296043396,22.1601009369,55.3055534363,8.69519785047
1320,586.186096191,187.424179077,18.9710674286,50.9274635315,8.11651051044
1320,8.41736888885,207.237594604,15.7986869812,44.1656303406,7.56451785564
1320,576.403564453,187.342025757,17.5832920074,47.5865211487,1.64127852768
1320,616.461730957,100.749824524,14.7706031799,47.8867950439,0.653951894492
1320,200.592056274,154.059188843,20.6084537506,59.958316803,0.501383002847
1320,461.913452148,170.019287109,22.2597675323,62.6861686707,0.500883581117
1320,41.064617157,121.370811462,25.3059902191,67.3925704956,0.047537338105
1350,600.970031738,177.920898438,28.951292038,74.5532531738,99.5673716068
1350,595.347229004,88.9386367798,27.1832580566,68.231842041,11.8321731687
1350,363.696777344,167.946243286,18.1739864349,46.3222923279,8.25946778059
1350,8.22122573853,206.449569702,15.7325258255,44.3190345764,6.09927400947
1350,585.67755127,188.858337402,19.6596012115,50.9086494446,5.1410138607
1350,611.02935791,93.0701522827,17.4581623077,50.7863960266,1.41272014007
1350,463.083953857,172.887390137,22.1995410919,61.3019447327,1.14974817261
1350,575.929199219,185.281860352,18.3946056366,48.6675872803,1.11374864355
1350,588.199523926,62.9991340637,26.4976139069,68.4281234741,0.0238322551013
1380,599.95526123,177.266906738,28.7360458374,73.4834136963,98.8452851772
1380,595.483215332,88.2168884277,26.6978206635,68.7741470337,14.6405547857
1380,8.90802383423,205.642776489,17.3486557007,39.4275627136,6.0394987464
1380,365.383087158,168.256072998,15.8068342209,45.56772995,5.31431175768
1380,591.044250488,182.707565308,20.0793933868,61.7387123108,4.60890159011
1380,582.039978027,187.395370483,17.5379219055,46.576915741,2.02994216233
1380,610.867126465,95.4264755249,17.6552429199,50.4827461243,1.13048069179
1380,20.4022579193,198.400924683,18.2903003693,46.4750175476,0.853961985558
1380,121.685180664,123.743438721,30.5301609039,96.1332397461,0.26963360142
1380,462.489044189,171.114578247,21.6804714203,61.4558105469,0.19125159597
1380,613.173095703,211.708450317,18.2420711517,43.7107963562,0.00764969809097
1410,599.199890137,176.93347168,29.6290531158,76.6094665527,99.2222964764
1410,601.061340332,95.6445617676,21.9204120636,57.4819488525,23.0582013726
1410,584.329040527,177.068466187,19.7975902557,57.0345954895,5.08189797401
1410,8.63215351105,200.847122192,15.672545433,49.3838920593,4.52415756881
1410,513.987548828,186.290176392,16.8148880005,52.4471092224,2.82615162432
1410,19.4725952148,198.322219849,18.6175251007,44.9962768555,1.93817876279
1410,364.707855225,170.961288452,16.2124385834,43.4270896912,1.58729646355
1410,466.751464844,183.114135742,19.9525203705,49.4173240662,0.867747701705
1410,569.210021973,183.408203125,18.4334354401,50.4366035461,0.81597501412
1410,615.545776367,102.071678162,15.7803049088,48.1324768066,0.409765494987
1410,122.294883728,164.435058594,19.8973827362,60.7805213928,0.222453009337
1410,613.364685059,211.97895813,17.6925315857,43.6760368347,0.00609080816503
1440,595.597595215,89.4686279297,26.9804096222,66.9569320679,26.9816070795
1440,365.822784424,166.817596436,17.3749008179,48.9159965515,5.93080185354
1440,20.965089798,200.953781128,17.2441596985,42.289226532,1.52253266424
1440,616.206848145,99.6751098633,14.8781747818,49.5207519531,0.840488448739
1440,466.659545898,180.551574707,20.0898704529,52.1042785645,0.828042346984
1440,29.0450839996,183.297195435,19.5467147827,55.1498222351,0.798872951418
1470,606.223999023,177.870788574,25.2186870575,75.067276001,95.0515806675
1470,511.043945312,187.113876343,17.5301151276,53.6714820862,11.2439528108
1470,599.576293945,87.4869384766,26.9146137238,65.6057434082,10.3045009077
1470,364.053497314,168.128616333,18.9214878082,45.6741065979,9.48835611343
1470,8.40039920807,206.456619263,15.4810838699,45.5349578857,4.56697233021
1470,597.610473633,183.654067993,20.1352539062,58.8907737732,4.09230105579
1470,26.0488948822,194.15083313,18.1148319244,48.8638496399,1.51926930994
1470,125.29485321,157.887649536,24.443687439,70.8761367798,0.71909786202
1470,586.569519043,184.567764282,18.3578147888,49.8944969177,0.670222798362
1470,616.117492676,100.300262451,14.9601125717,50.2216529846,0.480174459517
1470,589.985290527,79.4298171997,20.2428150177,52.3996772766,0.378439598717
1470,138.670684814,169.239822388,22.4069156647,59.2719688416,0.139674451202
1500,610.798522949,179.679763794,23.0768432617,75.157661438,87.0924592018
1500,596.698425293,172.88885498,21.9073562622,69.0718078613,8.48541557789
1500,597.398925781,82.3863525391,27.3832397461,68.6714248657,4.05999831855
1500,559.390014648,164.462768555,18.139875412,47.4189949036,2.05750912428
1500,19.1217632294,198.292648315,18.817522049,46.2727355957,1.05821518227
1500,615.624328613,102.601745605,15.7957162857,48.5807914734,0.386923016049
1500,460.751220703,178.684524536,23.1035995483,56.0365715027,0.29846325051
1500,363.642944336,167.750564575,19.0582351685,42.3747062683,0.166903727222
1530,599.893249512,90.8212356567,25.2336502075,63.8177642822,17.3338145018
1530,8.04705905914,204.903198242,17.4900550842,41.4749031067,11.8608817458
1530,610.608032227,187.531082153,19.8652896881,56.9785728455,10.1742826402
1530,515.31072998,185.900634766,18.4103164673,54.413772583,2.39551365376
1530,125.593223572,164.436416626,23.3538513184,66.8334732056,1.80756542832
1530,615.578796387,97.1296768188,16.2788848877,50.8959846497,0.959099270403
1530,20.9785785675,196.901290894,17.0447063446,47.1605834961,0.95475781709
1530,142.535568237,185.542068481,18.0775604248,48.7430992126,0.920090265572
1530,465.461303711,176.440963745,21.3400802612,56.424621582,0.880593620241
1530,493.177490234,103.689476013,19.1277370453,46.6799430847,0.662506045774
1530,591.291870117,83.3413696289,20.0281124115,52.2466888428,0.124529283494
1530,615.255310059,216.441772461,18.1340579987,46.8527107239,0.0772048486397
1530,36.9554710388,119.85572052,27.3652744293,70.2449874878,0.0421375618316
1530,67.2351760864,93.7399978638,26.5921630859,81.1273574829,0.0129371517687
1560,8.22284412384,204.334854126,14.5573768616,47.4306640625,7.76614174247
1560,472.7578125,175.409790039,20.7340373993,56.8939628601,5.83279915154
1560,364.37121582,171.161010742,17.0134449005,47.3876342773,2.7784878388
1560,498.798339844,174.200485229,27.8285617828,68.3770523071,2.28377059102
1560,611.850524902,87.7026596069,17.7702445984,51.6789245605,1.775373891
1560,10.8011960983,153.52305603,22.3425140381,94.8464889526,1.7268884927
1560,574.791687012,169.791030884,17.3870677948,43.8955879211,1.38669284061
1560,50.5419769287,94.2798690796,23.0465164185,57.2418327332,0.678895926103
1560,589.574645996,178.537780762,21.7993602753,60.8445472717,0.606766715646
1560,484.032012939,184.653366089,17.1283359528,52.1350440979,0.594278099015
1560,456.55480957,171.337814331,22.8366413116,60.9462280273,0.202403310686
1560,150.472091675,141.293258667,23.9993152618,66.5762634277,0.0816733052488
1560,251.276306152,61.1286010742,23.1061096191,55.2560386658,0.0126173559693
1590,511.840087891,191.531005859,19.0441837311,54.0530509949,3.08553222567
1590,484.29019165,184.840332031,17.8665218353,53.4286193848,1.41964685172
1590,495.03515625,193.556030273,17.5581798553,46.5311584473,0.610742764547
1590,358.390777588,168.026016235,19.1201381683,50.484790802,0.453458027914
1590,467.595245361,182.065307617,19.682390213,54.2686729431,0.419488642365
1590,219.108566284,169.751174927,17.4225177765,54.4741020203,0.253844656982
1590,14.1018476486,80.7699050903,29.5606079102,88.4150314331,0.0536215724424
1620,542.086486816,183.917236328,27.4883422852,72.2755661011,38.9891982079
1620,396.722625732,194.705276489,20.0116939545,50.4296913147,7.72977918386
1620,558.391723633,200.156814575,20.7299118042,57.7714042664,2.13730596006
1620,477.554321289,184.455703735,19.4697761536,52.8525733948,1.4536880888
1620,511.110321045,194.5131073,17.3787059784,49.6861610413,1.42905926332
1620,353.628387451,165.543228149,19.0571804047,49.2401008606,1.06118097901
1620,533.422912598,199.655288696,19.367395401,49.8486595154,0.879101268947
1620,521.882995605,205.009750366,16.7681274414,46.070766449,0.690194312483
1620,491.527435303,189.046890259,23.9078845978,60.81980896,0.385273015127
1620,48.8732185364,92.7170333862,18.8194770813,61.9422264099,0.118264171761
1620,63.0571289062,113.20526123,30.4929141998,96.3659133911,0.00462233001599
1650,578.781677246,177.825439453,20.060968399,64.4215011597,10.6174901128
1650,355.965087891,149.369400024,19.6442070007,49.7852973938,6.18482716382
1650,11.8061342239,157.689559937,24.5569515228,73.3757247925,3.91434319317
1650,422.767120361,187.222671509,25.9839172363,67.5619735718,2.98975780606
1650,514.670593262,181.840820312,21.6519947052,55.8501586914,2.9275259003
1650,543.236877441,194.050247192,26.1241321564,61.7262878418,2.9181946069
1650,596.307312012,181.207519531,19.9839305878,63.2687339783,2.79907938093
1650,615.223632812,218.208251953,16.8269309998,49.7424049377,2.39822436124
1650,40.2121963501,192.384643555,19.8534507751,50.6742134094,1.38263273984
1650,16.5658416748,92.7102050781,29.9607791901,98.5156326294,1.21237663552
1650,182.766784668,159.890426636,19.4345397949,52.5787162781,0.626540416852
1650,483.506744385,134.057723999,32.7327613831,75.1437911987,0.565934740007
1650,29.2818374634,184.481689453,20.9805927277,52.471698761,0.303994165733
1650,575.849304199,68.6855545044,24.6484889984,79.0490493774,0.29138114769
1650,525.942565918,196.04083252,19.0048866272,50.0550498962,0.178639823571
1650,289.933746338,167.617492676,28.5439090729,50.9292297363,0.160739768762
1650,29.0547428131,141.562347412,20.4317569733,60.4085426331,0.0833939237054
1650,471.321563721,133.855865479,21.7773303986,55.408000946,0.0730654108338
1650,559.299194336,68.5339889526,24.5640544891,63.3422050476,0.062183465343
1650,4.36341333389,77.0799331665,21.9023666382,74.4727249146,0.0503400515299
1650,198.115280151,149.283309937,20.0857276917,57.1305809021,0.0331525807269
1650,536.03894043,217.49156189,20.9587955475,46.0477638245,0.0081515245256
1680,592.419250488,131.682632446,34.8088798523,75.6430206299,26.9977420568
1680,16.2851276398,134.266342163,24.4633026123,71.6951141357,3.22549305856
1680,232.860092163,150.100448608,27.134552002,57.627948761,2.43333689868
1680,482.844024658,179.141845703,32.5083274841,79.9697875977,1.93345285952
1680,5.63583135605,148.936080933,19.1747760773,54.5414428711,1.32286278531
1680,165.929031372,135.788742065,22.4830646515,65.778137207,1.24216126278
1680,9.58610057831,177.378494263,19.2135906219,46.8187866211,0.949069857597
1680,605.023254395,220.827377319,24.6058712006,58.8058586121,0.63741276972
1680,610.099304199,32.6133079529,18.6637744904,48.6182861328,0.458998512477
1680,47.2838172913,128.419631958,26.2032775879,74.2007827759,0.344349746592
1680,365.239105225,143.130447388,18.1647510529,54.3335914612,0.264238798991
1680,149.293899536,133.56791687,27.5129470825,77.3245010376,0.165839656256
1680,218.165603638,151.709136963,20.2830066681,60.7492485046,0.10450668633
1680,598.202331543,26.6820697784,21.5500869751,59.1040992737,0.0857299251948
1710,543.944396973,166.372116089,18.7875137329,51.6653556824,21.1381033063
1710,568.770324707,172.324050903,20.3187656403,50.5529327393,11.8602529168
1710,7.81242609024,163.205734253,21.5970134735,61.1571769714,11.0527507961
1710,596.72467041,69.4642105103,32.2812004089,99.1121520996,6.05226010084
1710,587.245727539,72.0291137695,22.5755157471,79.3839950562,5.716329813
1710,4.66799163818,104.314033508,23.6240634918,83.4181900024,4.39352355897
1710,444.354766846,181.442077637,24.9208126068,68.7204742432,2.39642243832
1710,465.171661377,172.340682983,23.185590744,55.5655059814,0.588931515813
1710,615.020568848,64.9664306641,18.0108547211,49.7536582947,0.160982459784
1710,151.673629761,132.48878479,24.9234313965,79.4697570801,0.155637669377
1710,14.0848817825,83.237449646,28.9879455566,90.3846664429,0.126661173999
1710,590.41217041,226.605667114,28.0624599457,80.4611129761,0.0162645665114
1740,483.860595703,173.944869995,19.7129650116,49.5185890198,12.5761121511
1740,553.744445801,175.640426636,22.424993515,58.1706199646,8.36234241724
1740,530.852233887,233.999893188,24.9616794586,62.6601829529,5.36919459701
1740,125.128997803,117.703926086,23.2119750977,62.63230896,4.01677526534
1740,498.484741211,172.87361145,17.8807506561,45.2801704407,0.403377041221
1740,374.880645752,148.101791382,17.595905304,53.5498161316,0.359190558083
1740,107.89691925,122.324707031,22.1513500214,53.5300559998,0.198905123398
1740,25.0558166504,111.754974365,26.8688049316,77.1145172119,0.125134747941
1770,533.767150879,167.443313599,21.9703159332,61.651386261,63.6314630508
1770,605.43536377,162.69984436,22.9886074066,57.5530891418,15.5450433493
1770,563.435119629,154.538391113,21.9314861298,60.3773078918,2.87949070334
1770,551.215637207,173.090270996,21.2874221802,52.9479522705,1.47659685463
1770,606.935852051,196.30657959,19.8449573517,50.8532600403,0.688031036407
1770,590.892456055,150.951721191,23.1206035614,60.246307373,0.611879071221
1770,102.291282654,87.1921768188,26.7907657623,79.2352523804,0.0650532310829
1770,156.215316772,124.724708557,23.8834152222,64.7347335815,0.0169719263795
1800,193.956436157,158.013000488,20.3664951324,46.2578163147,6.34445920587
1800,455.420684814,109.57913208,19.8687152863,60.3751869202,5.37308305502
1800,462.536102295,100.265480042,29.6107158661,109.449981689,0.401658890769
1800,376.8359375,148.654464722,17.5341587067,50.9636650085,0.2879321808
1800,395.17980957,144.761978149,23.5390415192,57.8828735352,0.16623850679
1800,481.887115479,179.812973022,27.3723373413,86.2954406738,0.108414259739
1800,157.752532959,144.800415039,19.0539340973,54.6732063293,0.105617707595
1800,506.462280273,28.494550705,25.236623764,58.9315452576,0.0871310243383
1800,3.98798251152,127.712913513,20.1330184937,51.3200263977,0.0699958414771
1800,401.373748779,33.7204284668,29.6269760132,64.2994155884,0.0313549186103
1800,438.383544922,102.957183838,22.8204441071,82.2986373901,0.015539204469
1800,522.877990723,112.716651917,21.3977832794,57.354473114,0.00766724770074
1830,511.239349365,59.2288017273,58.644821167,175.382583618,16.8757230043
1830,167.943008423,159.182312012,23.5169353485,47.8072052002,11.233433336
1830,535.196044922,143.120544434,32.6541481018,84.8621520996,7.47393742204
1830,379.951446533,137.078414917,19.4419364929,55.3650398254,2.95633990318
1830,124.782356262,116.212615967,30.9573364258,79.7941513062,2.11220290512
1830,408.21194458,127.582550049,28.8806591034,73.2482681274,1.88942700624
1830,7.72180128098,67.8656692505,21.0121421814,51.2489929199,1.73473246396
1830,105.835906982,148.433441162,16.4290504456,60.3135414124,1.32093951106
1830,488.689575195,99.6158828735,30.4415130615,81.1454620361,0.497260596603
1830,154.216400146,148.115310669,18.7917976379,49.6854286194,0.462588295341
1830,594.317565918,135.797241211,21.1014709473,50.1350288391,0.454023107886
1830,398.874755859,146.340209961,18.543806076,50.4090270996,0.382865057327
1830,458.431976318,91.0924911499,28.7792568207,89.2117614746,0.371037120931
1830,426.689666748,156.540328979,17.4676876068,52.5912971497,0.294835632667
1830,508.040557861,154.445983887,30.6117191315,73.2731628418,0.28004841879
1830,426.866729736,116.8620224,24.655538559,69.4975128174,0.234718900174
1830,556.384460449,266.00189209,22.6174259186,44.3841209412,0.181646202691
1830,142.663314819,155.000366211,16.5418624878,45.3214836121,0.177666777745
1830,133.29385376,150.89906311,16.5016422272,51.4736747742,0.138644536491
1830,413.630981445,166.047348022,19.5278072357,50.1255607605,0.134640652686
1830,475.405853271,98.5809631348,23.8063030243,75.1216506958,0.0719434407074
1830,441.808929443,111.093650818,21.9062290192,63.277759552,0.0452960579423
1830,515.480163574,21.6909122467,24.3295536041,59.2023620605,7.73693287215e-06
