30,52.7122840881,108.205589294,23.430978775,71.2109146118,18.6061009765
30,14.299197197,110.63155365,21.2462921143,63.2073860168,5.26875592768
30,227.414489746,81.3523025513,19.4578895569,59.7489929199,2.34603248537
30,139.227920532,168.729171753,37.7234764099,90.0812301636,0.617547659203
30,241.58140564,76.7172088623,22.0915660858,61.0709114075,0.151054689195
30,65.7228775024,98.3159484863,22.0761623383,77.5252456665,0.0588965602219
30,91.2403793335,31.4510574341,19.4583530426,43.1096229553,5.94857008096e-07
60,611.49395752,160.705444336,17.1202793121,52.3526268005,14.9706050754
60,583.739501953,109.96697998,23.4867839813,62.5279998779,1.55590577051
60,18.6056804657,103.716766357,19.2535877228,52.5124855042,1.20413443074
60,36.7178153992,84.5659561157,30.3829727173,89.3270263672,0.682474998757
60,193.604125977,57.8243598938,26.3697910309,67.9987792969,0.548690743744
60,573.305908203,97.1459960938,21.4009933472,59.5101051331,0.458306679502
60,211.62689209,66.5081710815,21.4336986542,57.7768249512,0.274152774364
60,609.906860352,88.5761642456,18.6560764313,60.2824859619,0.222236360423
60,594.542297363,100.040672302,27.5888595581,97.4878005981,0.10556950001
60,487.627685547,106.021949768,31.3341159821,79.3523101807,0.0133796740556
90,545.70501709,168.167831421,19.811750412,52.5486564636,9.1869302094
90,7.49666023254,146.730545044,18.0400810242,48.9929008484,5.50775825977
90,512.898254395,110.737419128,28.3484630585,66.3100738525,1.91077068448
90,227.136642456,109.527366638,22.4813556671,58.5391731262,0.394647242501
90,261.310882568,155.10710144,16.5515327454,57.3269195557,0.306733464822
90,177.361679077,54.7867546082,24.1267795563,64.4243164062,0.283071561716
90,247.409164429,156.203170776,19.2173900604,58.3814735413,0.251134950668
90,604.233459473,114.333831787,22.1465854645,59.5652313232,0.203412235714
90,233.302597046,147.287841797,18.9942264557,54.0499382019,0.189703097567
90,132.354766846,23.0272521973,36.994430542,84.4696731567,0.0819733948447
90,109.032867432,40.0178985596,32.7956695557,89.6276321411,3.41146972005e-05
120,576.541320801,170.04057312,20.9356575012,50.5289421082,13.2591113448
120,460.60168457,140.417114258,18.2818222046,60.3995170593,8.50374251604
120,128.539138794,195.917114258,33.5683288574,79.5268249512,3.40905115008
120,546.283752441,124.364723206,19.814496994,57.6382331848,2.36721727997
120,286.320465088,124.130622864,24.7237701416,73.7552108765,2.36169211566
120,226.576904297,150.16053772,20.9287395477,59.6342735291,0.942270923406
120,276.925079346,139.830932617,18.2089176178,55.6064758301,0.718958675861
120,536.551635742,84.7051086426,22.3307247162,65.9758834839,0.572501821443
120,446.6847229,144.012435913,18.6315956116,52.8934631348,0.304762413725
120,151.29335022,192.008911133,19.563331604,52.7758598328,0.133208930492
120,214.709854126,153.494812012,24.6402359009,81.2140731812,0.12265604455
120,556.147216797,152.417694092,19.3634529114,52.1246910095,0.0353064358933
120,12.6943769455,22.4379024506,35.0085601807,107.182106018,0.00663649261696
150,9.29424762726,215.13659668,57.9453277588,139.526794434,75.3467440605
150,597.746459961,95.1439437866,21.903711319,70.8552932739,7.08076432347
150,116.102729797,198.264572144,33.7825164795,97.7496109009,5.68303316832
150,166.548080444,37.3398246765,30.8479938507,84.8763198853,3.61968874931
150,516.503479004,170.384353638,25.0514125824,57.9382820129,1.96244046092
150,557.551269531,114.309501648,34.6768379211,79.5460128784,1.09379608184
150,271.884185791,134.952835083,18.4880199432,56.2840232849,0.531875388697
150,8.07389163971,256.592376709,29.1742782593,85.8816146851,0.530897360295
150,560.680847168,69.9069900513,25.4929027557,57.2637214661,0.506643112749
150,584.472961426,86.1957702637,22.0884628296,64.1728286743,0.456865783781
150,609.565856934,85.103187561,19.0040378571,68.0053329468,0.283580366522
150,278.91696167,153.91217041,21.1310062408,57.5851325989,0.230037630536
150,82.2977676392,331.016479492,22.3851833344,49.4783439636,0.189127563499
150,96.7846069336,329.934570312,24.603515625,50.1557617188,0.161162402947
150,589.098693848,120.72518158,21.4196949005,60.6226196289,0.138289702591
150,96.2846069336,127.828147888,26.1881961823,60.3469848633,0.0570426578633
180,6.39289331436,221.291702271,26.5257282257,93.2542114258,13.171800971
180,10.4726295471,50.4678230286,36.3867988586,112.882446289,11.9342081249
180,205.222717285,142.008743286,20.2320995331,61.6534385681,4.28244136274
180,3.72767329216,270.983642578,20.9416294098,58.4018859863,3.04018743336
180,275.443634033,144.983810425,16.6790866852,49.2168426514,1.41655979678
180,198.548934937,161.925506592,31.032957077,80.3424758911,0.837244279683
180,552.314147949,93.5669784546,25.5770950317,73.2526245117,0.611964799464
180,617.196777344,114.472229004,16.0334758759,49.7917137146,0.477999262512
180,539.270019531,112.170562744,20.5979862213,56.5493202209,0.458874786273
180,260.847473145,132.188674927,18.6044006348,56.3949241638,0.235381792299
180,71.3690338135,110.779876709,20.6663227081,58.2641792297,0.0796728301793
210,586.0,86.0891952515,26.4418029785,76.8498535156,17.7810758352
210,143.50453186,133.545455933,27.5795440674,73.0741958618,6.8924061954
210,76.4390869141,193.643920898,34.4960746765,88.8212890625,4.60913665593
210,106.184509277,183.635620117,30.2022399902,79.6355819702,2.68480386585
210,255.819046021,126.836418152,20.9514026642,61.545375824,0.483984593302
210,159.660354614,140.547348022,24.5677890778,59.0657501221,0.239533721469
210,83.4913330078,23.565279007,22.4647827148,51.7473716736,0.00016823637452
240,7.87549734116,111.886833191,26.5457839966,85.2651901245,22.6648285985
240,55.3881111145,236.059860229,21.489118576,50.1910896301,2.29550786316
240,206.004318237,139.594955444,17.5590820312,53.2805938721,0.984798651189
240,248.469970703,146.640151978,20.3286705017,55.5152854919,0.735614821315
240,35.0929031372,222.043212891,32.9367332458,62.0487098694,0.31513387803
240,61.0422058105,211.641647339,31.090467453,67.3783340454,0.267288717441
240,19.8173007965,252.096755981,31.9340114594,69.253616333,0.0946516403928
240,615.863098145,185.697036743,17.6201610565,43.2830467224,0.0307673239149
270,227.362808228,126.133354187,23.7441635132,78.6276016235,9.57897305489
270,610.87689209,163.657791138,19.5384712219,50.4531364441,3.02872508764
270,207.324691772,142.676773071,20.1321582794,55.2885856628,1.21572958305
270,41.6428375244,120.308227539,19.7826862335,52.8117523193,0.985973048955
270,541.923034668,117.116210938,20.5076732635,60.8689422607,0.530621176586
270,598.274291992,170.340332031,18.0513935089,50.4993476868,0.326524744742
270,50.6390266418,112.674110413,24.6407546997,66.887550354,0.258087716065
300,14.4741439819,108.351493835,23.6714935303,52.6335487366,8.8932543993
300,134.48109436,60.1589393616,69.9133682251,153.769119263,7.11680799723
300,583.977050781,97.9376831055,19.8256111145,66.1259689331,3.7817902863
300,52.7943153381,107.731269836,19.9933757782,51.4950141907,2.41878759116
300,612.234741211,168.873046875,17.5466022491,45.5834503174,1.83789804578
300,68.4746017456,166.054336548,19.2242298126,44.8061256409,1.82179585099
300,568.235534668,100.002037048,29.6847438812,99.249786377,1.67101323605
300,56.5908966064,116.216430664,29.1903762817,76.3363571167,1.28465052694
300,193.835876465,106.266960144,30.1220760345,99.8918457031,0.573451444507
300,45.5834770203,123.995513916,20.9109706879,56.5378875732,0.509945163503
300,172.180664062,140.569580078,24.3965454102,62.4604988098,0.484521873295
300,598.604797363,168.038803101,22.5773849487,48.344959259,0.296194897965
300,276.034332275,149.722717285,18.5672702789,57.6504669189,0.286532030441
300,611.413696289,85.1916122437,18.8781547546,47.4848594666,0.0986380968243
300,225.126052856,22.8835067749,34.3388061523,83.0964508057,2.7692680149e-06
330,25.754026413,136.188217163,28.189743042,78.0949630737,16.2787050009
330,589.800842285,83.6091842651,21.2779159546,60.0487670898,3.38689088821
330,103.221443176,52.7519340515,77.4475326538,179.546463013,2.91441623122
330,605.029724121,63.0166816711,23.7956676483,71.0249710083,1.02285509929
330,276.889678955,161.449935913,20.9240436554,54.8234863281,0.678880838677
330,144.238845825,93.6409301758,34.6096038818,99.8405456543,0.536279659718
330,579.565124512,89.4748764038,19.2214069366,61.0936927795,0.279945833609
330,236.145095825,124.610534668,29.2584438324,85.8294372559,0.12717070058
330,223.69178772,144.269775391,27.6165904999,80.5089874268,0.060504040448
330,602.713684082,101.777626038,27.2005310059,77.1878128052,0.00415382673964
360,169.631896973,148.658096313,20.2409706116,73.3933181763,2.00202949345
360,7.79533004761,182.152206421,17.6832180023,58.5642356873,1.08605101705
360,608.842346191,102.418861389,21.4486255646,53.4322395325,0.376303098164
360,146.051696777,159.951858521,22.3414382935,91.1901931763,0.273082638159
360,155.513137817,21.2599201202,25.0673122406,79.0202865601,0.0781724520493
360,231.618453979,163.792861938,31.9969043732,65.6025848389,0.065187481232
360,138.821456909,21.2622432709,27.0182571411,86.4169540405,0.00385826351703
390,98.1704177856,134.427932739,23.341211319,53.7240447998,11.4285282791
390,459.893768311,164.252120972,20.4185371399,45.5953979492,1.2292791158
390,601.372680664,77.2477798462,27.806142807,105.651847839,0.856272038072
390,611.762268066,70.5466690063,18.0175628662,57.0990905762,0.431250268593
390,11.8347654343,89.5143966675,28.6705265045,76.9500350952,0.429021287709
390,244.688339233,145.120071411,21.2423057556,52.7799072266,0.390180759132
390,173.007125854,158.596481323,32.3885993958,67.118019104,0.295165134594
390,235.791915894,99.9218978882,21.8350162506,62.8810119629,0.117118330672
390,461.042266846,129.89805603,24.0562801361,56.686252594,0.0281262095086
390,17.8054428101,27.233833313,31.4733886719,79.3892593384,0.000889940292836
420,28.4008731842,85.3023376465,21.6745376587,75.1116790771,4.813445732
420,495.023406982,127.250617981,25.8472881317,64.0068130493,3.75977084041
420,199.749816895,172.102905273,22.8230419159,62.5016899109,1.09782386571
420,15.1319541931,46.6083869934,30.7626056671,77.5665664673,0.17390565481
420,6.61577367783,173.45173645,27.0822086334,67.8004226685,0.0119115044072
420,100.061004639,27.208990097,36.7264633179,109.120018005,0.00590807394474
420,541.490966797,102.193885803,32.483921051,80.2935409546,0.00106372744995
450,8.86357498169,159.026260376,24.3717670441,70.9341583252,1.15107549354
450,484.866241455,124.507530212,22.4505462646,65.1050415039,0.0827220093925
450,168.037765503,78.3773498535,26.0679473877,83.6886825562,0.0687581428792
480,434.734283447,172.099899292,16.792760849,44.8031959534,23.076492548
480,36.1259269714,153.610580444,17.7831134796,54.2161064148,15.2518510818
480,80.7067337036,90.9358901978,35.5922050476,86.5941848755,1.52300009504
480,44.5767211914,164.083145142,18.9560775757,50.3370170593,1.30086168647
480,306.275085449,129.562484741,23.0820903778,60.5326347351,1.02610643953
480,58.1459312439,160.734725952,17.3155422211,47.4763793945,0.523204309866
480,5.7894244194,175.1459198,17.2391929626,50.9575805664,0.440648104995
480,68.6308441162,52.255859375,29.4918422699,92.2947998047,0.0604289525654
480,482.55947876,124.000907898,20.4085521698,56.7598876953,0.0297215970932
480,570.121643066,61.6642341614,27.7606334686,80.0209960938,0.025173582253
510,483.077301025,213.165542603,19.9109363556,64.7901687622,8.35261121392
510,503.159423828,229.311340332,34.4052429199,95.0390701294,2.28984858841
510,431.70690918,167.359558105,24.8616333008,57.1336364746,1.69386230409
510,604.360778809,80.9555358887,25.0532913208,75.4496536255,1.25047853217
510,39.9624900818,166.130813599,21.7806186676,58.0331993103,1.02035738528
510,279.328399658,129.87336731,20.0846061707,51.3543510437,0.410994235426
510,53.4637336731,58.4856452942,30.086561203,89.3910522461,0.21532040555
540,392.117767334,228.638259888,36.9180107117,127.578163147,10.4755803943
540,295.534759521,93.0519485474,23.6807575226,76.075050354,6.58058524132
540,411.731048584,250.189102173,23.0682964325,64.6332168579,3.39954011142
540,425.267486572,314.854797363,22.6408672333,66.6008758545,2.18583382666
540,429.713104248,277.07119751,28.9964771271,86.4441757202,1.79597157985
540,284.849884033,108.701972961,22.608751297,82.026725769,0.103723804932
570,192.047363281,385.981689453,31.4486522675,61.2352485657,0.0698145886417
600,65.7367477417,144.766738892,18.5010032654,56.4138793945,9.39056351781
600,497.954803467,59.9011993408,22.3576984406,67.3928527832,2.94802971184
600,540.589050293,245.642028809,28.9494915009,84.4132003784,2.30471454561
600,483.08682251,271.578613281,27.0976047516,59.7109336853,0.145177717786
600,514.823303223,39.3351249695,22.4371509552,61.6845817566,0.059737364063
600,80.2373657227,383.81652832,26.2268238068,60.4157867432,0.0254883663729
600,135.135116577,135.874633789,19.1749744415,60.2547149658,0.0235244660871
630,66.9216003418,141.702148438,19.4071598053,60.6748809814,37.2025758028
630,525.284790039,73.8517303467,21.0230350494,53.4382820129,5.06935156882
630,475.564697266,231.978988647,26.3460998535,73.0013504028,2.26265806705
630,239.793045044,124.09122467,97.4704360962,123.422813416,1.34847676381
630,552.589172363,37.6848564148,23.6309890747,61.4740562439,0.368980155326
630,602.949890137,268.869293213,26.5692882538,84.6158218384,0.172104651574
630,539.541442871,226.889297485,26.3871364594,61.5258026123,0.118753523566
630,558.915039062,261.621948242,24.9051456451,59.6488838196,0.0978491036221
630,568.989501953,38.9574928284,33.9244155884,128.441329956,0.00638837664155
660,503.028167725,153.670562744,20.4065532684,51.5026245117,9.05154198408
660,578.2421875,263.257598877,33.4461898804,96.3614578247,8.30091908574
660,597.734680176,279.397216797,29.3507862091,88.5257797241,6.35107904673
660,490.965484619,155.328704834,21.1229343414,66.923034668,3.98584008217
660,471.661712646,171.064529419,27.2051792145,88.7466506958,3.70956733823
660,85.1447143555,148.769165039,29.8933563232,109.725708008,1.45000526682
660,519.499450684,96.0765151978,21.0418891907,58.0726776123,1.26944212243
660,551.712097168,258.110687256,21.6010112762,53.9763336182,0.201610242948
660,76.2465209961,137.177719116,25.0520019531,84.1512145996,0.116378010716
690,538.262573242,82.408164978,20.466714859,59.7554473877,8.90222638845
690,550.907287598,80.0769271851,21.2028923035,62.3654632568,0.844178814441
690,569.219177246,232.799819946,22.1382369995,49.1552429199,0.583448866382
690,518.921569824,85.4554214478,22.510969162,76.7051773071,0.353253609501
690,610.389221191,245.401992798,18.7918071747,43.5663604736,0.317220576108
690,524.839111328,238.969589233,21.2852344513,54.9740905762,0.103133230004
720,474.503662109,194.115722656,44.0919151306,130.38168335,13.0778059363
720,531.782287598,74.4936828613,21.3624973297,64.427482605,10.0876748562
720,540.831115723,85.7523422241,24.3300704956,87.0891342163,2.55140922964
720,9.25504970551,231.705032349,24.1787395477,82.8167114258,1.27899888903
720,551.523132324,78.2237548828,20.7787837982,54.5747070312,1.21806161478
720,589.90234375,243.394851685,20.9221076965,47.1228790283,0.669377855957
720,5.05160713196,218.887252808,17.3275489807,50.6499938965,0.297065638006
720,4.40891218185,122.037879944,18.9799518585,61.9252967834,0.17179751303
720,551.442810059,397.933258057,22.1848907471,48.0832710266,0.11274459539
720,615.389343262,365.440063477,18.2409305573,45.1512489319,0.0962529855315
750,473.890869141,192.404403687,46.6286315918,139.693878174,14.4221231341
750,7.80040979385,232.11529541,19.4686908722,54.8942070007,13.4778887033
750,547.99597168,156.904571533,17.1417331696,46.5243110657,11.9021184742
750,541.634765625,83.2259216309,21.502199173,58.7314491272,11.4992797375
750,29.0727138519,207.373764038,49.3643188477,122.100059509,6.02503754199
750,556.659301758,82.8137741089,21.5141277313,59.517868042,2.67693027854
750,430.65737915,85.118560791,122.945007324,269.505218506,1.64706297219
750,6.45040273666,143.114852905,19.6294174194,55.374370575,0.715681631118
750,564.348937988,397.427642822,25.6337413788,48.3263664246,0.23301593028
750,5.8972530365,262.215606689,18.8082180023,60.9640693665,0.164617027622
750,595.174560547,244.873596191,20.4485740662,48.8626747131,0.0930403184611
750,614.958068848,384.356964111,18.3705310822,48.3083953857,0.0825146446005
750,600.551330566,397.674407959,25.676574707,49.951084137,0.0582714332268
780,481.715423584,210.500488281,46.0242156982,135.995498657,7.76923671365
780,547.13482666,84.9094238281,19.9771366119,63.336391449,6.38376250863
780,5.08775520325,240.819702148,15.5474405289,50.4531135559,1.84186715633
780,573.00982666,397.728271484,21.6080856323,46.4422149658,1.25102698803
780,557.930541992,86.2411422729,25.1495265961,70.8558731079,1.18290372193
810,561.739929199,83.1129760742,19.5913295746,57.6537322998,3.24303582311
810,608.702514648,251.536880493,21.3422470093,47.5663757324,0.795713067055
810,616.311096191,280.270080566,16.6570415497,42.9522705078,0.0204738200409
810,548.675598145,24.0615386963,23.5849094391,55.9322509766,0.000940977224673
840,560.714782715,88.6895141602,22.7409496307,68.7227554321,1.68285481632
840,603.447509766,251.023010254,21.3824558258,47.5166740417,1.0920795612
870,555.434387207,84.2771682739,23.5234088898,73.4544448853,6.07704408467
870,600.065063477,247.139083862,29.1658554077,55.1625328064,0.509544694796
870,481.636566162,250.066833496,47.5144386292,108.310722351,0.42950771749
870,542.438415527,113.13028717,20.6050014496,58.40832901,0.407628947869
870,550.30847168,23.2962474823,24.001543045,60.564956665,0.00267632185569
900,554.473022461,83.5165939331,23.5084400177,69.2164840698,3.78002300858
900,481.440032959,242.120437622,47.515411377,111.347229004,0.495937233791
930,556.015930176,86.1808700562,22.6106472015,71.7238845825,3.95843312144
930,609.060058594,252.318725586,20.0165100098,50.1913490295,1.51760820299
930,596.175109863,255.675476074,20.6700649261,47.6147155762,0.276271742769
960,556.593383789,87.362663269,24.2373733521,70.9834060669,5.72822131217
960,561.762390137,161.975387573,22.4580612183,54.3518638611,1.24381091446
960,607.895080566,251.020462036,21.8365325928,54.2288513184,0.397125678137
960,614.190490723,283.513916016,18.5399665833,46.2865447998,0.0200187467271
960,550.042785645,21.8793926239,23.4380874634,56.6115264893,0.000963689035416
990,605.545959473,253.483261108,22.2087116241,50.3270568848,12.3531378806
990,557.083618164,85.5700759888,25.4321060181,61.6368980408,6.22801184654
990,20.740316391,250.578659058,40.4134407043,98.8644790649,3.39955016971
990,548.066711426,81.9036178589,19.1038036346,80.0949630737,1.10061215237
990,383.752410889,258.861114502,17.5389957428,42.4634780884,0.969324074686
990,486.082366943,263.372161865,42.2559165955,91.5801086426,0.742255570367
1020,556.069641113,84.2134170532,24.0948562622,72.8732223511,12.8611475229
1020,604.178771973,250.198242188,22.622385025,51.5508728027,6.31146654487
1020,613.803344727,267.506622314,19.2445583344,48.5469398499,0.0353563285898
1050,555.279846191,85.977897644,24.284576416,70.1661376953,6.98042213917
1050,602.865661621,247.660461426,23.3723220825,54.1189231873,0.704715074971
1080,609.186218262,254.197433472,20.3793544769,50.1569328308,6.06253147125
1080,562.430969238,83.2695083618,19.984254837,61.550868988,3.41501645744
1080,485.447601318,262.743286133,41.6110191345,93.9149398804,0.865908432752
1110,561.783508301,83.356086731,20.030172348,68.7190093994,4.52982373536
1110,608.47479248,253.184585571,20.2910804749,50.7282562256,0.626261625439
1140,17.9813899994,231.513504028,47.9050559998,125.306312561,48.0644077063
1140,480.20300293,206.398864746,49.8672370911,151.591598511,42.0869231224
1140,607.701293945,250.234573364,20.6726760864,53.7601928711,6.1027739197
1140,556.374511719,170.887435913,19.9123592377,48.6928825378,1.33723681793
1140,557.459472656,81.9359359741,25.7923946381,97.3017501831,0.544082652777
1140,613.475036621,281.679290771,18.971868515,46.2991981506,0.00625093234703
1170,52.6295623779,205.618148804,52.618927002,131.443817139,21.2813168764
1170,604.352783203,254.410949707,23.3776321411,53.6182823181,6.12190514803
1170,557.430114746,88.0064315796,23.152803421,67.0180282593,5.2191849798
1170,593.588500977,75.2387084961,20.0238018036,47.5597686768,1.12623181194
1170,521.107055664,122.281257629,18.8112030029,55.8717842102,0.92540346086
1170,594.723205566,398.979400635,21.9660167694,51.7912101746,0.455969106406
1170,576.431091309,402.463256836,24.8274154663,49.2866973877,0.000632045794191
1170,431.411407471,0.0,27.2669239044,51.7074317932,1.69156052721e-05
1200,529.084655762,176.598266602,19.3269405365,54.2797966003,1.84921454638
1200,88.5259399414,186.997879028,25.1755275726,88.6844482422,0.954843685031
1200,505.707061768,372.384643555,26.9961833954,57.0373039246,0.651063863188
1200,610.588928223,280.815643311,19.50689888,47.9071464539,0.49245338887
1200,493.30569458,382.978179932,22.637260437,50.5213890076,0.167289318051
1200,583.172180176,370.391265869,23.2593250275,49.176940918,0.0954552262556
1200,537.028137207,114.188262939,26.9115829468,90.2937011719,0.0577698636334
1230,535.273925781,167.120666504,21.7788410187,51.254486084,39.8696184158
1230,124.511901855,174.369689941,21.6403560638,76.6927261353,2.79548559338
1230,475.19519043,162.747146606,23.4612140656,57.2532310486,2.58327480406
1230,454.693328857,168.153335571,33.0804367065,120.829704285,2.55319345742
1230,609.749450684,86.6785964966,18.2649822235,44.8118438721,2.3338444531
1230,571.133239746,177.845779419,16.5095806122,44.3987922668,1.30948545411
1230,545.250671387,179.681900024,20.5696277618,49.9418525696,0.815477780998
1230,598.714599609,89.0946426392,18.607000351,44.7560539246,0.42910259217
1230,128.149856567,229.711471558,17.3322257996,60.5649833679,0.235912157223
1230,592.093566895,291.54397583,30.3238811493,52.8697090149,0.121731031686
1230,568.720031738,295.734954834,23.0343952179,46.9658660889,0.0950802466832
1260,135.605880737,148.97605896,21.4067592621,66.8480300903,10.889235884
1260,556.569519043,163.6222229,20.5090007782,48.0779457092,8.12787637115
1260,578.299438477,175.807357788,18.9295063019,47.8904724121,3.1773570925
1260,490.16317749,208.800094604,21.3361206055,57.0957069397,0.497969519347
1260,142.984817505,160.816497803,27.69622612,81.4205169678,0.301131955348
1260,477.873199463,193.753051758,26.0901737213,92.8125686646,0.278604845516
1260,61.7087898254,143.045883179,20.4284858704,57.5928688049,0.163116084877
1260,119.017753601,147.763168335,20.8077812195,58.1574363708,0.0831982528325
1290,137.540588379,162.87059021,19.5087509155,53.8520469666,25.2442896366
1290,603.332519531,203.881835938,22.2035617828,42.0524749756,5.46164549887
1290,606.176452637,88.6676025391,18.5504684448,58.2250709534,2.39439923316
1290,577.605529785,127.868873596,17.6214885712,49.1322593689,0.271360226907
1290,176.578308105,168.427597046,29.496049881,91.7927780151,0.102624145802
1320,604.215820312,160.754852295,20.225358963,53.6941871643,11.658757925
1320,72.6754608154,150.156661987,21.1894207001,57.6714172363,3.92190106213
1320,20.2865200043,165.99458313,25.1453838348,55.8133049011,2.72032953799
1320,587.442932129,145.392150879,28.526304245,64.0366973877,0.998477824032
1320,241.692550659,157.432022095,28.9905986786,103.626716614,0.624772300944
1320,58.1617889404,144.215805054,22.0474624634,72.8422470093,0.325258402154
1320,251.634506226,208.614578247,29.2178668976,72.9935073853,0.0405662809499
1350,9.07567596436,177.849121094,17.9631786346,50.2632789612,4.15094271302
1350,60.9141807556,157.560791016,25.1681041718,62.843296051,3.50239910185
1350,332.393920898,167.864089966,28.9109630585,96.4196090698,3.38280163705
1350,320.38192749,171.312866211,18.5353851318,49.7051544189,1.83850768954
1350,592.769226074,53.2738037109,26.9143009186,77.9246902466,0.876144133508
1350,39.1351127625,154.727676392,25.0432453156,68.9703292847,0.822979863733
1350,492.455413818,167.33052063,28.4004001617,63.8427429199,0.463921716437
1350,557.596252441,140.20652771,21.5647583008,52.8345909119,0.133759505115
1380,9.47830200195,163.14855957,18.3938655853,57.5435333252,16.1209702492
1380,425.116088867,166.580245972,17.1293373108,54.0750160217,7.15055391192
1380,447.197601318,176.416915894,18.6189041138,44.578540802,6.76361247897
1380,492.295928955,165.058044434,18.453119278,54.2874794006,3.52737531066
1380,413.039520264,144.953643799,23.2543773651,68.7285766602,0.57883975096
1380,396.833404541,172.667602539,21.4089069366,48.9080314636,0.548900617287
1380,27.0619258881,154.012588501,28.982208252,56.706287384,0.217278371565
1410,96.5117721558,146.269393921,26.5313491821,65.6455154419,11.6561882198
1410,614.828979492,148.226028442,15.8361139297,52.1883811951,8.29552561045
1410,502.085693359,151.695358276,18.7749595642,52.8328399658,3.93384322524
1410,515.310180664,160.093093872,19.1647815704,46.4258270264,3.07098906487
1410,393.69430542,169.2762146,17.9774799347,46.6976051331,2.29303687811
1410,334.072601318,100.294006348,27.5916595459,97.4712600708,1.52054717764
1410,383.658172607,140.443649292,20.8608150482,69.3736343384,1.06310416013
1410,355.796234131,132.061935425,19.7876987457,56.8453330994,0.420620152727
1440,609.866271973,141.063476562,20.279548645,66.1715011597,43.6414897442
1440,496.172943115,161.109176636,19.3597660065,53.5240211487,28.1193912029
1440,604.183654785,113.799255371,19.517911911,55.6593589783,6.00483566523
1440,525.371582031,159.997024536,20.1304779053,53.7213134766,5.88551089168
1440,395.636077881,168.010238647,20.2185344696,53.0453529358,4.58059236407
1440,298.85559082,97.7557067871,33.4830780029,105.263343811,4.07441668212
1440,484.986419678,142.028121948,20.1564159393,54.9446678162,4.02176752687
1440,352.93069458,141.756576538,22.9908294678,72.1779937744,0.73466449976
1440,371.708129883,176.214950562,18.8990249634,49.2059898376,0.50385366194
1440,326.83493042,136.601272583,21.2842712402,56.866443634,0.346752954647
1470,610.956787109,176.432937622,17.7143955231,46.811416626,14.1344949603
1470,583.171264648,106.456604004,27.1217021942,90.9329910278,12.5654727221
1470,501.046539307,169.052581787,21.3879699707,54.2423667908,7.78756886721
1470,456.891937256,165.188903809,20.3671779633,56.1301994324,6.92364946008
1470,263.080108643,113.826202393,35.3234710693,90.6200790405,5.35237044096
1470,584.069152832,158.915420532,21.3469543457,56.9607505798,4.44872491062
1470,597.909301758,172.99760437,20.0734272003,45.700668335,3.1565990299
1470,71.2877578735,114.322975159,28.0688800812,80.0695266724,2.28681582958
1470,44.7098884583,157.133895874,20.8283252716,57.2214775085,1.72939151525
1470,446.244476318,178.191146851,19.5695152283,52.4780273438,1.72754731029
1470,557.863647461,108.049186707,21.7540435791,56.9622764587,0.782138574868
1470,470.470245361,166.657730103,21.7642917633,53.2798576355,0.706670898944
1470,12.6639938354,143.999389648,26.8082637787,65.6261062622,0.477607361972
1470,548.397399902,55.6009178162,19.7533893585,51.6289978027,0.456600310281
1470,286.579956055,150.373153687,19.8521766663,55.5839729309,0.234048208222
1470,339.5340271,185.855422974,18.6783905029,46.816532135,0.233614211902
1470,313.503601074,141.526184082,26.9229869843,81.2093887329,0.181021005847
1470,599.298278809,96.6040649414,23.7311172485,73.6958389282,0.15054163523
1470,285.280059814,39.730381012,23.2924957275,68.1040802002,0.0898711034097
1500,571.096557617,197.559799194,23.0911483765,55.9960441589,88.4920597076
1500,146.239471436,110.613769531,39.0261611938,111.12297821,28.4457802773
1500,146.563903809,166.903411865,22.1701908112,61.9248695374,28.3915251493
1500,405.413787842,175.878982544,23.1650257111,55.7277107239,14.1515567899
1500,515.484558105,181.731185913,22.2255172729,48.9399833679,7.33081027865
1500,547.951416016,185.887130737,20.4071559906,50.265171051,5.61582371593
1500,579.161071777,30.5586452484,26.0851230621,73.6219787598,5.3532846272
1500,514.471374512,88.7459716797,20.9197025299,64.2454071045,4.83686439693
1500,354.900878906,167.782394409,21.9430999756,62.157787323,4.63333167136
1500,496.742919922,159.409713745,23.5293121338,63.6694908142,4.28114272654
1500,492.68838501,100.163383484,18.9680919647,59.3632621765,4.19699177146
1500,391.971954346,181.260452271,23.263633728,47.1857299805,3.54167073965
1500,377.77722168,177.920593262,25.6911849976,57.4601478577,3.50416749716
1500,216.895614624,177.708023071,22.9271564484,60.0477180481,1.55789703131
1500,194.385620117,133.940658569,32.1151847839,89.3788833618,1.01701132953
1500,221.171203613,105.620941162,20.4768924713,64.6602630615,0.816578231752
1500,595.315063477,33.8348426819,18.02617836,55.2911682129,0.657670106739
1500,523.421081543,69.6958999634,26.6530170441,86.1576461792,0.54720309563
1500,504.281219482,102.056945801,21.2186717987,59.148311615,0.385323329829
1500,591.718078613,195.807022095,16.0701808929,47.1334075928,0.305770128034
1500,173.440231323,114.556632996,28.1326999664,90.4842758179,0.179042376112
1500,178.132736206,45.4621772766,26.3345336914,63.2954368591,0.138247548603
1500,212.391342163,206.936233521,19.7175655365,46.4515380859,0.0859925057739
1500,473.897094727,97.2991256714,28.6311702728,78.4676513672,0.061912072124
1500,166.213790894,176.698547363,19.0164470673,47.9511070251,0.0376606476493
1530,271.3074646,221.637374878,28.9164123535,63.6883354187,81.9808721542
1530,194.166870117,92.3608398438,61.8501167297,165.12059021,30.5859863758
1530,63.9300804138,192.059020996,22.8219509125,65.5433120728,29.3261736631
1530,78.5839080811,188.653442383,36.7271842957,70.9115524292,16.8707132339
1530,154.96647644,124.870635986,23.6962585449,64.4149627686,11.7892153561
1530,18.7560596466,200.855270386,21.5859279633,60.1055030823,7.53570124507
1530,189.822433472,161.565353394,27.1795730591,83.2833328247,6.04610778391
1530,473.066680908,173.237854004,19.8689231873,50.718082428,5.19193001091
1530,49.7582054138,207.241882324,23.9661636353,59.7906608582,4.58912029862
1530,285.411651611,29.4776248932,30.9123535156,74.4901809692,4.4298030436
1530,461.426025391,186.296691895,20.4417953491,51.2810173035,3.31106483936
1530,208.449264526,96.65234375,29.3217945099,85.7944412231,3.18373516202
1530,227.145339966,37.1685371399,31.2515888214,95.4600753784,2.43266578764
1530,583.268981934,218.698287964,22.027513504,48.7424049377,1.81449577212
1530,88.8354721069,113.382347107,23.8270168304,65.8961410522,1.48344114423
1530,186.02897644,98.0008544922,27.0034313202,82.0939254761,1.26811219379
1530,203.062911987,176.621658325,35.3476066589,74.4761123657,1.20029198006
1530,307.143615723,37.2557525635,19.0063152313,53.2167053223,1.10711185262
1530,434.759429932,103.325927734,20.5450344086,49.3088493347,1.05625810102
1530,291.02255249,225.43510437,18.5132236481,51.4680213928,0.941267237067
1530,445.557525635,185.412734985,21.527923584,48.6933021545,0.94078918919
1530,226.611923218,101.092674255,21.4926700592,61.1006355286,0.337532488629
1530,238.770080566,108.326118469,28.4224720001,78.8302841187,0.243292702362
1530,215.966171265,211.048828125,30.171705246,57.6031951904,0.241590663791
1530,256.759552002,151.999984741,26.7222957611,60.399433136,0.230718730018
1530,308.311767578,233.190963745,19.6914348602,42.0654258728,0.22460334003
1530,220.682815552,22.7084789276,25.4705181122,60.2699432373,0.000209556537811
1560,67.1729812622,223.263565063,28.2564640045,57.6397285461,39.5706951618
1560,403.373687744,194.281860352,21.9593982697,54.3962211609,28.8430482149
1560,158.571029663,219.109802246,28.217628479,59.3197135925,19.6059703827
1560,618.614562988,176.343078613,15.126414299,47.2004356384,2.00075116009
1560,35.5471916199,121.300804138,20.1951942444,48.8029594421,0.436346232891
1560,36.8684539795,170.415847778,28.9466991425,78.7278289795,0.304242037237
1560,174.108657837,133.381561279,23.6082820892,54.8972320557,0.214123050682
1560,232.060653687,156.667663574,19.338224411,48.7505645752,0.0575035694055
1590,416.639404297,101.44846344,43.2005729675,111.998565674,56.1488389969
1590,465.886749268,172.661010742,25.9573364258,59.7736167908,21.1843937635
1590,241.965408325,173.849441528,26.9026203156,56.0185432434,15.7687231898
1620,605.612365723,137.326034546,21.6219177246,64.2733078003,3.51216495037
1620,188.895095825,174.795730591,29.9955348969,70.4261856079,0.72593879886
1620,615.192138672,188.954910278,16.7632713318,48.854763031,0.447208620608
1620,589.32598877,113.038154602,30.5035076141,84.4096679688,0.215472723357
1650,458.789520264,158.365646362,29.4436740875,67.2403259277,4.78547848761
1650,102.895240784,164.281066895,27.4545288086,76.8975753784,4.73744869232
1650,193.61946106,161.580245972,33.6901054382,78.1870498657,2.17470042408
1650,544.118591309,63.8864021301,64.5791473389,156.124023438,1.0371312499
1650,10.2736320496,184.712356567,28.0753707886,74.4928436279,0.794461835176
1650,384.677520752,152.051040649,15.8355531693,47.348323822,0.332757132128
1650,567.713500977,190.942687988,21.0411205292,54.8093719482,0.282953865826
1650,458.269012451,137.337661743,20.0660915375,51.9626350403,0.165564671624
1650,583.395935059,191.836868286,20.7424106598,50.3735961914,0.0721590127796
1680,9.77578830719,181.920791626,16.5299167633,60.1816062927,1.3841683045
1680,194.850784302,157.524520874,24.3580474854,70.6755523682,1.34314903989
1680,61.5986061096,171.463928223,18.028301239,58.2227897644,0.729167275131
1680,464.007965088,117.365837097,20.7189273834,63.6918334961,0.424766959623
1680,475.908081055,111.703155518,25.6606445312,81.2770614624,0.222263205796
1680,366.020111084,140.477554321,17.9521579742,45.9854736328,0.0819364737254
1710,5.19233942032,180.78125,28.2892627716,61.1586303711,30.6372433901
1710,602.786804199,70.8384552002,27.5697345734,75.141242981,15.2708873153
1710,87.3579483032,154.304153442,22.5503520966,50.8527030945,1.77198648453
1710,432.928314209,154.28288269,21.6478042603,53.7695808411,1.56736392528
1710,587.348266602,131.678955078,28.8452663422,63.6111335754,1.17581933737
1710,586.292297363,37.1488265991,26.9838085175,71.6101531982,0.803219620138
1710,603.199523926,127.725898743,26.9497852325,64.3337631226,0.779346283525
1710,553.686096191,44.8199920654,29.9447803497,79.7557449341,0.694137113169
1710,603.327575684,36.3811149597,21.3862609863,55.7971343994,0.639883801341
1710,573.519714355,121.319908142,19.2377624512,47.2368659973,0.481955427676
1710,461.183197021,82.8167419434,27.9312000275,83.2990951538,0.349383032881
1710,616.313964844,234.802734375,17.5728797913,50.3845024109,0.227788835764
1710,570.655212402,41.9262390137,25.838136673,73.0113754272,0.220050569624
1710,534.667663574,179.187026978,19.7943229675,49.6287345886,0.167774164584
1710,386.78616333,135.77947998,18.3420772552,48.4602622986,0.0600425468292
1710,614.130187988,27.9703197479,18.8434886932,53.8074607849,0.00456772104371
1740,489.494354248,97.9389953613,21.7509002686,63.286655426,0.90502910316
1740,605.90447998,184.124679565,20.7784366608,48.7842903137,0.253376667388
1740,463.432373047,157.606369019,25.9968566895,64.0334472656,0.11048206361
1740,614.102539062,203.370315552,18.518693924,44.3921661377,0.0367495056707
1770,480.056732178,149.44178772,23.5501995087,85.3351135254,86.4865481853
1770,392.588897705,142.222396851,19.9256458282,54.0914764404,3.73363643885
1770,435.011871338,146.276855469,31.0057506561,70.1082305908,3.59410122037
1770,411.545166016,131.48614502,22.8605060577,64.2123260498,0.840385071933
1770,615.23223877,157.892410278,18.761390686,43.2064170837,0.310597592033
1770,465.470977783,158.257492065,20.7748718262,51.9496917725,0.0379595323466
1800,547.889221191,134.612625122,39.5376548767,109.992759705,99.813824892
1800,447.380523682,114.519569397,22.2203044891,78.8607177734,19.001801312
1800,12.2075376511,158.27571106,20.4986362457,61.2728233337,11.8653722107
1800,424.680297852,124.028633118,21.4973926544,64.8483428955,9.35097038746
1800,406.547851562,139.04473877,19.2717437744,52.5334777832,6.12481832504
1800,117.262489319,162.082321167,25.3233127594,51.8618659973,5.37893362343
1800,83.4739456177,160.098922729,19.721944809,46.0998802185,4.77602407336
1800,457.932495117,148.336380005,24.2218379974,58.2137031555,4.38608974218
1800,495.246948242,113.791358948,18.352519989,55.6762886047,0.848169345409
1800,465.457733154,103.306114197,18.4482135773,55.1776618958,0.637672422454
1800,474.218719482,155.105880737,17.3458557129,54.0495796204,0.273283827119
1800,435.347076416,139.966812134,19.6742763519,53.0211982727,0.245381169952
1800,108.360694885,155.351486206,17.0248146057,50.4791221619,0.205718842335
1800,485.821777344,107.546287537,18.1080436707,55.429889679,0.194148661103
1800,502.299957275,95.5561294556,25.8576202393,80.5486602783,0.094981584698
1800,497.721069336,149.029037476,23.2451763153,63.954334259,0.0758242676966
1800,483.691619873,150.867233276,22.6951980591,60.5149536133,0.0508315162733
1800,577.02520752,149.328735352,20.4797077179,51.377407074,0.0297354708891
1830,431.010284424,122.145729065,22.3483715057,64.0318145752,48.7299919128
1830,549.451599121,54.8267974854,49.3709106445,158.485992432,29.7041028738
1830,483.948730469,146.534179688,28.0025730133,57.6821327209,4.70935292542
1830,173.14630127,139.163345337,20.0432720184,57.0273742676,3.72233726084
1830,443.653106689,114.706825256,21.3333454132,72.1152420044,2.92166341096
1830,8.0985956192,46.5163154602,26.9801158905,79.125793457,2.53673829138
1830,24.5822849274,159.960769653,23.2356014252,57.4047851562,2.13082227856
1830,6.30648374557,163.173904419,17.1685962677,54.672618866,0.987312290817
1830,572.903076172,33.6322898865,37.1019096375,118.654205322,0.866955146194
1830,499.3671875,91.764465332,20.1451282501,56.2450256348,0.807359814644
1830,464.980010986,101.41268158,23.2868175507,78.7467498779,0.689487438649
1830,457.385528564,133.553588867,17.3683948517,52.4972991943,0.63679004088
1830,610.367004395,32.0206680298,20.2989177704,54.392665863,0.584842078388
1830,550.253967285,65.414276123,24.6597366333,65.7043991089,0.351974973455
1830,538.277282715,78.7135696411,18.8758792877,53.1225585938,0.336945918389
1830,488.103546143,81.1969833374,22.4043598175,58.934261322,0.283358502202
1830,599.641540527,91.9334945679,24.3362407684,65.4764938354,0.270341220312
1830,530.885864258,23.6913394928,20.0575504303,64.567565918,0.165186799131
1830,562.724182129,51.2355041504,22.4413738251,56.6794548035,0.0489402329549
1830,576.464782715,118.325584412,23.7155303955,81.998374939,0.0337124394719
