30,113.412742615,185.811645508,26.4693984985,53.4026145935,15.2842864394
30,27.9281711578,207.459579468,25.1113109589,54.3561096191,5.32398037612
30,436.28414917,171.067123413,23.8180160522,51.8802452087,0.940111000091
30,260.308807373,145.819107056,20.2861709595,51.8214874268,0.721443956718
60,17.2567043304,163.572021484,43.2303009033,86.2248153687,28.8081735373
60,510.972381592,101.051490784,30.5149974823,85.5643615723,4.06217575073
60,201.203125,133.371032715,20.1894111633,53.1361694336,3.90055887401
60,170.731750488,170.422744751,18.2183666229,49.5681114197,2.92428173125
60,81.7095718384,166.846481323,28.5266170502,69.9094161987,1.16165261716
60,250.036880493,144.168502808,16.7154445648,48.4609069824,0.634495727718
60,14.3951845169,135.134033203,26.4135684967,68.3875732422,0.330637581646
90,582.640686035,124.863220215,31.4451389313,82.1714630127,85.1231575012
90,9.53927707672,180.019119263,27.7733135223,63.3687438965,21.9368830323
90,122.705711365,170.445510864,27.5704860687,49.0389137268,18.9731970429
90,38.3600730896,95.6948013306,25.3947467804,62.492767334,9.83369126916
90,178.091873169,115.737556458,22.1116580963,59.0111961365,7.94453769922
90,608.049499512,222.784378052,23.0471172333,60.3755950928,2.62838397175
90,612.907531738,153.521774292,16.6696834564,54.3632316589,1.04378210381
90,92.3136367798,170.409927368,21.9250202179,53.8207244873,0.898330844939
90,244.33013916,129.844741821,19.4701442719,52.9224662781,0.337965856306
90,596.286193848,158.137817383,24.6820240021,56.2288017273,0.0970479566604
90,233.865036011,131.409011841,18.4576625824,51.7976570129,0.0588122464251
90,602.677062988,175.868774414,29.7817020416,83.2030563354,0.024335544731
90,574.537536621,164.031982422,32.1827812195,80.7553253174,0.00790948906797
90,552.753601074,201.615768433,20.2685585022,51.1448554993,0.00636908735032
90,525.70513916,95.5474624634,23.5820827484,56.3395500183,0.00552013079869
90,509.493682861,89.053352356,21.6633472443,59.5806884766,0.003785141962
120,475.496063232,136.701522827,22.1445388794,54.8760223389,13.837274909
120,540.039123535,138.140914917,26.020029068,64.1643981934,4.67933453619
120,584.481140137,85.9887390137,17.4663181305,48.0800132751,3.92115861177
120,613.073059082,94.3508987427,16.0524234772,42.6533737183,1.78315993398
120,238.201248169,133.602874756,19.5853042603,49.0546417236,0.794894900173
120,558.324401855,88.5171813965,18.8602962494,59.713684082,0.68230223842
120,557.388427734,165.567993164,30.8981075287,76.7907714844,0.274871918373
120,228.345291138,131.126983643,18.1845283508,50.5471992493,0.271009351127
120,530.652038574,94.5641784668,20.4253807068,65.5624008179,0.175009144004
120,565.860046387,84.7877883911,25.4574565887,86.861541748,0.109217234422
120,617.101318359,159.3722229,16.956911087,46.8474693298,0.0290459924145
150,64.7107925415,56.3117637634,19.3011493683,55.773639679,5.10833151639
150,220.416488647,130.133865356,22.1430988312,53.0090904236,3.23949418962
150,501.144744873,131.947814941,27.7104854584,61.4254951477,1.56851410866
150,208.562545776,134.026596069,19.9535217285,50.80809021,0.895212031901
150,98.1874008179,74.8168716431,23.2069187164,60.3044471741,0.330345099792
150,608.37713623,80.2099227905,21.4005222321,74.0170974731,0.0234644568991
180,549.957824707,151.138519287,39.2496299744,72.9952163696,18.4825196862
180,4.78700637817,203.723587036,16.5540103912,48.0626831055,15.0984525681
180,508.476654053,131.913024902,25.3164367676,59.0180778503,1.63607355207
180,149.071990967,135.14755249,17.4709529877,46.9953155518,0.808798987418
180,131.043106079,147.251464844,18.3237724304,50.2980651855,0.56610526517
180,174.752578735,145.792892456,18.8058338165,47.2677116394,0.317285396159
210,69.9096832275,127.061462402,30.5384521484,78.6043167114,52.4753928185
210,564.665039062,133.658996582,27.0219116211,68.9477920532,12.6967504621
210,51.5240058899,128.191207886,21.5804214478,53.8608589172,2.87829544395
210,618.741271973,126.830680847,12.02480793,47.771030426,2.76420526206
240,108.516044617,122.310028076,23.9245223999,72.0209503174,13.7975037098
240,420.286895752,56.8382148743,25.6132526398,74.4490509033,0.0281444488792
270,18.4468517303,38.6392631531,24.2762393951,69.7701034546,3.77439595759
270,41.6449775696,147.495239258,25.8858699799,63.7822761536,1.2642763555
270,5.10794448853,49.4416656494,22.9226474762,75.0847244263,1.05277234688
270,163.361114502,117.789390564,20.7716732025,52.0889129639,0.431980099529
270,31.4312114716,162.010940552,17.6405887604,57.6091461182,0.276951305568
270,30.9948062897,43.9076576233,26.1696166992,86.8592605591,0.227531953715
270,434.288970947,109.708763123,19.7980308533,47.8595924377,0.136342155747
270,140.148208618,117.409477234,22.3538837433,58.9274139404,0.129867740907
270,444.666290283,37.1760826111,21.8006286621,55.1453552246,0.0333949690685
300,601.279418945,211.960159302,24.7917861938,61.950012207,14.9627789855
300,131.458511353,112.891853333,20.2502975464,58.5298614502,0.963245611638
300,402.436248779,119.821258545,21.5798053741,54.8361854553,0.355311343446
300,184.273696899,93.3927841187,30.0114746094,72.7054901123,0.114022532944
330,72.3851699829,101.228218079,21.1658172607,60.8265113831,3.49933169782
330,91.931060791,112.15120697,22.3925762177,65.6108093262,1.30780516192
330,16.8357810974,33.6785049438,23.1667346954,49.9843177795,1.25465644524
330,615.564941406,152.693710327,17.1319332123,41.5285835266,0.943190231919
330,290.474090576,130.173843384,18.591386795,44.0934028625,0.687664514408
330,308.648956299,135.045288086,19.2743587494,45.7558288574,0.414829608053
330,8.85047245026,39.5837020874,17.7251033783,53.3712005615,0.263451016508
360,611.58795166,157.446166992,18.5139865875,49.9588127136,13.5327458382
360,465.82409668,161.161651611,24.0304260254,61.885684967,9.69899818301
360,558.070617676,180.204833984,26.7022304535,70.7900161743,8.27827751637
360,576.159118652,142.874160767,29.738494873,73.4450759888,5.34861795604
360,434.361694336,124.386566162,24.870218277,70.348777771,5.24445511401
360,605.87121582,66.338142395,19.6544361115,54.8859138489,4.75709326565
360,597.331726074,128.188796997,28.0062274933,77.6617126465,3.36406007409
360,215.284240723,143.337142944,19.9402160645,54.1959342957,3.00107095391
360,12.1550951004,100.051696777,26.3540859222,70.4324264526,0.586273893714
360,166.68598938,147.954620361,20.1799793243,51.0676002502,0.533432886004
360,6.1100897789,158.540603638,17.7784290314,50.1797943115,0.435395492241
360,592.86932373,164.126541138,22.3913936615,60.0106201172,0.0864695757627
360,514.252502441,168.656219482,28.0096740723,75.6394577026,0.0352806528099
390,161.585708618,102.299476624,22.9596099854,66.4477767944,45.6040024757
390,610.14251709,128.566543579,18.5819644928,49.0140724182,8.25311914086
390,12.4491891861,128.532791138,26.5470905304,73.7705154419,5.73451854289
390,281.836914062,131.705688477,17.472322464,44.521320343,5.09920343757
390,451.181854248,124.844718933,23.4474887848,71.842048645,2.99167148769
390,409.248901367,148.449935913,17.7781009674,44.8661460876,2.75986492634
390,101.180358887,46.9381713867,25.1963424683,73.7715377808,0.586909195408
390,56.0178718567,122.444847107,20.1699771881,52.2913780212,0.526719959453
390,199.154281616,67.2872848511,18.7049884796,53.1675682068,0.516583397985
390,464.322906494,141.579833984,16.5144863129,54.6738395691,0.312445126474
390,146.541427612,123.504051208,19.9513721466,55.4880485535,0.297204405069
390,292.007263184,128.602157593,16.917301178,48.8663825989,0.107041478623
390,2.20412182808,109.758392334,22.2405452728,57.603351593,0.0112812864245
420,10.6907625198,113.167205811,23.5918178558,72.4769668579,8.56323763728
420,470.234466553,94.6925888062,25.3263645172,77.2246017456,4.98438179493
420,149.926834106,97.749420166,22.8975830078,65.6387863159,2.90936902165
420,5.22791242599,144.176116943,19.810087204,52.1806640625,2.48279813677
420,574.467590332,140.514251709,19.7708053589,49.2564239502,1.67632699013
420,617.57220459,153.106719971,15.8370933533,46.6792182922,1.43183562905
420,161.187973022,149.099441528,21.9315700531,63.1126441956,1.24591300264
420,29.3146114349,112.906494141,20.5554180145,55.5734138489,1.02998223156
420,184.336349487,141.420593262,19.3848247528,54.233127594,0.958742853254
420,179.913757324,44.4234924316,20.7379398346,60.529750824,0.62936777249
420,51.7932929993,54.3736152649,26.6825332642,100.606468201,0.423586834222
420,286.722961426,129.791732788,14.8549728394,46.8534851074,0.394549779594
420,45.8924446106,106.644920349,22.4894275665,64.6955490112,0.0795573752839
420,103.333747864,24.0019302368,23.0587387085,54.9222869873,0.00170954317582
420,123.252738953,32.6284446716,22.6196880341,61.5086097717,5.79502383857e-06
450,156.197937012,132.584091187,21.6991863251,56.7187538147,8.7411262095
450,169.429794312,132.735031128,16.9136676788,58.6233825684,6.82905390859
450,185.970947266,124.132148743,22.6065196991,63.2247886658,4.25410568714
450,43.2278709412,157.511962891,20.0097961426,53.7386436462,4.05998341739
450,486.408782959,88.5188827515,34.5555496216,90.434211731,1.9988136366
450,537.405029297,129.18421936,24.6446533203,63.5664787292,1.95565223694
450,48.2221374512,172.360916138,26.2028865814,59.0377159119,1.36848688126
450,178.718933105,36.3620758057,20.7056655884,57.5482788086,0.790809933096
450,10.7862739563,122.255897522,22.9005355835,69.4611053467,0.567215308547
450,615.809509277,168.611877441,16.7381744385,46.9087371826,0.518909748644
450,443.131225586,146.557449341,19.2560958862,48.4861450195,0.424340926111
450,145.270980835,140.884780884,23.2505092621,65.8659667969,0.421297969297
450,510.0418396,131.347824097,18.4991436005,52.9358215332,0.244403653778
450,120.351264954,88.6335678101,29.052904129,81.222869873,0.235213944688
450,553.001525879,131.061416626,19.1351547241,51.6109924316,0.199777679518
450,4.67293930054,45.7299461365,19.9966220856,59.1485710144,0.0968226115219
450,49.3813972473,23.7148513794,23.201581955,54.500919342,0.00024071257485
480,9.12180233002,186.801879883,18.2564105988,54.2084960938,17.7500188351
480,562.914978027,125.271759033,26.3546466827,72.1759796143,16.6716858745
480,112.491607666,90.2186050415,23.4494476318,69.4159088135,10.1963847876
480,134.07460022,130.952713013,21.1394176483,62.2236442566,7.40202814341
480,186.019042969,109.675964355,23.3578414917,65.7315368652,3.72777692974
480,158.446640015,137.944198608,21.1809673309,54.3348693848,2.41982974112
480,459.351928711,146.821517944,20.046667099,50.8418006897,0.249971100129
480,18.5508346558,102.241996765,21.2134037018,56.5745582581,0.215987628326
510,103.280097961,94.972984314,24.8790969849,69.694480896,44.8990255594
510,566.044921875,100.77130127,51.0244102478,117.247009277,10.7604451478
510,182.880859375,111.380455017,23.7690906525,65.6445465088,9.07835736871
510,129.816589355,130.943161011,19.7431621552,63.860332489,1.78520232439
510,522.001098633,73.9094161987,31.2781505585,81.1082382202,0.324857304804
510,112.744606018,135.555419922,26.4134845734,65.1630477905,0.24201401975
510,141.611526489,136.877914429,18.8230686188,58.0707550049,0.144624907989
510,594.803710938,124.16280365,29.8530960083,82.9039993286,0.083141727373
540,97.5028762817,85.1625289917,25.9277744293,92.3404464722,44.5510149002
540,600.224060059,156.581939697,25.3952846527,67.0039672852,5.09115979075
540,26.919500351,178.182434082,22.0641651154,58.7468910217,3.74775528908
540,120.23915863,126.719482422,21.9008331299,61.7419891357,2.57488135248
540,176.547744751,118.046211243,22.2189559937,62.1972084045,1.35299032554
540,8.76328659058,171.979782104,26.7605304718,67.3525924683,1.18417590857
540,141.940246582,138.424835205,18.7910861969,55.9228057861,0.741614960134
540,115.515724182,82.6891174316,21.4797515869,64.4530410767,0.407828437164
540,518.948425293,110.135353088,21.0014743805,59.4036865234,0.306226732209
540,617.002258301,73.3552627563,15.4096803665,49.6871337891,0.226310454309
540,583.816345215,156.681350708,20.8874073029,55.8099479675,0.221145432442
540,555.785583496,71.4487838745,20.3299808502,62.7880744934,0.180913554505
540,539.539611816,177.414779663,25.8105144501,65.2845840454,0.142578384839
540,565.320739746,178.21131897,23.7748165131,59.0932731628,0.135639531072
540,614.393188477,165.81312561,15.7877626419,46.8523712158,0.0806539086625
570,13.3548736572,179.530715942,28.2639522552,65.2592697144,44.5519089699
570,484.268463135,156.312942505,24.0669612885,55.6617431641,27.0860224962
570,96.8133773804,95.935218811,23.1107540131,69.0048294067,18.5509115458
570,151.816268921,142.945877075,22.3127651215,55.4640541077,3.2924823463
570,605.864562988,163.794296265,23.7563400269,70.9163589478,2.95102484524
570,8.52801990509,188.612625122,15.0730857849,52.17710495,2.81068384647
570,171.107177734,118.784934998,26.0198669434,65.8800582886,2.14161779732
570,119.384315491,134.043060303,21.575958252,62.2759399414,1.54568832368
570,115.741249084,85.4925918579,21.9929046631,64.6270065308,1.17325354367
570,615.81842041,216.975646973,16.4767055511,43.5949821472,0.538775604218
570,134.675460815,142.625869751,22.2504367828,56.6378631592,0.499003194273
570,583.043273926,142.164657593,28.3060932159,80.8957138062,0.483747478575
570,61.7450561523,183.3568573,19.4818000793,56.6202087402,0.477306591347
570,555.810180664,192.459457397,21.6220111847,54.4710960388,0.254065380432
570,519.269104004,90.6582641602,26.9510250092,86.2109146118,0.147344055586
570,107.963722229,113.281394958,21.2274894714,63.3068809509,0.0366557127563
600,95.6860122681,102.939147949,22.9843769073,66.5908126831,34.0887635946
600,10.4572277069,197.809265137,20.4897708893,56.2411460876,18.8550829887
600,60.104019165,177.974655151,24.665178299,67.3460235596,7.30683356524
600,610.102905273,185.949523926,19.5867958069,53.4501037598,4.33445423841
600,152.102371216,144.106735229,20.6545162201,60.774307251,3.69481518865
600,252.272460938,156.845550537,28.1894741058,67.3898239136,0.634538382292
600,111.333953857,94.7679748535,20.8644199371,61.9245643616,0.612634979188
600,138.865829468,145.633895874,21.9775409698,60.4781913757,0.382058601826
600,575.242248535,195.877380371,18.9783878326,53.1477050781,0.337675726041
600,46.2560424805,182.720321655,20.524520874,61.5822029114,0.301228393801
600,600.339050293,171.220901489,21.1356258392,59.338394165,0.286190211773
600,581.934265137,151.757278442,27.5610675812,79.6586074829,0.232381373644
600,549.780578613,190.513015747,25.6130886078,62.1642341614,0.11864650296
600,520.568786621,98.124961853,27.3615322113,81.8242416382,0.0356773467502
630,95.6303710938,103.247932434,22.8562698364,70.8796539307,35.1206541061
630,11.0883684158,203.532943726,22.5162448883,54.5342521667,13.872076571
630,96.5679016113,151.373260498,26.4921474457,63.1291351318,3.18507291377
630,117.379699707,138.553115845,23.4048080444,76.5806350708,2.31327153742
630,601.29876709,105.324699402,21.0460472107,66.9661483765,1.76092293113
630,56.1506958008,194.692489624,20.1349029541,57.192943573,1.31200291216
630,114.678031921,88.8651428223,23.3830623627,64.7713470459,1.11885145307
630,556.074279785,195.806259155,22.9461517334,61.0256004333,0.732228439301
630,587.987243652,144.450256348,29.0947170258,82.9241409302,0.618360145018
630,185.082107544,134.503921509,17.6513118744,55.8122062683,0.580413360149
630,610.312927246,131.918930054,19.4097805023,55.2134857178,0.434789294377
630,521.560791016,108.240814209,27.4270267487,76.7695083618,0.315047916956
630,574.155944824,202.958450317,24.859670639,56.8107452393,0.212816684507
630,196.545761108,143.102127075,19.4170875549,52.1712913513,0.130360829644
630,109.103157043,126.801551819,21.1567020416,64.4380569458,0.098962825723
660,94.482460022,102.357780457,22.6601314545,74.587387085,16.6047737002
660,49.5239677429,194.402038574,20.2070636749,60.2645149231,5.65913319588
660,7.8288230896,212.262954712,17.2605876923,51.589553833,5.01635037363
660,477.059936523,167.911224365,30.8665676117,69.9158706665,4.76717762649
660,593.332824707,145.010635376,28.9860858917,83.5510025024,4.55549173057
660,117.494743347,147.156326294,23.8849773407,69.7803268433,1.32528934628
660,521.394897461,102.013282776,29.7188339233,87.1982727051,1.26900142059
660,93.7950973511,147.753311157,28.4944286346,68.4497833252,1.11961681396
660,560.827636719,199.27494812,23.1263656616,62.2822227478,0.635618716478
660,146.99786377,154.207351685,21.1778621674,58.10546875,0.426026433706
660,111.046730042,99.4279708862,22.4213352203,60.7360572815,0.30232835561
660,35.1196556091,203.599990845,19.696231842,50.4428291321,0.142622191925
660,604.854553223,197.651321411,20.2397785187,49.7538032532,0.0719985517208
690,180.309799194,141.629821777,19.3924732208,59.6901550293,16.972540319
690,91.2503433228,109.475036621,26.1105213165,73.0991134644,4.90199998021
690,525.54901123,118.225364685,25.2184619904,83.0043029785,3.42095457017
690,40.4901046753,208.183654785,19.468755722,58.9107627869,3.40633392334
690,120.369316101,113.893043518,20.5883598328,63.3786010742,2.63504553586
690,601.407775879,175.586105347,24.6550617218,70.6504592896,1.58081557602
690,7.57103204727,210.091247559,16.7709884644,61.7674560547,1.08099160716
690,459.088775635,187.005737305,30.2928714752,78.9054946899,0.568944495171
690,126.046699524,163.365951538,19.6067790985,54.0391540527,0.427366513759
690,164.255905151,161.526199341,18.8336925507,48.541217804,0.270377821289
690,591.567932129,209.154663086,22.1087265015,62.8358764648,0.234698946588
690,6.87551259995,168.792770386,14.8867063522,46.0735206604,0.232366262935
690,23.6333370209,210.777832031,21.0705623627,58.1804351807,0.191408640239
690,112.862426758,144.204299927,23.0582828522,82.2668838501,0.142861134373
720,83.6754379272,177.256225586,20.8653469086,52.461807251,31.6080659628
720,103.327980042,172.876876831,23.6291885376,61.7797203064,14.9457395077
720,540.218200684,36.8321037292,26.9317626953,75.6149749756,9.64791476727
720,114.137168884,108.77986908,24.3609218597,65.8523864746,4.01623956859
720,116.387947083,50.7296638489,20.4838542938,57.7518348694,1.63175016642
720,7.61247968674,243.099319458,17.2121295929,50.2993965149,0.563632929698
720,98.3344497681,110.634208679,21.7209320068,61.1980171204,0.456338375807
720,445.206176758,186.361557007,22.5389099121,68.729347229,0.437641097233
720,116.985221863,172.457901001,20.1243038177,54.9515380859,0.309365196154
720,131.179260254,170.563461304,20.8255062103,54.5392456055,0.294047850184
720,615.142333984,249.213195801,17.1489372253,43.0782737732,0.0739592360333
720,542.500366211,89.6891479492,30.2728633881,88.031463623,0.0592939730268
720,614.989379883,185.786972046,17.3722400665,46.6244812012,0.0144715697388
750,100.300964355,164.693649292,19.3986873627,53.2411804199,14.1016036272
750,564.348449707,143.558761597,22.1649036407,58.6457862854,7.5172059238
750,104.166259766,116.740699768,21.5841579437,66.0737075806,6.19202032685
750,64.8138809204,179.386611938,21.2533607483,62.5218925476,6.00096546113
750,172.600265503,135.260864258,24.6278934479,73.7668533325,4.30486649275
750,499.407318115,198.188400269,25.6287765503,68.8391342163,3.32734137774
750,86.6162414551,168.418106079,23.2042369843,60.5221061707,3.22813987732
750,130.961135864,178.020507812,21.8449192047,54.0127296448,2.51976270229
750,104.033843994,42.9411201477,20.7576465607,55.0511207581,1.72382574528
750,116.587738037,171.477676392,18.5357837677,54.9552650452,1.22949071229
750,163.708847046,161.48286438,19.7823314667,49.6721382141,1.18363527581
750,7.38793945312,223.525802612,23.555562973,57.9467735291,0.99013466388
750,7.73399686813,184.627487183,19.4118900299,58.1322212219,0.978453829885
750,110.568580627,149.51133728,19.0670528412,55.1086463928,0.693858088925
750,97.3291625977,108.938865662,17.4104499817,54.4238243103,0.685769692063
750,151.826461792,169.709701538,19.0887260437,49.4609985352,0.210960162804
750,195.781661987,156.46937561,21.475851059,57.9708366394,0.19472297281
750,6.6734752655,128.84034729,16.9351596832,52.2212486267,0.0191942701349
780,571.25177002,240.651657104,24.9389266968,57.6728363037,36.5835368633
780,5.34515237808,183.243347168,22.5551357269,58.3371620178,26.7357081175
780,60.0290260315,101.870155334,26.7886829376,75.6409912109,20.6053927541
780,111.398193359,179.898361206,19.851732254,50.6387329102,16.8182209134
780,153.256027222,162.383132935,17.4979763031,48.4185829163,5.4310888052
780,48.1994781494,154.274902344,28.1286907196,82.455619812,3.85867878795
780,184.873580933,154.784072876,21.550283432,59.6602668762,2.54592858255
780,102.142875671,184.35585022,18.3469352722,51.4814605713,2.47854497284
780,231.216751099,163.390792847,16.9539070129,46.5019073486,1.58472340554
780,72.3649215698,169.011016846,21.29986763,53.0281333923,0.983946956694
780,615.416748047,143.656616211,16.3125133514,51.1836662292,0.911367964
780,600.652770996,114.889640808,26.1049633026,76.3904266357,0.852254871279
780,86.9816055298,120.714271545,20.9420566559,64.5537948608,0.75047891587
780,521.996887207,222.339538574,22.0894565582,56.1781730652,0.486763427034
780,90.6357116699,190.019180298,18.3006381989,45.7332115173,0.415475107729
780,77.6640625,113.425392151,20.0501060486,58.7775001526,0.232822773978
780,133.256027222,170.005859375,17.7369422913,47.4957389832,0.17450604355
780,590.686706543,140.231643677,20.6298160553,56.0481262207,0.132866797503
780,200.274002075,157.114624023,20.0805873871,53.228717804,0.100742583163
780,553.117614746,224.748245239,19.8609313965,51.7074012756,0.0164038283401
780,534.1484375,218.952804565,23.2898197174,57.7088470459,0.00937263685046
810,30.5771579742,96.0350036621,30.4438858032,104.965431213,38.2805228233
810,488.621734619,177.142196655,17.9590110779,44.5604515076,22.2137272358
810,75.2782058716,90.2919540405,29.982427597,96.3370742798,21.1891844869
810,170.078674316,145.184158325,22.5381774902,66.650428772,19.7080656886
810,423.865020752,141.909927368,18.0382003784,62.129070282,7.77336657047
810,41.2394599915,100.881446838,56.7064208984,130.550765991,5.92693388462
810,157.152389526,137.567764282,21.5033588409,66.2639389038,2.29910351336
810,5.48833990097,192.726760864,18.5511875153,51.6210136414,1.81311722845
810,514.558410645,172.45652771,19.149969101,58.0435905457,1.29596106708
810,21.6084651947,158.614578247,21.6889953613,58.063129425,1.2510439381
810,141.739501953,150.927444458,20.6397418976,51.8299102783,0.965343788266
810,59.7002716064,166.540634155,28.6360301971,67.401222229,0.734556652606
810,125.030921936,154.743179321,20.4864406586,52.0776023865,0.70055089891
810,279.976715088,154.310775757,15.7810182571,47.6529350281,0.694820750505
810,51.0612602234,93.2410202026,22.8838119507,64.2685775757,0.500474497676
810,75.6185684204,161.460906982,24.0092067719,65.9037857056,0.487161939964
810,92.9045333862,139.633804321,20.5633049011,54.6019134521,0.260882941075
810,103.533332825,336.425018311,22.2400360107,45.3635253906,0.25400519371
810,223.379638672,151.795333862,17.8515739441,49.4049568176,0.142892159056
840,502.609985352,170.479232788,23.1553173065,48.6729431152,91.4884090424
840,44.4684028625,64.1637420654,36.1500816345,137.141082764,86.3936841488
840,537.505065918,170.371780396,23.5905609131,62.3280830383,82.7970027924
840,13.2560529709,177.543777466,23.3605651855,57.7276039124,50.8148312569
840,30.9859619141,162.100479126,19.0508861542,55.1958885193,4.101222381
840,122.750732422,153.600479126,17.8787708282,48.4123954773,2.85697504878
840,107.802947998,148.742263794,20.1099300385,56.4316825867,2.56067384034
840,173.034179688,133.387741089,21.4186115265,67.6820907593,2.50802487135
840,136.872848511,147.783248901,18.5795288086,54.3589172363,2.34604775906
840,556.976806641,158.707595825,24.18009758,78.6208953857,2.11542602628
840,153.028488159,141.328430176,22.1971149445,62.9908485413,1.96946393698
840,610.302062988,147.785171509,19.2714214325,53.6949806213,0.957813765854
840,137.005523682,46.457408905,19.0881347656,57.4808769226,0.883388426155
840,521.264160156,167.844085693,18.2501621246,49.8524742126,0.424976553768
840,19.9372844696,123.048439026,18.0904273987,53.0329322815,0.312398024835
840,43.8239784241,158.472106934,23.2958660126,54.7115478516,0.246649654582
840,587.296020508,145.918640137,25.3361225128,54.0041923523,0.05134686362
870,516.389221191,163.828033447,21.2945289612,46.5146331787,99.6893703938
870,12.6155881882,55.8382377625,48.0808296204,145.23298645,90.8592402935
870,589.857788086,155.742645264,27.9194869995,80.684715271,86.6974830627
870,556.229431152,158.839904785,18.6997585297,45.2095184326,8.39912369847
870,581.239440918,162.166046143,18.6994934082,52.7737770081,8.18524435163
870,612.761962891,153.500427246,16.8157482147,54.8292579651,5.69279082119
870,229.627258301,170.611175537,24.6243610382,59.239276886,4.7009434551
870,14.5448989868,168.767745972,22.6826782227,54.3978919983,4.57274951041
870,156.148727417,150.547454834,23.6602611542,63.6149330139,3.86566482484
870,569.795532227,157.027954102,19.1568508148,46.6731681824,1.25647028908
870,14.9902105331,83.962928772,25.4952869415,74.5992202759,0.383434165269
870,204.774963379,143.11114502,20.1548500061,54.4376831055,0.323264370672
870,6.19878816605,87.5101318359,18.084444046,59.1654167175,0.117294851225
870,530.663635254,160.03125,16.2831096649,43.4505310059,0.0486797653139
870,170.611434937,145.795974731,24.8357009888,53.8577919006,0.0413942150772
870,120.01096344,29.5558948517,20.3113117218,58.4649200439,0.0295402889606
870,105.795814514,37.684211731,25.439666748,66.1245346069,3.62412393429e-06
900,528.387207031,162.490264893,22.0128612518,49.0982818604,99.3353307247
900,3.72903180122,38.5977363586,29.228887558,76.0179290771,7.94458240271
900,200.264205933,132.367996216,19.8269748688,53.7911834717,2.47014202178
900,611.918701172,162.511642456,16.240940094,46.684803009,2.09898538888
900,245.37638855,140.433731079,16.3716335297,48.4357910156,0.902596116066
900,104.770233154,23.2937850952,21.8690261841,65.2806015015,0.00551830235054
930,532.447265625,152.741470337,23.9127559662,55.1628379822,99.3919193745
930,79.5475234985,135.755172729,17.1984958649,51.9598960876,19.7241351008
930,119.70526886,137.630172729,21.0559711456,54.883441925,6.40249177814
930,191.317489624,130.266265869,17.869140625,50.3470611572,3.55264879763
930,94.1165542603,118.698272705,24.85115242,74.8089523315,2.09877677262
930,138.948928833,138.976989746,19.8325176239,58.5139007568,1.49247804657
930,240.550796509,139.626296997,17.2427997589,44.5777893066,1.2236032635
930,442.740753174,143.338256836,16.7428417206,47.3461456299,0.483741937205
930,450.205810547,136.237380981,23.8714427948,63.5963439941,0.297318934463
930,153.369842529,142.236526489,17.0227222443,49.2294502258,0.215683598071
930,162.99710083,137.190628052,18.0450687408,48.0237731934,0.0765735050663
930,180.934997559,135.237442017,17.3526916504,48.738079071,0.043487502262
930,408.000274658,268.767089844,21.6928348541,44.3567657471,0.0242459689616
930,92.5029296875,27.4245967865,21.9938373566,63.0807609558,0.00216471125896
960,523.442749023,148.829055786,24.0254383087,54.3685150146,99.6641516685
960,66.352355957,136.13117981,18.3750324249,51.8972473145,30.6884586811
960,130.854171753,128.21270752,21.1144542694,57.4748039246,2.78102084994
960,100.467842102,130.819534302,23.1490077972,60.1455039978,2.05814633518
960,46.9640617371,130.417190552,23.2040882111,58.96276474,1.77157912403
960,6.98529005051,151.973678589,16.0900840759,45.0740966797,1.12789291888
960,183.719589233,127.941070557,19.1690444946,52.3137397766,0.806058663875
960,80.1466369629,125.606269836,25.2805843353,66.8792572021,0.632175896317
960,446.4425354,132.854293823,16.2687931061,46.9639625549,0.417326018214
960,170.02822876,127.412910461,18.2184505463,48.3982810974,0.240399688482
960,145.557449341,128.401687622,22.5942363739,55.1096801758,0.192374724429
960,237.951370239,123.862945557,18.3815383911,51.7066993713,0.180508987978
960,158.166183472,131.469009399,20.7780132294,48.2245788574,0.10829505045
960,82.6892471313,19.8417301178,20.8834400177,62.0965156555,7.18490241525e-05
990,494.390991211,152.203903198,27.2731170654,54.2090110779,99.4095027447
990,57.3666496277,138.721374512,18.762720108,50.6929168701,40.3868675232
990,603.960327148,135.992385864,23.0992355347,53.1366729736,7.89521560073
990,119.335670471,131.609725952,21.6167449951,65.2030258179,5.77666573226
990,88.7080764771,143.85899353,19.1048946381,56.9592781067,3.66841033101
990,230.983688354,132.164962769,17.4783611298,50.0023345947,1.48311415687
990,68.9881668091,135.632171631,20.362077713,59.7130317688,1.22483028099
990,176.41166687,128.790206909,18.7962360382,48.2742042542,0.323808263056
990,141.270217896,140.162185669,22.6992015839,50.9685935974,0.237289094366
990,494.261444092,263.687866211,19.348947525,48.7706108093,0.233434117399
990,111.201911926,149.224441528,17.3190040588,47.6883201599,0.177468894981
990,448.041870117,114.970184326,20.1831874847,58.4965171814,0.090384867508
990,76.8259048462,20.1232242584,20.4326820374,61.4764289856,0.00200301365112
1020,546.558105469,147.810745239,48.903049469,137.605270386,97.8104174137
1020,458.191375732,155.079879761,24.1681423187,58.0002250671,90.0764465332
1020,57.9021186829,148.129837036,18.0128936768,48.3650016785,29.9476355314
1020,555.646728516,223.456619263,25.7270355225,62.6214256287,5.82885444164
1020,553.266052246,155.47857666,25.5581283569,68.1453399658,2.68143080175
1020,112.425468445,142.841598511,22.3553752899,59.2968330383,1.79702676833
1020,67.7601013184,151.52571106,19.4101924896,57.6740112305,1.13567337394
1020,413.783325195,106.834495544,19.9799995422,56.4675865173,0.68106171675
1020,5.6731133461,126.446113586,17.7424068451,52.7279052734,0.604261877015
1020,615.241516113,138.852600098,17.063451767,42.5843200684,0.335191492923
1020,128.623703003,146.994308472,21.7720355988,54.8721313477,0.110672076698
1020,141.774749756,151.317947388,19.676399231,47.1266059875,0.0779815309215
1020,71.337852478,115.740112305,24.9958667755,74.5333938599,0.0146394071635
1020,70.7991409302,20.5891513824,23.0812759399,62.6346130371,3.60047721415e-05
1020,92.3190841675,28.7532634735,20.8769207001,60.8898277283,2.53490526347e-05
1050,444.47543335,142.334945679,40.5960922241,102.001434326,60.928273201
1050,75.2246170044,184.465698242,30.2578868866,62.830997467,4.88155856729
1050,446.497680664,146.520782471,22.281129837,53.2716636658,3.11847478151
1050,413.417999268,111.218658447,20.484413147,55.983341217,0.986995920539
1050,72.189704895,26.5651245117,21.2562465668,63.3198127747,0.526393996552
1050,492.688323975,273.506378174,21.8268108368,49.5133514404,0.0726961763576
1050,615.56427002,140.397201538,15.4570732117,42.5101585388,0.0431649503298
1050,86.62134552,26.3764858246,23.9367046356,68.4948348999,3.33992318247e-05
1080,59.0166320801,155.633636475,17.0137195587,46.4521751404,30.828550458
1080,408.707977295,109.67389679,21.314699173,54.848323822,5.20617626607
1080,6.13564109802,177.699172974,16.705411911,49.3358879089,3.58087457716
1080,47.6556892395,154.267318726,18.6229991913,52.6044425964,3.29656712711
1080,121.731086731,150.859542847,24.1979198456,59.337474823,1.06277195737
1080,179.61491394,140.545669556,19.6558532715,53.2516593933,0.842806976289
1080,610.516296387,138.739700317,18.6995944977,51.7242736816,0.747068459168
1080,147.683074951,151.089355469,18.8572711945,49.7000389099,0.645040813833
1080,66.8347091675,158.847702026,19.091714859,58.6420135498,0.642573554069
1080,6.32787656784,149.879760742,16.9846324921,49.3817443848,0.592430029064
1080,170.107406616,141.671432495,17.4998912811,48.2936553955,0.510894181207
1080,97.9350204468,149.330551147,25.0424423218,54.8666725159,0.0915852666367
1080,70.4393005371,119.119590759,26.3994045258,78.6285552979,0.011608996283
1080,71.8218917847,20.2268123627,22.1336994171,61.6757087708,0.0111489091069
1080,80.8699493408,35.5035667419,26.7340984344,79.3511428833,9.55952046411e-06
1110,216.949020386,154.502670288,40.923374176,82.9765625,65.7497644424
1110,60.9955329895,159.200195312,18.7645339966,47.6132774353,10.8750298619
1110,412.186035156,111.894134521,22.0500659943,55.6324882507,4.32008355856
1110,115.762825012,157.997451782,20.3610553741,55.2290802002,1.10433632508
1110,5.20243692398,135.310379028,17.7202320099,50.030002594,0.449467776343
1110,127.612251282,153.818374634,22.5548114777,57.0205574036,0.249500595964
1110,141.696456909,155.009536743,19.1428012848,49.1902198792,0.230445130728
1110,492.949737549,285.606079102,20.9785327911,51.2796974182,0.152595457621
1110,152.868179321,150.779632568,16.4057941437,46.8637886047,0.0780006346758
1110,75.6254272461,22.4562931061,22.7091083527,64.732673645,0.00245516239374
1140,108.172538757,149.010940552,54.792881012,145.935958862,99.315905571
1140,605.532226562,159.909332275,18.9964923859,47.1351470947,2.84467395395
1140,413.269012451,116.635986328,20.8881549835,50.4122047424,2.75796987116
1140,72.1217575073,181.526062012,18.9127025604,53.1237754822,1.46267907694
1140,109.896095276,159.814605713,19.5773715973,60.9885902405,1.45735982805
1140,152.062850952,163.467056274,18.862323761,56.1640815735,0.351172452793
1140,58.4618225098,148.8177948,18.711561203,45.164855957,0.272827339359
1140,136.737075806,160.651443481,25.2324237823,75.2659072876,0.21887277253
1140,175.207336426,145.375778198,19.4152545929,49.7713279724,0.209609186277
1140,77.9211120605,35.8569068909,20.2390117645,62.5616340637,0.193065730855
1140,137.42010498,151.708618164,57.1842346191,138.127319336,0.12145859655
1140,163.423660278,147.415863037,16.4932498932,48.4245414734,0.102380663157
1140,120.181663513,158.956283569,25.8006916046,76.3997573853,0.0429772917414
1140,67.3490447998,139.959732056,21.2764091492,51.5609703064,0.00850763535709
1140,92.7790298462,23.8986186981,20.3501873016,61.1872406006,0.00449657345598
1170,11.3021726608,156.092025757,49.7040252686,139.144973755,99.5641410351
1170,59.6125335693,159.239990234,19.8314037323,52.484664917,19.3375766277
1170,104.938819885,161.770767212,25.9952163696,63.0441436768,2.40615028888
1170,12.0419645309,158.180236816,23.4080257416,72.8175048828,0.879447348416
1170,49.750579834,162.80619812,18.8496437073,59.8819313049,0.813743378967
1170,410.861419678,112.033714294,23.0152301788,57.702091217,0.68453871645
1170,40.6433296204,163.307113647,41.6782417297,111.829612732,0.545802852139
1170,6.90170049667,195.973587036,27.6347141266,88.8715438843,0.38957183715
1170,36.2972412109,165.471740723,22.988111496,72.9892959595,0.229039462283
1170,446.523895264,347.448730469,20.607131958,49.1125297546,0.219014892355
1170,75.6216506958,22.6934280396,22.1973724365,61.1961402893,0.00498300178151
1200,57.7153816223,157.144561768,18.0779857635,49.4126625061,43.8840687275
1200,99.6415328979,151.228820801,22.2795963287,56.1235046387,4.69832383096
1200,36.9979820251,152.248855591,21.3980312347,58.6372528076,2.66224946827
1200,121.025398254,151.953536987,20.7395763397,63.5487709045,2.34293527901
1200,410.988647461,115.66619873,23.1903839111,52.7773132324,1.58641692251
1200,6.52738761902,165.632980347,15.0507440567,47.8203125,1.31517872214
1200,77.3280029297,28.9920349121,19.5946445465,62.1090698242,0.731546012685
1200,142.179275513,156.644454956,19.2771930695,49.4903869629,0.26844413951
1200,67.5665969849,166.931274414,19.0685558319,55.0205841064,0.237484858371
1200,169.639511108,153.158248901,18.6846294403,45.9993629456,0.0828373304103
1200,92.6086807251,24.0583095551,20.1679458618,61.2004814148,0.00212630857277
1230,58.1750907898,158.399932861,18.5313167572,49.6264457703,13.0227446556
1230,608.677490234,157.137130737,18.8775730133,51.2660064697,5.68830110133
1230,411.611541748,114.717895508,22.5646800995,54.8367004395,4.60247248411
1230,45.4599151611,156.064224243,21.9330310822,54.495174408,1.61664299667
1230,5.7729973793,153.088623047,16.8118419647,48.3990783691,0.876464042813
1230,77.3024597168,26.9351806641,20.3558750153,59.8960266113,0.632697017863
1230,93.1125259399,23.0780963898,19.8628921509,61.0130767822,0.00279911037069
1230,58.0814666748,30.0606098175,29.9563922882,72.0093917847,3.15219779168e-05
1260,150.271652222,172.020797729,20.929485321,54.0448455811,97.4133729935
1260,58.0118865967,158.880844116,19.1702861786,47.5075721741,6.32904097438
1260,231.508483887,153.276931763,16.5268669128,47.2559814453,4.68144901097
1260,615.342712402,161.036560059,15.1122045517,49.2382049561,3.6754924804
1260,411.676635742,117.377723694,21.3690338135,49.8611412048,2.65576262027
1260,47.0031585693,158.179214478,20.0324230194,53.6530265808,1.46466298029
1260,75.8781738281,156.778244019,27.4298725128,62.2415885925,1.40918279067
1260,601.355712891,150.195755005,21.7364807129,61.6470336914,0.949543341994
1260,92.1294555664,159.046981812,23.9854373932,53.9375343323,0.808801501989
1260,77.3910751343,26.0437927246,20.3268070221,58.3168525696,0.557799823582
1260,114.413902283,160.167068481,19.9935932159,55.807510376,0.54927864112
1260,67.0837402344,165.016738892,19.1067523956,53.3162841797,0.476847309619
1260,5.29056739807,141.526260376,17.3079795837,49.8717536926,0.473268842325
1260,180.135787964,145.516693115,19.77602005,51.3526039124,0.301696616225
1260,139.72177124,167.694458008,14.6530332565,51.2606925964,0.169090740383
1260,93.0312728882,24.6784076691,19.8502006531,60.9266929626,0.00491805622005
1290,605.120239258,156.021957397,19.3407649994,51.5954856873,2.82926224172
1290,122.116607666,170.529220581,23.8039016724,43.9180030823,2.79815681279
1290,319.794281006,354.287719727,19.9380321503,47.853061676,2.36955843866
1290,228.503845215,153.443466187,17.4209308624,48.3098297119,1.52472639456
1290,413.932891846,116.910339355,19.2589836121,55.5946540833,0.99461665377
1290,143.438034058,159.193664551,18.6197891235,46.5172080994,0.382431643084
1290,175.685012817,153.790115356,17.2937297821,45.0600624084,0.268128328025
1290,492.995391846,289.416137695,21.2552833557,53.4053153992,0.182811135892
1290,164.933959961,149.165328979,16.0410957336,45.2096977234,0.098452612292
1290,67.3884811401,31.3847827911,31.6227493286,84.7560348511,0.00838262421894
1320,101.61264801,174.477035522,21.7826442719,49.6378059387,95.8898663521
1320,53.5206871033,159.135452271,17.8523483276,52.233997345,9.00621041656
1320,445.958465576,136.445617676,19.6862468719,55.9760246277,5.34355454147
1320,123.196296692,155.195266724,20.9737281799,57.3380432129,4.32984344661
1320,84.0079727173,170.488265991,19.0324039459,52.3632926941,3.54442745447
1320,599.662719727,173.248641968,30.6661834717,59.4999084473,3.39573957026
1320,35.6915855408,149.388931274,25.1423587799,61.8073730469,2.37224400043
1320,5.83716583252,158.702468872,15.8195753098,48.1763191223,1.21800992638
1320,77.1061248779,27.6612071991,19.7745075226,62.6053619385,1.1966407299
1320,65.951713562,159.664291382,20.1088962555,52.0892982483,0.940537825227
1320,169.469329834,149.550872803,16.767074585,43.895565033,0.246916501783
1320,151.125823975,158.11920166,22.5308380127,46.3342285156,0.192405376583
1320,137.059310913,154.214645386,18.9887294769,48.6978607178,0.160980131477
1320,615.749938965,205.08996582,17.5223407745,44.8436431885,0.137549557257
1320,614.053405762,162.192520142,17.5667209625,46.8614234924,0.0583547749557
1320,92.888420105,23.5274486542,20.2520275116,60.7134132385,0.00362343307643
1320,58.2313232422,28.8004379272,30.4922466278,75.5053939819,6.15115823166e-05
1350,92.0629577637,178.11769104,21.3456096649,44.0028572083,96.9254791737
1350,61.2591362,158.323898315,17.786737442,48.2990455627,22.9291766882
1350,227.484848022,149.569564819,19.130613327,50.3395881653,12.7070143819
1350,121.328620911,155.473861694,22.4288043976,61.5721282959,7.96224027872
1350,414.1456604,112.014198303,18.5159435272,48.2958526611,7.73645192385
1350,35.4333572388,152.164321899,24.5486392975,59.2719306946,2.90656778961
1350,72.8517456055,23.9084625244,20.7178058624,63.7543945312,2.46426630765
1350,609.168762207,155.752029419,17.3302288055,49.3833045959,1.82683616877
1350,71.137046814,170.057022095,20.8893604279,52.4112281799,1.71585679054
1350,7.253510952,178.141891479,14.7390871048,43.110748291,1.65828540921
1350,5.46579933167,141.634750366,17.144777298,49.2970314026,0.656015705317
1350,164.562667847,146.683883667,16.7471981049,47.5925178528,0.601527094841
1350,112.763908386,160.787887573,17.068157196,51.0346260071,0.56025069207
1350,137.614028931,157.56854248,17.3628292084,49.9210548401,0.458776438609
1350,179.162063599,144.706741333,19.1959648132,52.1654548645,0.404028827325
1350,242.746658325,159.418869019,19.3121433258,47.0596809387,0.149760686327
1350,146.398330688,151.571243286,20.596578598,50.8474006653,0.099502154626
1350,92.6828918457,23.222448349,20.7989406586,61.3825187683,0.00202845894819
1350,51.085773468,28.9583415985,29.1330718994,64.7603378296,4.70701252198e-05
1380,84.2377700806,176.843978882,21.2345409393,47.1697540283,91.6311383247
1380,57.5510559082,159.898925781,19.2644863129,50.9395713806,45.6865102053
1380,120.211677551,154.754394531,21.5447216034,57.6483268738,5.05338981748
1380,611.25970459,154.119689941,17.1335430145,46.803188324,2.17725280672
1380,72.6050796509,25.5424823761,20.4016170502,63.0580406189,1.92367061973
1380,448.349761963,133.23248291,20.1424865723,54.0439186096,1.69593002647
1380,46.44140625,153.216934204,19.0894317627,49.3317527771,1.28170140088
1380,227.414978027,145.254516602,20.0436820984,54.8055419922,1.13754477352
1380,6.35471105576,164.179641724,15.4459047318,48.503704071,1.11643057317
1380,73.0575485229,167.887969971,18.1677589417,51.467590332,0.559065677226
1380,179.881286621,147.431228638,19.129617691,50.2852020264,0.481699919328
1380,99.1759872437,167.061355591,20.7919254303,47.1701660156,0.40905252099
1380,170.486022949,154.397842407,17.4698505402,43.9246482849,0.366734294221
1380,141.294952393,153.279571533,19.4770679474,50.0138587952,0.192259717733
1380,154.493057251,157.825439453,16.6062965393,45.1168518066,0.122850213666
1380,603.859680176,168.14125061,26.8487148285,63.7192382812,0.0410146429203
1380,80.1965103149,31.081451416,28.2235927582,83.330078125,0.000221449590754
1410,81.6239929199,175.283325195,21.6182003021,49.3476219177,85.6581926346
1410,55.0173034668,158.782943726,18.270275116,50.6740760803,40.8296614885
1410,64.8363037109,163.009506226,17.5632915497,50.4397468567,9.21176373959
1410,228.201187134,157.28994751,19.2971477509,49.5908470154,2.91063040495
1410,113.249916077,160.862091064,22.0232639313,55.6060180664,2.69500762224
1410,447.164428711,131.955917358,18.5044670105,52.368183136,1.83855164796
1410,412.113006592,117.229164124,21.9831867218,51.1195983887,1.60936806351
1410,101.583564758,159.892501831,18.396654129,48.3842811584,1.59132238477
1410,5.23902845383,139.505996704,17.1623821259,49.5207939148,0.530334981158
1410,124.265472412,153.406539917,23.0643177032,58.6177825928,0.360916927457
1410,175.842422485,150.012817383,17.8321876526,47.9983673096,0.280018802732
1410,493.213256836,287.275848389,20.5981960297,50.6213035583,0.133118941449
1410,152.559158325,158.647033691,18.0733280182,46.6886329651,0.127231387887
1410,140.849349976,163.566894531,21.1912784576,46.2813606262,0.0713201938197
1410,164.052566528,153.328796387,18.0744800568,46.5299949646,0.0630386872217
1410,240.390274048,157.812454224,21.0461654663,54.257396698,0.0575324520469
1410,76.3554763794,28.5090961456,21.7901687622,62.8382911682,0.0149219325976
1410,57.8601951599,30.1541461945,29.9914417267,75.4537887573,2.00475028578e-05
1440,82.9698104858,173.828918457,23.1111698151,46.2904968262,86.2502753735
1440,57.755279541,158.121765137,18.3941020966,49.9455070496,30.2204549313
1440,413.203216553,115.761314392,19.1994190216,55.1127281189,13.0595237017
1440,225.935256958,156.637130737,21.2759952545,48.1773033142,10.0987553596
1440,120.236579895,158.771392822,21.1054973602,55.1013793945,9.22611281276
1440,608.541381836,161.537979126,18.4864253998,48.4455299377,3.8120675832
1440,67.2342453003,167.781417847,17.1341781616,53.5295715332,2.64715850353
1440,107.299781799,159.391433716,17.3324794769,48.0510559082,1.66925340891
1440,170.110046387,148.8671875,18.0738887787,48.0561523438,0.879811309278
1440,179.657272339,144.210083008,19.2830028534,53.1163825989,0.56343046017
1440,77.5177688599,27.723236084,18.7726688385,61.0433959961,0.472422270104
1440,142.901107788,158.278427124,17.932012558,49.6993560791,0.449544331059
1440,499.252410889,288.532653809,20.4512138367,50.3157539368,0.268265069462
1440,153.109039307,156.235733032,17.5210666656,47.8329658508,0.189069227781
1440,87.9767150879,26.9391002655,21.9659748077,63.8675193787,0.00175876321009
1470,91.2143554688,176.233566284,22.4804019928,42.8679847717,82.1139276028
1470,58.7733421326,160.51600647,17.2598381042,47.7568817139,46.9143033028
1470,121.402000427,157.634628296,21.3881607056,56.448513031,12.9139795899
1470,412.993682861,117.605491638,21.3201961517,51.1921691895,2.57564373314
1470,70.8857345581,166.774230957,19.204416275,50.126663208,1.63213014603
1470,608.56262207,158.399887085,17.507101059,49.610118866,1.21658453718
1470,449.571807861,135.238220215,19.489397049,49.8243217468,1.05384998024
1470,169.74055481,150.187911987,18.5029582977,46.2038917542,0.395807670429
1470,180.188217163,144.558029175,19.3215618134,52.215839386,0.324788340367
1470,137.798049927,156.510437012,16.4675369263,53.7292480469,0.303969578817
1470,493.609863281,283.078887939,20.8363208771,50.7098884583,0.195882609114
1470,78.2884140015,44.9284172058,19.5113048553,58.7950401306,0.171354284976
1470,147.550628662,161.246017456,19.1000118256,46.3617210388,0.117806275375
1500,99.4825820923,174.214904785,18.7288188934,44.9226951599,81.7606210709
1500,58.1466827393,157.378005981,19.734254837,52.232257843,25.5844444036
1500,410.118041992,115.103843689,20.4367923737,53.2546043396,9.22314301133
1500,608.385498047,158.833190918,18.1202220917,50.5209655762,4.39878068864
1500,71.2878570557,158.949645996,21.0647716522,60.91954422,4.0472753346
1500,120.257240295,156.970504761,20.9572124481,58.2300109863,3.56396250427
1500,88.9822921753,169.743270874,16.8446464539,49.5601043701,2.82394438982
1500,593.456115723,157.708145142,20.8750839233,54.7110443115,1.14779639989
1500,77.7227020264,27.03565979,19.4671573639,57.7420043945,0.367156881839
1500,143.510253906,159.117874146,17.7272434235,47.704082489,0.304156844504
1500,175.992675781,147.109359741,18.9783668518,49.6631278992,0.144762150012
1500,93.3095169067,26.2601070404,19.5215778351,61.0028495789,0.026998409885
1500,152.543869019,150.067504883,17.5452098846,48.1295661926,0.0103255610156
1530,103.634559631,174.954360962,17.3310394287,42.952835083,66.9058918953
1530,58.4840698242,155.869476318,18.4385929108,49.9952659607,28.4742772579
1530,413.034057617,114.033576965,20.1498088837,58.5843238831,6.0955606401
1530,43.8455505371,153.977554321,21.6050052643,56.1294555664,2.77650114149
1530,604.069580078,151.789505005,21.4309749603,55.5464134216,1.34284030646
1530,83.5127944946,167.298080444,21.8885097504,52.1385498047,0.841223541647
1530,69.9390792847,153.700149536,18.791639328,59.7628593445,0.65398463048
1530,123.950653076,156.571151733,20.2418079376,56.8561439514,0.650649005547
1530,158.083877563,160.491714478,29.8718700409,60.0699729919,0.547384517267
1530,593.16015625,154.818954468,20.2208995819,53.4253349304,0.285002961755
1530,72.2724609375,24.9209537506,21.3575839996,59.2287597656,0.0252241559792
1530,80.5869674683,34.2325019836,27.3701171875,77.7382049561,6.20627986336e-05
1560,110.000938416,173.148788452,18.5393428802,45.6695671082,78.0506670475
1560,58.2357177734,156.96875,18.8730106354,51.5082550049,39.4009977579
1560,607.502868652,156.29069519,19.8098907471,53.4894256592,10.5938449502
1560,411.938842773,112.177940369,21.5198001862,58.7149810791,8.85562822223
1560,94.492805481,166.748535156,17.983007431,51.2585449219,2.13781148195
1560,69.9399185181,153.591430664,19.9916400909,59.76720047,0.895703956485
1560,77.6593933105,27.8876171112,19.0323314667,61.8082237244,0.856221280992
1560,493.379119873,282.003204346,20.5977840424,50.1210327148,0.218474143185
1560,128.300338745,160.686477661,14.4551897049,53.4885749817,0.127344217617
1560,93.2137832642,24.6438217163,19.632692337,61.0892181396,0.00839639251353
1590,114.442024231,172.962219238,16.8078804016,41.940372467,35.3664755821
1590,58.7635650635,158.826553345,17.7827854156,47.0515937805,25.0882595778
1590,608.763793945,159.710067749,19.1981315613,52.4792900085,22.7170303464
1590,409.038909912,114.83127594,20.900806427,52.8371276855,4.95997071266
1590,44.3200569153,155.478256226,22.8273925781,55.4268684387,1.67321432382
1590,77.6030960083,27.4640045166,19.9178752899,59.5249519348,0.660731317475
1590,127.448677063,167.781723022,16.1870746613,51.421131134,0.181856064592
1590,69.0757522583,151.124404907,23.1687011719,61.8768501282,0.128433317877
1590,88.0553359985,26.4240093231,21.4194583893,65.4854278564,0.00396248506149
1620,58.8235664368,159.255554199,17.8443317413,46.5789909363,29.8180937767
1620,116.336021423,161.63444519,20.1384716034,53.6792106628,6.19798563421
1620,408.178710938,113.623313904,21.2762737274,56.4786491394,5.20829632878
1620,66.9558029175,162.755966187,19.6863822937,57.208278656,0.976244080812
1620,77.4009475708,25.4235057831,19.9114685059,60.6356773376,0.681417761371
1620,498.872039795,287.670440674,20.2015171051,48.625793457,0.224980479106
1620,87.4453659058,30.2251968384,21.9370975494,62.0791168213,0.000149057711951
1650,59.3187980652,155.532577515,18.4713993073,52.2827033997,39.4269287586
1650,608.346862793,156.190063477,18.7462806702,49.6770133972,11.7466904223
1650,413.55871582,114.500343323,20.7254657745,58.4467582703,2.6803728193
1650,73.6028823853,28.0177001953,26.4350070953,80.7896347046,0.273962249048
1650,493.419067383,283.33013916,20.6048526764,50.5468177795,0.19317305414
1650,93.7939147949,26.7217273712,19.216299057,62.6268577576,0.00429648134741
1680,58.4725379944,156.514175415,17.9609146118,48.3125915527,45.500510931
1680,411.803314209,113.538459778,21.17436409,54.7112007141,10.5061650276
1680,604.164855957,155.862854004,21.9902172089,54.3223381042,7.19458013773
1680,45.5814819336,154.033721924,21.2911739349,55.0975189209,2.98653766513
1680,72.5379333496,35.3182029724,21.2967185974,65.2100296021,0.552186230198
1680,67.2942886353,164.120513916,19.2930736542,55.6520805359,0.465950975195
1680,449.466583252,143.09022522,19.0934200287,50.698009491,0.35229169298
1680,110.556114197,151.017745972,19.8819332123,54.4382476807,0.219184323214
1680,93.8348007202,26.0776195526,18.8034820557,60.7341880798,0.0173211839865
1710,589.498596191,171.210327148,39.2868156433,75.1509628296,57.0956647396
1710,57.6838264465,155.712020874,18.3698329926,49.0218162537,54.2324841022
1710,74.7098693848,154.821136475,26.7501373291,66.5635299683,1.58803202212
1710,615.487182617,187.933181763,16.5135631561,47.0414543152,1.10347978771
1710,93.0017776489,152.995101929,22.5560665131,60.0146369934,0.194607395679
1710,492.790161133,282.970336914,21.19830513,51.8953819275,0.143776647747
1710,72.5549850464,23.8187236786,21.1743812561,62.0163726807,0.0631689035799
1710,63.6539497375,132.600112915,27.3856067657,66.6859054565,0.0156179186888
1710,80.7113189697,35.3928184509,26.3382873535,80.6016921997,0.000117858405702
1740,411.809295654,115.869598389,21.4399738312,53.6263084412,4.98026162386
1740,57.1840248108,156.947006226,18.1206378937,50.9111289978,4.04181219637
1740,198.506225586,133.061355591,20.130437851,54.2182579041,2.5727968663
1740,607.901733398,158.970687866,18.8355121613,50.0783691406,0.813467334956
1740,6.06135988235,159.526870728,15.7195243835,48.0334358215,0.79010752961
1740,66.5582275391,162.104278564,18.6281375885,52.0265922546,0.530354818329
1740,76.0115280151,28.7628555298,22.0587444305,62.6520347595,0.00593583572481
1770,40.5774421692,170.276016235,77.443611145,170.946472168,95.3288376331
1770,112.003883362,154.044723511,18.9628391266,54.5382652283,4.32783290744
1770,72.9690475464,29.4525737762,19.8991718292,61.0485572815,1.50333847851
1770,609.141418457,162.954574585,18.9893093109,49.1457824707,1.36265829206
1770,56.4997062683,223.461669922,37.7534332275,97.7434921265,0.33173346892
1770,80.0547485352,35.9428672791,28.221824646,80.1716308594,0.000144721445849
1800,58.1042480469,157.184463501,18.7405452728,50.8330574036,32.3688685894
1800,412.879364014,113.410125732,20.4923305511,54.9849586487,15.6561374664
1800,69.7082977295,154.773483276,19.8588924408,58.8104820251,0.861114356667
1800,5.22214126587,139.240829468,17.1667861938,49.4295806885,0.54425438866
1800,100.209114075,152.683227539,23.0589828491,57.5649414062,0.342489476316
1800,448.20223999,131.142181396,20.538602829,55.1313514709,0.339918676764
1800,81.9281616211,150.537719727,26.4009037018,68.4358825684,0.127142108977
1800,76.6452713013,28.8216018677,21.1050434113,64.0684585571,0.0147423197632
1830,61.0884742737,160.624679565,17.3160381317,49.8904075623,10.5509907007
1830,112.549201965,157.77482605,18.750749588,51.387714386,2.34705321491
1830,6.04708862305,160.013427734,15.3812360764,47.5514640808,0.548947136849
1830,448.438446045,143.000061035,18.9002475739,50.098739624,0.527564063668
1830,614.053405762,157.908691406,16.1140384674,51.137096405,0.525314314291
1830,493.200592041,287.391326904,20.6323432922,52.4582672119,0.264241127297
1830,77.6907577515,40.8422203064,19.6491107941,64.3794326782,0.0780656118877
1830,65.3059692383,130.954483032,28.6205272675,67.7347793579,0.00602236432314
