30,612.566589355,177.098129272,23.4962253571,62.653629303,99.3284583092
30,456.970489502,175.728149414,18.0967273712,49.793422699,81.0121417046
30,472.012298584,174.852401733,20.5251483917,54.759552002,0.901383440942
30,419.192779541,131.801895142,18.8759040833,57.8045501709,0.0552190409508
30,382.578887939,90.9632797241,19.7916698456,64.5500564575,0.0394992151996
30,30.0758304596,115.757659912,29.5568637848,65.5543441772,0.0158836774062
60,609.852844238,177.240310669,25.1676616669,62.6441688538,99.3708491325
60,465.180175781,176.686889648,22.7630634308,54.7495727539,88.781696558
60,478.72164917,181.839645386,19.3832569122,48.4797058105,6.21264502406
60,598.756408691,177.671386719,18.5628013611,57.1518707275,2.14412566274
60,370.019927979,122.164085388,21.4337158203,57.5328407288,0.801376532763
60,452.527313232,180.931091309,19.340845108,48.6163597107,0.0531020632479
90,613.193359375,178.034912109,21.7053146362,60.9768028259,99.3981063366
90,472.1378479,177.771789551,23.546257019,52.7086601257,72.5832223892
90,627.358215332,180.212600708,12.641784668,56.1298675537,0.134202407207
90,419.660064697,132.743484497,19.9812278748,56.6052246094,0.084970111493
90,33.8892211914,115.063468933,21.0373916626,62.913433075,0.0114686386951
90,123.286499023,133.472579956,22.4518527985,57.106212616,0.00363579601981
120,613.106811523,177.983642578,22.8746433258,61.0835113525,99.5517671108
120,477.84286499,179.14453125,20.8150005341,52.9721221924,86.7395997047
120,492.601226807,177.248153687,19.6170902252,47.5121803284,0.315603334457
120,371.47354126,126.536048889,21.0484199524,56.4911384583,0.281635997817
120,504.871826172,175.02331543,19.4087200165,45.84948349,0.161700334866
120,419.443450928,132.496841431,19.432510376,57.8381385803,0.15362969134
120,33.7433166504,113.68585968,21.690164566,58.7698631287,0.00783580544521
120,250.71723938,394.138946533,27.5891208649,50.3610191345,0.00132454206323
150,615.513305664,180.800735474,20.5370197296,63.9984931946,97.4652171135
150,494.848236084,177.669448853,19.582075119,48.1418304443,88.4058117867
150,474.850952148,176.731460571,19.8333396912,58.9027137756,6.76065757871
150,506.222412109,178.765304565,17.6347312927,48.2864227295,0.776883354411
150,434.681488037,178.610061646,18.2521095276,45.5991096497,0.36977622658
150,2.19074249268,105.480781555,31.1175861359,66.9570846558,0.00631030634395
180,505.792266846,195.754592896,20.6395759583,49.8574409485,91.8042957783
180,518.866210938,193.834243774,17.7126407623,49.3651885986,0.317286630161
180,458.120239258,149.455459595,19.7074069977,56.7067108154,0.292418873869
180,424.255218506,147.424911499,19.3819141388,54.8797149658,0.0981904333457
180,373.013519287,148.950393677,19.1657428741,57.9019317627,0.0228097109357
210,518.514465332,209.471206665,22.297914505,45.3032989502,97.7727949619
210,424.261383057,157.058242798,19.6140899658,52.366607666,0.151528033894
210,440.761322021,144.081802368,19.0046463013,53.2714958191,0.128175981808
210,549.50604248,67.2017593384,25.2286243439,70.4225234985,0.0363886734704
210,2.90941739082,131.017654419,27.4237537384,66.5799331665,0.00250329285336
240,540.635559082,207.04850769,22.2247161865,53.6526794434,98.6372768879
240,6.30425882339,225.792160034,32.9989395142,97.0471496582,6.35829567909
240,7.87136411667,230.031784058,16.1414813995,57.0119972229,1.47596392781
240,567.411621094,72.2668991089,19.3838577271,55.2749061584,0.290013849735
240,85.9971618652,144.957000732,27.488199234,60.5697669983,0.168602052145
270,568.416931152,195.211624146,22.7725734711,55.271030426,96.9896554947
270,69.852104187,230.877746582,24.1337909698,72.6401290894,3.08100804687
270,454.784179688,201.475631714,19.329120636,49.1130561829,1.45448679104
270,402.392852783,172.902832031,18.728143692,48.2760620117,0.910128001124
270,539.804382324,116.122993469,23.2959384918,52.4793510437,0.347989192232
270,7.5344824791,240.388259888,27.7211761475,102.791694641,0.189680722542
270,440.007293701,140.664962769,19.3838615417,51.6020851135,0.0142812044942
300,613.171325684,187.377120972,21.3266010284,53.7603607178,98.5114037991
300,462.668426514,188.915084839,16.5248947144,54.574092865,3.51838208735
300,42.3890647888,101.615783691,25.6730957031,70.2414016724,2.8741421178
300,606.081481934,47.1447181702,18.0833969116,50.3554382324,0.563001260161
300,14.5234060287,212.044570923,19.3125076294,49.5867195129,0.160354131367
300,452.112426758,52.7987518311,23.9171199799,80.8334884644,0.0639913894702
300,2.51201629639,94.0792007446,15.7620697021,66.0770568848,0.0450903637102
300,490.298187256,200.169799805,17.384349823,44.2309608459,0.0183501164429
330,38.0879936218,103.714698792,27.7841243744,80.1431732178,0.975988060236
330,210.473754883,175.910903931,16.8460998535,43.7058258057,0.506965443492
330,480.830444336,49.9918518066,19.6127319336,61.5431175232,0.462979171425
330,31.2607479095,95.556854248,20.3181247711,55.7766075134,0.0227537588216
360,510.974273682,30.2611713409,20.6366062164,58.8814544678,23.5852897167
360,508.977294922,198.360961914,22.0437297821,51.7020378113,16.7020261288
360,526.156677246,206.98614502,18.1273231506,45.582321167,6.67277276516
360,615.918518066,201.095565796,17.5677146912,48.9080657959,3.85299474001
360,54.9733543396,242.758346558,20.3740234375,77.0340957642,2.36138999462
360,214.689575195,172.040100098,21.0287704468,43.9002227783,1.56368948519
360,41.2575492859,250.492721558,22.188211441,55.9001464844,0.536601431668
360,484.518707275,151.471130371,19.5254116058,67.5054550171,0.26177726686
360,96.0100402832,158.739929199,23.6165847778,58.2707633972,0.108793948311
360,30.2001190186,212.740478516,33.9101982117,76.1480636597,0.0734401517548
360,5.3423614502,89.0472717285,19.2838993073,59.7502250671,0.0716304406524
360,545.426940918,45.5063819885,31.4954357147,81.2101516724,1.71381719927e-07
390,609.845153809,205.866104126,19.3299751282,52.7676544189,32.2364211082
390,593.478088379,201.498336792,22.3510913849,56.5780143738,20.715354383
390,242.097427368,173.033569336,26.32056427,77.9134063721,2.91276369244
390,86.5467910767,259.761749268,28.5819416046,102.760017395,0.615201983601
390,54.5669746399,196.069961548,44.0281867981,131.257217407,0.135105499066
390,583.743103027,12.3636655807,20.7667636871,56.1017570496,0.0874356599525
390,4.60841608047,62.7457084656,27.042760849,69.5403060913,0.0218929722905
420,264.3230896,208.744827271,38.8610420227,129.838058472,18.549259007
420,10.9352684021,19.6790981293,36.8404960632,161.853744507,8.55599716306
420,45.9801521301,171.597885132,31.1763439178,60.5910758972,4.03461530805
420,284.357543945,220.78137207,31.3150405884,83.5724639893,0.17985003069
420,50.711933136,43.0411682129,41.7261047363,106.922828674,0.000116828812224
450,63.0518989563,185.03503418,22.2250804901,53.154800415,9.98169407248
450,617.608337402,143.695541382,15.548789978,49.0489463806,4.76738996804
450,580.696350098,153.516860962,17.4391727448,47.0491027832,3.88765223324
450,178.122375488,74.3035049438,21.8666591644,54.9377861023,2.68875509501
450,568.495178223,150.876708984,20.0114421844,48.5032157898,0.832540821284
450,64.0780258179,96.1060180664,22.896270752,60.8015785217,0.153747037984
450,18.7917079926,23.1022586823,35.9449081421,100.201843262,0.00467390236736
480,590.776367188,137.210342407,25.7139453888,74.951423645,24.5589122176
480,602.238952637,251.844284058,24.3433361053,81.2250823975,22.7163270116
480,68.3730697632,69.8528213501,20.0943927765,53.4272880554,3.61837521195
480,163.251846313,194.83001709,21.0579147339,43.2011985779,2.11446098983
480,106.462928772,191.732421875,19.1488304138,41.5217666626,0.366412848234
480,575.195129395,127.219490051,18.493938446,61.0311889648,0.0998818431981
510,581.822937012,65.8339767456,21.7066364288,63.0680503845,11.412089318
510,605.987243652,208.301025391,20.1611289978,45.4001464844,7.97304362059
510,565.137390137,62.2438545227,29.5042057037,98.2468490601,3.60371023417
510,529.848083496,93.9069595337,21.8627929688,69.7012634277,3.17669473588
510,546.255065918,75.8076553345,27.4161605835,88.7240829468,2.02088393271
510,599.807189941,58.0415763855,25.7116069794,75.0225448608,0.544973881915
510,71.9265213013,130.521224976,22.9242401123,80.6977539062,0.155845400877
510,565.392211914,117.013328552,32.3429069519,83.473274231,0.0666857173201
510,34.1137237549,86.6219711304,24.764875412,69.7398757935,0.0446995225502
510,141.855422974,153.469192505,20.7930107117,57.4510345459,0.0162570067914
540,105.863792419,178.489990234,22.4518909454,48.1910552979,13.7744367123
540,436.039276123,186.80456543,25.349861145,61.4989204407,2.55395788699
540,458.026733398,89.8083496094,18.0999851227,56.1535224915,1.35967172682
540,468.53503418,85.5910873413,27.8782348633,89.6560592651,0.821322854608
540,482.578033447,60.1477241516,29.2747554779,98.3260116577,0.741873495281
540,63.9405326843,178.785461426,25.7183094025,60.8423423767,0.740152224898
540,443.116699219,163.507339478,21.296289444,56.3004264832,0.644470192492
540,448.484527588,95.2147827148,19.0449066162,63.8186149597,0.183630664833
540,2.68115234375,25.6872692108,29.9142227173,61.4539337158,0.16686457675
540,515.694641113,57.3789558411,34.3154144287,82.6770095825,0.123203219846
540,569.105895996,24.7285003662,33.2928314209,95.8715744019,0.0271480996162
540,459.649749756,141.752105713,26.7354049683,68.8731079102,0.0083334838564
570,196.108444214,190.739425659,20.8356113434,52.587097168,3.41911092401
570,507.166229248,30.6654186249,21.8837680817,69.6467056274,1.26209817827
570,447.149414062,108.018737793,32.3491668701,101.024085999,0.863383617252
570,403.9737854,88.5565185547,21.2103843689,61.3264465332,0.752128381282
570,468.385498047,45.5283164978,19.6133670807,65.5672988892,0.507896346971
570,416.281158447,84.2916946411,22.197561264,65.7273025513,0.184350542258
570,518.819519043,17.2843170166,39.1660652161,97.3300476074,0.0484431249788
570,432.435668945,90.6563949585,28.0360946655,74.2916030884,0.0357638375135
600,13.5483827591,171.785354614,23.4074649811,58.4962272644,5.66664077342
600,435.467254639,56.3124389648,28.7255191803,79.9854125977,0.826059933752
600,380.75390625,47.611164093,20.9423618317,74.7326278687,0.241501582786
600,418.37210083,72.7571868896,20.3705501556,66.6560745239,0.233979569748
600,489.982696533,34.2236404419,18.9542808533,57.2439117432,0.0386800325941
600,476.698486328,59.1395683289,27.7739124298,72.5775375366,0.0265272537945
600,519.656555176,14.5041837692,24.6574611664,77.165763855,0.000136224412017
600,374.798492432,28.8196353912,22.6948223114,55.3544807434,1.58947045747e-05
600,532.251464844,19.3167362213,22.9548664093,58.7930107117,4.06552658205e-07
630,475.113677979,63.3416290283,24.1062450409,79.1746292114,3.69326882064
630,516.761291504,30.6350154877,27.7539691925,89.2339782715,3.46192829311
630,615.60369873,124.531768799,18.0339794159,54.4958343506,2.44965627789
630,617.443908691,40.4661750793,17.7710056305,51.6198539734,0.532515766099
630,533.047180176,37.1667137146,20.5452766418,70.0601654053,0.434698956087
630,576.299377441,21.9016170502,23.7061290741,66.6239852905,0.0668973079883
630,546.959838867,23.0352611542,23.875869751,70.8992767334,0.027730956208
630,599.459655762,19.7708492279,29.3817462921,67.6015701294,0.000180675294814
660,595.066223145,179.122924805,25.6536045074,76.4080200195,17.6726147532
660,610.096618652,178.784042358,16.3034152985,52.3745079041,1.03681236506
660,613.033081055,307.85559082,19.9874000549,51.7794380188,0.997937377542
660,595.311218262,24.3534641266,24.3186950684,69.8868942261,0.432303640991
660,234.319274902,183.252075195,28.9633655548,58.8272819519,0.326961115934
660,463.768920898,184.613113403,19.2962303162,45.6004943848,0.310219917446
660,574.088867188,23.1969299316,33.4451980591,85.441368103,0.27174949646
660,455.515533447,163.48664856,21.2143669128,56.631362915,0.161067466252
660,558.227600098,31.5375595093,21.7076091766,65.525138855,0.146747916006
660,609.213256836,20.4339351654,20.8777446747,65.424041748,0.000135853031225
690,578.884460449,162.208374023,47.9037017822,96.6844406128,70.5406546593
690,602.509460449,159.637985229,21.6733608246,57.8065376282,8.42851549387
690,571.942932129,175.994384766,22.4663219452,79.0762405396,1.14682689309
690,573.040710449,50.7970237732,27.5111751556,86.4228439331,0.63691874966
690,97.5896606445,111.232688904,20.2432460785,65.3355331421,0.0410545617342
720,502.339752197,130.485122681,26.0174255371,100.005607605,6.47361576557
720,69.0088272095,193.962814331,23.3109054565,59.2617797852,4.41828295588
720,61.0421638489,94.2854919434,25.7682876587,79.7644271851,1.51206981391
720,537.171203613,115.536010742,28.6689891815,76.7253723145,1.32157560438
720,518.412780762,131.84703064,22.8310871124,72.2548904419,1.253147237
720,613.890441895,284.773254395,24.0309200287,74.7502670288,0.790915451944
720,78.0511169434,122.250038147,20.1655902863,71.4006881714,0.3393067047
720,514.976257324,188.753921509,30.0071926117,87.1037979126,0.277234357782
750,419.999542236,185.393920898,28.9508037567,66.0126724243,12.772937119
750,19.6826839447,79.4762954712,25.4071979523,80.5934371948,4.76996451616
750,9.6410036087,102.714019775,25.5964756012,80.2184371948,0.416311481968
750,9.62695217133,65.9891052246,18.2228336334,70.4707260132,0.150538166054
780,435.05078125,171.256225586,20.1146411896,55.5744018555,98.4914004803
780,440.301422119,169.356918335,34.643699646,75.61693573,4.98864538968
780,12.5615282059,158.869277954,27.4446315765,53.4336738586,2.98714265227
780,156.210586548,156.258590698,17.6243286133,47.6825523376,0.338742346503
780,48.8135986328,151.256851196,19.5113887787,49.8717842102,0.300833838992
780,18.5673408508,108.442726135,23.7565898895,80.6588973999,0.0679447548464
780,354.725341797,159.652816772,18.3782596588,51.0902137756,0.0561516091693
780,366.379730225,158.294250488,17.8612880707,50.9455070496,0.0416998111177
810,434.199615479,169.708633423,31.5366039276,67.7198562622,99.5043873787
810,392.709381104,163.310623169,16.721206665,58.5449867249,3.11129186302
810,551.622192383,126.172180176,24.4525909424,72.0690994263,3.08718085289
810,182.61289978,157.294662476,15.8366670609,42.9789237976,2.93536055833
810,530.399230957,123.56388092,18.6623973846,49.8313598633,2.20506507903
810,48.6054573059,62.353351593,33.8086967468,84.3740158081,1.0721495375
810,471.220367432,172.041152954,19.1883544922,48.1622962952,0.318579026498
810,42.0412597656,49.1779975891,23.5281276703,64.5149002075,0.0819060252979
810,376.337982178,159.887588501,21.2001590729,51.0463867188,0.0443851575255
810,456.298858643,171.005325317,18.182882309,57.4578437805,0.0303801789414
810,5.74815607071,73.8217544556,17.0960826874,73.1116714478,0.0263095396804
840,484.06338501,157.834350586,38.6526069641,100.680229187,99.4664847851
840,614.914123535,201.011489868,17.5760822296,48.4632606506,1.4302385971
840,428.342041016,168.014541626,18.2658309937,64.9882049561,0.676551181823
840,11.3179368973,169.839401245,18.9174232483,48.717590332,0.568960187957
840,52.7767829895,168.27394104,18.0041275024,46.1902046204,0.226908479817
840,40.2465171814,167.164138794,20.008272171,46.3581085205,0.068373279646
870,580.915710449,148.761764526,52.4626312256,162.950485229,99.8100936413
870,482.095550537,167.793518066,27.5302371979,94.9457321167,48.6914306879
870,34.0521812439,155.953475952,20.7895927429,60.4505157471,4.35802638531
870,459.569366455,167.631454468,28.8810138702,75.3588638306,3.39028388262
870,209.75227356,159.415466309,19.846780777,50.5320930481,1.10273547471
870,615.813903809,252.271469116,16.6102027893,54.7449607849,0.679023563862
870,412.897369385,159.684707642,20.6913013458,61.0450897217,0.253375107422
900,497.443756104,147.55859375,29.7988033295,79.7118301392,1.91530864686
900,66.2493209839,183.457504272,19.438791275,46.0747032166,1.90941691399
900,403.605957031,179.802368164,20.7563781738,57.803943634,0.971036311239
900,547.00579834,186.233322144,18.1387252808,51.5273399353,0.697771459818
900,84.5054092407,178.805221558,17.6044330597,44.7877388,0.510945729911
900,409.645111084,112.728820801,19.8486347198,67.1201553345,0.0146334001329
930,424.73135376,183.708175659,26.0691223145,77.8456039429,84.7079455853
930,414.509033203,187.453201294,21.5210094452,64.9409103394,3.22906896472
930,445.424041748,93.4669570923,20.7914619446,56.8431968689,2.57339514792
930,7.85655069351,176.427932739,18.4944438934,61.3312072754,2.30460707098
930,29.8952503204,189.338806152,19.8810214996,49.8391876221,1.30850346759
930,435.082763672,91.2744216919,19.2810897827,55.8976593018,0.724742747843
930,444.973632812,190.132385254,21.466337204,67.648979187,0.11389645515
960,499.481109619,166.292007446,44.5422782898,143.887161255,95.6603050232
960,518.305480957,231.650314331,22.4923419952,72.4111099243,16.77659899
960,9.37408733368,187.328445435,20.6260433197,49.0065765381,10.770676285
960,545.836364746,221.149856567,26.9448032379,68.7533798218,8.38757455349
960,493.311523438,231.040588379,31.1598491669,71.1043548584,5.43495751917
960,529.935119629,219.361587524,25.8109664917,73.4632873535,3.4081261605
960,486.072784424,59.6474494934,28.0057220459,71.5896377563,0.826745014638
960,509.590087891,167.522125244,26.0462665558,67.5229263306,0.623757531866
960,428.535400391,314.527679443,22.9420795441,59.0528564453,0.548957753927
960,529.237915039,122.376441956,18.4656791687,52.6500549316,0.143686041702
960,450.458007812,185.833129883,22.3917446136,65.0883102417,0.0732295855414
960,434.094268799,78.9142532349,23.6939620972,54.8127708435,0.0575986807235
960,521.390930176,158.803115845,24.7338733673,56.7075233459,0.00978933967417
990,457.42855835,36.5965614319,21.5936527252,56.5246315002,29.8134177923
990,481.26550293,36.9446258545,20.5053119659,58.7752380371,26.8660575151
990,501.842681885,196.624038696,25.4343261719,66.2680435181,26.7944395542
990,539.797302246,180.201705933,33.8678398132,68.4234848022,10.9074912965
990,492.014648438,188.151062012,19.9698162079,60.7277030945,8.69529470801
990,498.220336914,92.9688796997,19.2437992096,60.2672271729,2.58670933545
990,418.970733643,182.517822266,19.5975761414,54.5783081055,0.747263571247
990,517.061828613,190.907455444,22.8837356567,66.6817550659,0.480257486925
990,605.34564209,213.671920776,25.7011566162,61.637676239,0.342252594419
990,493.213745117,33.7864570618,18.9948768616,62.890750885,0.0604946166277
990,137.741668701,160.045059204,26.9961929321,65.2457351685,0.0261077540927
1020,58.2562866211,200.457641602,26.6824188232,69.7071914673,12.9927694798
1020,427.178100586,187.59375,17.3834667206,44.3780784607,0.632165884599
1020,347.89364624,291.452911377,22.0735874176,47.6431427002,0.35538834054
1020,381.868011475,174.177352905,18.5226192474,55.2241706848,0.129787635524
1020,518.418945312,12.737156868,29.3027935028,88.7194900513,0.010420284525
1020,535.270141602,20.8171253204,23.9994735718,78.0890960693,0.000600135354034
1020,575.95526123,12.7356767654,24.2388782501,67.3526077271,0.000597052758167
1050,594.999084473,177.952407837,28.1507949829,72.9831771851,95.237660408
1050,608.272827148,200.901367188,22.6712627411,70.0645370483,5.62969408929
1050,569.760131836,192.347976685,18.8471851349,46.5238380432,1.060045138
1050,585.48614502,186.842483521,19.9991168976,55.2052268982,0.678935786709
1050,436.453491211,176.214553833,20.1824970245,56.3979530334,0.272189057432
1050,560.076477051,144.090866089,43.1463432312,100.361083984,0.121679680888
1050,598.470397949,21.7042446136,28.047208786,74.8757400513,0.100855634082
1080,597.999938965,119.045043945,29.8302001953,110.246513367,51.7523646355
1080,452.558746338,179.507919312,19.1924152374,58.0373039246,15.1072785258
1080,616.592529297,194.714859009,17.7278614044,45.5401725769,14.0219569206
1080,441.396759033,196.590698242,19.1037120819,47.188659668,5.45361414552
1080,507.378051758,177.829467773,17.4157886505,54.1866645813,4.39539663494
1080,517.98614502,176.409851074,19.1197795868,53.5838508606,2.76642479002
1080,463.147796631,176.437026978,21.1936244965,58.21043396,1.21141867712
1080,414.052398682,189.1927948,20.6554889679,49.3996315002,0.503711588681
1080,430.628753662,200.136367798,19.299703598,44.317691803,0.228356127627
1080,529.910583496,168.670623779,19.8023509979,55.7463188171,0.170128885657
1080,75.1466217041,145.951980591,27.2921009064,62.4134178162,0.133006309625
1110,492.465057373,171.405105591,24.4940700531,68.3577346802,23.6727982759
1110,478.454315186,191.017929077,23.4579372406,52.8524932861,5.67584708333
1110,559.706420898,164.193847656,25.6110610962,63.6031494141,3.60448099673
1110,577.327270508,167.485595703,26.0538845062,67.1442184448,1.77014451474
1110,58.0386352539,192.903701782,34.3102531433,87.8296432495,1.31619125605
1110,610.323425293,178.668075562,19.1943302155,53.8507957458,1.08008049428
1110,509.787841797,166.810394287,18.716299057,65.6334838867,0.686875125393
1110,420.287017822,176.26776123,15.1060609818,54.3698692322,0.116090534721
1110,401.521087646,142.841217041,24.3612442017,68.4925765991,0.0317472906318
1110,4.07804489136,72.1520080566,25.1116161346,83.1203079224,0.0207562436117
1140,462.253204346,196.892822266,17.8654689789,49.0462799072,39.0187054873
1140,608.067932129,191.038391113,20.0333576202,53.1061553955,15.6567692757
1140,565.864074707,181.868774414,23.8030490875,80.850769043,9.33480933309
1140,535.577087402,165.516204834,25.2194271088,88.8374252319,4.91536967456
1140,448.526580811,192.852005005,19.5245952606,47.7943115234,4.15930263698
1140,472.992767334,200.207397461,18.5752696991,46.4596214294,4.15181145072
1140,43.8987426758,180.661727905,34.723072052,101.904876709,0.837240368128
1140,424.779052734,165.5650177,23.3468265533,72.7763595581,0.301390467212
1140,526.748291016,153.08694458,22.3777828217,72.3164291382,0.00937137156143
1170,532.164978027,186.12713623,29.0913639069,66.7528915405,45.2159523964
1170,500.604644775,177.947250366,22.8425312042,68.3907852173,30.5700451136
1170,605.339416504,173.614059448,21.2195510864,71.0845870972,23.5065504909
1170,514.859802246,189.57194519,18.1263980865,55.9937286377,3.50016839802
1170,592.549255371,175.360107422,20.5993671417,66.4121856689,2.45358981192
1170,474.666015625,80.4229888916,26.8729152679,78.952545166,0.575999217108
1170,503.724334717,49.5864143372,21.1634540558,66.4657211304,0.512173399329
1170,162.8697052,184.033432007,19.3120117188,46.2884025574,0.435339752585
1170,428.490264893,105.910270691,23.2610988617,56.0722503662,0.078024942195
1170,467.093109131,111.644020081,25.6088428497,84.0196762085,0.0110815082735
1200,580.674072266,168.341751099,27.0609607697,80.1899337769,84.0458512306
1200,590.930786133,132.070831299,36.8103752136,112.29901123,25.6778419018
1200,573.166687012,169.126998901,15.8556852341,65.5717544556,21.5279519558
1200,5.35730743408,191.174026489,41.3976249695,104.79259491,1.49430353194
1200,599.772766113,123.60320282,21.3727741241,64.1401290894,1.13669345155
1200,587.877502441,139.230239868,22.3658752441,58.5025901794,0.115381588694
1200,409.71484375,46.7072486877,30.0777606964,87.1694641113,0.00232633155974
1230,100.729881287,149.2915802,31.2292251587,74.5820846558,7.88715332747
1230,445.674194336,139.932723999,27.2367172241,70.5967178345,2.16385237873
1230,463.179046631,186.75390625,36.0819664001,93.1590881348,1.63388364017
1230,611.210021973,33.3896827698,18.6062088013,56.0839805603,0.575329642743
1230,88.3197860718,153.025756836,21.7679443359,67.5545120239,0.338954804465
1260,58.0607948303,138.973419189,22.5198345184,64.196395874,40.3785437346
1260,58.0443305969,141.725830078,37.5520477295,125.869316101,9.59594920278
1260,477.707550049,88.4124221802,21.2351512909,61.7300758362,5.2846133709
1260,487.714691162,95.9518508911,22.2360992432,66.2749633789,1.0835503228
1260,181.809997559,166.518722534,17.256269455,47.5763816833,0.447091832757
1260,468.813812256,86.5390396118,16.9756145477,59.5363121033,0.136374379508
1260,127.233192444,166.116592407,25.0018615723,64.345451355,0.0877970654983
1260,169.462265015,157.611938477,17.7038669586,54.5656280518,0.067953474354
1290,614.530212402,162.734390259,18.5001850128,53.0641517639,10.7601083815
1290,429.05770874,106.885902405,17.2352962494,63.5528907776,0.152042275295
1290,548.448669434,31.9096450806,27.713476181,78.9665603638,0.00104976343209
1320,42.6266136169,145.54309082,34.2931938171,86.7456970215,17.7147805691
1320,601.401428223,198.821517944,28.7699260712,75.8955459595,0.206108484417
1320,9.93059444427,84.5989608765,21.795539856,61.3911590576,0.0871009018738
1350,11.768081665,176.919799805,31.2319431305,78.8389511108,11.3326251507
1350,5.89568853378,125.794776917,27.0350246429,87.2284622192,8.35636183619
1350,534.690612793,134.784805298,33.5472068787,84.4822769165,3.17392684519
1350,6.13498163223,187.379135132,19.0720443726,48.6664276123,0.532542029396
1350,512.647033691,64.2499542236,19.6239547729,58.5810050964,0.127127824817
1350,24.2403011322,141.65272522,20.8282642365,68.2705841064,0.0569909112528
1350,500.923309326,69.3694534302,26.2332324982,95.7238540649,0.0242255700869
1380,598.895507812,197.146484375,21.1289386749,53.8760719299,30.8157205582
1380,447.948699951,174.568710327,19.6915168762,52.2175941467,12.5667378306
1380,110.583984375,153.997497559,19.5209598541,57.565826416,9.78884100914
1380,610.93762207,46.861907959,24.8474788666,74.3090438843,2.16768141836
1380,465.940582275,175.017379761,18.6751804352,50.633605957,1.72016713768
1380,600.503662109,89.0819473267,32.7381362915,110.495124817,1.55117055401
1380,616.165649414,181.281936646,17.2806167603,57.1130981445,0.538054667413
1380,496.890869141,175.604614258,21.0673103333,53.0934791565,0.485471310094
1380,542.851623535,176.719848633,17.8699932098,45.8173408508,0.310311210342
1380,557.636413574,172.613418579,17.6158466339,47.0102958679,0.135151168797
1410,479.137237549,89.8656616211,20.6536521912,60.2048835754,23.9391550422
1410,560.834777832,171.12437439,31.6510410309,72.8151931763,6.42820745707
1410,533.170410156,105.732093811,30.820306778,86.0754928589,0.424192147329
1440,544.72076416,194.883956909,18.7539100647,48.3034858704,7.06458613276
1440,533.858337402,58.7016410828,22.4343280792,66.3562240601,4.72973436117
1440,569.83392334,179.430603027,29.4726009369,60.7824134827,3.78054901958
1440,18.7862911224,132.902816772,27.1012058258,59.1566886902,3.64818871021
1440,53.8768806458,134.099197388,18.1785449982,49.1339988708,2.53883674741
1440,415.60534668,175.679000854,18.5042266846,40.9515838623,1.28700081259
1470,603.299255371,131.865982056,25.3977489471,79.5096817017,8.70967879891
1470,515.449401855,166.955886841,19.7149143219,47.9667243958,6.46743401885
1470,617.465759277,95.7369995117,17.7501754761,58.9647102356,3.49015221
1470,593.78338623,179.576980591,27.1489658356,64.4298629761,0.746459932998
1470,618.571228027,137.000854492,20.9721088409,62.8570137024,0.512795662507
1470,428.236450195,36.3585929871,18.4682102203,52.9957084656,0.0827866257168
1500,511.419433594,178.478515625,21.996919632,47.2702827454,2.19950359315
1500,3.36633419991,109.841491699,14.9806261063,51.8907203674,0.736565282568
1500,397.058135986,138.951034546,19.0411319733,48.7652015686,0.246731564403
1530,156.418182373,144.779266357,17.8583393097,52.4295806885,2.01739706099
1530,82.6416549683,186.265762329,21.4572200775,56.5018310547,0.273678009398
1530,128.331771851,157.972564697,22.1003723145,54.481136322,0.192769779824
1530,546.324401855,157.562774658,19.8500328064,43.3847084045,0.0498896464705
1530,142.496871948,148.051818848,17.7434024811,49.7939109802,0.0412645051256
1560,11.2419843674,167.300888062,22.4630794525,52.2514190674,87.74933815
1560,612.53137207,86.971862793,20.9458827972,59.5899848938,14.806213975
1560,18.9706630707,120.570579529,25.1507129669,78.8437423706,2.43574418128
1560,28.483215332,157.966430664,17.3748035431,52.0949745178,0.506346998736
1560,616.541809082,118.253089905,18.26628685,59.2516059875,0.386046874337
1560,191.67590332,150.216323853,19.2192726135,50.3675727844,0.362184201367
1560,35.4664649963,121.946022034,19.7617893219,59.6631507874,0.0503843068145
1590,5.87704992294,181.202209473,17.9359111786,48.2451591492,58.4806203842
1590,17.6035556793,172.104003906,15.5876150131,48.121006012,11.8783779442
1590,130.730575562,150.785736084,18.367067337,47.3382835388,5.26426509023
1590,12.1712646484,127.81452179,24.9925022125,78.7577438354,1.96004956961
1590,115.030632019,154.149795532,17.108341217,53.121295929,0.235081440769
1590,28.6284313202,140.272964478,22.3509159088,65.280090332,0.0891350675374
1590,6.57247018814,115.99407959,16.8610229492,67.1330795288,0.0697250070516
1620,358.956695557,142.477371216,21.4761333466,60.4898262024,0.572671974078
1620,15.3861589432,124.791191101,20.3289527893,56.0106468201,0.135915842839
1620,130.74230957,151.381195068,18.8905124664,52.1163139343,0.123894098215
1620,538.72088623,186.758285522,24.0977420807,54.5299377441,0.122496159747
1650,8.24101352692,179.900390625,18.5722770691,47.6411705017,63.5650575161
1650,190.085037231,157.987258911,20.9890880585,49.4861450195,2.13363058865
1650,9.37559986115,124.851387024,25.2010650635,70.8549423218,0.400621211156
1650,25.8537979126,169.193222046,16.9140319824,47.5967063904,0.0542042485904
1680,8.25741004944,183.336181641,17.9373035431,46.6039733887,23.6209347844
1680,8.95349979401,122.526329041,19.4207630157,55.3491020203,0.627335999161
1680,535.158935547,196.162414551,25.5726184845,50.4736747742,0.422702776268
1680,110.212043762,162.051101685,17.6776123047,49.9249267578,0.296810641885
1680,13.2066650391,145.795944214,23.1663513184,71.3728561401,0.131087505724
1680,360.95300293,142.22328186,21.6251239777,60.5626220703,0.109000131488
1710,9.40601062775,183.67930603,20.4590702057,54.7007484436,33.1544458866
1710,528.963806152,196.772140503,23.8117141724,48.0823364258,9.29603949189
1710,38.8113822937,174.469680786,19.8789176941,53.069316864,1.25534143299
1710,13.0857400894,138.496780396,23.5657577515,81.8293838501,1.02010462433
1710,1.69581925869,172.068191528,15.6857414246,52.0493125916,0.528936134651
1710,561.03125,170.784790039,19.2466869354,47.9311408997,0.520513579249
1710,384.399871826,136.411911011,19.3682727814,53.3772621155,0.268538459204
1710,61.6870727539,103.327232361,21.4962406158,61.191204071,0.00768466779846
1740,7.9038233757,182.012878418,18.7859706879,47.9973487854,67.6749646664
1740,11.0729894638,131.045608521,23.0938339233,79.6537475586,1.78115870804
1770,10.0045804977,182.325515747,17.1048336029,46.9736480713,62.8482997417
1770,13.524266243,127.226722717,18.1369762421,61.9959526062,4.2026873678
1770,558.22467041,164.644180298,22.4934711456,50.1215209961,0.745894713327
1770,1.98147773743,170.872421265,16.5439567566,53.8585205078,0.735507626086
1770,110.86428833,162.228500366,17.5652751923,54.8342399597,0.339456531219
1770,570.224060059,158.794662476,24.7513484955,51.3839454651,0.246959459037
1770,507.223480225,201.292663574,21.7730236053,49.1438026428,0.187859858852
1800,8.22455883026,183.386520386,19.0334072113,47.3833618164,73.3878076077
1800,466.494018555,180.345214844,19.6471710205,45.30027771,22.284142673
1800,13.5168581009,127.714744568,18.5614433289,58.1716423035,1.55026931316
1800,478.220672607,164.224380493,17.8445262909,50.6551399231,0.174245529342
1800,130.901168823,159.208908081,18.5284366608,50.5073280334,0.064763170667
1830,463.867279053,174.845581055,19.5176181793,48.0922660828,20.4925373197
1830,334.930755615,174.565658569,23.7683334351,43.9954795837,8.4785155952
1830,108.03603363,159.025039673,21.9239292145,51.7642326355,2.34690159559
1830,12.1833496094,128.240982056,18.079668045,50.6528167725,1.82171985507
1830,383.733764648,140.310134888,23.9461727142,69.3965682983,1.46294180304
1830,585.95892334,171.226379395,23.229845047,49.8816566467,1.09385838732
1830,553.846740723,173.177566528,22.6617031097,46.6689949036,1.08994571492
1830,454.18270874,165.968276978,17.9700107574,55.1525917053,1.08295455575
1830,405.106781006,143.662063599,21.6589641571,62.396648407,0.58784969151
1830,478.589630127,159.637329102,17.5899028778,53.9340782166,0.169600616209
1830,129.251190186,157.116119385,19.1712284088,44.4576568604,0.0924648717046
