30,502.943237305,171.559204102,19.9382152557,45.9206428528,0.897407531738
30,397.227630615,126.473632812,24.1020641327,63.2033424377,0.0892737763934
60,482.558380127,191.193481445,27.8378829956,41.5700721741,14.459271729
60,8.43775844574,173.742431641,18.5773143768,44.500667572,10.5972342193
60,565.598876953,170.834411621,21.8637065887,55.0520362854,2.99465656281
60,510.900421143,188.225265503,20.7537708282,46.6377983093,1.83078758419
60,183.387649536,158.423171997,22.3319759369,49.6357536316,0.343715772033
60,452.507659912,149.117202759,26.3676700592,63.9196014404,0.253447401337
90,7.01642370224,182.577102661,18.7665538788,49.5141716003,7.98724517226
90,537.956237793,200.408813477,27.2768955231,49.165927887,0.960281770676
90,476.739746094,99.8537826538,36.6376800537,108.809272766,0.420458056033
120,610.943908691,138.245986938,17.7167015076,49.4520874023,3.05601265281
120,491.161895752,98.5689697266,34.1505050659,96.9280471802,2.75642704219
120,597.91595459,91.9189682007,31.7937488556,97.9340896606,1.78004801273
120,598.631530762,200.628921509,24.2677783966,58.0220985413,1.47799672559
120,424.051025391,126.001159668,26.5983753204,83.2658157349,0.387968448922
120,586.964538574,216.848678589,18.7245693207,46.3948478699,0.331445480697
150,611.373596191,106.016204834,17.9624404907,55.4603309631,13.6455863714
180,601.574890137,175.453796387,22.2193965912,58.999786377,10.0280590355
180,616.231933594,178.538864136,16.8336906433,50.9449615479,4.00711111724
180,584.19744873,116.476783752,19.4881973267,53.6242485046,0.172405433841
210,18.816116333,180.354736328,26.1532592773,47.7308692932,0.982597377151
210,90.0657272339,179.807022095,17.2810611725,41.4618148804,0.0862533983309
210,8.6479845047,168.52885437,19.9308681488,53.0318946838,0.0548589450773
240,5.78390645981,187.091674805,16.8993453979,42.8613433838,0.539101054892
240,189.384048462,157.252090454,18.3494815826,48.2817382812,0.411311490461
240,199.974014282,155.57925415,17.7508602142,45.9531402588,0.030724122189
270,477.111694336,100.284477234,24.1719760895,66.2003250122,28.3278018236
270,497.809417725,99.8744506836,23.4609375,70.5587768555,8.12902376056
270,69.5129928589,176.903915405,18.4230194092,45.9482116699,1.17070069537
270,77.4458618164,171.889648438,23.1284809113,42.5164680481,0.0434482732089
270,310.248718262,152.248550415,22.6873722076,55.2391777039,0.0353304174496
270,518.005310059,101.019218445,20.0592594147,57.7017478943,0.0276409991784
300,604.239624023,133.627593994,20.5768013,48.2007598877,0.294670742005
330,615.031311035,97.3725814819,16.9656677246,56.332824707,1.65171213448
330,412.826751709,156.080581665,27.5824604034,59.1931266785,0.693760672584
330,476.007568359,72.7372665405,27.6795043945,71.9015808105,0.323645840399
330,90.3583679199,169.626174927,20.0307674408,56.2693748474,0.0409683940234
360,605.990905762,34.3277168274,24.9631481171,83.0204620361,7.49624371529
360,117.161407471,164.902770996,23.871383667,53.4472999573,1.94888841361
360,487.226318359,64.8892822266,38.1785964966,76.2319412231,0.657528126612
360,14.4646444321,176.818374634,23.7384319305,53.0870628357,0.389328831807
360,555.113647461,63.5781669617,30.9609508514,71.5363693237,0.0296725571388
390,534.113586426,192.52015686,32.0769844055,53.1431312561,61.1926972866
390,13.1633939743,164.137054443,24.5276279449,63.7206764221,23.5415518284
390,597.4453125,172.90411377,19.5147285461,44.9118919373,16.0926029086
390,606.677307129,155.337265015,20.9150905609,63.0889587402,9.02031511068
390,3.72240638733,164.504470825,14.8234872818,62.3323478699,1.90412979573
390,555.398864746,193.698913574,19.8598041534,49.3143196106,1.46745685488
390,594.62097168,59.0040550232,26.436706543,69.7596740723,0.809666235
390,35.2363204956,182.48475647,19.3187103271,42.8242530823,0.132400856819
390,408.075927734,153.035186768,20.1875934601,54.0102386475,0.125574343838
390,499.893676758,167.617263794,17.3668613434,48.0458679199,0.102144689299
390,385.522216797,153.059249878,18.1122341156,43.3913993835,0.0995619921014
390,329.123321533,158.317520142,27.5949840546,55.7649116516,0.0584443332627
390,43.9122314453,176.517211914,22.9321155548,43.7723960876,0.0537868065294
390,369.44921875,149.333465576,18.723367691,49.5293540955,0.0185978395166
420,572.450683594,133.759429932,21.5122528076,52.1267547607,1.79426707327
420,6.15442323685,175.725845337,17.6079692841,49.2879981995,1.0692617856
420,483.441436768,170.043182373,20.2292556763,46.5611000061,0.246458384208
420,499.3777771,167.691314697,20.1704311371,47.1532554626,0.0914440897759
420,587.278747559,137.461654663,21.4540920258,52.3305511475,0.074753863737
420,537.139465332,156.463607788,19.2622566223,47.1191596985,0.0581322237849
450,447.250579834,154.290359497,24.5062999725,60.8090324402,9.06615406275
450,433.02722168,155.100540161,18.1267108917,54.7043457031,2.3776544258
450,604.088989258,140.041793823,22.2372150421,55.098575592,2.03842502087
450,233.377670288,156.818527222,19.8420677185,52.1799507141,0.994030665606
450,577.892272949,18.0167484283,42.2176780701,111.803779602,0.275219161995
450,587.893066406,136.940994263,22.718706131,65.922996521,0.0567969691474
480,488.279144287,157.608016968,26.3279037476,69.0367355347,6.10920824111
480,232.643356323,155.186340332,20.0271854401,52.7204551697,0.727830687538
480,462.219360352,160.544235229,20.4114265442,52.1767616272,0.0704952457454
480,21.5432281494,163.798171997,25.1946563721,49.469165802,0.062423304189
480,36.2486610413,157.900085449,23.7953567505,56.9765625,0.0462347787106
510,551.057922363,161.621749878,22.0520954132,70.9315872192,2.96502448618
510,515.377380371,168.398773193,25.437669754,58.9215278625,1.73507146537
510,8.67084026337,148.037338257,17.4737892151,53.4650230408,1.02148158476
510,538.510681152,172.538497925,18.9365901947,61.4336509705,0.779681792483
540,545.22088623,170.182769775,27.7014751434,61.5592689514,6.80244341493
540,118.633750916,175.943069458,18.0972995758,47.8169250488,3.36472801864
540,614.06854248,138.852432251,17.2857913971,58.2418708801,1.73258688301
540,483.729125977,170.446548462,20.138715744,45.1005554199,0.375959323719
570,85.7780380249,170.397262573,20.1443710327,54.6517219543,7.95218199492
570,482.419281006,132.030319214,28.2787952423,74.9888381958,2.78603862971
570,72.5665817261,168.643661499,19.9375076294,52.9152526855,0.723141012713
570,475.286010742,151.448043823,16.917924881,62.2253608704,0.334551907144
570,604.453063965,149.524688721,18.2065086365,53.7722740173,0.184044230264
600,122.720954895,174.995132446,18.9066791534,39.3480796814,3.04351523519
600,596.376708984,137.493911743,27.0201950073,68.1062698364,1.97600889951
600,531.812927246,155.210083008,20.4811077118,44.3383827209,1.04278447106
600,58.3222465515,171.716995239,26.1211032867,56.0035743713,1.00106820464
600,145.57774353,164.174697876,18.5399570465,42.9269981384,0.641615269706
600,505.1171875,157.52015686,21.2116413116,57.110912323,0.45119007118
600,571.074951172,130.082138062,18.1172142029,52.0969352722,0.390914687887
600,484.875488281,158.013198853,23.4040679932,52.4152793884,0.181111367419
630,27.4853878021,176.129013062,19.3964710236,48.4965782166,29.2677670717
630,38.519153595,168.955474854,18.9905452728,50.8879203796,3.75371724367
630,615.539733887,160.473846436,17.5224437714,50.893245697,1.57313533127
630,519.411621094,167.366226196,21.4518756866,49.6131095886,1.22228357941
630,12.487446785,170.959213257,22.7101593018,46.1979560852,1.2150125578
630,47.5273323059,159.089065552,24.7347354889,56.218082428,0.686033302918
630,603.337463379,131.529571533,26.0340499878,68.6564483643,0.544825615361
630,502.071929932,163.49420166,22.6697998047,47.8486289978,0.219912570901
630,138.076187134,165.186096191,18.1109294891,51.4894142151,0.129181158263
660,78.3523330688,135.643600464,26.4916095734,69.9800643921,8.24638605118
660,392.544555664,138.690536499,19.5352993011,58.369354248,0.963276345283
660,605.235168457,111.668769836,20.8614063263,61.3766899109,0.382508942857
660,93.2791366577,136.588119507,22.127450943,61.2183990479,0.194411899429
660,592.996643066,121.001243591,24.1892147064,69.1624526978,0.166500615887
690,66.1444015503,163.857070923,21.3200569153,48.1292457581,9.91753637791
690,533.694702148,158.228652954,19.2817630768,57.9657783508,8.57976749539
690,8.47972011566,156.043777466,14.7771711349,51.6072120667,2.78820414096
690,390.394989014,140.325836182,19.8956108093,52.5257110596,2.7323262766
690,544.806091309,155.322189331,18.601108551,41.5681419373,1.01515352726
690,186.685317993,130.385284424,22.6939525604,58.1103858948,0.905373413116
720,532.885437012,151.042648315,22.7825336456,63.7630157471,5.02753555775
720,604.542907715,119.08341217,18.8858299255,50.2695655823,3.69694791734
720,59.4783439636,164.380554199,20.5167694092,47.7785682678,3.58904786408
720,182.641601562,132.832458496,23.2388763428,49.8052978516,1.5662195161
720,11.0116996765,156.281799316,23.3836803436,55.8312225342,0.243819435127
750,186.580154419,138.92767334,19.9139862061,49.968963623,16.1216899753
750,535.018615723,164.839416504,20.4792022705,55.41588974,11.254966259
750,20.5064735413,357.644195557,31.3087902069,64.7592697144,5.14052845538
750,598.46295166,122.819366455,23.8571949005,56.7264137268,2.18866616488
750,489.493286133,164.188796997,23.404548645,45.6198997498,0.917705707252
750,616.808898926,117.933601379,16.181646347,52.2280464172,0.566479284316
750,547.037475586,163.580032349,18.4811000824,46.7501182556,0.17905124696
780,534.523376465,164.815139771,19.9788970947,58.4200744629,20.4001694918
780,604.330383301,127.476646423,18.3130092621,54.3717155457,4.0951743722
780,57.4404182434,182.070022583,18.9314937592,45.0020904541,0.882373843342
780,523.059936523,164.864364624,18.3030338287,54.3607292175,0.440759444609
780,19.8194904327,365.841308594,32.7595024109,67.4323959351,0.270211463794
810,534.964172363,167.115127563,19.3936138153,61.0366859436,21.1736515164
810,604.319458008,130.97064209,18.862701416,50.0531005859,2.99796462059
810,19.223608017,370.420135498,31.3801727295,64.6506347656,2.29681804776
810,615.657165527,133.147186279,16.4196147919,51.6546974182,0.382727221586
840,528.025634766,160.690841675,24.6586380005,69.3107147217,12.4899081886
840,23.1422290802,371.976226807,22.9543609619,59.5104637146,1.42722064629
840,604.170043945,133.347640991,18.2625141144,53.8810119629,0.92239510268
840,541.805908203,161.321029663,19.7343158722,51.782119751,0.7456056308
840,101.203315735,180.698669434,17.8198604584,42.9112586975,0.00629602509434
870,534.494140625,172.482009888,20.2309207916,56.3736915588,32.7038139105
870,609.905029297,145.829788208,18.152015686,54.0769996643,3.33177745342
870,23.290687561,372.443817139,22.7111053467,62.1052818298,1.78271830082
870,485.990814209,170.882888794,24.9319324493,49.7409858704,0.11221159948
900,528.484375,164.781295776,23.4768009186,67.5219726562,38.9514774084
900,18.5687580109,373.818023682,24.2371387482,58.4707145691,3.70829477906
900,182.729415894,150.631591797,22.1601638794,49.1701164246,2.77763176709
900,611.182556152,135.889465332,18.4456386566,57.9684867859,1.03947594762
900,544.348571777,172.216430664,20.2150917053,48.8750190735,0.563325872645
930,534.375061035,174.657150269,20.1523933411,59.1165161133,41.049900651
930,610.676513672,149.234085083,17.2115039825,56.7216033936,2.74503659457
930,386.911743164,162.556503296,17.3736190796,54.945766449,1.57372765243
960,528.504943848,172.951400757,24.0598526001,64.9089813232,17.6808059216
960,610.854125977,151.335098267,18.0333099365,59.4903755188,2.07019913942
960,485.055786133,181.712020874,20.8394126892,43.1852684021,0.665059266612
960,545.389038086,175.184814453,20.5996246338,51.8363075256,0.619649235159
960,381.216033936,173.333679199,20.3097019196,51.4052581787,0.320447282866
960,20.1950016022,377.10824585,30.671913147,58.6398887634,0.211734557524
960,48.8479003906,200.60508728,20.3107147217,52.9361114502,0.0391595094698
990,530.542114258,174.139770508,22.278295517,63.0838432312,37.5022083521
990,604.169799805,138.941055298,19.3475189209,49.6632041931,4.06585596502
990,545.850402832,177.533615112,18.8299598694,46.5655784607,2.43886858225
990,516.774780273,177.80065918,18.2142391205,47.8300323486,1.90974734724
990,8.23172092438,184.100814819,14.3955469131,50.1185340881,1.1470714584
990,14.0736570358,374.955566406,32.9531669617,68.8008956909,0.932477135211
990,615.583679199,143.241394043,17.2945671082,55.1123466492,0.614221999422
990,374.922729492,186.793685913,22.606338501,50.2052574158,0.27381114196
990,62.3634147644,196.062423706,19.9123783112,49.1179389954,0.142657163087
1020,533.016296387,170.69694519,21.3594722748,63.9321556091,49.5980530977
1020,383.84475708,163.602157593,19.3938732147,59.6239356995,14.8678690195
1020,609.688415527,154.52394104,19.8709812164,56.4358329773,1.84282865375
1020,181.219543457,155.462051392,26.58152771,64.689491272,1.24639347196
1020,616.241760254,215.798339844,17.8563213348,48.3535346985,1.15208625793
1020,6.4531826973,184.23890686,17.2147159576,52.6168670654,0.733068026602
1020,542.115722656,159.545455933,24.2437381744,60.1248435974,0.698927883059
1020,45.8258209229,189.894668579,20.8728351593,47.0382575989,0.320439599454
1020,579.265319824,184.986557007,20.2734165192,48.3053321838,0.134582736064
1050,612.913085938,139.997116089,17.6988925934,48.7722473145,41.4648711681
1050,544.856140137,183.831237793,22.9810352325,58.9014625549,0.849406421185
1050,611.992370605,180.000244141,18.8609867096,53.37241745,0.382753857411
1080,564.45501709,184.479614258,21.7157344818,58.2781715393,4.62465882301
1080,613.73059082,188.441329956,16.8651447296,42.6018676758,4.2135939002
1080,50.8328819275,337.147094727,20.4213199615,52.1963768005,0.396952452138
1110,180.319992065,161.592590332,21.9014282227,60.4251823425,52.6324033737
1110,368.45401001,163.676208496,24.7182922363,62.5013313293,1.57389938831
1110,586.786437988,195.899353027,19.0639152527,54.3559417725,0.631444435567
1110,388.328094482,167.045593262,18.9802303314,58.6952400208,0.61699859798
1110,18.4595851898,181.216140747,25.1021022797,59.2166633606,0.04969528527
1140,537.945922852,184.348678589,20.8489151001,46.728427887,7.09691420197
1140,385.744110107,171.086257935,20.8569450378,56.2591285706,2.27495301515
1140,169.563705444,160.042556763,25.3507385254,67.1059341431,1.94418504834
1170,161.74571228,157.638580322,27.0540866852,70.8145523071,65.8100187778
1170,614.414245605,142.960678101,19.9069595337,51.3548469543,8.24234560132
1170,123.443206787,192.865280151,21.9565963745,45.5692176819,1.23817929998
1170,50.8041801453,160.893386841,28.0328426361,71.3926849365,1.07899531722
1170,578.264099121,174.805725098,23.5438938141,54.7572288513,0.674488861114
1200,162.048721313,156.937149048,23.7049160004,69.2461013794,22.4562183022
1200,381.098968506,169.972351074,23.3130474091,62.3601951599,1.93490199745
1200,136.051956177,294.421386719,20.8640995026,47.1635131836,0.223451969214
1200,56.0274963379,155.186141968,28.8732452393,70.7162628174,0.0656669726595
1230,401.893676758,168.621276855,19.7520122528,65.8895721436,2.79898121953
1230,61.1361198425,149.705795288,30.7775020599,77.9098587036,0.18353672931
1260,148.914398193,150.073974609,26.6482009888,77.0217590332,12.2344002128
1260,5.19202041626,200.233932495,16.9707813263,49.7051353455,1.88465397805
1260,13.5724153519,192.093444824,18.695980072,48.4165992737,1.7880115658
1260,419.401092529,178.518661499,19.9584693909,55.4882850647,0.22036714945
1260,408.108398438,170.842514038,19.8423557281,58.7283210754,0.190512998961
1260,57.7392692566,159.103744507,24.1702594757,60.618183136,0.0346982880728
1290,141.394378662,143.653869629,29.6816883087,83.0495605469,42.9159998894
1290,67.8326721191,173.273635864,21.6630706787,60.6420898438,6.39620274305
1290,443.925872803,176.592941284,22.1428279877,63.428527832,1.16769541055
1290,444.261932373,83.384223938,20.700378418,50.2347412109,0.236232765019
1290,60.8276824951,206.416763306,24.2821750641,60.7682991028,0.0912904855795
1290,41.8965873718,162.36579895,26.1305541992,74.6083908081,0.0432478584116
1320,126.209510803,136.382553101,32.1813240051,86.8835830688,55.9183716774
1320,478.188262939,183.658370972,25.6059112549,68.1013717651,0.474591273814
1320,127.682647705,177.726974487,17.8873920441,47.5993919373,0.16678175889
1320,496.15927124,40.2374649048,21.0240039825,56.5781097412,0.148729106877
1320,482.327911377,39.8496665955,20.1082057953,57.8395080566,0.0117119139759
1350,600.367370605,214.911026001,20.1263122559,45.4548835754,22.8868409991
1380,613.472961426,214.527175903,18.1124629974,42.1047973633,7.64164179564
1380,482.265258789,151.222305298,19.2100696564,58.1912536621,7.28097185493
1380,600.873657227,219.506362915,22.4003810883,46.8327522278,0.794450938702
1380,466.868530273,143.543563843,24.6941814423,63.468624115,0.125284481328
1380,76.3231582642,155.652999878,23.1399517059,70.5695877075,0.104015227407
1380,94.0212097168,125.817077637,29.4543247223,68.0363311768,0.0534404476639
1410,77.8094406128,155.001052856,31.7024211884,73.3305969238,1.69240869582
1410,5.09194135666,203.194290161,19.1606731415,39.2844543457,1.61896590143
1410,601.695861816,222.307662964,22.0438213348,48.2297935486,0.968133565038
1410,515.799255371,155.96321106,19.1490135193,49.1836128235,0.864089280367
1410,528.393615723,153.051803589,27.538848877,75.5090866089,0.606150273234
1410,570.623779297,148.530105591,20.0910453796,54.8020935059,0.181072845589
1410,183.13079834,165.236038208,21.2333812714,54.0583457947,0.109755003359
1440,58.4680786133,116.707359314,47.4526329041,111.666175842,92.890650034
1440,63.5744285583,181.744140625,24.9209194183,49.9327583313,2.05141808838
1440,34.382938385,186.089645386,21.5571041107,53.6157989502,0.668012723327
1440,46.896484375,190.652526855,18.9574718475,47.0121116638,0.534717133269
1440,589.626342773,141.862213135,17.9214553833,54.7161521912,0.398439913988
1440,601.027099609,142.281173706,20.0616855621,55.2650871277,0.259660347365
1440,90.2063217163,154.456954956,26.9845905304,69.4982223511,0.14848849969
1470,36.374420166,110.638557434,51.9926643372,120.261779785,30.3378552198
1470,405.998657227,180.700500488,21.0037384033,58.7043914795,0.126218947116
1500,415.810882568,181.411941528,22.4043216705,50.8750610352,54.6398103237
1500,7.39025640488,100.24798584,43.0316505432,135.225372314,32.9952597618
1500,9.44162368774,195.943954468,18.766122818,41.7688827515,0.574061460793
1500,5.60333251953,96.4825820923,19.0256557465,76.5980911255,0.536328693852
1500,429.011352539,182.692749023,17.7763328552,60.7824745178,0.455867359415
1500,406.357757568,178.272201538,17.1248054504,46.4116668701,0.393655989319
1500,579.08605957,106.893981934,22.7645778656,55.0432701111,0.191710994113
1500,590.917785645,103.153877258,21.4850673676,50.750453949,0.127815082669
1500,448.488037109,197.066482544,25.1090927124,70.6402816772,0.0328816939145
1530,427.853637695,186.446609497,22.9197444916,54.9074707031,99.3008971214
1530,84.8989486694,179.912399292,21.7804164886,57.700088501,22.9568302631
1530,588.524475098,246.616439819,34.5437011719,91.0412521362,8.14399570227
1530,615.592041016,233.232528687,21.2761936188,86.6755371094,2.31637135148
1530,419.432739258,88.2699508667,29.4201507568,93.1271591187,1.20450854301
1530,10.1220693588,186.23425293,18.4678630829,48.147567749,0.83533115685
1530,441.583404541,186.445739746,21.7372074127,54.7979736328,0.432146107778
1530,458.394683838,187.255203247,21.5666408539,52.7743377686,0.0937714183237
1530,521.443847656,229.299331665,20.4617557526,54.7856903076,0.0542791152839
1560,476.940093994,176.715393066,23.9107513428,65.9128494263,99.048179388
1560,529.799133301,170.467849731,29.4299526215,86.9206161499,50.0900924206
1560,578.628234863,52.374004364,22.7631378174,76.0264434814,21.6405719519
1560,496.480102539,178.382278442,16.903470993,69.4076766968,4.22193221748
1560,456.759063721,48.1116828918,47.5856933594,123.573547363,4.06520664692
1560,5.44113779068,184.582275391,19.816400528,62.6512107849,2.2765416652
1560,618.419616699,186.264602661,14.4863996506,45.5034790039,1.45602142438
1560,500.740875244,175.056274414,36.1791725159,79.6605453491,1.15515831858
1560,548.930480957,202.444747925,20.8000392914,52.7389526367,0.685280188918
1560,142.814483643,193.436523438,18.6746997833,40.5535354614,0.496707158163
1560,590.714904785,54.4309501648,28.4654693604,90.6014175415,0.165851856582
1590,590.743591309,173.704055786,37.8781852722,103.219390869,99.8695135117
1590,607.360412598,232.427841187,19.8634567261,46.5268974304,13.6129006743
1590,607.872131348,63.7122535706,20.0175151825,62.989025116,8.29262509942
1590,573.627624512,180.891983032,24.2942810059,71.5729904175,6.6991686821
1590,541.257141113,316.468353271,21.3837184906,48.6171302795,2.38149072975
1590,551.832336426,325.679534912,20.9901695251,48.3752632141,1.04723805562
1590,93.4340133667,154.087219238,23.9948806763,66.3857040405,0.552148697898
1590,619.752624512,184.614730835,19.5110149384,92.1303634644,0.521378172562
1590,573.190673828,339.013946533,21.7609634399,50.0439338684,0.368614424951
1590,582.58001709,46.1488075256,41.4781455994,118.921333313,0.0945088686422
1590,530.808837891,36.9504432678,55.4193077087,136.381759644,0.00671490779496
1620,98.2197799683,172.100540161,20.853975296,52.3231163025,35.3729754686
1620,551.197143555,41.8610725403,21.7130756378,51.279460907,17.3603862524
1620,538.227966309,131.116439819,24.7274684906,63.6711425781,7.83046856523
1620,81.6021347046,172.718551636,19.1905231476,53.7978477478,3.3689789474
1620,552.373779297,132.017837524,21.4276256561,55.9879875183,1.09346248209
1650,21.349899292,163.857589722,30.6271190643,68.9393615723,33.6006015539
1650,197.283508301,158.14024353,22.7845554352,55.6805686951,0.266704242676
1650,460.151885986,200.443405151,17.525434494,51.1803321838,0.0174149012309
1650,416.268920898,168.309265137,22.7156448364,62.4182624817,0.00448506361863
1650,449.204589844,205.964614868,19.238609314,46.1017913818,0.00113123614938
1680,178.814163208,160.510177612,19.5190391541,54.9081687927,20.4070433974
1680,462.694702148,141.090667725,31.0507965088,80.3042221069,2.99420263618
1680,77.8761520386,188.188308716,19.3289642334,43.4283485413,1.13338157535
1680,403.584472656,125.801231384,22.0587844849,58.6030731201,0.422998331487
1680,88.6789779663,181.724899292,18.3223991394,48.8621520996,0.155600975268
1680,548.059997559,60.223449707,28.2327728271,70.3011245728,0.00730830870452
1680,477.810302734,198.227249146,19.5632991791,51.8875732422,0.00282859546132
1710,14.5781908035,184.725631714,20.9307804108,48.6277198792,55.7014226913
1710,29.8402919769,160.053115845,20.8089885712,60.1537475586,22.8627309203
1710,176.681533813,167.424514771,23.5277004242,51.7934379578,3.1456630677
1710,5.76495313644,168.46937561,18.7297172546,56.5374183655,1.1995036155
1710,188.84828186,160.024536133,20.0768871307,49.791103363,0.284373108298
1710,428.967071533,98.0620040894,23.8080883026,79.1073150635,0.0486673088744
1740,159.426345825,154.267684937,28.5311355591,56.4906196594,2.85891313106
1740,507.558624268,177.973251343,20.5084781647,58.5635643005,0.251905387267
1770,609.155517578,171.50982666,23.6040401459,65.3271636963,6.56355246902
1770,536.464660645,28.7254962921,30.7775650024,54.832950592,1.45592991885e-05
1800,358.905975342,168.851608276,22.3667545319,48.6345939636,67.2769367695
1800,156.114273071,155.875778198,22.5864772797,52.5182189941,0.461740233004
1800,408.290557861,164.057876587,24.2350540161,49.5618858337,0.299331126735
1800,397.071014404,172.161422729,22.0910320282,44.2024116516,0.0699760741554
1830,248.155212402,160.797851562,25.1558132172,58.5380897522,93.6252951622
1830,38.2509040833,141.497055054,28.5718536377,60.3131408691,1.69112216681
1830,404.474731445,166.701599121,19.0975093842,44.9089012146,1.20621211827
1830,312.082336426,164.894607544,26.2947254181,52.6666755676,0.353814801201
