30,614.886047363,161.426589966,19.2956562042,51.1767539978,6.9626249373
60,249.604660034,156.800491333,22.5113830566,67.5456924438,5.72174526751
60,259.350006104,144.596923828,22.0716152191,51.4906921387,0.532127870247
60,270.461578369,150.914016724,25.6820163727,50.7126312256,0.243442761712
90,67.6544952393,163.242599487,17.1797580719,53.6557121277,0.0565422349609
120,438.467315674,72.7691879272,81.0552597046,161.330368042,24.969600141
120,456.25894165,148.31060791,35.4647712708,72.1866912842,2.76035107672
120,469.566192627,175.284439087,33.6241416931,69.4057998657,0.312365894206
120,440.647247314,132.281906128,31.9120388031,91.2437210083,0.0766534532886
150,21.2198390961,43.9895744324,111.125938416,277.243133545,75.2345621586
150,45.3163032532,195.28503418,44.3881378174,89.9884872437,4.31317053735
150,12.9282073975,239.694168091,27.8697967529,65.163848877,2.11649350822
150,121.108764648,80.5081787109,33.6843147278,78.4399490356,0.802364200354
150,70.3822631836,146.234970093,32.9835586548,97.2051467896,0.469587231055
150,20.344203949,183.433395386,33.5321540833,105.071655273,0.129525503144
180,283.609283447,152.300704956,25.5893611908,66.4174041748,10.9582103789
210,66.943862915,207.704345703,26.906496048,70.0539321899,4.19724360108
210,108.670646667,202.291610718,23.5061283112,65.9438858032,0.981292966753
210,511.075683594,160.824356079,20.9530200958,49.0579681396,0.832619611174
210,94.5518722534,209.220458984,22.5386981964,63.4761390686,0.406661536545
210,57.6606025696,218.710327148,20.8957862854,56.4246368408,0.324103911407
210,123.782402039,184.841995239,27.5935916901,76.7185058594,0.160060951021
240,9.90110874176,183.473983765,19.7987270355,51.7398223877,1.06428293511
240,100.896202087,70.9482192993,28.5646648407,82.0422668457,0.596940983087
270,94.026008606,211.996200562,25.1869735718,56.4421958923,1.39910113066
270,70.6358108521,220.862228394,21.3980865479,57.3339080811,1.11149428412
270,84.2459335327,219.34954834,18.7341785431,53.3924102783,0.801536999643
270,82.3146743774,99.2514572144,19.6306934357,56.8133811951,0.0794018153101
300,614.529846191,210.503463745,18.8965969086,50.4133033752,4.27417308092
300,360.288208008,168.21182251,20.1108589172,53.3889770508,1.96265373379
300,585.157836914,57.6477203369,29.6288814545,74.392326355,1.34239010513
300,20.0064334869,77.5064315796,31.1794948578,77.9060745239,1.32849607617
300,310.321228027,200.96282959,24.246099472,39.3099861145,0.421334989369
330,610.95501709,260.345611572,24.0501403809,75.556312561,13.1800547242
360,273.582092285,177.476623535,20.596244812,51.8858299255,0.283648935147
360,81.9043045044,203.105056763,21.3417816162,59.8452796936,0.167928019073
360,285.898345947,166.454147339,17.4043865204,47.9117584229,0.00430300933658
390,513.56036377,194.412185669,19.9014835358,44.5937194824,0.197159033269
420,549.176940918,205.215866089,21.873298645,57.5677185059,57.5274527073
420,576.149597168,201.161636353,27.5687198639,55.2289619446,14.3260464072
420,138.360473633,150.365615845,25.6818523407,55.9516143799,2.43586506695
420,111.439582825,172.328063965,23.832654953,70.7089767456,1.65828745812
420,88.2934494019,200.026870728,21.5647792816,52.269618988,1.0861591436
420,131.476913452,177.788253784,18.93176651,56.6867179871,0.149627041537
450,221.24357605,169.079910278,21.2314395905,52.6790771484,1.78109314293
450,49.7681007385,148.835769653,22.5684833527,63.7999458313,1.60442553461
450,398.423126221,190.810546875,22.1148910522,48.1066703796,0.201104627922
450,425.137786865,179.132064819,27.8243694305,77.6826477051,0.0139603187563
480,10.2937898636,171.259140015,17.1142177582,54.3246803284,2.39802896976
480,205.404708862,178.824203491,19.1638393402,48.8531646729,1.51745090261
480,482.477508545,182.059188843,39.7950286865,93.892616272,0.268260668963
480,224.261901855,171.003860474,18.5435676575,45.2161865234,0.0429410836659
510,563.367370605,26.8725223541,28.36003685,68.9514770508,1.90752595663
510,143.829391479,200.594802856,20.2534332275,40.9798660278,1.08500467613
510,580.929016113,195.129333496,20.4457359314,55.252620697,0.675591873005
510,615.985778809,209.712539673,18.3552246094,54.9302940369,0.458013545722
510,459.484375,183.65284729,31.5017166138,75.2923049927,0.291819823906
510,597.203552246,268.298492432,24.8179321289,79.9441375732,0.14297447633
540,602.702575684,255.543884277,27.2399234772,69.7016296387,5.95806203783
540,87.5557174683,198.661743164,26.8143539429,56.3093147278,5.81610687077
540,101.939308167,192.479904175,26.9139862061,58.8408355713,0.443250359967
570,9.67167758942,195.494873047,24.4831676483,71.013961792,19.4606781006
630,22.705575943,174.966674805,29.181344986,56.2063598633,2.39177327603
630,55.5882987976,177.229736328,19.6245689392,46.0182647705,0.357833481394
660,521.822387695,189.718948364,24.2448196411,59.2533988953,0.599188636988
660,34.3476028442,173.906616211,19.9337024689,50.4787025452,0.109380227514
660,69.4708938599,174.837265015,18.3385276794,47.6543388367,0.075046980055
690,17.6682262421,171.216674805,23.0958385468,61.659778595,0.184479437303
690,6.46357965469,78.9502487183,16.823392868,64.0502319336,0.0891765987035
690,485.295806885,135.053405762,28.8157405853,104.02179718,0.032592532807
780,464.671234131,361.23425293,22.1556835175,51.431476593,5.06119728088
780,314.441558838,358.293548584,32.5760307312,64.9049911499,1.23358117417
780,331.284973145,383.132080078,24.8202056885,53.3909721375,0.0536483596079
840,394.168121338,172.541824341,20.7438716888,47.8741569519,3.77631522715
870,613.408935547,122.129425049,19.1336994171,60.4141235352,2.69303396344
900,11.4527463913,78.9698867798,20.856212616,56.5906066895,0.96683986485
1020,244.132736206,115.881126404,40.1108360291,86.6937789917,1.68441254646
1020,313.305999756,173.947067261,37.9249534607,82.9670944214,0.44408547692
1020,593.845397949,151.961471558,19.9906921387,65.0350265503,0.135655293707
1050,140.029388428,131.940505981,29.2518634796,75.7963104248,33.7648123503
1050,84.8623428345,164.578399658,30.8329925537,77.407699585,16.4960697293
1050,424.519134521,117.322692871,37.9018516541,81.334602356,15.2271345258
1050,194.147689819,133.509536743,21.3583431244,52.6894264221,1.61697268486
1050,157.37286377,138.434188843,19.8284626007,48.9903526306,0.630958983675
1050,166.572891235,129.26210022,21.5472431183,49.1317100525,0.0432392494986
1080,142.508605957,178.379440308,19.848028183,55.3341712952,5.8418456465
1080,194.897827148,195.551864624,20.8635349274,49.9812469482,5.05776442587
1080,87.9512634277,188.364379883,21.2259941101,52.6252861023,4.33265008032
1080,209.76600647,197.100158691,22.572599411,49.1082267761,4.10737916827
1080,148.186172485,189.118392944,29.2065029144,64.8893661499,2.7936719358
1080,183.98828125,181.085632324,21.3879547119,50.4492683411,2.64718141407
1080,99.1956176758,195.610534668,19.7651748657,49.3756561279,2.58626621217
1080,173.221542358,192.965332031,21.3822040558,51.2228279114,2.4614866823
1080,69.8789672852,189.462966919,26.186668396,63.5526733398,1.98299884796
1080,110.21975708,194.548873901,18.8423233032,53.7379112244,1.94710381329
1080,200.25050354,167.372970581,20.7673244476,48.3968849182,1.25742144883
1080,128.995361328,197.385498047,27.5792140961,61.6995735168,1.2212944217
1080,163.112838745,182.097579956,21.2881259918,51.5145759583,1.15795992315
1080,80.5962905884,39.1914749146,21.0201206207,54.0539703369,0.940187647939
1080,219.379760742,165.564682007,31.6006546021,70.3944854736,0.868171360344
1080,258.884216309,181.178329468,20.5581741333,48.216381073,0.814121216536
1080,93.8454666138,44.4016113281,20.801366806,49.1111793518,0.715167960152
1080,228.365112305,205.148666382,25.8290119171,55.2000083923,0.587644428015
1080,242.932846069,169.286560059,21.0977478027,50.871383667,0.499667553231
1110,423.414215088,191.64781189,20.6949138641,56.3691749573,20.3359827399
1110,574.532226562,202.257446289,19.3844776154,61.6188926697,3.45697179437
1110,536.448181152,172.21031189,21.042678833,48.7077789307,2.64803990722
1110,479.556671143,184.587844849,29.7986736298,64.6477890015,1.71949807554
1110,526.852416992,184.119857788,19.3664207458,56.7740020752,1.64018180221
1110,434.584106445,202.093338013,20.0022029877,51.2389526367,1.32267083973
1110,473.942901611,175.424789429,18.4602642059,54.2435340881,0.728772347793
1110,610.572937012,225.354202271,17.1944503784,49.8520469666,0.551650905982
1110,17.8438949585,192.577224731,25.2469577789,61.2014656067,0.069182907464
1140,65.9975509644,198.028182983,20.0663948059,63.4997711182,1.19501221925
1140,590.152587891,194.879226685,25.1232280731,47.9090614319,1.14030819386
1140,9.01249599457,160.934249878,20.3698101044,69.4288101196,0.663784658536
1140,49.9316291809,212.071517944,26.7375545502,62.8912773132,0.223673367873
1170,124.004020691,164.423995972,22.8777313232,63.8318595886,1.34264538065
1170,617.002197266,198.664794922,16.4433822632,53.7751464844,0.653655081987
1170,156.73765564,191.589981079,17.6823444366,44.129283905,0.607843836769
1170,144.347290039,183.928512573,22.3125019073,45.4084472656,0.0119987365906
1200,476.156982422,307.943023682,23.876701355,50.3731880188,2.12703458965
1200,137.040740967,201.500427246,23.2293548584,50.3466453552,1.29549736157
1200,478.220184326,334.798522949,29.8486194611,63.7670440674,0.658503454179
1200,455.620391846,390.298248291,32.7587242126,77.135345459,0.314433104359
1200,0.0,214.866256714,19.9048519135,61.0754699707,0.0922997482121
1230,119.237281799,179.571090698,18.8260860443,45.7532348633,17.4716353416
1230,13.3302183151,147.27923584,35.3108673096,85.569694519,4.40666116774
1230,6.81089735031,149.403076172,19.5720558167,57.7321052551,1.47422561422
1230,578.323974609,385.261260986,22.7374973297,53.7444648743,0.774518726394
1230,190.47416687,180.338699341,20.2853832245,49.9999961853,0.141477992292
1230,480.739593506,69.2753372192,27.5361385345,69.1835861206,0.017271314573
1260,12.6372261047,169.917404175,23.823600769,59.695728302,6.82278051972
1260,593.379333496,219.162536621,18.2627811432,46.822933197,1.91039405763
1260,170.842285156,167.30809021,24.3735904694,58.0495910645,1.86487715691
1260,38.9675636292,182.522964478,22.0210170746,49.2358093262,0.254328688607
1290,14.2739648819,80.9677963257,27.01861763,70.8925170898,1.7720265314
1290,8.40804958344,174.81237793,19.4922561646,53.2936515808,1.54822142795
1290,139.744995117,166.083099365,28.6949768066,65.4465484619,0.999820232391
1290,19.0177822113,173.770706177,19.8559513092,57.5900382996,0.31405875925
1320,440.025909424,125.648323059,21.762014389,64.5704727173,2.70429290831
1320,95.4110794067,159.217803955,38.7354316711,81.2281341553,0.663366774097
1350,21.7949066162,153.563049316,35.5493278503,99.420463562,17.6187306643
1350,41.1449127197,190.081237793,26.2791118622,57.6958045959,13.0081027746
1350,611.18939209,206.453598022,18.9250278473,46.0196533203,10.6932096183
1350,12.0104446411,195.791946411,17.5079174042,53.0671539307,2.71804891527
1350,467.795043945,98.3006973267,15.4277534485,69.3298721313,0.906558707356
1350,523.001647949,141.073776245,26.9469013214,59.9311256409,0.219486490823
1350,101.044960022,117.171142578,20.1329097748,60.507106781,0.0369666377082
1350,547.63079834,28.7978210449,36.1312294006,90.4013977051,0.00610496499576
1350,45.1674499512,140.720718384,21.3987216949,70.1088180542,0.0035096792999
1380,601.267272949,162.100357056,20.7525939941,53.7082366943,39.233353734
1380,617.357116699,165.397232056,14.9815254211,51.9040718079,5.0980232656
1380,616.502990723,34.8932418823,16.0817584991,50.4608306885,1.04107139632
1380,505.145996094,52.6549263,28.4174423218,83.982383728,0.78740818426
1380,24.8514022827,81.869720459,24.2218475342,61.8787078857,0.387762184255
1380,423.658355713,146.592102051,21.8162918091,64.8243789673,0.0142826946103
1410,440.345184326,147.974227905,18.8394432068,60.0231742859,0.141307327431
1440,425.637084961,152.626205444,18.6971530914,59.4004936218,0.0280037522316
1470,100.353057861,103.144187927,29.2191848755,70.8702011108,0.144251761958
1470,438.766113281,145.879608154,21.7669677734,63.844745636,0.014614671818
1500,206.113525391,146.319046021,20.2523479462,58.2872428894,4.4678889215
1500,286.457305908,170.084457397,19.2877979279,41.1349754333,0.552059244365
1500,442.488250732,186.409255981,19.477148056,47.2466011047,0.228930613957
1530,199.200393677,146.805465698,23.6625652313,60.7468109131,0.656992523
1560,468.323150635,144.380264282,25.5620708466,64.0984573364,0.225084833801
1560,34.4459724426,34.8998680115,22.2292079926,55.4326934814,0.00225595649681
1590,582.526306152,28.5186004639,21.5113430023,66.2703170776,0.235538370907
1590,563.526184082,32.1514549255,32.3185462952,74.2944641113,0.120401999447
1620,3.11495709419,115.492012024,26.7334365845,76.6386184692,7.18620270491
1620,569.570007324,35.7946205139,29.4494342804,72.2399673462,3.09616010636
1620,195.775512695,144.907028198,23.9959888458,61.0877342224,1.28190796822
1620,497.1769104,164.517227173,25.91888237,55.870677948,0.663332082331
1620,475.225006104,137.325576782,26.3407440186,71.7437667847,0.348358321935
1620,36.2747993469,34.8478927612,25.2773151398,62.3613014221,7.52993287279e-05
1650,194.347824097,144.828994751,23.3062763214,63.2477874756,34.4633281231
1650,570.333251953,28.6153736115,34.8193321228,77.8902435303,0.491488771513
1650,498.656768799,157.081512451,23.8686904907,63.7230796814,0.103915389627
1680,580.16619873,43.1014251709,30.1712322235,77.9274215698,4.67223078012
1680,482.310211182,149.268997192,26.7510929108,79.7464370728,2.20063924789
1680,472.622344971,344.232696533,20.3421955109,43.3958015442,0.46456665732
1680,598.646362305,41.0560035706,27.2065944672,75.7301025391,0.139588699676
1680,501.628326416,178.37121582,27.1694335938,64.4422225952,0.0789902871475
1710,185.995605469,166.804016113,23.6087284088,64.8930740356,16.6209802032
1710,489.503814697,155.315811157,19.9147891998,67.4121932983,0.812421459705
1710,18.8933143616,90.7030639648,27.2784862518,70.4477767944,0.370649271645
1710,519.411804199,393.582763672,22.05052948,45.8238945007,0.240857596509
1710,77.6819839478,153.746536255,19.3671016693,57.2650909424,0.0818372354843
1710,509.883911133,175.388168335,22.5122909546,64.6199035645,0.0802668859251
1710,597.71081543,33.0748634338,33.7262458801,84.1977310181,0.0387201347621
1710,10.4803743362,36.9757080078,20.1401844025,49.3302001953,0.0142874210724
1740,176.556381226,165.300537109,27.9327926636,63.5459785461,40.4699683189
1740,164.017105103,190.745742798,18.1418895721,50.8631019592,0.56040151976
1770,165.76713562,153.497924805,27.9194431305,69.3436660767,20.8981305361
1770,525.7890625,136.194839478,20.9093856812,53.9699401855,6.35713413358
1770,456.135375977,188.79069519,22.0899963379,58.5473060608,0.105486414395
1800,608.34954834,61.5503044128,23.2312755585,71.1150131226,23.4161928296
1830,554.100280762,171.001708984,27.9170608521,78.4173736572,52.4572491646
1830,130.830001831,135.747909546,21.1202602386,80.1535110474,34.9519401789
1830,105.159172058,123.689941406,31.2156295776,104.676109314,3.83384153247
1830,492.738494873,181.324417114,23.4788227081,55.4895820618,2.93509382755
1830,154.9947052,159.456069946,20.6506729126,56.7618255615,1.69561672956
1830,169.74760437,162.298080444,19.6322994232,58.7291755676,1.17400288582
1830,182.852127075,153.768127441,25.0234680176,62.8622322083,0.461790105328
1830,542.93951416,170.29258728,20.7502422333,55.8579216003,0.448543671519
