30,607.55255127,234.2265625,20.113992691,47.8014678955,20.0071185827
30,186.628967285,178.097900391,23.7958927155,65.3744506836,0.958170741796
30,295.321075439,74.7904434204,29.6875534058,70.4904403687,0.716410251334
60,108.848747253,246.042373657,20.7850799561,43.6351966858,5.11723309755
90,597.332885742,364.861602783,23.2067966461,74.8987731934,43.4607893229
90,564.377197266,360.697631836,27.3093242645,85.1647567749,17.7356913686
90,614.188598633,362.02633667,18.9007587433,56.5835571289,12.6181870699
90,130.719055176,157.530090332,134.899703979,287.865570068,4.42116744816
90,545.586303711,361.650421143,30.8706073761,82.4551086426,2.08449214697
90,583.816589355,361.930175781,22.9410839081,79.7463150024,1.56442951411
90,237.750488281,50.7645988464,20.6537094116,54.3553123474,1.15370079875
90,216.748855591,34.9375686646,18.9130573273,54.3431739807,1.07076466084
90,211.592819214,287.287139893,27.1256103516,80.5142593384,0.881129875779
90,50.9385490417,328.16418457,20.4986801147,50.7908363342,0.510521885008
90,615.715637207,395.568695068,18.0427761078,46.9310035706,0.30591506511
90,222.058288574,325.95022583,19.8401107788,58.2271690369,0.154457101598
90,52.09532547,159.680801392,112.021095276,249.546463013,0.134383421391
120,375.547119141,136.569015503,116.642967224,203.570877075,36.9617909193
120,245.308166504,270.124053955,33.108039856,99.877571106,24.9051854014
120,203.750106812,262.683929443,49.6983757019,113.676689148,5.3460072726
120,455.423736572,147.170166016,54.3177528381,156.592056274,0.651573576033
150,346.135406494,130.341537476,36.5898628235,77.5099258423,15.4380694032
150,445.347900391,34.4034004211,29.35546875,67.4784851074,12.6573786139
150,186.137634277,146.065246582,112.789131165,127.729095459,4.7521725297
150,100.578102112,155.572036743,108.376274109,173.50239563,3.29029485583
150,316.042205811,126.313529968,38.1064186096,92.5444107056,1.11846607178
180,183.660934448,154.086547852,30.6404018402,66.3924179077,1.49194151163
180,200.443954468,27.0013942719,20.8230438232,56.9906806946,0.812171027064
180,182.371322632,24.2630710602,28.018327713,62.4681587219,0.000543301075595
240,515.895019531,227.425857544,20.1641979218,53.2117919922,2.88563426584
240,93.9719238281,177.391616821,30.881937027,80.1218566895,0.148354971316
240,536.293395996,117.16280365,28.2208652496,84.6360015869,0.0206115175388
270,600.767150879,123.93674469,24.3556079865,67.6121902466,5.3733613342
270,601.716491699,160.642807007,26.290719986,92.549659729,2.29935124516
270,73.08568573,212.11366272,29.1897830963,77.8569335938,0.104459421709
300,223.927230835,180.334487915,19.1857337952,54.1762962341,0.090922252275
300,81.0444259644,179.440811157,31.4042949677,82.9188308716,0.00268370422418
330,183.117202759,188.682815552,22.6126480103,64.1553726196,1.04234786704
360,172.867416382,210.889724731,19.7282238007,53.1737213135,1.15008885041
360,234.335098267,184.205093384,27.1448726654,56.3739814758,0.864246487617
420,208.537094116,186.846740723,30.6727733612,64.3609237671,1.52911944315
480,158.02746582,246.050552368,26.8249950409,62.6407623291,0.339449662715
480,247.11730957,105.634376526,24.2602996826,70.1860733032,0.00535355502507
510,36.9368629456,257.146942139,35.5878295898,69.6395797729,3.04258596152
510,242.164718628,88.0095443726,31.3013477325,77.0502624512,0.245597888716
510,205.12097168,197.087768555,21.8485202789,50.0312919617,0.145608035382
540,160.7943573,198.034042358,21.8068561554,61.5030784607,54.6201527119
540,591.131652832,199.234634399,28.8594036102,80.1889877319,4.29461635649
540,241.697143555,61.624256134,51.0121040344,125.729103088,0.224097538739
540,200.699661255,115.188575745,131.62171936,250.095046997,0.0394093134673
570,178.938537598,198.973953247,26.0762996674,73.1432113647,46.2392628193
570,266.188995361,45.0725288391,72.7494430542,185.158950806,12.8499239683
570,206.968093872,67.5735168457,107.584655762,209.658340454,5.10377287865
570,223.337844849,210.336853027,27.4480991364,63.5754432678,3.74824814498
600,203.124343872,198.483444214,30.1130218506,88.6850280762,72.2382843494
600,255.102111816,229.210739136,29.6663742065,64.5110168457,13.0145072937
600,310.4815979,28.2044372559,56.3419075012,174.432174683,9.33637470007
600,277.937408447,43.5106391907,106.346000671,330.741546631,3.6301471293
630,317.484558105,175.924911499,37.5271263123,95.7010803223,6.2750376761
630,442.089447021,26.5066432953,106.854820251,312.69229126,5.2543040365
630,190.814865112,207.047988892,40.9801597595,74.536277771,0.00717129514669
660,146.546020508,177.913574219,78.0165634155,189.714355469,92.8300201893
660,269.993743896,186.511795044,55.2569770813,152.949020386,76.034361124
660,195.068603516,211.220718384,39.0676574707,119.904167175,28.6371648312
660,152.594833374,300.647796631,41.0657081604,73.0639419556,5.00627271831
690,57.3457641602,124.24407959,70.7390975952,174.193283081,34.7196996212
690,42.3732032776,172.712783813,46.9205131531,120.843421936,7.22306296229
690,21.2910461426,177.765014648,43.2756843567,100.322906494,5.03532104194
690,8.54113006592,150.969711304,26.9925384521,59.268081665,0.215956592001
720,213.090255737,124.443908691,76.4134521484,195.892700195,16.0369023681
720,174.022567749,188.414260864,28.3758640289,72.3086547852,15.7918661833
720,201.589355469,161.462112427,44.9310646057,127.782249451,4.93815802038
720,185.713119507,111.901283264,19.4904937744,59.5409812927,4.62706647813
720,65.4917907715,166.433151245,19.5171298981,57.1225395203,4.2549662292
720,72.015083313,179.73097229,29.4402561188,76.3230056763,1.99314709753
720,108.044654846,117.444206238,22.3947601318,67.3870620728,1.23362792656
720,201.970199585,109.400512695,31.9193191528,94.1823730469,0.489768758416
720,222.88494873,113.295021057,31.7706775665,81.0279769897,0.0472683750559
750,452.919342041,79.3880004883,142.544891357,308.332733154,47.5842893124
750,286.321075439,194.826950073,33.1543960571,82.6904525757,15.903685987
750,421.786590576,115.143638611,84.9406661987,192.123825073,9.92782264948
750,245.355789185,174.283691406,49.1196746826,118.918922424,3.82871553302
750,242.358688354,162.262756348,21.0597324371,69.5705490112,1.35614480823
750,439.382965088,78.1140060425,29.5036563873,79.1724014282,1.00098075345
750,454.775970459,64.759437561,55.0073890686,141.02432251,0.87091140449
780,547.096008301,164.806945801,69.7571029663,173.42427063,11.7754340172
780,586.242370605,183.182006836,47.7861213684,103.051109314,5.24350255728
780,590.942321777,46.9340705872,46.9721717834,104.248695374,0.410696770996
840,425.196044922,146.096908569,27.9839611053,60.9555854797,9.88463833928
840,476.525909424,162.010162354,22.789855957,54.381362915,1.86165738851
840,355.392181396,134.871536255,19.218706131,45.2109870911,0.95199951902
840,489.009552002,169.325378418,22.1603717804,55.5521697998,0.304459640756
870,220.070129395,161.58821106,21.5332717896,54.6236076355,0.303015043028
900,50.1150398254,184.559570312,24.3340377808,72.3107299805,15.0841981173
900,543.561279297,164.491348267,31.0502681732,91.5160446167,0.721405772492
930,181.022583008,181.183853149,24.1572494507,60.8597297668,4.31001596153
930,462.488250732,210.458389282,20.1332397461,43.2756500244,1.78820509464
930,195.309570312,178.765365601,26.2448215485,64.650062561,0.24991563987
930,511.319061279,207.845458984,21.4119186401,52.1765022278,0.0685979845002
960,610.458374023,244.897277832,18.2062244415,53.0184631348,0.0483362411615
990,141.721084595,209.663223267,20.7432899475,56.1293525696,1.04841664433
990,518.560119629,220.856674194,23.5578670502,52.7094421387,0.913132447749
990,388.561767578,192.141189575,19.1009883881,47.9978485107,0.102059030905
990,230.330871582,193.485168457,19.4559383392,47.2926139832,0.066311476985
1020,248.794845581,195.505386353,16.75822258,46.9920196533,36.5993857384
1020,391.073852539,192.015914917,22.7595996857,51.4729423523,0.115867005661
1050,242.949417114,193.734191895,20.3312854767,48.0993995667,12.7951517701
1050,481.341949463,191.765441895,28.040605545,64.7560119629,0.132678716909
1080,509.725982666,170.770553589,28.181640625,60.9922065735,1.60957518965
1110,549.835876465,176.693603516,39.4863967896,71.1265335083,0.897999107838
1110,83.9520339966,206.918991089,20.4620800018,48.1527099609,0.748962303624
1110,71.3125076294,206.335617065,21.0752506256,53.5094413757,0.0225118870731
1140,18.9211826324,205.941421509,24.143157959,55.23878479,30.7289630175
1140,258.008056641,197.802444458,20.6221408844,55.5815086365,29.1439622641
1140,220.562316895,190.274169922,33.447227478,70.1227035522,4.3833527714
1140,271.22769165,195.413818359,22.6015377045,67.0151748657,0.0444195175078
1170,3.11930656433,213.514404297,13.4674797058,78.6031494141,21.1702972651
1170,210.135604858,200.69543457,23.0398769379,66.7699508667,2.450016886
1170,79.8959579468,205.5625,25.450296402,60.3985023499,0.145499303471
1200,11.8462190628,221.300216675,28.6585445404,62.0855979919,0.496743014082
1200,65.8400878906,214.853897095,31.5628223419,70.7668380737,0.335654639639
1230,214.592529297,195.664932251,27.1176166534,81.5615692139,4.83636409044
1230,246.47114563,209.784591675,20.7127571106,58.7117805481,1.45570077002
1230,194.51109314,201.894241333,31.0470638275,68.546875,0.462037744001
1260,100.483848572,197.793151855,41.3554153442,91.4568557739,23.7538546324
1260,188.380081177,225.337692261,25.960111618,74.4175491333,5.7697866112
1260,591.637878418,169.620117188,32.8107643127,78.0517044067,0.684555899352
1260,203.660507202,234.607650757,20.4438438416,51.5903282166,0.126403721515
1290,37.2743682861,192.749069214,62.9399108887,120.81552124,32.9920738935
1290,159.969360352,244.637329102,28.4660205841,62.6708068848,4.62457351387
1320,92.685760498,170.927932739,98.8326797485,163.667663574,56.8733394146
1320,274.218231201,249.499893188,25.4024753571,72.0816574097,0.883316341788
1350,375.597381592,160.149642944,118.092399597,219.733688354,72.5814759731
1350,594.213684082,244.069656372,28.3182697296,111.722831726,43.669873476
1350,233.959152222,221.299728394,27.1118373871,75.6456222534,29.5740246773
1350,32.0633659363,207.660079956,32.2817268372,104.128059387,11.317653954
1350,408.736297607,158.1693573,27.7931289673,68.777557373,5.83439879119
1350,585.270629883,247.540039062,18.2864093781,74.501121521,0.743983406574
1350,579.91027832,156.176269531,26.1552524567,81.5425491333,0.281085539609
1350,601.765930176,194.348083496,27.7559223175,75.9625091553,0.221179751679
1350,19.7221050262,227.984802246,22.2803497314,70.7035980225,0.0307720183628
1350,8.38579559326,191.376052856,24.638841629,104.452484131,0.00558259889658
1380,567.954467773,230.953170776,69.8647460938,173.602905273,57.4609041214
1380,159.518188477,195.249282837,33.3665275574,130.760375977,13.762691617
1380,112.758766174,135.038665771,143.432937622,280.260437012,8.02461206913
1380,588.305969238,92.5178604126,51.0992240906,229.282424927,2.81908474863
1380,79.4080123901,197.270004272,36.9284477234,88.5304794312,0.455074151978
1380,402.793182373,211.532821655,31.3832855225,88.5774765015,0.366188539192
1380,605.358215332,154.325378418,28.1007995605,95.5030517578,0.0785624026321
1410,586.838439941,93.2250442505,53.1615600586,273.925689697,9.17611643672
1410,174.710678101,198.967208862,34.6918792725,119.43523407,7.90506526828
1410,121.343566895,146.585083008,142.331497192,252.463790894,0.753698311746
1410,426.816436768,212.417480469,25.1098918915,71.8221282959,0.417444156483
1410,97.0339660645,192.99621582,32.6615333557,98.2375717163,0.0068067216489
1440,586.054138184,90.3767776489,53.9458618164,263.202972412,4.73446659744
1440,423.039703369,211.709365845,29.3054981232,93.754447937,1.25710284337
1440,175.66746521,200.654647827,31.6431808472,108.848213196,0.714461738244
1440,118.562042236,133.711898804,150.614883423,281.603149414,0.609520636499
1440,616.300109863,107.674888611,23.6998901367,96.7462844849,0.256155710667
1440,170.144165039,203.055252075,19.9909992218,70.6268768311,0.0886795227416
1470,586.519470215,123.042671204,53.4805297852,266.017730713,8.16041827202
1470,175.042541504,202.018127441,31.5325927734,115.581451416,3.9520625025
1470,120.230079651,134.68737793,150.779342651,274.918945312,1.0907702148
1470,616.317443848,104.661621094,23.6825561523,104.030143738,0.918572023511
1470,423.24911499,210.475402832,29.3856964111,91.615020752,0.44801235199
1500,585.668029785,137.574584961,54.3319702148,255.904983521,4.87067624927
1500,140.176559448,119.866661072,104.836853027,252.721435547,2.58249081671
1500,174.470825195,195.638595581,32.0928192139,124.021263123,0.430901674554
1500,427.643035889,213.716430664,25.7624416351,75.2600631714,0.103127979673
1530,175.502212524,203.419692993,41.20677948,117.180175781,5.01654148102
1530,427.212310791,202.543823242,37.4676780701,122.756492615,0.875482615083
1530,126.219543457,124.864875793,153.873657227,282.453765869,0.447329459712
1530,625.094055176,106.607383728,14.9059448242,82.257019043,0.365341082215
1530,583.159057617,89.5273971558,56.8409423828,258.56338501,0.307568069547
1560,221.810317993,206.468276978,40.5764274597,115.519683838,12.7210155129
1560,196.245437622,121.770698547,99.6546707153,251.360610962,3.62258926034
1560,138.941574097,204.243362427,37.5864448547,88.4371566772,2.13851835579
1590,289.570892334,254.483779907,19.4968719482,63.8028564453,13.8899460435
1590,371.795440674,190.480026245,99.9346313477,220.58555603,2.50792112201
1590,391.497406006,105.070739746,18.7144184113,46.8241233826,1.72606110573
1590,45.198059082,228.229263306,31.9106960297,90.0949630737,0.705082155764
1590,7.56810522079,141.739700317,128.590698242,294.224822998,0.00210657526623
1620,372.774169922,276.198699951,23.097322464,58.4445991516,2.5860933587
1680,572.572570801,212.760910034,36.2584114075,78.4846954346,1.97398997843
1710,14.2134933472,163.434631348,31.6941890717,60.9018440247,5.89247271419
1710,447.790618896,198.980209351,83.8237533569,120.913825989,0.251163891517
1740,98.8085021973,159.135513306,25.1724071503,66.5523452759,28.739759326
1740,582.168762207,197.102218628,57.831237793,230.860046387,0.381056428887
1770,132.980514526,159.925445557,28.5591030121,71.7030715942,29.0274709463
1770,194.02015686,173.158309937,26.713514328,78.8173828125,0.124907470308
1800,357.384155273,30.784532547,30.8046875,62.4451141357,63.714069128
1800,126.699790955,155.968399048,22.3739089966,61.7003936768,10.108820349
1800,205.253677368,183.846847534,21.0504016876,66.7672653198,0.477047916502
1830,77.6134567261,154.006851196,30.9267482758,74.3132705688,8.99203270674
1830,352.20300293,17.0413970947,24.2215442657,64.3159103394,4.33421581984
1830,442.44418335,170.008804321,34.5015449524,91.1067733765,0.524743041024
