30,73.1024780273,215.408813477,40.49609375,77.5752334595,5.71088790894
30,367.694702148,180.79699707,18.4333019257,45.5581817627,2.20513623208
30,11.4890127182,185.243728638,24.3541030884,70.323600769,1.93726122379
30,340.674743652,170.788879395,22.8385162354,65.3946380615,0.811231322587
30,605.628967285,139.183761597,17.1456031799,51.6025733948,0.477980589494
30,356.121582031,171.498031616,17.39585495,45.9888191223,0.369629426859
30,616.841369629,50.259929657,16.1209564209,49.5279350281,0.336224259809
30,130.262268066,154.450210571,24.60663414,62.9944343567,0.0732786837034
60,73.9658660889,223.124145508,30.2523498535,79.5265884399,12.1122144163
60,606.402954102,138.311431885,18.405008316,50.4110527039,0.6093012169
60,20.4655799866,248.189987183,31.4542160034,92.3471755981,0.28990576975
60,554.885620117,179.202926636,35.5334205627,75.5125732422,0.184114533477
60,126.531486511,157.00138855,20.7759532928,58.7046203613,0.087211857317
90,70.5321960449,220.151931763,38.8373222351,84.5278244019,1.74994897097
90,22.2533512115,258.083068848,28.6248569489,90.0768737793,1.18837691844
90,613.250244141,134.968994141,17.9122142792,52.7117042542,0.953943096101
90,550.875732422,168.966659546,30.2845687866,89.464630127,0.581674091518
90,602.494689941,137.864501953,18.2624225616,52.8560600281,0.368859805167
90,616.258789062,56.1385383606,16.4906005859,47.3288383484,0.207440136001
90,123.841590881,154.633865356,25.572807312,61.64585495,0.0775042863097
90,526.189697266,240.789596558,42.6873970032,80.2248306274,0.0315293495078
120,72.828453064,225.324874878,32.8395576477,88.6288757324,1.97454765439
120,607.653747559,136.967590332,18.5403862,52.9024200439,1.01000992581
120,616.813049316,64.1103820801,16.0961685181,46.5471000671,0.208941730671
120,529.446166992,245.863357544,36.6651039124,81.1663284302,0.166619208176
150,20.4573230743,267.487579346,26.9111862183,83.7962799072,4.45583239198
150,73.1826629639,224.100891113,32.2756462097,89.5721359253,1.76489409059
150,606.675476074,138.774246216,17.519990921,53.6762962341,0.634864997119
150,616.620666504,52.0885620117,15.9727239609,48.4452362061,0.325298751704
150,373.80871582,164.282043457,21.0629730225,67.9176101685,0.131626136135
150,424.920013428,194.436813354,32.1306419373,78.1565856934,0.00291314063361
180,75.4136810303,225.88999939,29.4645862579,76.3430557251,0.861319620162
180,609.100402832,140.499267578,17.6118583679,50.0797119141,0.542638637125
180,616.596130371,54.4396362305,15.6940870285,47.5889396667,0.437544845045
180,12.8821821213,248.953201294,29.3570194244,85.028503418,0.112139678095
180,373.203948975,166.193161011,20.9755306244,67.6999282837,0.0186987555935
180,424.58303833,194.808914185,32.3815383911,79.463508606,0.018512493989
210,81.0985412598,222.106216431,27.807882309,70.887260437,5.86659424007
210,37.6817474365,265.809112549,28.1478252411,76.8687896729,1.78513806313
210,608.74786377,138.479354858,16.7360363007,50.448841095,0.826066918671
210,373.882843018,159.873092651,21.8034343719,65.9366226196,0.600430136546
210,616.640136719,57.9258537292,16.1368141174,47.1535987854,0.396747142076
210,495.717987061,224.120895386,39.0376091003,86.2474136353,0.0115098817332
240,606.615783691,134.140914917,18.7895374298,55.2817420959,2.6741957292
240,547.986755371,177.557449341,28.4750041962,76.548034668,1.18420580402
240,616.42376709,56.4709968567,17.0521392822,47.5905303955,0.627275276929
240,565.354248047,181.404525757,32.6371955872,77.9015579224,0.227739824913
240,44.5351715088,253.678482056,23.6345081329,60.9842834473,0.0090758978331
270,585.276550293,183.95930481,42.2899551392,82.8216094971,0.297064706683
270,373.275970459,165.60005188,21.7532520294,62.8250732422,0.229446706362
270,503.611480713,212.803970337,40.4364471436,106.804771423,0.219273893163
270,615.910705566,207.494949341,16.7272396088,45.6876335144,0.0751115556341
300,343.011688232,178.55670166,23.3270816803,64.3868637085,2.19974629581
300,10.7101163864,159.280960083,19.1116142273,44.676071167,0.546436430886
300,370.968719482,183.163879395,23.0144290924,57.5627479553,0.0288627721602
300,437.535064697,207.771987915,23.6361083984,65.7013320923,0.0263575988356
330,347.510284424,183.418380737,27.2529602051,84.1158218384,4.35956679285
330,617.807067871,216.123794556,18.4069137573,51.6017189026,3.89018207788
330,463.19921875,203.248062134,29.4335021973,92.6473083496,0.0279110885458
360,504.855224609,222.628982544,33.5551567078,80.408416748,5.87546750903
360,102.149291992,227.605880737,30.1444091797,82.9310913086,0.54253838025
360,119.614143372,152.164505005,21.1110897064,53.5347480774,0.441570859402
360,345.683807373,194.524887085,30.9782009125,81.499420166,0.360092450865
360,469.045928955,201.399276733,30.0220241547,84.5648117065,0.265346700326
360,396.128051758,171.678024292,24.5764083862,64.9909591675,0.0631559290923
360,489.763946533,218.579849243,24.8151168823,79.6074142456,0.0449902843684
360,405.126373291,202.947769165,20.8672218323,49.5461883545,0.0140292235301
390,568.124938965,219.841537476,57.2940177917,144.013549805,31.1787724495
390,399.27456665,162.075805664,19.7372074127,57.0416603088,5.46861737967
390,616.426574707,229.987411499,18.4626617432,48.3865394592,0.782656576484
390,600.87286377,226.936477661,27.0727138519,69.903175354,0.0234720195294
390,421.736358643,207.329391479,24.8461914062,56.8594779968,0.00319787104672
420,567.216918945,200.086929321,27.4376125336,62.2789955139,1.85570269823
420,447.984588623,192.896652222,21.7250156403,75.6660461426,0.972133781761
420,414.885284424,172.752792358,16.382648468,47.0329856873,0.323026510887
420,361.70401001,190.330856323,26.9855480194,77.4994735718,0.221191719174
450,451.770507812,184.895675659,19.6168327332,49.8584709167,53.6964893341
450,472.46572876,176.946289062,22.1603183746,58.9207801819,49.8148262501
450,136.392608643,215.03527832,30.1519489288,73.0459899902,4.55321036279
450,11.3807420731,241.648391724,39.8251838684,107.125022888,2.92346924543
450,353.480743408,188.183883667,26.8013820648,79.5843429565,2.76257302612
450,391.513671875,156.746871948,24.6448841095,56.4515037537,0.753171555698
450,437.519012451,187.905410767,18.5909290314,49.4449958801,0.652986671776
450,488.001953125,176.714126587,16.9818592072,43.8527832031,0.0294464989565
480,456.271972656,182.189041138,21.4901580811,57.3561286926,74.0196168423
480,477.725616455,172.838485718,23.9852657318,63.6046447754,70.4361796379
480,518.814331055,184.238082886,17.5277938843,53.5825614929,31.9368451834
480,606.310119629,296.528045654,30.256608963,98.8720321655,15.4640600085
480,505.635406494,187.433273315,19.7804927826,58.620426178,8.57725590467
480,541.112792969,187.101455688,20.7263259888,67.1490478516,7.42171630263
480,525.06628418,183.143508911,25.7626419067,71.1046981812,6.31543844938
480,555.525085449,236.680496216,32.7120361328,75.4377059937,3.19159850478
480,548.856384277,181.317062378,36.2236366272,93.3323898315,2.14756503701
480,557.673278809,176.638259888,19.1202297211,57.3739585876,1.35610960424
480,493.724365234,182.824157715,21.7119598389,57.8555183411,1.00778676569
480,348.513641357,183.488540649,21.6093959808,57.5478935242,0.808155629784
480,360.527557373,182.493347168,17.2645950317,46.1824302673,0.360137107782
480,30.1763858795,397.011962891,21.3962192535,45.7275543213,0.357548845932
480,44.3813896179,392.809814453,22.7989902496,45.3313179016,0.292189093307
480,627.227050781,316.870666504,11.6578588486,51.7609519958,0.156543368939
480,177.604187012,143.440231323,23.0221633911,62.11536026,0.0139784882776
510,472.446807861,186.616622925,21.5876522064,61.7856483459,72.1082925797
510,543.981262207,177.328491211,22.6363201141,74.2104492188,56.1251163483
510,500.19052124,171.806930542,20.4384536743,65.1239929199,53.4877836704
510,569.418518066,183.33996582,18.0001659393,54.5084533691,21.6071754694
510,596.875366211,182.231582642,20.9263706207,59.0353736877,21.1494505405
510,486.050994873,178.12097168,25.7052173615,72.4977035522,4.81166392565
510,221.868591309,196.37260437,24.2843723297,62.602519989,2.86293029785
510,583.209411621,179.296279907,23.3310718536,60.1705474854,0.83876689896
510,514.39666748,164.04258728,18.4800281525,57.0848197937,0.633684545755
510,436.673553467,180.708557129,18.7935619354,52.2189979553,0.616438034922
510,617.336547852,203.72845459,17.2013454437,46.6576881409,0.426149554551
510,611.367248535,289.950531006,16.0682067871,45.544708252,0.237023900263
510,495.188568115,208.54498291,28.6241855621,58.5534210205,0.00944881976466
540,590.988586426,175.456253052,25.7137393951,69.8107833862,96.1824059486
540,512.965270996,189.906448364,26.1049098969,73.358581543,75.921946764
540,610.522155762,181.159362793,20.9291820526,75.0047302246,63.0691051483
540,539.544250488,212.33744812,26.0227890015,60.9525184631,45.9028482437
540,457.688598633,181.09703064,19.2123088837,52.7852935791,36.8192762136
540,470.521453857,176.054489136,20.5659580231,55.5353965759,8.22024345398
540,541.480957031,166.161361694,28.5585460663,80.982383728,2.98428107053
540,302.49307251,344.461883545,28.0035877228,62.1181755066,2.21530422568
540,484.93850708,168.525558472,17.5536174774,46.5810127258,1.97813604027
540,584.614440918,178.233703613,15.7708215714,65.693572998,1.79182812572
540,536.466125488,342.802490234,21.8100223541,48.5272026062,0.794846843928
540,353.772735596,179.134536743,20.1371326447,51.8825683594,0.765051366761
540,626.227233887,201.961853027,13.7727661133,50.4657783508,0.668015470728
540,166.054031372,149.520950317,23.8832836151,53.2276649475,0.605733692646
540,557.513977051,343.49621582,21.2974872589,47.4536094666,0.440992694348
540,526.00958252,332.66784668,21.6522426605,48.0980529785,0.284034805372
540,414.883300781,140.053390503,17.9182929993,61.3835105896,0.170335068833
540,520.639404297,168.833816528,28.3877658844,64.2963256836,0.0703166762833
540,153.913772583,148.699630737,20.6936092377,48.4169960022,0.0315336859785
540,310.630889893,316.03036499,34.2021446228,68.6136703491,0.00303802589769
570,605.289489746,161.854980469,20.7844409943,64.0264053345,15.890789032
570,517.042236328,165.99810791,25.1045322418,71.6474990845,15.436835587
570,571.221191406,155.458618164,44.4571266174,88.1268844604,8.09813961387
570,300.080444336,318.586669922,21.5258045197,58.1836090088,2.89872568101
570,493.284332275,365.360198975,21.8043880463,48.8967704773,2.11872626096
570,488.169281006,389.195953369,21.6364688873,49.5318412781,2.11803540587
570,583.961791992,161.004714966,19.8423595428,52.7731819153,1.76229607314
570,543.195800781,65.72240448,20.5181598663,55.5257987976,1.59540250897
570,531.41986084,165.533737183,17.4714355469,42.9787940979,1.562009193
570,359.871582031,345.283905029,20.2294120789,44.1458244324,1.54879055917
570,380.967193604,343.763671875,21.3430633545,44.8841705322,1.45826814696
570,454.884918213,373.604278564,26.973154068,60.2057380676,1.37170962989
570,371.362091064,334.760406494,20.3980960846,43.7344970703,1.25142112374
570,560.909362793,159.987548828,17.9590034485,52.5826835632,1.10577531159
570,375.743133545,361.961578369,21.8626041412,48.7240447998,0.946139451116
570,615.265258789,179.168136597,17.8500156403,54.5485229492,0.935383141041
570,311.634063721,315.7628479,21.2321147919,54.1324958801,0.898668542504
570,502.234344482,380.087982178,28.1222553253,61.1895713806,0.880287587643
570,392.016998291,356.470581055,21.6116657257,49.1533203125,0.860090833157
570,469.198944092,377.95791626,29.5670146942,59.4571418762,0.847004912794
570,495.563842773,335.306884766,29.8450832367,60.8038139343,0.484060915187
570,320.352661133,334.474517822,26.5830745697,54.4317436218,0.392918614671
570,511.02456665,348.607940674,31.4317302704,67.1493835449,0.306067289785
570,281.559844971,301.531158447,31.8360843658,74.6704711914,0.287339650095
570,154.999069214,151.053222656,23.0275821686,58.9735908508,0.198624236509
570,420.4737854,395.373321533,31.4065341949,63.1972541809,0.180348323192
570,542.482543945,164.523544312,15.9968719482,44.8784446716,0.122759421356
570,402.410247803,410.797485352,22.2014560699,49.1095275879,0.0827201991342
600,563.410949707,152.583602905,30.1000995636,58.0314483643,34.4853371382
600,12.7578048706,255.634414673,30.4608058929,75.765625,20.4185679555
600,584.052429199,165.714614868,19.0014667511,45.1406745911,9.41416174173
600,333.337005615,342.323638916,21.1470851898,47.7270011902,5.31680621207
600,279.144256592,364.357879639,24.1664886475,58.9350318909,5.25092259049
600,471.47177124,396.377075195,21.3342227936,48.7399711609,4.97237741947
600,322.875946045,335.884033203,20.6502170563,49.654712677,3.74363027513
600,349.695526123,349.346405029,21.1335525513,45.8719367981,3.49711887538
600,444.910919189,389.8203125,21.6285228729,48.3638496399,3.283765167
600,457.279541016,367.762420654,30.0158233643,65.9818649292,2.88485586643
600,435.283966064,374.694610596,21.392036438,49.3576774597,2.65868119895
600,593.116638184,155.603759766,23.9405517578,53.6584510803,2.26173680276
600,360.137207031,362.995880127,21.0628547668,48.8657722473,1.94744765759
600,370.768676758,354.120697021,21.2027301788,48.0898551941,1.27310333773
600,336.652404785,364.527099609,27.8734130859,67.062461853,1.25249680132
600,616.735412598,167.781860352,16.4959468842,43.7961540222,1.20179904625
600,398.263824463,175.472122192,18.9848175049,43.8399467468,1.11055728048
600,381.034515381,373.269287109,21.986000061,50.1236152649,1.00951949134
600,612.971923828,25.8584384918,18.3588600159,55.6202697754,0.984209030867
600,402.482086182,373.665863037,21.706697464,49.4786949158,0.86923725903
600,605.904724121,169.047683716,18.6294078827,45.6896018982,0.864906609058
600,417.17590332,370.661621094,27.626581192,57.5412788391,0.826143100858
600,471.723510742,344.608001709,21.6524448395,48.8735160828,0.721436413005
600,301.302032471,317.901885986,32.3641586304,73.1206588745,0.714255636558
600,289.72442627,348.11416626,31.5411663055,76.0389251709,0.657377485186
600,280.095550537,382.900238037,39.9505004883,78.8993759155,0.587749667466
600,519.852172852,356.338043213,22.5690250397,52.0069541931,0.442618085071
600,522.642089844,131.768585205,19.9348545074,49.5734291077,0.430504838005
600,484.547851562,385.105102539,29.0712757111,61.7884635925,0.362094468437
600,503.211914062,340.001251221,27.795835495,62.7655487061,0.263587571681
600,550.56036377,147.698532104,23.8587436676,58.4159660339,0.162914209068
600,615.358825684,95.4119873047,17.5059680939,56.0351982117,0.131232512649
600,362.643707275,388.757598877,30.399438858,58.1622467041,0.108979723882
600,406.000152588,396.928985596,29.107749939,52.6734008789,0.0876393867657
600,348.644134521,401.032226562,22.4561100006,47.4163780212,0.077451771358
600,536.689758301,134.890701294,22.8786697388,53.244594574,0.0348925648723
630,90.6422958374,179.563766479,30.6196346283,87.5885009766,3.64064574242
630,608.919189453,119.719322205,19.4682350159,59.3808860779,2.22251769155
630,389.480926514,169.990631104,20.3577594757,40.7539634705,2.16796379536
630,615.749694824,138.399734497,19.8814334869,61.3924446106,1.36011233553
630,482.509002686,140.321685791,18.2677497864,54.6094398499,0.387112470344
630,414.001678467,168.088821411,19.1409263611,42.1100997925,0.223575229757
630,423.984161377,161.246505737,18.5177764893,43.8737487793,0.028149355785
660,602.038574219,160.947982788,24.3026199341,54.5091209412,22.8672236204
660,433.715240479,177.634933472,18.9852218628,45.3518180847,4.05871495605
660,446.1925354,200.972106934,34.011302948,61.8323249817,0.81260195002
660,453.113739014,173.611618042,26.4257221222,50.5837135315,0.09240481304
660,563.782165527,179.879760742,19.5899982452,46.0500526428,0.0767092511524
690,477.062713623,185.737411499,21.3855724335,53.6747703552,10.3403560817
690,575.956542969,162.089889526,18.5225162506,54.247592926,4.20536994934
690,361.829620361,76.4890441895,64.5850296021,150.767654419,3.21608521044
690,547.738952637,158.264709473,16.6653499603,51.8958320618,0.699389958754
690,521.06628418,168.614807129,19.1918792725,46.7308654785,0.477869296446
690,382.346954346,141.247039795,26.6388549805,66.7013626099,0.240253005177
690,492.577545166,182.116622925,25.8774814606,58.2698936462,0.0919068232179
690,354.513763428,140.483337402,24.9014873505,64.0441818237,0.0116716611956
720,94.3474960327,167.108505249,28.277715683,59.2381782532,14.576998353
720,559.624816895,182.210876465,42.3964004517,93.0371780396,9.15924757719
720,66.4023513794,192.181594849,20.2559223175,44.1697998047,2.24767066538
720,17.1134166718,200.312637329,18.7726802826,41.6641349792,2.12823655456
720,617.736755371,165.199783325,16.7171878815,51.1604042053,0.957078579813
720,462.471588135,193.512893677,20.8278026581,40.0764083862,0.779162440449
720,82.5353927612,179.496276855,21.2336673737,52.1988258362,0.747125409544
720,370.400756836,60.5197143555,34.2507972717,89.2107925415,0.243630283512
720,606.549255371,209.01423645,24.442987442,56.0508232117,0.205651973374
750,10.1171522141,193.098617554,21.3860473633,48.5433502197,28.7982165813
750,439.080230713,178.946853638,18.2583408356,41.9937553406,1.92260090262
750,180.544433594,168.584655762,23.5479679108,58.1333351135,1.29376277328
750,22.2327747345,189.160202026,20.2479915619,53.3781242371,0.863263383508
750,600.846984863,186.654281616,19.0625286102,42.6522750854,0.138001388405
750,616.369567871,186.015457153,15.9295816422,49.4541320801,0.0969646906015
750,410.082122803,180.811599731,23.1365966797,50.0194396973,0.0831020472106
750,589.949401855,199.296432495,25.8719329834,54.1380958557,0.0126359096612
780,455.040374756,182.813415527,19.124874115,53.3663444519,43.7730699778
780,160.089401245,170.635147095,20.7170715332,56.7536125183,14.702257514
780,596.800598145,212.192947388,24.939748764,61.8719215393,11.5622334182
780,116.819946289,176.387924194,22.5295009613,52.2371101379,10.4229845107
780,373.085235596,127.06337738,23.508310318,61.7014274597,0.419822055846
780,150.510635376,181.231872559,18.0959377289,46.9893760681,0.134217611048
810,514.001281738,190.040267944,27.1884250641,70.2441940308,37.5523656607
810,505.141082764,192.729446411,17.754858017,53.4029083252,6.01056590676
810,451.3409729,174.484634399,19.1453380585,47.4468231201,4.57011014223
810,487.744995117,306.122406006,21.6284103394,45.0785102844,2.6103919372
810,114.47769165,173.230392456,24.5977458954,59.2542991638,1.93440262228
810,461.735961914,175.114059448,20.3262195587,56.6686401367,1.41069870442
810,525.780090332,210.455322266,27.9594345093,60.0836372375,0.985955260694
810,434.591064453,167.879653931,17.3014583588,48.8050880432,0.934411399066
810,503.656494141,300.97052002,22.6483840942,47.4288597107,0.825557857752
810,46.0032157898,187.45463562,19.7586765289,48.9908790588,0.80469539389
810,471.57043457,120.158195496,31.4141235352,101.204689026,0.453955447301
810,472.380645752,181.302871704,23.3684940338,59.2155723572,0.434581609443
810,9.60056972504,196.907409668,25.5726394653,55.7442054749,0.409686379135
810,529.041992188,236.986526489,32.6208267212,65.1024169922,0.316755077802
810,141.656326294,163.304534912,21.0028057098,57.3063697815,0.227312650532
810,439.716033936,183.338012695,21.5571231842,46.9767913818,0.213682791218
810,246.920700073,279.472991943,22.7813663483,51.2696495056,0.112447806168
810,353.94619751,161.652542114,22.5547790527,53.6904754639,0.0261699809926
840,503.782989502,174.456604004,26.592924118,64.7264556885,36.8828862906
840,563.245117188,204.129745483,26.7024517059,63.8001365662,35.5933427811
840,585.595397949,210.96887207,22.2277317047,62.239566803,17.2154679894
840,65.9537734985,185.929138184,23.8738536835,53.7941398621,9.22398790717
840,139.750717163,161.367019653,24.6203670502,59.7992286682,6.49794116616
840,492.560394287,174.020584106,16.7212791443,46.3372154236,3.86203080416
840,554.028564453,221.364883423,20.0015602112,50.1609802246,1.38043100014
840,114.223548889,169.804977417,18.3377628326,50.5329093933,0.973180681467
840,518.881713867,190.345626831,19.0113487244,52.1579589844,0.804662890732
840,544.317321777,193.474807739,25.2524280548,64.1179885864,0.410407036543
840,418.814910889,174.307983398,19.0454311371,50.789730072,0.380524876527
840,435.577789307,176.607192993,18.6354389191,44.8532142639,0.136678270064
840,479.023956299,172.129013062,18.4378318787,46.5403556824,0.0931395043153
840,360.651123047,151.246688843,28.6452350616,64.7885742188,0.0241694942815
870,545.82208252,172.685302734,23.6415634155,54.0536460876,92.8920269012
870,568.254333496,177.683578491,19.706861496,48.6759757996,16.9388383627
870,3.90441393852,169.322952271,19.5980682373,69.5994033813,12.921859324
870,84.4110641479,167.927734375,23.4280796051,54.2194519043,12.5362187624
870,98.9345092773,177.73085022,18.3726501465,47.2855491638,1.06607247144
870,476.379241943,191.025924683,19.2747344971,42.2852325439,0.866952445358
870,339.448272705,158.671768188,21.6715774536,58.7109870911,0.669166538864
870,551.794433594,372.097259521,21.6275997162,47.0112762451,0.580265698954
870,39.9340133667,182.276748657,19.5923633575,47.8565406799,0.483335228637
870,26.5359191895,175.927322388,18.6234779358,55.1377677917,0.175748148467
870,529.989807129,368.568756104,26.1124191284,52.7544822693,0.125097180717
900,535.039550781,161.926879883,23.2691879272,60.744594574,8.62344279885
900,21.0171222687,167.443313599,20.785905838,59.7516326904,7.17769786716
900,619.931152344,175.448654175,18.7038002014,66.4858627319,4.5670427382
900,339.463195801,160.290115356,21.5352706909,51.8110389709,3.77287194133
900,50.9386405945,175.692337036,18.9834899902,53.1210899353,1.43991829827
900,558.350036621,196.165481567,25.8107070923,51.5793113708,1.26722147688
900,548.205871582,166.014038086,22.1129074097,59.7244415283,0.440259184688
900,60.9177742004,170.491958618,19.9669284821,54.3220825195,0.402240967378
900,504.410888672,123.470237732,21.0807189941,74.5565719604,0.378876109608
900,525.294250488,181.64390564,21.035533905,51.8930397034,0.270469509996
900,11.6387853622,176.310058594,18.3640823364,50.5234107971,0.214832671918
900,351.665985107,153.402618408,18.6049518585,51.9606666565,0.137658324093
900,35.7531929016,180.819015503,17.5059204102,47.0991020203,0.0775822263677
930,345.677642822,158.11680603,25.859418869,58.9427070618,0.155757763423
930,46.7401733398,171.079208374,19.7633686066,52.4423179626,0.0889227900188
930,50.3312263489,402.365020752,22.6108875275,46.3286857605,0.0857119914144
960,209.714096069,260.366241455,22.1886920929,49.8306159973,2.60185580701
960,194.559799194,259.575714111,22.7598114014,50.1156005859,1.36505737901
960,67.8677368164,176.738815308,18.3353252411,45.4617004395,0.476858718321
960,536.131652832,161.251708984,22.8106155396,59.5380516052,0.471513206139
960,573.160583496,374.909515381,32.7574501038,62.953414917,0.424080062658
960,57.4149017334,180.723205566,16.9056682587,42.2695350647,0.195571128279
960,342.005096436,151.175415039,28.5668430328,59.2805671692,0.0337870849762
990,381.82901001,171.35760498,21.5857372284,58.1161842346,1.23835960403
990,25.2235355377,194.016967773,18.3313961029,42.9741020203,1.06722945347
990,615.698913574,383.401367188,19.875497818,47.2747497559,0.538328569382
990,355.572235107,151.612472534,19.7030582428,53.2191772461,0.417546462268
990,8.28464603424,186.098526001,15.0041151047,48.1170310974,0.396663462743
990,616.465087891,229.285964966,14.9929819107,50.1570091248,0.189945171587
990,568.315368652,194.986587524,19.921585083,48.3274879456,0.112814188469
990,605.14239502,80.9690933228,26.6055622101,84.0569534302,0.0378348195227
990,549.72265625,117.543983459,22.5649032593,73.0778579712,0.0276642269455
990,338.610107422,157.823608398,26.6190395355,61.5916862488,0.0269397598458
1020,354.726715088,162.796722412,23.0303421021,58.7888793945,8.50876048207
1020,88.0423583984,183.961868286,19.1979236603,42.522403717,8.38747695088
1020,23.8132324219,189.735244751,20.4562931061,52.6970710754,4.64119389653
1020,191.470092773,164.246902466,17.5758666992,48.7024879456,0.554829323664
1020,368.301757812,153.165847778,22.3290786743,56.7377433777,0.228699133731
1050,362.969238281,175.434692383,21.8832645416,57.5836677551,18.9953744411
1050,586.61920166,239.058959961,45.7105522156,116.352226257,7.06488117576
1050,60.3297920227,184.479354858,18.0750617981,44.5479393005,6.71375244856
1050,48.38098526,185.327102661,17.3649806976,44.4615821838,3.18943858147
1050,488.344024658,164.395339966,20.9086894989,53.3528747559,3.05147357285
1050,118.482948303,178.899032593,19.3363246918,44.4873962402,1.93642899394
1050,460.695587158,188.646133423,22.942489624,44.2504310608,1.20926676318
1050,470.631317139,166.283401489,20.3687648773,52.5201835632,0.580969126895
1050,34.2801017761,184.841674805,18.2254753113,49.7923469543,0.551539985463
1050,377.040374756,167.799850464,17.1995105743,47.6329689026,0.5004146602
1050,441.113037109,196.539871216,20.1777935028,43.9610786438,0.431255484
1080,9.67852306366,190.241958618,17.3880901337,49.1752128601,57.3990046978
1080,499.474609375,200.742752075,18.8886318207,44.8417205811,0.888357125223
1080,352.330535889,172.832763672,28.2245731354,68.408821106,0.225917273201
1080,92.8022766113,180.766067505,20.8429012299,48.7712593079,0.200362503529
1080,428.478637695,189.39050293,21.5911331177,49.1029548645,0.197941344231
1080,509.235015869,186.534042358,22.1683502197,51.732585907,0.0331149145495
1080,368.005523682,147.270584106,25.4343738556,63.8166351318,0.00657708078506
1110,207.868850708,160.859100342,22.5187091827,66.6686859131,35.6149047613
1110,143.524841309,165.571731567,17.8643913269,54.1261711121,2.6289600879
1110,350.069366455,157.782394409,23.836233139,68.1045608521,2.54917126149
1110,133.649459839,167.136184692,16.9912986755,55.5212593079,1.08114471659
1110,414.912353516,182.233032227,16.8690357208,39.7465896606,0.997049175203
1110,382.929473877,110.239631653,21.829744339,70.6357955933,0.0874891062267
1140,355.2840271,160.472702026,27.200761795,67.0751342773,22.1608906984
1140,27.3648605347,196.645126343,20.9487819672,56.7557487488,9.75362583995
1140,375.157501221,169.092987061,20.4128131866,57.0554046631,3.96809950471
1140,442.493499756,186.364517212,22.3231220245,49.2412528992,3.55848036706
1140,487.236114502,80.2488174438,23.4530105591,77.3054351807,1.70790720731
1140,431.440216064,184.421279907,19.0867347717,43.4703674316,0.0952574424446
1170,194.729629517,181.589157104,22.3589382172,55.0665588379,56.0297489166
1170,359.736358643,159.745346069,21.8223419189,62.9073143005,19.9957922101
1170,549.984008789,193.038131714,21.989572525,56.5916595459,11.122110486
1170,524.358703613,186.809829712,19.9955883026,61.4246253967,10.8565725386
1170,519.765625,46.8306388855,27.152765274,80.8486099243,10.1624213159
1170,381.477294922,168.535720825,21.2510585785,54.0308189392,3.03401276469
1170,515.446228027,173.51713562,17.699552536,52.2188682556,1.82992052287
1170,414.743774414,184.511825562,19.6441364288,46.6666679382,1.13417180255
1170,533.194274902,43.7889442444,29.9003047943,97.3729171753,0.791317969561
1170,64.5001144409,136.375061035,24.5877685547,72.8849182129,0.708327302709
1170,548.695678711,41.3843803406,23.7364044189,59.3096313477,0.564250722528
1170,537.694152832,199.932174683,18.3838310242,50.8587036133,0.319818919525
1170,73.4504623413,189.727584839,23.5587825775,68.5157546997,0.225955271162
1170,86.3226318359,180.323608398,20.6255550385,72.9952011108,0.168779166415
1170,97.4370498657,133.561477661,21.8070278168,65.7187423706,0.0590329349507
1170,614.668884277,23.712015152,21.8898525238,47.1054992676,1.47976876974e-05
1200,369.708251953,165.987945557,21.8097000122,60.0284614563,19.6306422353
1200,387.238006592,375.351348877,21.0459899902,46.6957969666,3.36886867881
1200,401.674407959,174.896606445,19.3195133209,50.2907562256,3.18603217602
1200,391.92666626,350.384887695,21.3719005585,45.1883277893,2.18428615481
1200,376.564178467,364.058380127,20.7433452606,47.0848579407,2.14183311909
1200,447.848510742,179.723434448,19.0367565155,50.3135681152,1.47213982418
1200,354.67590332,374.990875244,21.654958725,45.6777610779,1.19078727439
1200,402.678253174,365.814483643,21.2177639008,46.1038208008,1.04439668357
1200,460.563262939,181.091110229,21.8077526093,48.8097076416,0.968069769442
1200,365.716583252,358.53918457,21.353729248,46.5903892517,0.952515378594
1200,541.649353027,170.662216187,23.6831817627,59.1685905457,0.93384468928
1200,12.8894453049,77.0907669067,25.1936283112,68.0759963989,0.906987022609
1200,379.880493164,154.933959961,20.7185306549,58.5816612244,0.740535138175
1200,338.713531494,376.278717041,21.4035587311,46.7025146484,0.708607537672
1200,311.262542725,370.998657227,21.8003635406,55.8668251038,0.601070839912
1200,526.188049316,162.694244385,18.9977912903,50.4799194336,0.598783791065
1200,389.62902832,168.632614136,20.3470897675,50.4926147461,0.583757739514
1200,445.074615479,92.0731124878,22.7421703339,78.5594940186,0.368419289589
1200,8.88001346588,206.017715454,15.0423326492,47.9454040527,0.238373898901
1200,149.191085815,166.391159058,21.3929443359,58.8243408203,0.144973839633
1200,321.53503418,362.29574585,22.3112010956,52.3196372986,0.104762613773
1200,376.270996094,393.209259033,22.8184642792,49.0365180969,0.058737967629
1200,396.397186279,387.564575195,22.5549030304,48.6175842285,0.0508233730216
1200,416.903686523,182.636962891,24.3208904266,50.0487213135,0.046448604553
1200,348.517456055,393.412597656,22.5679168701,48.0886993408,0.041009960114
1200,169.09538269,169.016067505,21.7617340088,56.4595527649,0.0275329250144
1200,411.04788208,385.108764648,28.1790237427,54.1243934631,0.0222623319132
1200,510.942230225,390.660400391,30.3882045746,55.0787353516,0.0160707568284
1200,428.185943604,395.24987793,24.5566940308,52.207950592,0.000387513728128
1230,409.208953857,176.391311646,19.5956459045,47.3854675293,3.45743149519
1230,578.911865234,344.344238281,21.7007045746,49.2953605652,3.43921743333
1230,547.422546387,331.989654541,20.2106571198,46.6218986511,3.33996489644
1230,563.29309082,336.190887451,20.6626529694,46.2102241516,1.60228684545
1230,377.876098633,155.548538208,23.3655910492,66.4681396484,1.47821055725
1230,37.3527030945,197.592727661,22.1823596954,55.9803924561,0.977730099112
1230,474.983062744,187.738510132,26.6002788544,59.8552970886,0.956674758345
1230,471.295135498,62.5369758606,34.2990989685,116.903198242,0.904987473041
1230,531.439941406,336.826812744,30.777338028,68.188369751,0.67043248564
1230,605.808837891,164.319107056,18.5690898895,50.1841430664,0.581376161426
1230,594.434997559,334.999359131,30.446893692,55.3376502991,0.360292615369
1230,14.2482948303,117.786499023,25.7904529572,61.6021003723,0.183641153853
1230,425.085174561,173.751525879,20.3510074615,55.7490386963,0.148494436871
1230,397.737091064,150.769760132,23.0915908813,66.3561553955,0.136339757591
1230,53.6328582764,184.677932739,20.8800411224,51.9030723572,0.0852086639497
1260,424.199798584,181.634689331,20.7366733551,52.2687988281,10.230191797
1260,584.314025879,201.757217407,29.627779007,72.7724990845,9.07766073942
1260,568.003234863,362.428344727,22.8933868408,50.9244651794,7.17020258307
1260,382.713256836,178.072433472,19.6527404785,53.079574585,4.18384484947
1260,525.739013672,189.46836853,22.910194397,63.490070343,3.77766080201
1260,447.296783447,210.807128906,19.3030929565,43.6482543945,3.46667170525
1260,551.709472656,367.609985352,21.216753006,50.4792823792,2.0054737106
1260,584.772155762,356.267730713,21.1267719269,52.0047187805,1.32965026423
1260,504.296142578,315.336425781,21.6430187225,49.1319541931,1.1944513768
1260,569.191223145,212.418014526,20.1738853455,50.8936462402,1.1608235538
1260,490.375030518,232.453063965,18.9331645966,42.1144142151,1.0880311951
1260,423.168823242,328.569610596,22.6943836212,50.1538581848,1.01723922417
1260,322.433319092,364.982666016,21.1066741943,55.3605995178,0.861131865531
1260,523.130859375,47.1547355652,32.9679718018,113.320777893,0.78302603215
1260,598.038024902,354.703277588,32.3714637756,62.8220329285,0.570735102519
1260,397.893829346,301.366973877,32.6304588318,72.0390472412,0.490925367922
1260,432.696533203,191.372329712,24.3976612091,53.7796173096,0.41875904426
1260,554.082641602,335.823638916,30.9569606781,65.3416061401,0.417997129261
1260,133.927780151,158.490066528,23.3701934814,53.4440917969,0.1835556468
1260,407.369262695,167.064285278,24.0859909058,60.4572029114,0.0262917892542
1290,470.598114014,184.175735474,22.2456264496,52.5313987732,10.2555505931
1290,389.061401367,162.735488892,25.6644382477,64.4182052612,3.56166027486
1290,448.699707031,182.392822266,19.9779586792,53.7449073792,2.39500366151
1290,617.63104248,177.878372192,18.4337902069,49.3500976562,1.68904345483
1290,409.794708252,191.660110474,19.2811832428,45.4275932312,1.000113599
1290,611.391479492,196.574707031,20.6151027679,59.2113227844,0.922633241862
1290,359.857910156,196.232910156,27.0635910034,56.8843040466,0.826960522681
1290,252.416030884,384.225006104,39.9454116821,81.7724685669,0.465046241879
1290,551.13079834,394.138824463,22.6633758545,50.9483184814,0.436509633437
1290,583.940856934,334.496490479,21.3661346436,44.7437591553,0.167803361546
1290,484.479492188,182.287765503,19.1857776642,52.7481498718,0.0962265301496
1290,483.426635742,89.9010391235,22.7477283478,75.1210098267,0.0832913734484
1290,305.813140869,377.376251221,30.3375320435,72.5071716309,0.0115105358418
1320,518.13684082,186.479232788,21.7871875763,63.3599128723,68.889939785
1320,548.633422852,187.039352417,19.2390079498,49.1796913147,5.16959652305
1320,487.76965332,319.782318115,21.4814014435,47.4443244934,4.72737066448
1320,477.662475586,305.671722412,21.3786773682,46.344997406,4.32027988136
1320,610.875732422,285.574249268,20.0972537994,41.3146476746,2.97497268766
1320,450.400482178,295.292053223,21.5663013458,47.6824798584,2.18139179051
1320,553.602233887,53.7664070129,18.7319736481,68.963722229,1.66838523
1320,503.478240967,324.534301758,21.8476924896,50.7575035095,1.61484312266
1320,461.795928955,178.345413208,18.9834003448,64.2593765259,1.52299627662
1320,504.940307617,184.31628418,20.0890369415,49.6445770264,1.36654321104
1320,496.055938721,184.547134399,16.8000011444,44.8057746887,1.222584676
1320,414.243560791,197.697463989,19.9095821381,48.251865387,1.05238491669
1320,493.366424561,301.860443115,21.5717105865,46.4266967773,1.02873984724
1320,478.546905518,185.391845703,18.8067684174,52.7350654602,1.01232631132
1320,391.776641846,165.932723999,22.5470275879,68.2232589722,0.773819023743
1320,600.801330566,352.9453125,27.9517002106,52.9681053162,0.695622107014
1320,457.933837891,300.075744629,28.9420986176,59.5846862793,0.68626627326
1320,424.558746338,261.912994385,31.1280975342,66.5374984741,0.537264347076
1320,482.618286133,285.871520996,22.0670413971,46.6101951599,0.401852559298
1320,559.042907715,179.964553833,22.9188461304,61.6694526672,0.388488522731
1320,584.368347168,358.502532959,21.7300033569,49.3357887268,0.355424266309
1320,612.632629395,192.883117676,22.7241973877,50.013759613,0.250093173236
1320,509.582061768,304.928497314,21.6034908295,46.9941825867,0.221821456216
1320,492.127349854,38.3752326965,32.3738327026,103.749267578,0.00139632720675
1350,542.87322998,192.685348511,20.2046985626,55.2168998718,65.7868802547
1350,497.353027344,184.311477661,19.5497093201,60.5001716614,37.8651112318
1350,429.014251709,203.879943848,22.984916687,53.4712333679,2.47181300074
1350,31.3189563751,159.287841797,22.8039703369,50.8600311279,1.9521638751
1350,120.943939209,201.292602539,23.0710849762,56.9823722839,1.74313541502
1350,452.447753906,199.759811401,19.9006729126,55.4986076355,1.63953993469
1350,479.820220947,189.254470825,17.8487224579,50.4689941406,0.483433203772
1350,569.547912598,187.308883667,21.8873958588,58.267364502,0.407143309712
1350,61.1155204773,168.139038086,24.669916153,58.8475036621,0.313710444607
1380,555.565307617,172.036849976,33.5774726868,90.5444869995,99.5179653168
1380,601.390197754,185.548461914,25.7765350342,78.3871459961,22.2157076001
1380,462.224731445,211.106994629,22.3335552216,53.3226356506,18.6055839062
1380,543.720275879,178.080276489,21.1293010712,72.4453201294,5.65512292087
1380,397.157592773,285.998504639,20.354101181,48.1360778809,1.34095288813
1380,418.538604736,300.144165039,21.3584804535,48.3269996643,1.21515784413
1380,409.191741943,290.478424072,20.2818775177,46.443523407,1.0306108743
1380,409.981109619,155.640701294,25.0424137115,67.2121047974,0.894749071449
1380,7.00863075256,208.219314575,13.7369318008,51.0552940369,0.866762548685
1380,614.900268555,185.89994812,19.7582607269,55.8102836609,0.801210198551
1380,479.198486328,214.201293945,15.9971761703,44.2338562012,0.714996131137
1380,579.222900391,188.528640747,15.4647073746,56.8623466492,0.585693353787
1380,503.554901123,211.232467651,24.2760639191,54.2215766907,0.29221365694
1380,44.3543510437,129.712814331,30.893743515,114.348670959,0.0743507000152
1380,17.3133049011,122.023864746,27.4627151489,92.1087341309,0.0741541560274
1410,123.662483215,186.529953003,23.461769104,65.0289077759,9.40562412143
1410,30.1713733673,199.553710938,19.8314704895,58.3211212158,3.72859686613
1410,617.125,201.258239746,17.469701767,45.416305542,3.00326682627
1410,427.642822266,175.039993286,22.6580715179,66.6065750122,2.63444781303
1410,168.053878784,190.407775879,23.3188762665,56.7418556213,2.05701999366
1410,606.655578613,202.533126831,19.4000797272,56.6370544434,1.00091071799
1410,507.178070068,208.406616211,29.1284008026,63.712474823,0.714956596494
1410,446.412200928,313.069580078,22.3486728668,50.3976631165,0.641158083454
1410,585.638305664,180.413208008,25.4578990936,59.501789093,0.469170557335
1410,616.631408691,228.560592651,18.3427333832,51.8045806885,0.456707412377
1410,18.5966911316,389.650665283,24.4205913544,55.438873291,0.384300923906
1410,52.0760650635,176.253463745,28.9150485992,68.4869613647,0.196396536194
1410,428.677490234,312.976135254,21.7934036255,46.6146697998,0.124016474001
1410,439.723266602,198.603286743,22.2265777588,49.8492736816,0.0615301774815
1410,9.50642871857,124.248657227,28.8277950287,87.4041824341,0.0206674943911
1440,608.221313477,181.349441528,23.5839633942,72.6781082153,6.91570788622
1440,372.631958008,192.296203613,19.1443424225,48.8915901184,0.84013575688
1440,434.847930908,152.852432251,27.9270095825,85.0261001587,0.71470187977
1440,403.373657227,294.818389893,20.961605072,50.5836906433,0.482308631763
1440,356.809448242,287.394195557,25.9325885773,54.0881843567,0.423298031092
1440,354.751342773,197.6875,19.6482181549,56.613067627,0.389080634341
1440,68.2431564331,199.928756714,18.7023334503,54.0743598938,0.312324403785
1440,447.826507568,184.356338501,26.2012653351,57.7363739014,0.249687233008
1440,302.897125244,383.777984619,28.4993438721,69.019493103,0.242942851037
1440,378.366699219,279.997436523,27.7889499664,53.8338432312,0.233838101849
1440,602.071350098,117.143226624,31.2666378021,76.3743515015,0.188114214689
1440,428.871368408,209.131362915,20.1598873138,43.0573272705,0.137633294798
1440,595.329345703,214.311691284,26.2623691559,51.5205574036,0.0725576479454
1440,122.792778015,402.183441162,25.7624378204,57.1226921082,0.0368651846657
1470,127.266075134,195.70501709,20.6427936554,51.8273582458,9.77393239737
1470,407.99319458,187.061752319,19.5852069855,52.4451637268,3.47956605256
1470,383.838531494,181.2396698,25.5323181152,55.0659141541,2.83632166684
1470,489.399078369,187.088195801,28.7937679291,68.8662185669,2.61031724513
1470,364.538848877,184.587158203,19.0392150879,55.1667060852,1.35036138818
1470,602.74420166,77.2937850952,26.5581512451,58.6457519531,0.7316341158
1470,344.782348633,185.693466187,26.4306716919,69.3396987915,0.501886103302
1470,423.90637207,193.912063599,19.4300785065,47.8828735352,0.206510652788
1470,479.149536133,200.246032715,18.4187526703,50.157989502,0.111591664609
1470,616.807556152,213.316268921,16.0127334595,42.0039215088,0.0938946497627
1470,495.188110352,375.153961182,29.72290802,58.4868278503,0.0348849134753
1500,222.28692627,190.852523804,20.8254871368,54.2010803223,7.90036320686
1500,101.638282776,210.049697876,25.7188339233,47.1921653748,1.95389259607
1500,428.342132568,192.555786133,22.2423782349,57.9274253845,0.590490084141
1500,20.198923111,214.085952759,19.0762348175,39.7082977295,0.569964572787
1500,589.35357666,237.111343384,20.831445694,50.1437835693,0.339892855845
1500,357.811187744,188.11340332,20.170545578,53.8548622131,0.182192912325
1530,370.162475586,182.052749634,18.9499492645,54.8689002991,8.68523344398
1530,13.0349931717,200.673355103,19.0145511627,47.7026329041,7.18414187431
1530,226.022827148,184.018432617,18.7562961578,49.8746490479,4.67128269374
1530,347.222076416,187.261886597,27.9650039673,76.7135696411,1.47749753669
1530,610.543029785,262.787322998,21.1842269897,40.8739280701,1.43362171948
1530,381.994110107,195.565811157,19.1846218109,47.1546287537,1.05015551671
1530,397.571746826,186.722122192,22.5269260406,56.6784095764,0.8898191154
1530,415.556427002,190.240921021,18.2338981628,54.840763092,0.791128817946
1530,210.732910156,182.806289673,22.4811859131,54.4184532166,0.737360445783
1530,439.905273438,214.82182312,20.9626979828,45.1673698425,0.210667238571
1530,15.1617765427,333.893218994,27.6263122559,60.4251747131,0.127451319713
1560,214.307846069,178.692550659,20.2895107269,50.2146606445,19.4024279714
1560,11.3194923401,205.096069336,22.58893013,51.8974151611,13.0712792277
1560,474.147613525,200.031997681,29.4526138306,58.0233268738,8.54180157185
1560,411.408905029,161.087417603,26.3099269867,65.8705215454,7.77132511139
1560,200.808349609,183.555892944,21.492357254,50.4656677246,7.63591006398
1560,375.742218018,174.514541626,20.4707355499,56.834438324,3.50050479174
1560,38.7888031006,208.933731079,19.9501533508,49.4256744385,2.06989664584
1560,387.378204346,177.846817017,18.6785449982,52.0235290527,1.84770170599
1560,162.79776001,199.400756836,19.467956543,41.2742424011,1.47520964965
1560,22.6638584137,201.769973755,26.7804698944,57.1054649353,1.31637519225
1560,227.395126343,178.395950317,16.1321544647,49.2835197449,0.314435805194
1560,408.242401123,199.231246948,24.8285312653,50.8717155457,0.280761695467
1560,397.966156006,170.287582397,20.5275382996,57.6418952942,0.225748750381
1560,351.430755615,173.12348938,29.4917392731,69.1368484497,0.0860305153765
1560,331.490875244,406.171234131,26.1959609985,55.7550048828,0.0473881897051
1590,539.716552734,181.884567261,28.2336940765,74.5910873413,11.5296185017
1590,429.949584961,165.16078186,25.566778183,71.3487014771,10.2746382356
1590,139.029922485,197.85597229,20.7876186371,42.1820335388,4.83431592584
1590,185.756835938,183.842514038,20.3400230408,48.443813324,2.46369466186
1590,200.875061035,176.199951172,16.9487857819,55.3827209473,2.32461858541
1590,377.081817627,174.237472534,19.8025455475,55.933303833,1.61515586078
1590,531.38885498,172.875228882,21.8632507324,58.0766029358,1.5692435205
1590,211.778671265,174.158691406,18.6298332214,50.5563392639,1.11277587712
1590,408.805877686,190.523300171,19.4526939392,47.6762809753,0.880860816687
1590,345.209838867,169.159561157,29.639333725,62.5388832092,0.87145511061
1590,222.29826355,172.307388306,19.0651416779,51.3069610596,0.457679433748
1620,169.271499634,181.9740448,20.5321769714,49.1142616272,32.3540359735
1620,380.295257568,167.380661011,17.8836517334,53.9913825989,3.39874252677
1620,217.533569336,169.690856934,18.2777042389,49.3901252747,2.58499570191
1620,190.655288696,170.777359009,20.5832157135,51.9086875916,1.22532183304
1620,432.987060547,198.218826294,24.0903491974,52.0363006592,0.716900080442
1620,204.431137085,168.731994629,21.6187744141,52.072719574,0.363280787133
1620,451.731842041,190.227905273,23.5505084991,53.0293579102,0.231834547594
1620,524.113952637,70.9069976807,29.8417835236,88.1887512207,0.16987065319
1620,247.272277832,160.776672363,20.3328018188,55.5782432556,0.124206533656
1650,607.463439941,173.167724609,23.1338825226,60.0979270935,8.08031409979
1650,369.88293457,152.767196655,21.8616695404,62.1214637756,4.65999320149
1650,65.7358627319,200.651687622,25.080871582,47.8853874207,3.59220318496
1650,147.466445923,183.687683105,19.2871513367,50.1658363342,2.89741232991
1650,206.616104126,167.037887573,19.9238529205,51.9949302673,1.61999110132
1650,241.572036743,161.49559021,21.8101882935,50.3544197083,0.940420106053
1650,218.582290649,167.980728149,20.1783294678,46.2661552429,0.43591381982
1650,382.746185303,156.556518555,18.6062259674,56.6810760498,0.397023092955
1650,482.368377686,182.189865112,21.4920425415,48.4530944824,0.392026966438
1650,111.004364014,186.636947632,18.0937995911,45.6923484802,0.31096173916
1650,344.016571045,315.448486328,22.1144886017,52.8198890686,0.232871551998
1650,87.8533096313,190.80921936,20.6991024017,49.9523429871,0.184278958477
1650,405.363311768,325.777526855,26.0817775726,53.2191925049,0.170613080263
1650,462.18270874,172.020751953,21.1952400208,55.3368835449,0.140241556801
1650,99.7611160278,189.440414429,19.1087665558,46.6992530823,0.112444406841
1650,468.275604248,190.608078003,28.3745193481,58.2201538086,0.0293075514492
1680,17.6840190887,205.519958496,26.8441753387,45.0072364807,23.5429137945
1680,242.939651489,151.471054077,23.3296260834,60.1257629395,9.09604132175
1680,430.862823486,40.3631782532,20.4075717926,51.9648742676,0.963963847607
1680,206.571533203,167.052032471,20.7413349152,51.6948394775,0.754205882549
1680,440.221343994,186.174972534,19.4258594513,46.1781425476,0.515881786123
1680,194.172653198,255.67010498,22.8598499298,48.3799476624,0.276121892966
1680,68.3023757935,191.730407715,18.7294197083,44.7813072205,0.24025507737
1680,46.3270568848,189.803268433,19.9555454254,48.4893608093,0.139838061295
1680,561.770751953,198.648986816,23.5640888214,55.2666053772,0.117513060104
1680,445.268676758,37.1996459961,19.9191417694,56.5709838867,0.116184866056
1680,410.462127686,164.371627808,19.283367157,50.818523407,0.0405944621889
1710,244.916030884,162.135513306,26.9096164703,51.0814552307,15.3914824128
1710,616.73034668,187.227844238,14.721321106,43.9163169861,2.26335022599
1710,441.973175049,183.42980957,17.5026950836,43.8570518494,1.98245961219
1710,562.106506348,179.369644165,23.7949886322,52.3310241699,1.20084760711
1710,392.343261719,165.896362305,23.1403636932,56.1735076904,1.07463775203
1710,536.268615723,162.953109741,24.3126773834,63.2873535156,0.584834860638
1710,196.57019043,179.243331909,19.6324157715,46.7099761963,0.427181692794
1710,8.52443790436,202.954467773,15.404841423,50.8095207214,0.175604573451
1710,406.441894531,157.763076782,20.890127182,62.7613220215,0.161526596639
1710,420.018920898,154.091094971,18.4880580902,59.994808197,0.0478851550724
1710,464.728271484,26.7009563446,30.5993251801,79.2300872803,1.41788518704e-05
1740,480.779022217,180.91178894,20.9632892609,54.6846427917,16.8246731162
1740,514.972351074,183.121658325,20.6762332916,52.9390602112,12.9121750593
1740,612.757995605,166.158004761,20.5114555359,70.8989028931,5.93080148101
1740,407.809783936,163.174865723,19.6449565887,55.2168083191,4.19687591493
1740,174.069992065,180.069137573,22.9264354706,50.8044891357,3.2655660063
1740,205.096557617,166.425186157,23.7586994171,59.5840568542,3.08749768883
1740,583.489440918,149.307693481,38.4359588623,101.376281738,2.58215647191
1740,189.447463989,181.536254883,18.5697650909,47.3722267151,0.234630005434
1740,615.491821289,216.202697754,18.0834255219,48.3375396729,0.187522359192
1740,566.189758301,183.392532349,22.7375049591,65.8736343384,0.132508052047
1740,465.859710693,195.918106079,25.0976161957,52.7969322205,0.117022963241
1740,601.571899414,198.296081543,24.7210083008,63.0876121521,0.0601236242801
1770,585.005249023,189.098770142,21.3778400421,61.2063331604,62.0120286942
1770,189.252792358,180.350830078,19.3585929871,46.8189506531,33.7640225887
1770,615.550598145,205.928268433,16.6092567444,46.7234611511,4.76124361157
1770,234.407546997,153.70552063,23.6069946289,65.1301269531,3.28329466283
1770,153.089584351,194.234237671,18.7114524841,43.2092437744,2.99160592258
1770,563.983703613,189.192825317,16.9917049408,53.5344810486,2.793584764
1770,442.701141357,179.960494995,23.856710434,59.4248352051,2.646442689
1770,402.626373291,187.473999023,22.2791996002,43.4498901367,2.13177073747
1770,511.793945312,180.469406128,18.5965213776,48.1229972839,2.09179632366
1770,601.902282715,191.208084106,23.3348369598,56.8816986084,1.71622484922
1770,195.94984436,160.512084961,25.6583003998,60.8189659119,1.43733657897
1770,544.870666504,182.290908813,25.2248458862,58.5820007324,1.29993883893
1770,531.40057373,178.930984497,23.0105133057,58.213886261,0.93512525782
1770,456.767456055,197.192886353,19.0293159485,46.1621589661,0.339945266023
1770,96.2520065308,125.291160583,20.5141429901,46.4379615784,0.204603979364
1770,110.050941467,166.102142334,27.0460720062,61.0652008057,0.0978059950285
1770,584.796325684,249.725357056,19.9223194122,45.2477073669,0.0671140267514
1800,586.245483398,180.119400024,20.9004364014,48.4260749817,64.5292341709
1800,225.425552368,152.239517212,26.7680301666,68.8076400757,41.2959992886
1800,118.815406799,182.075820923,25.0491809845,57.7309570312,13.3942499757
1800,595.612854004,161.855285645,27.2750091553,58.6600799561,11.9938902557
1800,615.769348145,168.326080322,17.897649765,49.3498268127,7.90879279375
1800,19.1529140472,205.590774536,18.6540088654,46.2100715637,3.06845065206
1800,172.505432129,177.84147644,20.0283489227,51.7482261658,1.63885410875
1800,496.211395264,208.79737854,27.160118103,58.0872344971,1.574867405
1800,104.630401611,172.035110474,24.1543216705,59.8724632263,0.57823965326
1800,575.364440918,191.370162964,20.4969234467,50.3466644287,0.4371533636
1800,624.910095215,173.828689575,15.0899047852,64.1290054321,0.364475371316
1800,382.682861328,166.333389282,19.7678184509,54.6164207458,0.219638342969
1800,136.761306763,190.763549805,19.0624675751,45.2106056213,0.183868943714
1800,178.785461426,153.126174927,28.1929950714,67.9623794556,0.149466434959
1800,615.256164551,37.6334495544,18.7531414032,43.8175926208,0.0608882517554
1830,191.259765625,154.229644775,25.5714416504,69.6445083618,17.4838721752
1830,356.290405273,162.796798706,25.1136074066,59.3391571045,3.75500321388
1830,186.01171875,143.895187378,21.1559352875,49.5487670898,3.48733477294
1830,220.15461731,148.668441772,26.0366001129,70.338760376,3.14417183399
1830,545.70526123,160.884384155,19.6700954437,50.2922515869,1.54357980937
1830,73.223777771,201.421340942,23.4037780762,45.9818725586,1.4372064732
1830,264.173797607,317.533172607,21.9861240387,52.6558837891,0.8414930664
1830,394.223388672,179.362731934,18.9597682953,43.8482322693,0.253453012556
1830,433.795013428,164.282302856,23.8767566681,65.688369751,0.115440541413
1830,539.830322266,62.3354301453,23.1571369171,67.8468856812,0.0777558423579
1830,202.580932617,136.292312622,23.5473423004,56.3203125,0.0338640122209
1830,498.449066162,66.2286148071,28.4973907471,81.747795105,0.0141353448271
