30,613.034851074,176.341690063,22.3465328217,61.4631309509,99.4718968868
30,455.798370361,176.426040649,18.4484062195,49.4667243958,83.948379755
30,435.644561768,171.029296875,15.3427286148,49.4220848083,1.26307010651
30,387.028533936,86.3609008789,21.1783542633,57.5082359314,1.20036210865
30,473.400665283,175.614685059,19.7980823517,52.3549804688,0.9606028907
30,413.288238525,151.375061035,22.2716388702,59.8427619934,0.583297200501
30,509.188751221,171.736740112,19.7498416901,49.8520393372,0.0732943008188
30,425.463409424,69.7358627319,17.7493114471,58.7535591125,0.0691217952408
30,37.8260612488,118.334358215,22.4424037933,60.2417793274,0.0419876450906
30,251.158859253,389.463409424,27.2062625885,57.1772270203,0.0204752257559
30,49.98828125,110.156944275,23.0925769806,57.0675239563,0.00876671183505
60,612.277648926,178.84538269,21.7210998535,61.1147499084,99.5182394981
60,465.475952148,175.330627441,22.7671527863,55.7196960449,87.2823834419
60,371.082641602,120.759277344,21.6564178467,61.5920600891,4.2567409575
60,596.933654785,179.897964478,17.172504425,57.7977867126,2.1675541997
60,480.749969482,180.954391479,19.0400409698,53.7776908875,1.85805689543
60,436.090942383,172.342773438,17.0470352173,50.9906158447,0.502046430483
60,456.073638916,180.533248901,17.5194778442,46.9084205627,0.458085769787
60,385.830322266,93.7192611694,24.4446487427,75.5053100586,0.237669912167
60,628.256347656,180.086746216,11.7436523438,56.2069816589,0.154639047105
60,419.496429443,151.705154419,21.1569423676,62.8361244202,0.154013268184
60,419.18258667,73.1912689209,17.4778842926,56.2458381653,0.113786291331
60,509.309448242,174.370651245,20.0574588776,47.6445121765,0.0552801648155
60,30.5846157074,112.975494385,27.1864757538,67.6451339722,0.0264148169663
60,251.127182007,392.411621094,26.5651321411,51.8642272949,0.00974256254267
90,612.941223145,177.965560913,21.5883617401,62.5702476501,99.6547341347
90,473.486663818,174.553024292,21.8620834351,58.4784126282,86.0651791096
90,367.418914795,125.554603577,21.4687366486,59.3574523926,6.54035210609
90,413.949829102,73.0106124878,18.085313797,58.0123291016,0.544321909547
90,627.636901855,177.101623535,12.202003479,59.2823524475,0.234818062745
90,459.928375244,168.669326782,15.7788095474,51.8359718323,0.137513165828
90,509.338256836,173.041946411,19.8443317413,47.5447273254,0.109536724631
90,425.637908936,67.1434860229,17.7370491028,64.5025787354,0.108973728493
90,251.880126953,396.382568359,24.831407547,48.8666038513,0.0898983969819
90,419.571380615,151.395584106,20.7530422211,63.4576568604,0.084411125863
90,433.104370117,170.568466187,19.7938594818,47.2376976013,0.0679054821376
90,425.140777588,124.631446838,18.7342891693,51.0255622864,0.0276471633697
90,123.626945496,132.46546936,22.6303424835,57.3511619568,0.0141062395414
120,611.681945801,174.777282715,24.2997493744,64.9096908569,99.5082497597
120,478.321166992,172.620407104,24.1058101654,60.1142730713,74.3713974953
120,3.67375063896,258.959320068,24.9896678925,85.6400680542,5.07111027837
120,433.502227783,178.208938599,19.8862171173,43.872833252,1.68516580015
120,386.12210083,84.2460708618,26.0103473663,70.4449081421,1.29668265581
120,371.469818115,127.802215576,21.6679382324,54.9800758362,0.916719902307
120,419.218963623,71.1355819702,17.3493041992,60.221862793,0.669093616307
120,492.694671631,177.845275879,19.3293380737,49.7175178528,0.54146302864
120,589.751403809,54.9594993591,19.1544704437,41.7027931213,0.319165317342
120,628.078063965,179.456588745,11.8264322281,54.8322601318,0.274334242567
120,418.890625,138.695251465,20.9386978149,56.8399162292,0.212738197297
120,437.61630249,125.891357422,23.5165119171,65.7107009888,0.211834581569
120,509.75378418,173.727157593,19.0872459412,48.0645713806,0.178350962233
120,430.806884766,69.4453125,17.171749115,66.7009658813,0.138367863838
120,250.859848022,391.285003662,26.8896427155,56.3249092102,0.0068266679591
150,614.996826172,179.521743774,19.9194049835,64.4379959106,96.7761993408
150,494.273468018,177.563400269,19.2641162872,49.6333503723,92.7240610123
150,476.416503906,178.293624878,18.9803829193,58.031627655,9.63193103671
150,434.144683838,177.54246521,18.1967048645,46.3945655823,0.809053238481
150,370.877960205,128.332443237,24.5409946442,64.8229141235,0.678038736805
150,597.739440918,181.424850464,22.9394321442,59.8682823181,0.526122795418
150,503.725189209,173.607528687,23.8109588623,52.720123291,0.268877809867
150,457.586517334,130.162536621,20.2290611267,57.4311180115,0.257235625759
150,442.624053955,124.610679626,22.1749858856,61.4530220032,0.22978335619
150,419.903411865,144.502960205,20.3905887604,54.2915992737,0.130617129616
180,506.517333984,195.032699585,19.6638774872,47.4490699768,92.9232358932
180,612.99206543,201.184921265,18.0986194611,45.6173439026,10.7016451657
180,373.371307373,147.462249756,21.8663787842,58.2342262268,1.41478832811
180,143.000473022,205.24067688,26.3255786896,55.4776000977,0.536340009421
180,441.015716553,145.321289062,19.6185798645,52.4084968567,0.476442510262
180,526.192565918,190.583206177,18.713098526,52.3106689453,0.243882811628
180,419.150238037,158.707809448,20.7301235199,56.309967041,0.0913566444069
180,532.924560547,84.2400894165,28.5755901337,73.9647598267,0.017032987671
210,519.340209961,207.314956665,22.098859787,49.8774452209,97.410005331
210,429.657867432,200.788574219,22.5826816559,54.0959320068,5.92466555536
210,419.695953369,175.437484741,19.8409862518,54.5077400208,0.45442818664
210,552.150817871,80.9183731079,20.7321910858,58.1012763977,0.250000297092
210,381.14541626,141.260787964,19.6259384155,59.913936615,0.198113149963
210,397.892242432,137.66998291,19.5837173462,55.477306366,0.172229774762
210,445.341522217,136.577392578,22.9650650024,61.7173042297,0.158809905406
210,429.152740479,164.614364624,20.711315155,53.8883514404,0.151568639558
210,426.866455078,103.20349884,17.2657680511,59.15442276,0.0698322022799
240,542.091369629,208.535812378,22.0911998749,48.0793609619,98.4546124935
240,6.22411489487,228.624832153,18.8840923309,55.4966011047,6.75917193294
240,442.123535156,202.777832031,17.896156311,52.8468170166,2.09940187633
240,520.911376953,205.340515137,16.5367412567,47.5430145264,1.04550793767
240,4.61390066147,249.298934937,25.4578857422,78.0242462158,0.863883271813
240,567.409545898,73.3512802124,20.1086654663,55.382019043,0.394036760554
240,450.88293457,138.101242065,20.7441711426,55.6676902771,0.28581249062
240,558.641723633,204.907821655,17.3733692169,50.9486579895,0.20570862107
240,84.1422271729,143.772903442,27.5577106476,58.2058563232,0.175842572935
240,448.662719727,158.654037476,26.0170116425,81.6393966675,0.128937489353
270,566.699279785,194.386978149,23.9615116119,54.3368377686,97.2586512566
270,15.2178611755,266.793823242,35.1974830627,86.2876815796,13.4832799435
270,454.385009766,201.36289978,20.036485672,47.9578132629,4.66114170849
270,70.1750259399,228.382324219,24.5123081207,72.7968521118,3.89506109059
270,400.130371094,167.158004761,18.2771015167,50.0812225342,1.65965631604
270,10.207652092,299.097290039,14.1335077286,60.1444816589,0.619165739045
270,428.430664062,80.8312301636,18.4612140656,68.9022293091,0.479636853561
270,527.272094727,194.97883606,19.178155899,48.8368988037,0.238645425998
270,408.163726807,152.81880188,19.4163341522,54.7383079529,0.191431224812
270,5.46540307999,121.61782074,18.5209407806,55.381275177,0.141609762795
270,515.766174316,192.908401489,20.0856399536,50.8081932068,0.139187474269
270,41.4536209106,105.542816162,25.3607730865,65.9550018311,0.0780601985753
270,431.333374023,139.251602173,19.8103733063,51.0574760437,0.0555986887775
270,456.73046875,114.154304504,27.659444809,69.4636917114,0.0166463942151
300,611.9453125,187.658004761,22.0418262482,54.1251106262,97.2761213779
300,443.107574463,55.6841011047,23.7472858429,67.9995956421,11.3082133234
300,462.752685547,188.186538696,16.6709880829,53.0147399902,9.21522527933
300,43.7600364685,101.509559631,27.7781047821,73.5784301758,3.65158952773
300,94.5930709839,224.627609253,21.5699672699,60.5010795593,3.08438222855
300,626.790344238,185.877883911,11.5136346817,51.4404754639,1.63874477148
300,380.264007568,130.526504517,27.3748092651,64.3289871216,0.918766856194
300,423.344085693,92.7712173462,19.4852790833,64.9956283569,0.790584180504
300,478.719818115,43.6364250183,24.3297100067,85.1309585571,0.638278294355
300,605.763000488,46.9098777771,18.1809978485,50.3542175293,0.525715667754
300,548.00213623,194.307052612,19.3919296265,49.0374603271,0.342411128804
300,457.992675781,57.4603767395,21.6240139008,74.6092300415,0.283198175021
300,509.619140625,177.387649536,22.0277862549,54.7521324158,0.279030343518
300,122.785682678,202.874771118,30.2631969452,79.6633453369,0.270874309354
300,493.707733154,174.768478394,21.925737381,56.0003509521,0.162536522839
300,471.78137207,191.206970215,17.6617164612,49.002040863,0.122451642528
300,59.2050323486,218.365188599,29.8593120575,72.4049301147,0.120683026034
300,2.43718981743,103.275085449,22.0195617676,55.2141113281,0.114378519356
300,615.820495605,48.3041877747,24.1795043945,62.4619407654,0.0884364650119
300,485.643188477,195.226608276,18.5610942841,47.1356468201,0.0194076361367
330,395.039520264,199.379516602,20.032831192,45.3051567078,15.1035264134
330,473.330078125,45.9153900146,20.9937019348,54.8384590149,6.97098746896
330,477.41104126,185.632125854,21.0107345581,53.8771972656,3.61626520753
330,609.800231934,187.869262695,19.8448200226,51.686126709,2.28901430964
330,40.1389808655,97.7938613892,21.2725200653,59.1598205566,0.83684772253
330,210.636474609,175.686172485,16.8214969635,46.6441497803,0.663509452716
330,487.563751221,50.6784362793,19.1554527283,58.4188690186,0.653336336836
330,142.514221191,196.679702759,29.3722248077,80.6827697754,0.555989751592
330,9.45315074921,90.3179931641,27.1486606598,85.503326416,0.373450899497
330,536.379211426,179.86151123,19.481798172,49.0849647522,0.232754112221
330,23.9498901367,94.3842391968,21.0476474762,55.5319023132,0.0592623080593
360,510.803924561,28.136297226,20.8858623505,65.9004135132,32.8876376152
360,417.52331543,197.478683472,18.0424575806,47.6295928955,16.8020278215
360,510.116668701,196.69744873,21.3114948273,52.7184638977,15.1470452547
360,531.02142334,205.386962891,16.4031200409,47.6628913879,14.4577220082
360,216.398986816,172.096176147,18.6820087433,45.1690635681,3.24777141213
360,37.4433708191,176.643814087,37.7743034363,99.2237243652,2.16764416546
360,617.563598633,201.274307251,17.2110881805,48.0779533386,1.70144177973
360,49.3864097595,239.413467407,25.8825893402,80.3784713745,0.850508268923
360,568.539794922,184.241149902,19.5068702698,50.1506843567,0.791064929217
360,3.08568191528,79.6123886108,27.4848003387,73.5781860352,0.573923485354
360,483.372039795,151.872955322,19.9475078583,67.3006439209,0.486206682399
360,494.6690979,191.186691284,23.134141922,54.7959403992,0.442613847554
360,97.0729446411,160.947677612,22.884147644,60.3451805115,0.190177711193
360,557.034118652,31.7868671417,19.1582889557,65.4137496948,0.176524941344
360,27.3341617584,232.509414673,28.1716899872,60.1127471924,0.175432907417
360,590.674987793,181.533706665,24.0958080292,55.1541633606,0.164566817693
360,515.652770996,103.017250061,18.7934036255,47.6114616394,0.114061345812
360,525.976196289,108.951316833,17.8903865814,48.0219612122,0.0913311145268
360,439.308929443,149.299545288,20.5099182129,50.943145752,0.0194390551769
360,543.436706543,32.9099006653,21.709733963,62.9783172607,7.56060785534e-05
390,610.39654541,203.987808228,18.0268917084,55.836063385,40.1258021593
390,591.498718262,200.657424927,23.5997219086,53.8757667542,21.9343781471
390,232.464889526,178.082702637,43.4674987793,83.6987380981,10.1517736912
390,243.841812134,171.183334351,20.445772171,56.0578117371,4.45000566542
390,85.5862197876,263.308258057,30.0984401703,105.144874573,1.86033789068
390,3.90027356148,73.2589035034,28.6114959717,66.5233612061,0.0952148810029
390,578.299255371,12.1942367554,21.1946353912,68.8829421997,0.0617544399574
390,20.8467540741,55.2869606018,27.4919147491,79.50756073,0.0130817876197
390,593.15057373,18.2501087189,18.6150245667,51.4922523499,0.00660355726723
420,266.407836914,218.930618286,37.7305374146,106.691795349,16.4111867547
420,13.727265358,32.6755523682,31.3691387177,112.729682922,12.1843121946
420,46.856918335,168.693725586,29.5018825531,65.8680419922,11.7994263768
420,4.87028312683,198.710861206,18.2182292938,53.6612548828,5.99158108234
420,14.6035232544,195.368286133,17.5737400055,50.4031715393,0.584753509611
420,295.047576904,224.306884766,24.6125240326,68.3099594116,0.46683200635
420,426.435546875,167.54624939,21.2642345428,54.0229454041,0.231205183081
420,111.672233582,152.751373291,28.8904190063,54.2865142822,0.197747629136
420,6.39260816574,94.4898300171,18.3386898041,65.0677108765,0.182863441296
420,294.407989502,158.722763062,24.2705917358,62.9950218201,0.0587302842177
420,32.2955741882,32.0018043518,22.0874080658,59.3975791931,0.0220729518333
420,24.3825016022,73.3958206177,32.1927185059,103.219062805,0.0135934809805
420,62.808177948,50.0419197083,37.2688179016,100.81817627,0.00198037596419
450,581.123474121,153.744125366,18.5452251434,46.6828918457,12.7976149321
450,60.3696098328,185.623428345,27.0703678131,55.5978889465,9.50292274356
450,265.504241943,186.345779419,18.5446224213,45.278629303,9.11471545696
450,617.638000488,145.818496704,15.2248353958,47.2860603333,8.15563946962
450,182.116638184,76.5020370483,20.9015522003,54.8862266541,2.80288588256
450,565.940734863,153.616897583,22.9615573883,51.7704467773,2.55530029535
450,64.6154022217,97.8662338257,22.3838710785,58.6391181946,1.41899576411
450,216.630783081,185.989456177,17.3474559784,43.7078971863,0.555232306942
450,287.27645874,150.503723145,18.2713050842,67.3487091064,0.325687159784
450,78.030921936,96.1972885132,18.8991470337,54.5945472717,0.17602769658
450,600.17401123,139.246032715,24.3107051849,61.0479240417,0.139342225157
450,7.44903039932,70.7221908569,64.3616104126,200.065628052,0.0973819755018
450,436.752563477,246.950195312,30.1647109985,75.3792190552,0.0692142290063
450,206.233337402,104.819763184,26.3401203156,60.8601799011,0.0189155485714
450,269.101226807,81.8638839722,20.713312149,82.4686050415,0.0011858713151
480,590.357116699,136.57862854,25.7876968384,74.1972122192,30.4720848799
480,163.214538574,192.909561157,20.8838634491,47.952835083,5.47007843852
480,110.475921631,195.310653687,19.8235244751,44.9347686768,3.22798341513
480,68.3613815308,70.6620025635,19.4235534668,51.7274284363,1.8699452281
480,306.477600098,179.278305054,19.1164417267,48.7671966553,1.35376704857
480,574.623596191,128.068481445,19.1401309967,60.6306877136,0.778913684189
480,605.088378906,152.899581909,20.1470527649,61.8160552979,0.378764490597
480,101.414520264,187.64402771,18.1537914276,46.780796051,0.306182331406
480,177.378555298,76.477935791,21.2686023712,77.6631546021,0.0313730997732
510,605.914123535,205.208755493,21.1627845764,48.8990516663,10.7713162899
510,565.530944824,68.9031143188,25.4878158569,85.5482788086,9.29059535265
510,579.356262207,65.6975631714,21.3512496948,62.4252815247,6.18816651404
510,601.625671387,61.0775566101,24.3122653961,70.6028671265,4.30805273354
510,529.292785645,96.0731887817,21.0522441864,68.1256484985,4.2283218354
510,544.073242188,80.384185791,25.9774703979,88.2387084961,2.56010238081
510,617.223449707,148.716262817,18.5716190338,54.827709198,1.29331219941
510,589.615905762,53.0834770203,21.7346038818,60.5122718811,1.1727114208
510,618.586364746,200.920715332,18.8047809601,52.2803535461,0.843033846468
510,617.626403809,82.2472305298,17.6215648651,51.8869171143,0.55154915899
510,73.1884231567,131.076919556,20.8517398834,76.6772079468,0.386685086414
510,141.728378296,151.634719849,21.4535446167,61.7633209229,0.218887790106
510,489.049102783,120.527000427,25.346534729,71.1469192505,0.151445891242
510,579.386169434,101.455108643,19.2085113525,54.1100883484,0.108902947977
510,561.052734375,129.741958618,29.2023696899,79.9162826538,0.0918044650462
510,581.956054688,151.717254639,24.5215969086,63.3299713135,0.0295145582641
510,32.3759422302,77.9923248291,28.0271167755,78.0403137207,0.0267110095592
540,105.029418945,176.663894653,24.1958560944,52.0276794434,21.1953237653
540,62.4106407166,181.420059204,28.6785354614,65.2496414185,11.6030924022
540,434.304443359,190.300704956,26.7366123199,59.224407196,6.86867907643
540,456.347015381,96.1120223999,19.7880077362,54.2609367371,4.46205735207
540,573.341003418,23.232378006,24.6258220673,80.3140716553,3.15761379898
540,429.300323486,104.553489685,25.5372695923,68.91822052,3.10449805111
540,466.143798828,88.2221069336,26.1787281036,86.822517395,3.05045228451
540,445.343719482,103.059822083,23.7662887573,70.9804840088,2.68267542124
540,491.472167969,60.178478241,27.1208343506,91.2591781616,1.43758878112
540,397.144042969,121.48223114,20.2276382446,56.423664093,0.822557043284
540,8.77580928802,272.819030762,26.1412220001,73.5675048828,0.700661819428
540,81.628288269,186.433029175,18.4843597412,53.7415161133,0.369920325466
540,516.04284668,56.2097969055,34.6369400024,85.418762207,0.211796886288
540,471.399169922,144.102844238,22.2034435272,64.5935134888,0.202122353949
540,443.40234375,162.077987671,21.6666889191,57.7190971375,0.140184815973
540,409.160552979,125.370521545,19.4552135468,58.1165466309,0.0832093355712
540,425.586029053,185.997970581,19.4848632812,56.6412315369,0.07631132612
540,610.11907959,33.5169143677,22.5428981781,66.0229034424,0.0269062496955
540,179.572494507,142.670516968,31.5402965546,74.1798553467,0.0117773219245
540,627.885559082,27.9498806,12.114440918,46.2073478699,0.000997691313387
570,199.231216431,192.476119995,21.2062759399,53.6345672607,6.82598128915
570,507.192596436,33.4247741699,21.0021648407,63.3754768372,3.76115478575
570,403.586151123,85.1840286255,23.3155879974,72.639793396,1.56226474792
570,465.941925049,38.1317710876,20.1891994476,67.2313995361,1.46647086367
570,447.224273682,45.8915100098,30.6305294037,91.6922607422,1.34310442954
570,421.215576172,71.6510238647,26.3752613068,71.6526870728,0.327880261466
570,401.182128906,171.21925354,25.4164352417,68.01512146,0.0960964767728
570,448.489898682,106.508552551,31.2451725006,107.14200592,0.0941145757679
570,615.769226074,132.772705078,24.2251338959,62.4583015442,0.0793330837041
570,476.376922607,38.0968666077,23.3604507446,75.6161804199,0.0206968776183
570,519.963928223,21.7679233551,34.5980949402,86.4398117065,0.0149858416989
570,413.94821167,163.720352173,20.2635231018,54.7100067139,0.0106206032797
600,12.0330314636,185.54095459,20.0928821564,46.6640129089,30.5465191603
600,433.255279541,56.0375671387,31.9396438599,83.5496139526,3.07809002697
600,418.834869385,55.8955039978,24.5622940063,83.5347824097,2.9138257727
600,385.587280273,39.9462814331,24.8013286591,71.7401504517,1.14466911182
600,19.8653125763,171.983337402,26.1866664886,57.7722663879,0.318863103166
600,457.56918335,59.6641349792,25.2575588226,82.977645874,0.314484466799
600,377.603546143,55.9041900635,18.7236919403,63.0605964661,0.234537268989
600,493.751586914,29.1101589203,20.8559856415,63.1667060852,0.174133828841
600,161.309066772,184.604354858,28.4066066742,74.9551467896,0.147525803186
600,477.92578125,73.3374557495,29.6686859131,64.7811050415,0.0990462605841
600,461.386352539,147.586654663,20.6850414276,56.9439201355,0.0970565364696
600,396.453369141,44.4546928406,29.7730102539,88.8994522095,0.00333227908413
600,521.285095215,14.0047197342,35.3535957336,97.1946105957,0.000396481300413
600,499.384124756,18.3075561523,34.3124656677,87.5609207153,0.000276142395705
600,374.898590088,28.0905227661,22.732252121,54.6271629333,5.32186675173e-05
630,515.117126465,39.7993774414,25.845916748,85.6445922852,8.46740305424
630,476.942901611,60.7167663574,28.679517746,83.734336853,5.4283708334
630,531.715820312,29.531545639,20.5276985168,59.9005737305,2.89568640292
630,616.278015137,124.293556213,17.9857215881,48.0168190002,2.85111553967
630,569.936340332,21.2118854523,29.4160251617,82.1884078979,1.12575413659
630,616.24005127,92.3796157837,18.3578414917,53.1862373352,0.964515656233
630,617.77532959,34.6914634705,17.4327144623,48.9207191467,0.787004642189
630,497.829498291,72.8047485352,18.7343883514,55.6102027893,0.720186019316
630,573.247375488,123.180358887,21.5026836395,58.9745597839,0.607999833301
630,200.351242065,190.101852417,22.2723941803,57.6675415039,0.329126766883
630,546.6640625,24.2634143829,23.8933200836,72.7091217041,0.0363660918083
630,594.868164062,4.26618432999,35.1273422241,86.247253418,0.000745016996007
630,496.949371338,26.4468536377,32.8992652893,88.020324707,5.8601699493e-06
630,474.984161377,15.952876091,24.8616867065,69.1778488159,6.68313315799e-07
660,597.454406738,175.534484863,22.6819210052,78.0369033813,32.9939782619
660,608.482788086,308.944824219,26.4356822968,67.0911407471,1.75945349038
660,50.9183921814,174.769226074,25.6340847015,56.9882392883,1.70955806971
660,610.734069824,180.296218872,16.4604282379,51.4626045227,1.52880931273
660,571.922363281,27.6653747559,31.3205795288,79.5135498047,1.29090510309
660,244.857040405,177.674636841,28.9702968597,58.2756652832,0.995909143239
660,597.416748047,38.1714668274,34.8795509338,79.2001953125,0.873205065727
660,551.983581543,40.194103241,21.162021637,60.1934661865,0.365393608809
660,132.570114136,123.350151062,19.4327449799,66.5052108765,0.084097526269
660,458.230834961,152.295028687,27.0967788696,79.4955673218,0.0363919505617
660,589.410644531,20.1703357697,24.6926288605,67.4162979126,0.01727053168
690,579.546936035,160.46661377,45.9006004333,98.5504455566,67.3432588577
690,574.469665527,60.0959587097,22.4605731964,67.1224136353,9.12697389722
690,606.039245605,168.893386841,20.0170669556,60.1893310547,8.39613601565
690,423.425323486,183.181777954,21.50349617,66.5570907593,6.60966038704
690,574.865539551,187.515274048,22.226808548,66.762336731,1.34612275288
690,78.0973892212,114.993713379,18.110578537,41.5559806824,1.03994384408
690,89.4140548706,113.799247742,17.973077774,43.2626304626,0.510794622824
690,99.4700622559,111.27596283,20.1730136871,55.8320198059,0.501642050222
720,69.115486145,192.714904785,23.1128826141,60.079624176,20.4078480601
720,500.765289307,126.915893555,27.3736801147,104.033149719,20.1625034213
720,538.592346191,116.148193359,18.3260631561,56.8324394226,10.6653474271
720,581.221252441,228.942672729,33.482334137,115.813652039,6.07484169304
720,410.271881104,178.459060669,19.5258083344,49.5382728577,4.11220565438
720,515.546020508,131.095581055,19.1590747833,66.3908691406,3.99773940444
720,82.3754501343,115.410644531,20.9383907318,68.806678772,3.10238692909
720,613.405273438,286.391448975,24.7401866913,77.3472366333,2.62956675142
720,524.892089844,125.638084412,23.589963913,66.8726196289,1.89471691847
720,512.759460449,186.308364868,31.5162258148,83.0309906006,1.38651775196
720,65.1329345703,93.4131469727,22.2352962494,66.9131088257,0.90541979298
720,548.205749512,101.637611389,28.2879428864,70.0881729126,0.4474459216
720,43.7694892883,174.974777222,22.4736385345,55.2444114685,0.328284502029
720,611.814758301,231.804702759,19.1688232422,56.6523475647,0.20249420777
720,622.957641602,255.439071655,17.0423583984,71.289604187,0.151819456369
720,94.0945739746,118.156494141,32.8255882263,90.056388855,0.0568999326788
720,63.3993873596,116.807609558,32.5094909668,90.9993896484,0.019530368445
720,534.069335938,186.971542358,22.3278560638,65.443611145,0.00193682190002
750,418.082275391,183.295181274,29.7960338593,69.18334198,61.2283587456
750,21.340171814,64.1137924194,33.062789917,101.537994385,7.45020359755
750,11.5070791245,67.1309204102,24.8425216675,72.3819122314,1.60783361644
750,14.6492195129,105.809883118,22.7444019318,67.731918335,1.33203659207
750,5.36219453812,99.9297714233,18.7860469818,66.208732605,0.351871689782
750,64.7860031128,88.6389541626,31.2580356598,94.4761428833,0.118466303684
750,83.2351226807,87.6928634644,30.0910549164,83.4660110474,0.104934920091
750,618.541625977,178.03086853,14.638504982,50.9453544617,0.0759774295148
750,610.606445312,82.3180770874,19.4001178741,46.792842865,0.0111465640657
750,597.238037109,89.3625869751,23.3933868408,54.9539489746,0.00311526928272
780,434.228363037,169.989089966,20.2411651611,57.7077178955,95.2543735504
780,471.672119141,148.10093689,22.8873653412,58.532497406,6.88734427094
780,14.1156740189,146.740585327,29.175699234,64.9262466431,6.07389472425
780,442.739135742,169.398605347,30.5853939056,84.1269073486,5.54396286607
780,52.1651306152,147.724746704,18.7876224518,51.409702301,0.570952985436
780,349.683258057,158.374252319,19.6368236542,52.7881278992,0.524350069463
780,19.4038181305,83.936378479,22.9631710052,67.4929428101,0.346872746013
780,153.39302063,154.113235474,16.5343074799,47.7921485901,0.22819226142
780,366.63381958,160.153808594,18.4782848358,49.7879180908,0.155636935961
780,34.8799819946,140.900283813,19.8584938049,54.2739868164,0.139341806062
780,63.1209869385,144.953720093,20.4216537476,56.5123023987,0.0963860715274
780,413.745574951,171.419540405,23.1658477783,56.1608848572,0.062347878702
780,86.9154891968,90.1666259766,22.0759334564,66.6941146851,0.061468797503
780,33.2538719177,89.3424301147,21.2968196869,62.3044586182,0.0307760725264
810,435.755737305,168.334945679,23.7143383026,68.2316436768,97.7852940559
810,530.466552734,122.709007263,18.3066616058,50.6014900208,22.3428189754
810,554.273498535,128.580337524,22.017326355,70.5816345215,21.1679875851
810,179.623168945,154.747207642,16.8355712891,49.3606147766,12.3911857605
810,48.3489227295,48.8426628113,22.9710388184,59.5497245789,6.4118899405
810,387.391387939,162.058013916,19.3950538635,50.6083374023,3.58320958912
810,65.4929504395,74.2073898315,21.859331131,63.8520851135,1.39150498435
810,42.5369682312,59.2568473816,37.4448013306,106.558372498,1.04988161474
810,617.786499023,241.294570923,16.6403312683,52.4919776917,0.37536136806
810,496.330474854,156.752532959,17.0315990448,55.7903442383,0.291322753765
810,542.772033691,125.778450012,18.2644252777,52.8244361877,0.192249240354
810,603.857849121,103.961578369,21.5516300201,56.983089447,0.0633550342172
810,5.20322942734,76.3101119995,18.9309101105,70.0106811523,0.0398255215259
810,452.190216064,166.3099823,25.3761291504,66.8964920044,0.0161850082804
810,615.057739258,27.1907978058,20.0221157074,58.0287513733,0.00136152748382
840,483.932373047,161.124023438,37.8827476501,97.729888916,99.3902802467
840,7.14590501785,174.760803223,21.3005619049,39.4232826233,18.7891259789
840,413.696563721,164.979415894,27.5292987823,57.8738555908,4.01229299605
840,13.9673185349,141.029327393,27.7379360199,70.8361968994,4.00886051357
840,429.858917236,168.346176147,20.0502033234,65.6259994507,2.08603963256
840,615.736755371,200.069900513,17.9315242767,49.8767242432,1.33873065934
840,53.2380943298,169.807403564,18.2192821503,42.2521743774,0.947965309024
840,205.163253784,157.023071289,21.1397609711,45.6846160889,0.566009338945
840,59.9609680176,62.2246284485,33.1065597534,82.8935623169,0.492018926889
840,618.647094727,87.6913070679,21.3529052734,68.0646133423,0.129798450507
840,388.373260498,155.243606567,19.7817306519,57.3032951355,0.0563883862924
840,41.9381523132,164.800994873,18.700345993,49.7944488525,0.0481801602291
870,574.873779297,153.274475098,61.770198822,152.164718628,99.4067132473
870,483.896209717,178.719955444,23.6184444427,82.6033859253,59.8358809948
870,450.341766357,160.709594727,29.8697299957,68.9292526245,14.5948246121
870,28.8891906738,167.283706665,22.8883533478,58.0873069763,9.29388925433
870,464.401519775,166.763809204,30.8302249908,87.5233459473,4.59128320217
870,412.478179932,164.462387085,21.4098510742,62.1351013184,3.94292883575
870,614.772460938,240.613937378,18.8362083435,61.9557762146,3.59920524061
870,210.095046997,158.193435669,19.3764972687,51.4070587158,3.26596274972
870,390.103790283,179.736068726,23.7420787811,54.8836708069,1.65945794433
870,195.929031372,157.893157959,19.2637577057,50.7470092773,0.857747346163
870,574.681945801,170.890014648,25.9282054901,75.3551101685,0.384621322155
870,607.276794434,169.927444458,24.3171977997,102.088500977,0.278265844099
870,36.0440788269,137.921401978,25.9919033051,73.7720108032,0.262714410201
870,104.542320251,167.915390015,18.2177791595,50.8483695984,0.10555688059
900,495.915374756,159.163131714,32.9227409363,86.026763916,33.4640353918
900,544.342346191,185.848312378,20.8626060486,60.656414032,6.53385519981
900,404.45413208,171.363418579,22.5099887848,62.8578796387,3.03291920573
900,84.4516677856,181.513442993,17.7875385284,45.8240013123,2.89157796651
900,506.617553711,137.587402344,20.6593093872,63.4835090637,1.40075804666
900,71.9174957275,178.093063354,18.4814357758,50.2705993652,1.36905563995
900,60.1314811707,185.084945679,21.6816768646,51.4689292908,0.621990067884
900,413.764312744,109.073974609,29.9146327972,73.4385147095,0.402534008026
900,417.802581787,159.248825073,34.8978385925,84.7157897949,0.253262137994
930,422.583526611,185.616104126,35.3020973206,75.4189071655,83.4928691387
930,37.6611938477,184.089782715,22.3602313995,51.83543396,5.46895936131
930,9.32069015503,180.43421936,18.1989536285,55.7639198303,3.81688214839
930,446.597808838,94.436706543,19.564748764,64.2866134644,3.49850580096
930,23.3508701324,175.915710449,21.9266586304,57.0096740723,2.89899799973
930,430.208953857,90.5481338501,17.821554184,57.8189125061,1.81340314448
930,415.394805908,179.845535278,21.1348152161,72.4809112549,1.69926639646
930,444.131225586,196.841262817,21.6079807281,63.0397758484,0.44631077908
930,179.017837524,151.87713623,21.8573513031,55.5108299255,0.0169090068084
960,497.932647705,166.522842407,44.1262245178,147.965011597,93.00391078
960,13.2763776779,189.940979004,18.1408405304,45.7848701477,37.162142992
960,517.783874512,232.301712036,21.5756664276,71.1277389526,15.7290577888
960,119.612113953,186.306503296,20.4794940948,53.4045982361,7.32480436563
960,548.823913574,224.070205688,25.3771343231,74.6198043823,6.00208081305
960,499.11428833,245.999008179,25.4337081909,59.5020599365,3.63443419337
960,537.269958496,225.585983276,19.599363327,62.5057029724,2.72310059518
960,449.030761719,184.839065552,22.8371047974,71.0088195801,1.59785132855
960,417.186553955,310.245727539,23.8687877655,58.7352409363,1.1358843185
960,437.645263672,79.4314880371,20.5721855164,57.5593223572,1.04290219024
960,493.333251953,46.4679832458,25.5594844818,65.7764892578,0.719004496932
960,515.783630371,165.867446899,23.8689365387,72.2810897827,0.654661236331
960,456.001831055,72.141418457,24.3140468597,68.6941146851,0.531623046845
960,433.786529541,315.20602417,21.6398830414,55.8665351868,0.520989438519
960,528.981994629,124.383811951,19.2352657318,53.5692176819,0.324699003249
960,482.921112061,64.524055481,29.513092041,81.7354507446,0.1240720856
960,562.00579834,220.191696167,23.0582580566,61.8202781677,0.0347058841726
990,456.870819092,36.9090042114,19.6234531403,56.7139129639,55.6993424892
990,482.190673828,35.4708099365,20.7522964478,62.468547821,42.9388016462
990,499.968719482,193.459365845,25.9777851105,69.3507003784,31.8326979876
990,489.281036377,190.664001465,20.1394863129,61.3908958435,24.0586802363
990,9.07549762726,203.054153442,28.9195156097,66.4763793945,16.9643640518
990,544.712646484,179.456436157,27.8004817963,59.3590583801,7.76206925511
990,494.94519043,96.1257629395,29.5451183319,87.3821182251,7.37865790725
990,84.8788986206,173.839050293,16.0747108459,61.1151771545,5.50803467631
990,418.517669678,182.285629272,20.1426696777,55.216506958,2.89419032633
990,617.542358398,62.1549415588,15.671462059,46.1035270691,1.76635403186
990,462.263641357,42.9635276794,28.0059528351,97.9810714722,1.64713617414
990,515.022644043,185.446609497,20.2527313232,63.8651580811,0.796569511294
990,487.680450439,52.6844596863,27.8901729584,84.4435043335,0.705762719736
990,615.906677246,178.386184692,19.2183570862,53.0726776123,0.433337083086
990,129.60559082,158.599105835,29.2147598267,72.2380752563,0.352923921309
990,425.547485352,100.613075256,22.7593708038,76.3010177612,0.248404825106
990,524.460266113,183.075241089,32.5028648376,84.3346862793,0.20299507305
990,602.27734375,211.194778442,27.8885269165,67.5987319946,0.167682289612
990,146.129714966,163.321884155,21.523733139,57.7569885254,0.0733813387342
990,429.302124023,145.915206909,21.2786369324,58.4656829834,0.00543502828805
990,504.72668457,27.5398159027,32.372051239,81.2612533569,0.000592556716583
1020,64.0614395142,200.898742676,21.1275291443,69.0712051392,14.2001733184
1020,427.395843506,185.516296387,17.8764533997,44.3385658264,2.93213222176
1020,385.886138916,170.938537598,19.8494110107,56.9702720642,1.17567414418
1020,414.96194458,183.808349609,18.6839694977,47.579914093,0.664691580459
1020,347.626617432,291.106140137,22.1925983429,48.2310028076,0.55012316443
1020,403.399505615,186.732681274,18.2137794495,45.2893218994,0.231377687305
1020,540.485900879,39.6817436218,21.6985321045,63.9127082825,0.146734865848
1020,144.084793091,187.010665894,20.8594818115,49.2531433105,0.114561943337
1020,518.72845459,20.1542377472,18.9815425873,67.2155914307,0.106636737473
1020,18.7365779877,383.900268555,23.964422226,59.8636779785,0.0127075210912
1020,570.136413574,12.1986665726,28.9100513458,80.7629470825,0.00315564866469
1020,616.556518555,22.4161281586,19.6877231598,46.1361503601,3.2873742839e-05
1020,528.377258301,17.6428604126,24.890007019,66.6606674194,1.97426714976e-05
1050,593.962463379,175.652160645,30.8509464264,73.0312805176,93.3665573597
1050,555.274841309,96.4489364624,60.1605262756,146.427230835,6.16448894143
1050,566.501220703,186.406814575,21.0274276733,49.249206543,6.11606389284
1050,616.402893066,220.051818848,17.4314785004,53.7159576416,2.63287369162
1050,398.573699951,184.835220337,19.405538559,51.1048851013,1.35908955708
1050,443.33190918,181.075973511,19.9157543182,47.812046051,1.26346424222
1050,578.873291016,182.915100098,20.6285839081,53.8662605286,0.935779698193
1050,600.877380371,21.4075183868,27.6389694214,68.8070220947,0.295880832709
1050,386.800262451,173.877502441,19.6062469482,57.3734779358,0.285644829273
1050,430.372772217,171.661148071,20.2949428558,60.7940673828,0.273265643045
1050,616.775634766,185.648300171,18.1024131775,57.7466316223,0.261870585382
1050,617.560241699,23.9325180054,18.9864997864,48.9454193115,0.00809256525827
1080,596.325134277,118.723258972,32.1912269592,104.069313049,63.0724608898
1080,505.035888672,180.409484863,19.5289363861,49.5231971741,34.6223324537
1080,451.94442749,179.034057617,20.175365448,56.6435279846,22.9898497462
1080,617.222106934,193.59526062,17.7628498077,48.1229057312,14.987616241
1080,440.474700928,191.777709961,21.3946399689,50.5530891418,7.23417252302
1080,518.765441895,175.709091187,19.218667984,51.3116569519,4.02659773827
1080,414.282745361,187.540939331,20.1637401581,50.4842529297,3.53263095021
1080,467.058074951,173.127868652,18.9125595093,58.1295509338,0.815817900002
1080,398.449310303,184.189559937,19.3953456879,49.5653190613,0.3431111807
1080,425.833251953,197.361877441,17.4750213623,43.6466522217,0.238430965692
1080,527.481140137,160.903549194,24.0689945221,62.6638221741,0.161842734087
1080,481.066040039,175.490188599,18.5006160736,54.7012748718,0.0836512655951
1110,494.221099854,166.512649536,27.2140655518,73.9713745117,39.3055766821
1110,563.769226074,164.235855103,24.5644702911,68.0622329712,32.3164254427
1110,484.223480225,182.755233765,21.5620651245,61.8858222961,7.06458762288
1110,577.872436523,166.939193726,24.5235500336,67.700668335,6.7418448627
1110,511.976043701,167.609802246,23.0111694336,64.5641403198,3.00725251436
1110,607.216247559,161.190734863,22.2964324951,55.8788948059,2.02785152942
1110,547.25213623,167.439254761,23.2339096069,61.1970329285,1.80718973279
1110,419.340423584,172.488098145,16.4056072235,59.1880645752,1.41649274155
1110,617.056152344,135.476150513,18.4308185577,52.2355995178,1.17065059021
1110,464.027709961,182.930908203,23.4947109222,57.1370201111,0.933150481433
1110,435.193847656,187.895507812,21.8163986206,48.8545341492,0.932563003153
1110,61.9199790955,200.175094604,32.7977523804,83.9874649048,0.85656484589
1110,617.960144043,183.310470581,17.8137378693,49.3634223938,0.441224034876
1110,157.820755005,368.062896729,22.4186630249,46.9037513733,0.424054032192
1110,5.95249414444,71.6807479858,23.8033504486,75.2110671997,0.330365612172
1110,451.427398682,186.012405396,19.4862422943,51.2661590576,0.327905500308
1110,435.504150391,126.220420837,22.4151992798,56.9717559814,0.278726755641
1110,201.262588501,185.676223755,17.8406105042,44.1620750427,0.278445798904
1110,595.013305664,178.446975708,18.8646469116,51.9966621399,0.214676978067
1110,400.119110107,144.807678223,25.2615642548,60.7171669006,0.0733257271349
1140,462.675323486,197.156921387,17.7636241913,49.7087974548,48.6387819052
1140,605.591491699,195.167648315,20.0446643829,49.0688438416,30.0697743893
1140,568.317016602,199.962478638,22.727022171,68.4622650146,11.0930785537
1140,540.619506836,198.199813843,23.942407608,61.2010498047,8.0832451582
1140,472.549316406,195.670578003,21.949754715,48.9978790283,5.88200688362
1140,423.085784912,162.26322937,23.6645412445,76.7456512451,3.25350649655
1140,443.725830078,170.227874756,22.3225917816,68.3083267212,3.17393280566
1140,619.417419434,188.647445679,18.8309288025,54.7282447815,2.34653577209
1140,559.265808105,181.18019104,18.6893424988,56.8660430908,2.06655263901
1140,534.206115723,150.647445679,19.775724411,58.7462310791,1.09833944589
1140,591.224060059,195.350540161,16.6482219696,53.5851554871,0.993241369724
1140,515.002746582,202.269119263,20.6203327179,52.5920524597,0.991795863956
1140,46.5519218445,188.084289551,36.7651481628,97.8055801392,0.675358856097
1140,435.275512695,191.201339722,18.1071834564,50.0382041931,0.362018123269
1140,541.69317627,155.294509888,25.1843318939,73.0861129761,0.107757386286
1140,518.805480957,154.708755493,24.5880432129,69.5882720947,0.016271941422
1170,532.62286377,189.457275391,26.9186344147,65.5357971191,72.5911676884
1170,498.9659729,185.29838562,20.5286045074,61.245639801,37.4011695385
1170,609.155822754,185.161972046,20.669172287,68.6680755615,15.2930572629
1170,512.023193359,178.772872925,16.7816581726,61.280456543,13.3442550898
1170,576.880493164,187.706497192,18.1310176849,58.6698265076,6.15759789944
1170,596.200195312,179.584884644,17.3615913391,63.0144081116,5.76756298542
1170,522.601379395,187.632034302,18.5859889984,60.1786193848,4.94860522449
1170,163.181976318,181.161987305,18.7579116821,48.5476875305,3.36638577282
1170,617.246643066,227.980514526,16.5628929138,59.8945655823,1.36309480295
1170,476.864135742,99.7731246948,22.173324585,58.9020118713,1.30599662662
1170,557.571899414,191.688293457,21.8054485321,59.4544372559,0.489356555045
1170,426.190551758,105.088745117,25.2207622528,67.9578323364,0.36301126238
1170,468.320922852,113.799468994,20.3544139862,66.3519897461,0.321424379945
1170,583.366577148,204.32409668,22.5616073608,51.140247345,0.281030591577
1170,8.16938877106,105.103965759,17.9291629791,50.044921875,0.16971048899
1170,602.231750488,210.304321289,18.467458725,48.598236084,0.0682882557157
1170,503.941162109,118.4139328,17.951921463,61.1114654541,0.0411275250372
1200,581.05078125,169.741638184,28.9887676239,81.4686965942,87.7717614174
1200,593.114379883,132.185028076,33.2143325806,109.370262146,20.1325640082
1200,572.204284668,173.805541992,17.2103309631,61.1244468689,19.9983894825
1200,7.84134674072,196.926193237,38.2349433899,97.1122360229,1.11661897972
1200,599.88104248,122.376609802,21.4430923462,55.1044197083,0.903834030032
1200,15.6228818893,276.565429688,22.2709751129,83.8562240601,0.638897763565
1200,606.447509766,179.469863892,18.2242298126,51.1617393494,0.253173755482
1200,586.423278809,139.838790894,20.6786136627,57.5594520569,0.0598990998697
1200,478.193450928,41.224407196,29.0767364502,65.0929260254,0.00393128975702
1230,100.130531311,149.613021851,23.8761062622,75.5142440796,30.8034688234
1230,433.075805664,140.437850952,38.1249427795,108.992652893,13.6262148619
1230,12.9598464966,256.073944092,33.8668479919,90.8843154907,6.82931765914
1230,455.837738037,157.557144165,35.9023132324,123.14881134,5.2775952965
1230,473.187225342,214.94152832,22.5065784454,63.8775138855,3.52325066924
1230,74.1791152954,163.815353394,35.0831947327,89.9095230103,2.49728374183
1230,456.373168945,143.143234253,19.2715530396,60.7903404236,0.752023095265
1230,11.1516504288,253.992599487,18.6811161041,51.734577179,0.407710112631
1230,467.575714111,137.545669556,19.901506424,57.3561248779,0.0416977156419
1230,486.294189453,219.237930298,18.0922298431,54.0651359558,0.0161060306709
1260,59.3392219543,136.760925293,24.8291397095,63.0246696472,40.5499845743
1260,477.162506104,88.2118911743,21.7505550385,61.0298728943,13.2489308715
1260,11.0023727417,272.493988037,24.6209869385,78.8424072266,1.39234736562
1260,484.864868164,96.2126159668,29.2876873016,82.4807891846,1.02235386148
1260,181.67628479,166.839126587,17.7927417755,46.1507720947,0.793901458383
1260,408.647338867,142.950256348,19.1014442444,57.29479599,0.169808848295
1260,193.258789062,164.594345093,18.9628620148,50.0753135681,0.138722604606
1260,571.658569336,24.5440120697,34.3675041199,96.5734939575,2.12232009744e-06
1290,616.225402832,158.151229858,17.7111301422,48.8299560547,6.81630671024
1290,167.031173706,169.447433472,17.6987228394,47.666431427,3.14213074744
1290,55.8909606934,180.780960083,25.0663204193,71.4088287354,2.63834856451
1290,425.436309814,106.794654846,18.5925426483,55.9054679871,1.96196101606
1290,558.076293945,27.7764377594,34.9527702332,114.49445343,1.12651148811
1290,9.5584602356,125.694709778,24.3634357452,61.438495636,0.651330128312
1290,395.235992432,177.17791748,19.7711086273,53.4537773132,0.0752937456127
1290,438.037078857,56.9472618103,19.5549430847,65.7791824341,0.01843314094
1320,35.8314704895,168.622528076,20.5650196075,59.9324798584,3.6546587944
1320,410.507110596,176.08026123,16.8136539459,44.4614257812,2.33298558742
1320,41.2074928284,135.408065796,29.0385951996,82.880821228,2.07737665623
1320,612.550964355,210.544021606,18.1798591614,54.122089386,1.64960175753
1320,427.03805542,169.375549316,19.4054145813,62.8980369568,0.861450098455
1320,55.14112854,153.844482422,26.4111919403,80.5680007935,0.56521538645
1320,488.188690186,126.679534912,19.5339984894,58.3851776123,0.328865507618
1320,7.46911668777,89.1796264648,17.6593208313,52.0384521484,0.153719645459
1320,145.147949219,168.256958008,29.4320697784,49.5562744141,0.121432670858
1320,86.4081954956,182.440353394,23.7640209198,46.6977996826,0.0574670091737
1320,583.914001465,195.121536255,34.323802948,85.088684082,0.0400853110477
1320,127.725959778,103.478675842,26.9603424072,83.7858428955,0.0242528534727
1350,12.0798368454,190.246276855,22.8825893402,60.7200508118,14.3267735839
1350,6.49509811401,118.721214294,25.4154186249,77.521736145,11.636544019
1350,537.52331543,144.50177002,26.2799015045,68.5413742065,3.40751595795
1350,3.43591046333,158.894302368,24.8645706177,68.0223693848,1.19415549561
1350,434.271392822,174.996643066,22.4538497925,50.9993743896,0.652449578047
1350,216.459533691,172.452270508,17.9763221741,46.9672355652,0.197394285351
1350,509.247192383,64.8920974731,20.0688400269,60.4276237488,0.196325336583
1350,17.8563461304,155.959686279,21.1726284027,67.5139846802,0.144676491618
1350,495.277709961,69.1925430298,27.4636383057,80.0070266724,0.10409617098
1350,23.303812027,129.793685913,19.4834384918,62.1420173645,0.0961645855568
1380,601.11895752,194.475387573,20.7892246246,54.3616905212,42.2072142363
1380,451.517089844,174.106643677,20.580450058,55.3180541992,29.2789727449
1380,106.874839783,154.406478882,22.1816482544,57.8046684265,20.5362305045
1380,464.716705322,171.277145386,18.8263301849,49.74426651,12.1981404722
1380,602.470275879,69.4878158569,34.2685203552,90.1874465942,4.59250025451
1380,398.006591797,143.179214478,20.2929706573,64.3848800659,3.21894735098
1380,8.04460430145,363.093536377,26.5107326508,69.6041717529,2.79601048678
1380,615.261108398,52.4650993347,20.0816459656,59.3584899902,1.03095052764
1380,587.009765625,58.9428215027,39.3123664856,175.579666138,0.972423423082
1380,617.398986816,190.826904297,16.249879837,48.276550293,0.919270236045
1380,539.750305176,177.373214722,17.8432178497,42.3749656677,0.740586360916
1380,492.250610352,175.616210938,19.0635547638,55.254535675,0.465713674203
1380,480.97769165,172.063247681,17.5453128815,54.7182769775,0.14688874362
1380,553.49810791,173.930984497,17.5032539368,52.7457542419,0.139433192089
1410,481.916778564,88.7399368286,20.2024879456,58.3857765198,32.8642547131
1410,559.816589355,172.140457153,32.6947212219,73.2589492798,10.0584715605
1410,533.998657227,104.737693787,31.4849014282,77.9874649048,8.90708863735
1410,532.064575195,167.631317139,22.155134201,67.3907241821,7.37664923072
1410,85.3081359863,142.66557312,17.9684867859,60.9539833069,6.8129144609
1410,600.380004883,154.315872192,17.7469425201,49.6243095398,0.018044130411
1410,479.406585693,131.020767212,19.9242153168,68.0184402466,0.00795870510046
1440,546.873352051,178.06602478,20.6469974518,59.0084648132,15.0757223368
1440,528.90814209,59.898639679,26.0028076172,63.2411689758,14.2481178045
1440,573.502868652,179.520462036,26.8079967499,62.9937934875,7.86427035928
1440,415.556732178,165.878448486,19.493303299,47.4228782654,5.76285049319
1440,55.2789611816,132.080627441,19.2666378021,57.9851570129,4.54713813961
1440,24.0869235992,131.584243774,20.1464481354,48.101688385,2.81488206238
1440,540.697021484,199.313476562,18.2796230316,50.2619438171,0.380263780244
1440,566.208740234,183.326919556,16.7709789276,54.0272712708,0.293145072646
1440,593.061218262,47.8946800232,21.8718357086,56.0046806335,0.16598594375
1440,546.922912598,69.4495010376,17.358039856,42.7502403259,0.0792859122157
1440,617.854492188,37.9620246887,21.5520381927,61.2739067078,0.0366633757949
1470,599.567932129,128.096054077,29.5658893585,112.298561096,37.3076051474
1470,515.711486816,169.053268433,19.5012264252,43.4201011658,19.8308706284
1470,618.257385254,87.9241256714,16.8126277924,53.3695030212,12.491184473
1470,6.08793020248,179.144592285,28.6878681183,70.5189285278,6.30373060703
1470,617.355834961,180.490524292,18.266626358,55.0955543518,2.78596170247
1470,617.225097656,145.13671875,18.1471843719,52.9108009338,2.72679645568
1470,519.622253418,115.881614685,31.8488407135,76.6245117188,1.21046649292
1470,423.376342773,130.834854126,19.7778491974,52.1136169434,0.568175176159
1470,611.246887207,109.065238953,21.176815033,62.3744087219,0.47535225749
1470,428.156524658,35.1142692566,19.5673313141,55.7552452087,0.0431875960203
1470,597.489746094,23.0353088379,38.5425949097,93.7468566895,0.038709511864
1500,509.072143555,175.492126465,22.6794223785,45.0684089661,5.52441775799
1500,6.44257974625,111.267936707,16.8972549438,48.6650352478,1.10258944333
1500,23.0933437347,60.7635765076,23.9889812469,59.734752655,0.220426381566
1500,397.303985596,140.027633667,19.4513721466,48.5799369812,0.179588841274
1500,7.01624822617,72.3556518555,26.967924118,73.8776092529,0.090198678663
1500,40.7805671692,235.032913208,30.4168796539,95.3519897461,0.0362493796274
1530,157.241256714,140.684585571,19.3069915771,53.7253417969,14.9092778563
1530,82.4704589844,186.289962769,24.1492462158,51.4215965271,1.60415954888
1530,402.373687744,310.248321533,27.7094116211,47.9495582581,0.681431544945
1530,4.07970619202,72.8073730469,17.5577869415,54.6234397888,0.467741349712
1530,618.141296387,22.7286815643,17.3745174408,50.8949546814,0.314314546995
1530,541.842773438,156.405151367,18.1125106812,44.7023429871,0.224212068133
1530,142.136947632,145.053894043,17.759349823,53.5395851135,0.156296428759
1530,591.137145996,101.628639221,19.7816448212,67.5982284546,0.0677886302583
1560,8.952252388,167.184280396,21.0495262146,53.5586738586,68.8855528831
1560,610.90625,83.6595458984,21.237821579,64.0558700562,14.2386779189
1560,18.8612689972,117.370788574,21.8716068268,62.3953132629,3.90208289027
1560,23.2617435455,161.428695679,17.7442378998,50.3417396545,2.89861988276
1560,445.995117188,367.183197021,30.4180755615,68.7264328003,1.10255805776
1560,375.146026611,118.96786499,21.8422679901,59.696346283,0.421812105924
1560,191.00730896,148.423660278,20.1436347961,51.9609260559,0.340957916342
1560,216.451843262,164.967910767,20.8805980682,53.1916618347,0.260389526375
1560,42.2510681152,128.24861145,18.6819667816,55.1154022217,0.174598954618
1560,35.5733184814,158.223922729,17.9970626831,47.7061920166,0.115473207552
1590,8.25136852264,176.181259155,19.5743160248,49.3352012634,47.09610641
1590,131.352767944,149.681900024,17.7522602081,48.4838409424,12.9418924451
1590,12.1145200729,135.026107788,25.5664215088,81.8024139404,6.15581423044
1590,109.751014709,153.953933716,19.0888767242,51.6826629639,1.19696082547
1590,6.84984827042,119.519195557,16.7133331299,62.1930389404,0.173931708559
1590,185.613586426,156.018539429,18.0655651093,51.4590606689,0.0628387730103
1590,56.2982826233,106.336761475,22.9678268433,58.0125694275,0.0583726912737
1590,22.5830078125,126.357032776,20.3573169708,50.734588623,0.0399432057748
1590,452.733978271,107.097717285,27.3947925568,61.876663208,0.0187636498595
1590,76.2757034302,82.1584091187,28.2677688599,76.622428894,0.00908924412215
1590,143.560592651,149.975631714,18.0147819519,44.3150291443,0.00749224927858
1590,470.526245117,24.8263874054,22.3587493896,54.8424034119,0.000880622155819
1620,558.156188965,168.461166382,18.9698505402,47.1093254089,2.17307731509
1620,103.453117371,162.33241272,20.4924373627,50.2969856262,1.5287084505
1620,358.279785156,143.79359436,19.550825119,60.3248100281,1.24589847401
1620,372.861175537,117.040382385,27.6044063568,70.6349029541,0.742519181222
1620,576.953430176,156.700424194,22.4002685547,50.9804496765,0.580374570563
1620,10.4007921219,124.041221619,19.5909576416,56.3317756653,0.514482147992
1620,535.394897461,188.085006714,25.7515125275,56.2543678284,0.432253070176
1620,131.667800903,156.469497681,17.9243907928,46.3811759949,0.197415193543
1620,586.296325684,141.655441284,25.7565612793,60.7495880127,0.091385631822
1620,22.7371997833,126.546394348,22.0254268646,55.7648773193,0.000903576255951
1650,7.46673536301,181.328353882,16.1856822968,47.1555976868,52.7006983757
1650,163.232406616,175.777877808,24.9109115601,51.5684089661,11.29270643
1650,191.814376831,151.736572266,19.9596824646,56.6635284424,1.44856460392
1650,12.6857767105,144.421432495,22.6391220093,75.219367981,0.884864293039
1650,9.96865367889,120.559165955,19.3540153503,56.7803649902,0.395676353946
1650,182.497299194,167.837631226,17.0889720917,47.5545806885,0.266185752116
1650,379.671478271,127.404853821,21.140253067,61.2332496643,0.265900883824
1650,25.7407302856,168.487350464,16.9537448883,49.1656455994,0.135803956073
1650,391.404541016,132.874572754,19.8153800964,50.9728050232,0.0911777024157
1650,67.0753326416,94.0781326294,22.7418289185,64.9466400146,0.012904900359
1680,10.1425380707,179.505432129,18.3467235565,46.1450500488,27.8425425291
1680,2.46917271614,179.216659546,15.3437147141,52.801700592,3.69887128472
1680,554.714111328,171.323898315,22.8509197235,45.6584510803,2.31503602117
1680,359.281005859,142.899093628,20.875497818,60.421585083,0.922571122646
1680,532.580871582,191.6484375,27.9409732819,58.3299560547,0.768307596445
1680,19.4959506989,174.443771362,16.420671463,42.2053070068,0.495611596853
1680,10.7373847961,127.499839783,19.5360031128,53.18699646,0.285330391489
1680,376.983306885,134.046524048,19.4046821594,58.1644287109,0.213971710764
1680,67.7248535156,95.4605026245,21.5869140625,64.3375320435,0.0413674046285
1680,114.21900177,163.461929321,17.2525615692,51.6517829895,0.0389436696423
1680,589.239562988,137.425735474,19.9878463745,51.3168792725,0.0369232788216
1710,9.41890525818,183.853500366,19.6155891418,51.3810768127,21.5915292501
1710,527.057922363,190.647659302,26.7890033722,59.9533882141,16.147428751
1710,557.756408691,174.588150024,18.600107193,45.8603668213,6.18526227772
1710,12.6693916321,138.464065552,23.8758220673,83.1085128784,1.60733163357
1710,379.307159424,138.434585571,18.7056808472,52.4545326233,0.927871651947
1710,362.849395752,141.522857666,23.203004837,53.01902771,0.312436348759
1710,1.69090461731,165.560440063,16.1204872131,53.8469963074,0.222658691928
1710,151.282791138,155.101211548,19.1257228851,48.546207428,0.133463088423
1710,574.310119629,132.612136841,19.3194904327,61.9780082703,0.102039682679
1710,391.819000244,135.899047852,18.4418792725,50.6983642578,0.0824115355499
1710,38.6727523804,136.486587524,19.919002533,51.5209312439,0.0588036724366
1710,6.7119679451,124.918884277,16.3404045105,62.7206687927,0.0556617043912
1710,61.51770401,103.359466553,22.4073047638,59.7870063782,0.0316335412208
1710,625.107849121,87.4518814087,14.8921508789,92.6825027466,0.0298856612062
1710,588.699645996,138.850357056,20.1861038208,52.690952301,0.0289155635983
1740,7.80037736893,181.48979187,16.2655982971,49.1613807678,50.8495926857
1740,11.2357206345,129.469345093,19.0380058289,59.6833763123,2.44444645941
1740,377.270019531,132.373825073,20.6340732574,55.1014442444,0.525143556297
1740,16.1868953705,169.321517944,21.9668827057,50.549697876,0.170324300416
1740,361.045288086,141.654327393,23.7284793854,55.8989677429,0.137437682133
1740,525.904846191,134.428543091,18.95819664,52.2076683044,0.107625348028
1740,392.431274414,133.914489746,18.7262878418,48.7188720703,0.0129097126774
1770,8.06311035156,182.521972656,16.545135498,46.9459648132,44.7727829218
1770,15.8919878006,127.600372314,20.3024158478,59.4171104431,2.70519200712
1770,554.294006348,165.584899902,21.7574100494,52.4129753113,0.734488619491
1770,579.127563477,153.24458313,23.9475460052,56.2396736145,0.182136823423
1770,113.512687683,163.564254761,19.1191234589,53.6782188416,0.146128085908
1770,19.9393215179,174.122299194,15.7233343124,43.7990150452,0.0866663292982
1770,7.02127218246,123.940498352,16.1413269043,63.9052696228,0.0586788752116
1770,623.848327637,86.8324356079,16.1516723633,93.590423584,0.0226190546528
1770,66.4956436157,91.8666915894,23.3756637573,64.7571182251,0.0170867730048
1800,10.3505048752,183.569351196,17.1252384186,43.6945915222,41.3023531437
1800,463.327392578,182.339675903,19.1749477386,47.4289855957,23.7770810723
1800,2.59836316109,180.130661011,14.7986745834,52.3760948181,6.92141354084
1800,164.592666626,172.113754272,18.0731582642,38.9258880615,4.58211414516
1800,454.408843994,164.271102905,20.0655155182,59.1336975098,2.30560805649
1800,13.2443847656,127.520011902,19.6208972931,58.8861236572,0.894696917385
1800,108.68346405,161.882369995,18.6990070343,53.1387329102,0.785069353878
1800,478.416656494,165.410507202,17.4147396088,49.4149627686,0.686586322263
1800,19.8665924072,178.815551758,15.4994287491,42.128452301,0.410162936896
1800,131.146392822,159.403182983,18.3077640533,48.4002494812,0.249912124127
1800,489.639129639,168.083618164,17.9793872833,45.9415588379,0.242533348501
1800,34.7823219299,142.490859985,20.4968013763,56.2584495544,0.0734546978492
1830,462.473266602,174.413330078,21.7605419159,51.10679245,15.7826989889
1830,556.802978516,172.149230957,19.3004436493,45.664478302,5.07259890437
1830,334.745788574,171.987548828,22.232465744,44.9121055603,4.44201231003
1830,98.5208053589,162.050994873,21.3001384735,51.9216880798,4.10232767463
1830,378.284790039,131.926864624,25.0068206787,70.9554595947,3.36575172842
1830,478.577606201,159.73298645,18.8420619965,52.0647010803,1.56049374491
1830,452.638946533,162.077697754,18.075170517,52.3682861328,1.3969624415
1830,11.2988882065,127.65372467,18.7783527374,54.9537086487,1.31732169539
1830,577.160644531,160.871261597,22.4795532227,51.0546760559,0.990279391408
1830,400.540405273,153.063659668,17.7436218262,57.705368042,0.635480275378
1830,538.922058105,173.188293457,23.5582046509,48.1114501953,0.55327815935
1830,492.812469482,155.489730835,24.3352031708,58.5223808289,0.512537127361
1830,113.09072876,159.727554321,18.9548339844,50.0328178406,0.416823662817
1830,466.1512146,134.299850464,21.4463729858,65.5831069946,0.315332901664
1830,391.873260498,136.893325806,20.049823761,54.2297172546,0.269527873024
1830,562.412902832,144.544845581,26.0142383575,60.4907112122,0.256888475269
1830,130.512924194,157.785415649,17.7200717926,44.919052124,0.204477109946
1830,409.035980225,145.463485718,19.6088581085,53.8668365479,0.0947271939367
1830,24.9231929779,132.846618652,18.4702777863,47.1991615295,0.0341556442436
