30,471.868896484,182.258163452,15.692700386,45.3975334167,78.4389674664
30,438.392791748,182.762268066,17.9377536774,42.3905448914,67.6293373108
30,525.346374512,178.808349609,28.6265392303,73.2416763306,54.2408287525
30,500.333831787,182.295455933,15.8850250244,47.330783844,16.9572904706
30,550.989868164,187.265518188,30.6721019745,80.5477371216,9.05599817634
30,486.278900146,184.335739136,16.8650722504,44.9086723328,5.97038418055
30,471.897094727,306.388885498,21.2189846039,46.8880462646,1.38425398618
30,13.887881279,374.490264893,34.8032684326,67.9617843628,1.31154404953
30,460.824981689,310.894104004,21.2447319031,49.9418296814,0.887779518962
30,15.3876037598,146.001693726,24.3041687012,66.8032836914,0.822483003139
30,420.62387085,176.296554565,16.8160076141,47.2920837402,0.667663803324
30,500.569946289,148.660018921,20.8410072327,63.2802429199,0.0645483261906
60,569.812927246,180.831848145,21.4770107269,57.2016105652,97.1716165543
60,509.813110352,177.775634766,21.6045742035,59.4615440369,96.1643338203
60,544.512268066,177.577133179,19.3283557892,59.9131202698,93.356859684
60,484.193084717,184.216064453,17.1493206024,44.3666191101,61.5299224854
60,454.737426758,179.844802856,16.4326114655,44.6297035217,11.9582958519
60,523.323791504,178.880691528,18.0939311981,58.8895225525,10.0356660783
60,442.185333252,178.49230957,16.4754695892,46.6979026794,6.92081749439
60,609.37121582,163.15788269,22.312789917,69.5016708374,3.89271043241
60,560.753173828,181.359786987,16.5810108185,49.7692108154,1.27067351714
60,495.553924561,182.937301636,16.2340869904,49.9025688171,1.08173750341
60,592.842956543,180.670883179,15.7749290466,43.5288391113,0.150735490024
60,538.667297363,149.72555542,19.8675174713,65.1088638306,0.0901142018847
90,504.656524658,179.125137329,18.2255134583,48.2919769287,98.9818930626
90,567.868103027,174.063430786,28.2591648102,82.1056671143,97.4534451962
90,547.704284668,182.387145996,17.2316493988,50.7168273926,90.88280797
90,475.886962891,179.588424683,18.4627323151,46.8409614563,87.427097559
90,456.319976807,178.461669922,16.9065608978,49.1454925537,40.7745659351
90,585.649902344,174.554336548,18.9810962677,60.0281982422,16.9308885932
90,553.622741699,181.176834106,26.9304447174,65.5930862427,9.45319905877
90,612.934692383,170.857543945,18.0407104492,56.4848899841,4.94647845626
90,437.379180908,183.753494263,17.6083984375,43.9020729065,3.56058999896
90,490.555389404,176.269851685,20.3751430511,51.6243934631,0.63008852303
90,425.515014648,185.247879028,17.1059474945,45.2987670898,0.580206559971
90,10.5939531326,365.035858154,28.0055084229,62.2777252197,0.27183375787
90,575.959350586,127.034851074,24.5920505524,71.4437713623,0.00387418949686
120,599.989685059,174.432174683,22.8043689728,60.3406524658,99.7220158577
120,514.411315918,161.985366821,20.4819087982,63.7172431946,96.7534720898
120,490.587005615,167.305847168,20.893037796,58.7112617493,93.1499779224
120,536.825744629,167.929122925,24.1283473969,59.5746192932,92.1487808228
120,472.953979492,170.872680664,18.9809036255,54.5298156738,22.4241390824
120,525.761047363,167.517349243,18.832742691,56.5775642395,10.8373276889
120,438.601715088,171.904006958,22.6203212738,53.9027824402,5.9333410114
120,451.807891846,183.400512695,18.6555728912,45.3770713806,2.65291873366
120,589.90838623,177.029251099,14.6680440903,52.053653717,0.664974329993
120,616.083251953,168.081787109,16.1258525848,62.3446769714,0.500362785533
120,427.265899658,176.846557617,17.2471179962,42.4275512695,0.355787761509
120,404.716339111,161.252914429,16.4578418732,57.4174804688,0.190360844135
150,587.454650879,157.672195435,31.6672363281,89.6376953125,99.3524730206
150,555.925476074,163.977981567,26.3062763214,72.7631835938,98.5510110855
150,501.385284424,172.276550293,23.733877182,59.322177887,58.0930829048
150,544.77130127,169.514022827,20.3558330536,69.0307846069,41.2640333176
150,605.014709473,172.761108398,19.4213562012,62.5276947021,31.3962042332
150,489.192169189,178.937179565,22.3924789429,54.3934173584,9.52878221869
150,475.660491943,191.261642456,18.4796886444,42.9234428406,7.98008292913
150,532.080383301,169.782043457,20.7674732208,67.2283859253,4.78184893727
150,421.598724365,170.289916992,22.2904071808,55.0283164978,3.70300151408
150,519.413024902,176.007202148,21.8415756226,57.3176422119,2.98452507704
150,573.865722656,159.161148071,22.7407741547,74.4498977661,0.929303094745
150,435.147491455,173.097671509,18.1398487091,46.9391593933,0.595764815807
150,460.924407959,184.047988892,23.3422317505,49.3315010071,0.381396850571
150,316.457794189,288.49520874,22.1403255463,45.0769615173,0.283164903522
150,451.473175049,168.114379883,19.1036930084,55.0266609192,0.233920756727
150,410.083618164,247.749191284,26.0551986694,59.0035591125,0.0445493293228
180,529.762207031,178.1381073,22.8587646484,64.8422164917,70.6957697868
180,474.435028076,181.190048218,18.3065299988,49.82264328,39.0316933393
180,459.285888672,183.545288086,16.3649158478,45.4665489197,23.6835360527
180,485.635131836,182.811569214,23.938615799,56.7430534363,17.8917944431
180,552.191101074,172.547607422,25.7709503174,75.4183425903,11.3412827253
180,6.46857023239,173.373458862,16.782289505,55.8835601807,8.30804258585
180,610.44732666,210.527999878,19.9606666565,50.8726806641,8.07082653046
180,518.918762207,187.700683594,19.6096172333,54.773273468,1.95491220802
180,502.387542725,187.508773804,19.214509964,50.75390625,1.64288040251
180,591.187683105,189.722900391,19.0108585358,55.620716095,1.63345076144
180,445.413818359,174.321029663,18.9874629974,50.8565101624,0.564764160663
180,573.273986816,184.602371216,18.5969371796,58.1735115051,0.424825539812
180,8.27913761139,57.0676841736,33.6134223938,103.534942627,0.24267132394
180,482.301391602,157.908599854,20.0961723328,59.0235786438,0.0841399363708
180,6.12824678421,81.0872039795,19.1622447968,60.8875007629,0.011851896852
210,555.01574707,174.966796875,24.6829242706,67.7532119751,55.4592967033
210,474.825531006,172.750244141,18.7894496918,49.8605766296,45.0732886791
210,491.459625244,176.351867676,17.4301681519,46.5836486816,12.1402874589
210,4.98338365555,83.2710571289,17.3279914856,69.0290145874,11.4911198616
210,531.777099609,173.700027466,17.2460021973,55.7526245117,2.30910815299
210,611.998779297,197.437088013,18.9252109528,56.3966369629,2.0632987842
210,572.219238281,173.104202271,18.8698482513,68.0317764282,0.724497670308
210,603.375183105,141.012329102,25.2893009186,74.9844665527,0.487656053156
210,501.2159729,167.139419556,23.3274784088,59.0368461609,0.33961602021
210,594.657409668,70.1567687988,20.9243831635,51.9695167542,0.0286188907921
240,567.844848633,178.25920105,28.031211853,64.4194793701,58.8540077209
240,508.074584961,165.856567383,18.5584640503,54.9219665527,10.2898329496
240,619.132873535,190.656173706,16.020608902,48.7124214172,8.57650339603
240,544.10345459,180.059799194,16.019487381,51.1891365051,7.34285339713
240,586.739929199,175.25541687,19.7585506439,56.3416442871,3.40140089393
240,553.97064209,179.088638306,15.33253479,49.6503486633,1.75382699817
240,628.674621582,177.79699707,11.325378418,47.3643760681,1.00260796025
240,452.314727783,171.208633423,28.1398944855,71.4630050659,0.974444951862
240,600.924560547,172.199661255,20.3511676788,62.7415275574,0.88028749451
240,424.111297607,94.8027648926,19.9463367462,66.9896011353,0.166627566796
270,174.569992065,169.197814941,20.0904159546,56.6101989746,11.5035004914
270,515.982849121,178.9037323,41.7320671082,87.3974304199,2.56991479546
270,592.256103516,162.610855103,25.9089412689,59.8587646484,0.611601397395
270,569.743896484,164.624557495,24.6892795563,49.3837394714,0.335580157116
270,579.242553711,26.8194026947,24.7406787872,62.9472465515,0.10222379351
270,615.553466797,29.3638782501,21.097776413,60.3592185974,0.0109618798888
300,165.477493286,170.785568237,22.9544143677,61.575881958,26.5215665102
300,599.611755371,165.160308838,23.1119289398,60.5460472107,21.6312885284
300,482.082122803,195.661560059,24.4275512695,59.6192626953,14.6706476808
300,446.690643311,177.867294312,18.3582324982,48.5538024902,7.86786153913
300,472.945892334,191.182388306,15.0775260925,46.6923713684,0.583464512601
300,9.66564655304,373.009033203,19.9637145996,58.8726081848,0.582649931312
300,602.733947754,248.696731567,30.1125106812,84.6144332886,0.329027627595
300,87.7436828613,357.86428833,21.6083831787,46.2195167542,0.304972007871
300,181.304489136,164.399520874,17.1028766632,50.7034797668,0.166674144566
300,562.257019043,93.6286392212,19.6675205231,59.4996337891,0.0085245432274
330,569.872314453,174.148239136,20.1873912811,62.5966758728,74.8742461205
330,479.099731445,177.72013855,19.4399604797,53.8895378113,62.4288320541
330,156.760192871,171.062606812,25.2934017181,70.4193267822,24.3086084723
330,613.680908203,154.042953491,21.6403636932,94.2089004517,15.9354612231
330,385.517730713,176.986190796,19.5382118225,47.918548584,5.83628714085
330,538.388244629,192.0025177,17.1527233124,58.1333198547,4.04990911484
330,428.433502197,57.9077644348,20.0272922516,48.6112327576,3.09148784727
330,558.29296875,177.509078979,20.6424846649,68.3672027588,2.29020155966
330,404.893676758,184.846557617,18.8910770416,48.3451538086,2.10137888789
330,625.720825195,170.824386597,13.5538635254,55.5442695618,1.45031064749
330,465.935333252,196.581039429,23.3526916504,50.3658485413,0.333253899589
330,175.870910645,170.764205933,16.8083229065,47.0166282654,0.146652269177
330,414.476593018,56.1359672546,21.0561351776,51.9366912842,0.0936319178436
360,517.872131348,176.074401855,25.8698368073,60.7815818787,25.4947215319
360,612.208740234,176.460098267,16.9526119232,54.4228820801,13.8821780682
360,142.688308716,171.199508667,19.3289604187,57.1373405457,10.918918252
360,431.517333984,175.570968628,20.9089984894,69.9067306519,5.35842776299
360,166.878387451,179.879211426,16.0353374481,41.8979949951,3.34804430604
360,616.745056152,35.6102180481,19.1399917603,52.7102813721,2.20827516168
360,617.017028809,73.8617706299,18.5269832611,54.0864562988,1.59070566297
360,153.465560913,167.11807251,17.4961719513,51.7370033264,1.0446542874
360,8.66152667999,94.6054077148,15.1276292801,43.7826690674,0.565645284951
360,627.311218262,84.6585464478,12.6887817383,50.2714195251,0.168177252635
360,494.035919189,145.668792725,19.7225017548,54.1507720947,0.118897447828
360,593.409851074,34.834728241,35.6948471069,84.3425292969,4.29373898214e-05
360,391.727386475,36.945110321,42.0786552429,93.9970474243,1.00132517389e-05
390,101.978507996,162.770217896,28.2505054474,71.1949462891,17.648153007
390,169.404800415,172.308059692,17.8780231476,43.3173942566,2.53359526396
390,159.594863892,171.429153442,16.117483139,46.4680023193,1.24353626743
390,617.21295166,173.866821289,15.3826875687,54.1659812927,1.23905399814
390,428.941772461,116.393104553,22.2421646118,58.453540802,0.750664947554
390,582.984802246,167.026779175,28.7715854645,78.5470962524,0.641644885764
390,181.325012207,176.549850464,15.4755058289,38.3773155212,0.479741115123
390,600.277160645,172.978149414,24.5383548737,63.7152557373,0.207202788442
390,460.598358154,133.419998169,22.7849254608,60.6252288818,0.1236133161
390,402.578979492,165.097213745,18.7662582397,51.0967597961,0.0341480306815
390,24.407201767,60.9358520508,33.8235931396,89.7043457031,0.02645291097
420,55.6670341492,164.229446411,32.9768257141,112.278999329,14.3532469869
420,439.278900146,105.805397034,20.0566730499,56.8434638977,7.9854503274
420,508.762817383,196.59916687,35.3451957703,100.103691101,1.4868337661
420,143.291259766,179.26322937,18.328660965,43.9548835754,1.14317424595
420,619.767150879,29.5887622833,20.2328491211,58.5166664124,0.559340463951
420,616.272155762,105.651054382,17.3276042938,45.7551612854,0.378239806741
420,451.241821289,103.608032227,17.2614364624,47.8949546814,0.0397697702283
420,424.130126953,167.815505981,35.4392318726,69.5574798584,0.0252441735938
420,599.071350098,84.2061462402,26.6256313324,64.5894165039,0.0220401474508
420,344.308074951,285.200592041,32.9425392151,59.9743843079,0.0115818525956
450,44.8159065247,157.319442749,45.5073394775,114.770812988,16.8703958392
450,592.807312012,220.46736145,29.5917339325,85.4791488647,2.91279926896
450,546.914245605,195.945266724,40.7033157349,101.799461365,1.25966165215
450,454.287200928,95.4010696411,21.8296489716,60.5265083313,0.452093500644
450,62.756275177,169.018875122,22.6426753998,65.6682434082,0.291396654211
450,132.132919312,141.715087891,20.5100345612,55.5862922668,0.192981713917
450,617.799072266,212.601257324,16.7947673798,56.0606422424,0.180477160029
450,566.786621094,139.495880127,28.0542163849,76.1059036255,0.055951171089
450,12.5415239334,375.430755615,29.0906887054,67.286277771,0.0414372392697
480,67.7422180176,165.651290894,34.8529701233,108.444740295,18.1978672743
480,616.493103027,146.099075317,16.2368984222,49.2220115662,10.8353212476
480,110.206207275,144.952026367,23.7837276459,75.5930557251,6.81571960449
480,527.877563477,30.6208724976,23.7766590118,62.0743560791,2.88183968514
480,453.145385742,176.984909058,19.541601181,75.7577514648,2.38331761211
480,89.3274307251,174.466720581,19.0833396912,59.5351753235,0.671982625499
480,102.837493896,171.229370117,17.2069072723,53.1910095215,0.388735043816
480,628.049255371,145.952819824,11.9507446289,47.7270851135,0.127772893757
480,119.207427979,132.01763916,20.0168514252,53.9453620911,0.107555068098
480,516.20526123,26.4056949615,22.1470355988,58.5426330566,0.0470752827823
510,108.474723816,169.760101318,22.6348114014,66.504989624,27.0988613367
510,471.792236328,178.252304077,18.9026069641,48.1129570007,6.76196441054
510,605.972106934,95.6734695435,24.3170642853,75.2040634155,1.66094880551
510,617.393737793,161.284301758,18.1111354828,52.1087646484,1.60595756024
510,595.628356934,261.748474121,22.6274700165,57.358001709,0.65246024169
510,482.619781494,180.458679199,18.1755638123,59.1287574768,0.16579576768
510,97.3873977661,146.75894165,27.1665706635,68.0305404663,0.154766568448
510,611.634765625,247.45930481,18.2132930756,55.3726196289,0.0133737543365
540,504.358062744,176.095321655,19.6853694916,54.2695465088,81.4602971077
540,545.151672363,180.362258911,21.613237381,53.9782524109,13.6647179723
540,534.477539062,181.587692261,19.9651412964,54.4962806702,5.43534606695
540,534.043029785,189.14302063,33.6162757874,101.392051697,4.30814139545
540,523.239440918,180.122558594,15.3625335693,47.7996253967,0.905991159379
540,491.762329102,177.534378052,16.7843990326,49.5805168152,0.500660249963
540,552.011535645,215.709152222,24.1232509613,78.6838607788,0.334180193022
570,571.828613281,170.088378906,23.5090923309,74.3052139282,71.1554944515
570,525.63671875,178.384170532,22.3645191193,64.0121383667,46.6542899609
570,552.521789551,176.479629517,17.2569885254,59.1596412659,39.7712737322
570,612.25012207,174.474411011,17.9095439911,45.9112129211,7.11901113391
570,580.178771973,177.092208862,39.8427391052,93.0119400024,1.62733625621
570,600.38861084,186.98399353,25.0820846558,58.5547370911,1.00365942344
570,409.263183594,156.090530396,20.6632900238,67.6579208374,0.66164820455
570,10.7135744095,377.22958374,20.1365871429,51.876499176,0.56918207556
570,174.139892578,175.022781372,20.7416648865,54.4722328186,0.285975821316
570,513.202087402,180.094863892,19.7585086823,57.5828819275,0.174752285238
600,597.990905762,168.625137329,22.8836040497,67.160697937,91.0605013371
600,573.645446777,173.206558228,25.1563282013,79.9711532593,81.4604282379
600,616.951599121,91.0621337891,17.9793777466,57.9247398376,18.4257864952
600,542.613830566,177.927612305,19.9860439301,59.5781440735,11.7945335805
600,609.04699707,176.661087036,22.2000579834,75.0481491089,11.3574184477
600,586.391296387,166.442764282,20.9797935486,64.4370880127,4.63670007885
600,19.102191925,152.374526978,20.9431171417,80.5041656494,1.06892744079
600,554.280578613,181.585159302,17.2272415161,57.8967437744,1.01004792377
600,7.03423690796,177.057540894,16.0750980377,54.4143333435,0.134011614136
600,595.176940918,89.0253829956,26.1376037598,68.6307220459,0.0871754542459
630,618.629089355,186.315872192,20.4388542175,63.7072868347,43.9636021852
630,94.0480880737,189.213500977,22.6142711639,48.2333374023,5.26339523494
630,63.6698493958,185.833862305,17.9102592468,48.2873725891,1.15487836301
630,509.241210938,99.8667984009,21.4714050293,53.2502326965,0.145877990872
630,28.1402893066,110.705383301,21.3274002075,65.1283416748,0.080031278776
630,550.077575684,27.6992511749,23.2409229279,58.9001121521,0.00110153305286
630,579.676269531,21.2523555756,34.2488708496,93.3347473145,9.84120163139e-06
630,571.659606934,20.9572162628,22.8229904175,61.0355186462,3.05820186952e-06
660,505.628570557,185.594192505,47.3876495361,111.641143799,32.6390832663
660,502.099334717,181.681137085,20.3807754517,53.0901679993,6.4956240356
660,519.763305664,186.286422729,19.6327705383,56.5201377869,5.83003982902
660,60.4520454407,157.483444214,20.3257427216,54.2674674988,1.0381703265
660,9.7908115387,196.27130127,18.5771827698,38.6291313171,0.763036496937
660,71.0809020996,166.369491577,19.7330570221,50.6175079346,0.303529808298
660,4.26574325562,97.5056991577,22.7567977905,72.8436584473,0.0994705827907
660,538.20526123,182.863525391,34.4729309082,104.610290527,0.0977632356808
660,407.666351318,139.755126953,19.1294727325,52.3058776855,0.0693055044394
660,431.590454102,133.448165894,23.8458786011,56.3018608093,0.0276803708402
660,419.923095703,132.500747681,20.3466472626,53.0366706848,0.00733254564693
690,567.50189209,170.778427124,29.6466960907,77.0149459839,77.9181659222
690,25.8391876221,153.939941406,23.6515483856,76.3662414551,55.7642817497
690,583.502990723,179.321151733,25.225435257,83.5448760986,12.5368818641
690,615.337280273,188.570968628,19.0431556702,73.1810684204,8.69868546724
690,46.1159553528,168.770462036,21.5640125275,54.8920173645,3.3102683723
690,12.4132680893,381.587188721,23.1191539764,52.7111091614,1.85116939247
690,14.2717313766,178.167800903,18.8073635101,52.2466316223,1.34388012812
690,560.081848145,178.061965942,19.5325775146,43.6644477844,0.571740418673
690,602.055114746,206.439041138,19.6862926483,55.725528717,0.548534886912
690,7.97965955734,196.730163574,13.882109642,43.5850067139,0.349224614911
690,497.610198975,128.681640625,22.7541809082,63.0431976318,0.308255292475
690,438.079223633,124.712532043,23.4000873566,51.7039794922,0.285097630695
690,73.7377243042,167.663619995,19.4560680389,55.6011352539,0.068842532346
690,35.1090087891,135.110290527,20.8843364716,55.9158821106,0.0526395393535
690,424.57510376,120.356910706,23.2102870941,68.0994949341,0.00760090333642
720,465.298126221,99.992767334,21.9668884277,54.8910484314,1.92322935909
720,409.92956543,171.947189331,16.7758674622,50.9179115295,1.76300089806
720,422.982391357,154.257873535,27.3318405151,72.7563858032,0.806422065943
720,393.761993408,158.551269531,21.7941055298,58.2014961243,0.312213599682
720,384.634399414,184.231185913,15.8079376221,43.4710845947,0.112504884601
720,7.67647886276,184.368896484,15.6533136368,48.9874534607,0.0739085080568
720,430.614593506,111.34690094,32.8519706726,72.8126602173,0.0300729298033
720,532.091918945,101.906494141,32.0786895752,74.12084198,0.0200978392968
720,454.569854736,109.00177002,23.267911911,61.4523010254,0.00392252695747
750,439.043579102,178.648605347,19.1205348969,49.4792289734,80.4679334164
750,421.293670654,172.597824097,17.5884494781,52.5717201233,13.9716312289
750,410.491790771,167.366729736,19.1960277557,57.2570991516,3.82871106267
750,461.117645264,174.652770996,16.6840076447,48.8106803894,2.13878434151
750,452.458251953,176.06803894,15.7948265076,51.7914886475,1.62793360651
750,608.911193848,78.9963989258,29.4813175201,69.2179031372,0.753163639456
750,616.885925293,114.880073547,18.786523819,47.9456367493,0.422237208113
750,448.223144531,104.433387756,30.7838973999,73.249671936,0.236539565958
750,128.180496216,196.950317383,22.8565139771,48.385219574,0.230929465033
750,57.2646369934,104.504814148,19.4848766327,46.0937767029,0.20500596147
780,536.140380859,175.715652466,19.6254997253,54.4726753235,96.1358249187
780,507.416259766,181.578048706,18.595746994,51.7531433105,92.6706075668
780,562.369812012,173.594909668,19.5807590485,58.7323150635,76.9649028778
780,580.256774902,167.299026489,34.4798240662,98.9483413696,68.4157669544
780,488.149017334,175.839859009,16.2024459839,51.3262672424,67.5066769123
780,460.030151367,174.357543945,19.166891098,61.579574585,66.7103111744
780,601.821350098,177.777832031,21.9186229706,64.2538757324,33.5820555687
780,439.861053467,180.193435669,19.4248523712,52.75390625,27.7051746845
780,471.054229736,170.719192505,17.1187210083,62.9468269348,25.2586513758
780,497.405517578,183.100280762,17.3908042908,49.3210144043,8.19817632437
780,551.608886719,165.964767456,46.305973053,88.3265151978,6.3488304615
780,546.86126709,171.88269043,22.5967464447,63.1377105713,2.83226072788
780,463.156494141,115.089759827,33.0991096497,105.92943573,0.715602980927
780,617.095947266,174.454238892,19.0717563629,58.045501709,0.0873567594681
780,431.548431396,119.103340149,17.8249530792,65.5768890381,0.0323475338519
780,479.443847656,106.158714294,21.9701824188,64.2437667847,0.0302070548059
810,605.469848633,162.320663452,24.9080638885,72.3966598511,99.0366518497
810,585.335083008,167.767959595,21.1239242554,65.5318832397,94.9021100998
810,506.295257568,170.507339478,24.8242092133,72.6968765259,91.213619709
810,539.83581543,168.577224731,21.9352016449,64.2497406006,90.0027096272
810,554.129638672,170.897567749,24.7354984283,68.3071060181,82.8391551971
810,499.699737549,168.02973938,16.6816120148,59.4916877747,35.1947337389
810,477.296173096,182.55329895,20.2699184418,51.7307777405,16.7576402426
810,520.625061035,170.422683716,28.6024627686,70.1056137085,8.42279568315
810,489.720245361,175.551254272,15.7019681931,51.1679534912,2.67322510481
810,412.239257812,64.1706466675,21.4220218658,57.6635093689,1.47276688367
810,569.203857422,169.799591064,16.8965702057,58.3273658752,1.38422334567
810,434.572052002,50.5501861572,22.8403301239,67.0690536499,0.515886582434
810,421.791992188,172.268310547,17.8912315369,46.9426689148,0.451154634356
810,464.618530273,189.876419067,17.4391517639,42.8940162659,0.217735487968
810,505.684417725,91.7784805298,30.4182987213,82.6697769165,0.111923797522
810,617.32244873,191.178771973,16.7622127533,52.6236419678,0.0676782277878
810,423.399627686,66.4604568481,21.8201236725,69.4040298462,0.0615032622591
810,448.239593506,49.1928863525,30.3431015015,103.009735107,0.0594707613345
840,554.541931152,157.5965271,22.232093811,72.9318695068,95.6952095032
840,577.76953125,158.335083008,26.6688232422,95.6697921753,83.356565237
840,617.093444824,160.519882202,17.8710155487,75.8560714722,82.3095023632
840,605.395507812,160.889297485,18.1258583069,75.9328689575,9.18479859829
840,555.17175293,83.3833389282,24.305803299,86.990486145,5.85640966892
840,572.338989258,156.238311768,15.4177045822,82.946144104,5.70737197995
840,593.29486084,164.450439453,19.4432811737,62.4514045715,4.45131883025
840,495.691986084,183.204956055,20.5872325897,50.5860939026,4.20745164156
840,537.265686035,134.725921631,25.2714920044,76.9677886963,2.79760509729
840,474.33682251,102.702636719,19.1078510284,55.9358634949,1.7824858427
840,478.126312256,173.673660278,18.4433364868,50.3645172119,0.93443589285
840,617.176330566,207.44291687,17.2133522034,50.9634666443,0.416712090373
840,435.618927002,170.039550781,16.9958362579,45.7438964844,0.383950979449
840,414.464080811,50.0719337463,20.839548111,57.3821716309,0.114274316002
840,585.326477051,209.628250122,28.2827587128,56.725769043,0.024598283926
840,429.08682251,41.6621284485,22.0244235992,58.1955718994,0.020143672009
840,434.743286133,40.3399009705,36.2634086609,82.1508026123,2.85764389929e-07
870,510.331939697,83.2390899658,22.4182567596,58.0312805176,44.5960640907
870,530.357116699,184.935623169,20.6412353516,52.2126960754,30.6310921907
870,605.112854004,77.9388809204,28.5024242401,66.2525634766,22.6754412055
870,462.316772461,34.8011894226,21.4358596802,65.6789550781,2.71150171757
870,578.530151367,181.147445679,21.5443649292,56.4862785339,1.42237264663
870,517.827819824,183.695327759,19.4956073761,53.001953125,1.14328209311
870,549.947814941,182.836975098,25.6445026398,68.1687240601,1.13924182951
870,463.323455811,177.937072754,18.6459598541,47.4487457275,1.09395720065
870,519.76361084,50.0268135071,20.4911251068,54.4498138428,0.38967623841
870,530.604675293,60.0050163269,20.6670894623,59.7460784912,0.381356454454
870,445.59072876,29.9393939972,27.9900283813,66.9045333862,0.281942565925
870,10.1699876785,111.85018158,20.7514686584,52.492275238,0.11127598118
870,499.965423584,98.6439208984,20.2377243042,57.860294342,0.00365798368875
900,608.945922852,203.407226562,21.1606655121,59.955783844,51.6479551792
900,570.250549316,187.743652344,19.6553668976,48.7481803894,7.94312283397
900,590.424621582,191.836044312,19.7542304993,50.3278388977,4.72984984517
900,436.308929443,173.934570312,17.7730464935,47.4043769836,4.13878560066
900,602.177978516,182.731552124,20.2475566864,60.8370018005,2.67400126904
900,9.16628456116,35.7680053711,18.8846035004,59.8671455383,1.70223396271
900,567.156921387,71.9409866333,22.3450222015,65.0235519409,1.33424298838
900,42.565372467,68.4086608887,25.8845901489,58.1698875427,0.870411749929
900,479.802337646,29.7126541138,21.84740448,59.3201446533,0.814929697663
900,586.918457031,61.5671691895,21.0607662201,57.0970191956,0.792216509581
900,628.207092285,93.0040512085,11.7929077148,52.550327301,0.747732585296
900,15.8345937729,56.9006233215,30.3262653351,73.047203064,0.51759830676
900,352.943725586,168.282211304,26.7731075287,74.5501174927,0.122370489407
900,489.566650391,30.3394012451,31.4714508057,85.4454650879,1.84630373212e-06
930,463.202178955,174.960327148,19.1483688354,46.6937408447,15.1936784387
930,485.614654541,174.33380127,15.3572130203,49.285861969,6.35822415352
930,618.722595215,168.618118286,16.3140964508,49.8860664368,3.98361608386
930,606.687194824,171.761062622,17.5372714996,49.6014862061,1.23474234715
930,560.197265625,167.469177246,15.9503927231,46.8142814636,0.674514099956
930,499.635253906,176.806564331,14.2406692505,52.4543876648,0.65242392011
930,569.036437988,171.176193237,16.3368358612,40.0506324768,0.234013283625
930,19.7774810791,82.1575622559,31.5031032562,82.8600692749,0.0277472485323
960,504.127166748,177.843429565,21.8707561493,57.9570159912,58.0006718636
960,493.919677734,186.145950317,17.9535160065,48.4553642273,3.05967386812
960,604.832214355,208.174728394,19.9938488007,56.2948417664,2.23149172962
960,476.558837891,185.477920532,16.5374031067,50.0972137451,0.89448960498
960,592.066711426,210.316589355,19.8271369934,54.6067695618,0.405459152535
960,523.515197754,183.821228027,18.3709526062,51.6425476074,0.266926200129
990,566.630737305,184.208129883,22.8246555328,65.2775268555,60.0290954113
990,610.395019531,171.535461426,23.312417984,56.246837616,51.0946750641
990,532.542419434,170.887680054,19.992269516,69.2136154175,10.803771764
990,615.10760498,99.1265487671,20.1916732788,60.5360412598,4.16379012167
990,60.7217407227,124.816978455,24.136138916,68.445602417,3.4516595304
990,62.6193962097,177.08744812,25.4001102448,52.7696533203,2.81921625137
990,581.043151855,194.609481812,21.1575202942,59.8089294434,2.00930740684
990,617.12487793,210.690917969,15.5321464539,55.3291816711,0.669255899265
990,596.964660645,177.740280151,16.8049678802,52.2355079651,0.454213516787
990,627.931762695,110.089958191,12.0631866455,50.4828643799,0.335674104281
1020,365.970336914,293.006317139,22.5354747772,53.187412262,0.166436901782
1020,552.50402832,115.188682556,19.1176776886,60.0424308777,0.123988569248
1050,624.861877441,99.6773071289,15.1381225586,61.8103179932,0.0479526090203
1050,592.059875488,225.287109375,31.3651218414,90.6253433228,0.0449853716418
1080,12.0980072021,186.550796509,19.5616359711,43.3540916443,18.6030253768
1080,383.523956299,41.5519485474,28.3615646362,59.6938438416,0.433875713497
1080,30.0700511932,183.564529419,17.7835350037,44.3371009827,0.187768985052
1110,603.719848633,171.694076538,26.3969345093,71.9966888428,98.1955945492
1110,322.627258301,310.173217773,21.5980911255,50.8680534363,2.04716417938
1110,568.656921387,175.541870117,17.3187389374,44.7814445496,1.65248904377
1110,328.144683838,288.414886475,21.1382789612,48.5275230408,1.5997575596
1110,6.63228225708,183.686538696,15.3148374557,51.900894165,0.145912263542
1110,385.843505859,27.0541229248,28.4818820953,51.331073761,0.134232756682
1110,589.660827637,170.091430664,19.1050777435,67.0085067749,0.0968975713477
1110,629.120544434,175.928421021,10.8794555664,52.6485786438,0.0696484697983
1140,10.0563993454,171.167602539,20.4178638458,53.6109008789,8.22020620108
1140,290.002471924,370.566009521,21.7842311859,47.2017173767,0.530798360705
1140,479.060455322,50.0140991211,21.1345043182,56.4510650635,0.291317584924
1140,616.889831543,41.7261390686,15.9756879807,56.6739196777,0.174977397546
1140,21.8615036011,162.112411499,20.7519893646,55.5130157471,0.0586478039622
1140,557.239440918,200.670333862,24.5365142822,72.6933364868,0.00712093242328
1170,306.301391602,304.333892822,21.7533111572,49.7754821777,0.895686820149
1170,290.585968018,294.597503662,20.3455791473,50.4651641846,0.29299207963
1170,401.341796875,179.911804199,24.5181884766,62.9596672058,0.254906737246
1170,505.745483398,21.130645752,23.7710399628,71.5345687866,0.00880734223756
1200,99.569770813,152.325241089,22.336938858,56.4640655518,4.3877761811
1200,513.032348633,94.8426895142,24.7428455353,66.8782272339,2.26438045502
1230,114.736793518,177.614807129,20.7714138031,38.6127128601,31.0319036245
1230,383.77456665,168.166793823,15.8584136963,48.8389892578,2.71925609559
1230,552.717102051,61.7355613708,36.8533439636,88.1170578003,0.544410105795
1230,82.4764709473,152.01574707,20.2289028168,54.5634803772,0.094727310352
1230,455.436676025,184.556884766,22.9786815643,71.9107666016,0.0779166002758
1230,306.139099121,279.970092773,21.5903759003,48.4608764648,0.0105846207589
1230,479.742645264,127.971412659,17.3654117584,58.7519836426,0.00835972969071
1260,63.7828674316,183.116592407,21.0580310822,40.8793945312,54.8546671867
1260,9.73672771454,181.162353516,17.7261638641,42.0094718933,6.07822723687
1260,611.391418457,47.6581611633,19.3010501862,61.4574737549,1.23789450154
1260,422.18447876,68.146697998,23.0497207642,59.8528594971,0.393584091216
1260,482.855743408,196.675949097,22.6044788361,69.2742004395,0.206326367334
1260,497.830230713,189.567184448,20.6443576813,70.2636489868,0.0473285850603
1260,504.195770264,94.049041748,21.5998840332,58.1039619446,0.0210219266592
1290,2.83329772949,185.624267578,16.8005542755,63.8559761047,32.3353827
1290,535.233886719,199.852905273,33.2371139526,91.2303237915,18.1375339627
1290,573.702331543,166.613494873,26.4103240967,76.5966110229,2.28480901569
1290,510.377685547,113.820671082,23.3784732819,68.8057479858,1.068205107
1290,609.409606934,242.456283569,28.8272094727,95.0239944458,0.710833724588
1290,531.22467041,78.8590164185,22.3649044037,68.9395370483,0.353448675014
1290,497.980224609,202.765914917,23.3248004913,70.5400619507,0.30618342571
1290,552.293945312,183.40032959,31.8447399139,82.7153701782,0.154418474995
1290,18.2406578064,376.204742432,34.7286491394,72.4319152832,0.027299465728
1290,12.0835828781,183.050613403,19.5967254639,47.9772529602,0.0100383447716
1320,608.902648926,98.6556625366,20.4704303741,55.2450256348,5.08358292282
1320,535.640869141,101.198402405,31.1185588837,83.5958938599,0.844563823193
1320,40.3648109436,361.008331299,21.420545578,47.0168762207,0.823255628347
1320,616.654968262,122.027961731,20.1601982117,48.4934043884,0.525222485885
1320,49.8905639648,351.101715088,21.9485797882,47.6491241455,0.129362475127
1320,553.279602051,95.7936325073,29.1761856079,87.3711547852,0.00446744525107
1350,570.327331543,75.0158462524,32.7257728577,93.2090454102,1.23106138781
1350,143.785842896,364.146972656,29.4579982758,53.9421043396,0.704960897565
1350,226.879043579,354.047149658,21.0090122223,45.5400276184,0.694723147899
1350,628.164489746,99.0918579102,11.8355102539,56.6240348816,0.233847950585
1350,562.787780762,51.5798034668,20.0215415955,61.060836792,0.187656516209
1350,257.695343018,317.978149414,22.1912002563,47.0340003967,0.115587736946
1350,460.292114258,126.15738678,26.8362960815,51.2850799561,0.0393873429857
1350,444.689727783,122.590110779,19.1760616302,57.3100242615,0.00951028850977
1380,609.667663574,82.5366134644,24.419708252,73.3082122803,7.80576914549
1380,213.762573242,188.954788208,18.8888187408,58.0788993835,1.25214681029
1380,354.474975586,219.049789429,35.8643074036,76.6630172729,0.567947980016
1410,569.084350586,150.583053589,27.7738361359,65.730178833,80.5058062077
1410,589.913085938,145.980819702,17.4578075409,68.1301269531,0.43029258959
1410,233.792312622,226.106018066,24.89960289,73.5190811157,0.306468829513
1410,509.382354736,102.47542572,27.5097045898,77.4664611816,0.134633295238
1440,512.237976074,147.766616821,49.5918540955,160.534927368,92.0179009438
1440,617.48449707,162.548431396,16.2640094757,54.5209350586,78.7341296673
1440,527.9765625,143.545196533,26.5428218842,77.0424118042,10.7902303338
1440,525.669799805,241.55116272,22.8396244049,59.1537666321,8.39971229434
1440,230.51725769,235.025650024,27.8263645172,72.9199752808,0.647810893133
1440,515.402893066,76.4436416626,21.3530292511,58.2622528076,0.193469156511
1440,510.21585083,171.266372681,25.5028686523,66.4763870239,0.159681506921
1440,520.364196777,85.8315811157,33.7745552063,83.1414413452,0.0736802699976
1470,482.669342041,136.79524231,50.1094017029,181.873519897,96.7421472073
1470,492.339385986,141.976409912,30.5014724731,79.7758560181,35.3010654449
1470,600.640563965,112.129394531,21.8444385529,80.539894104,19.1571250558
1470,432.379974365,177.647888184,20.9468173981,38.7477874756,2.07863543183
1470,484.491210938,143.544952393,21.0842151642,57.3376731873,1.96449626237
1470,419.697265625,172.725509644,17.2490291595,42.7896308899,0.715462956578
1470,616.097717285,126.245849609,18.1106281281,58.390247345,0.552940694615
1470,525.81451416,69.9226150513,25.7887954712,63.0943412781,0.329533568583
1470,537.081970215,77.2986297607,31.3869247437,86.4895935059,0.250726565719
1470,217.824829102,227.182693481,33.7134170532,84.9338607788,0.152268481907
1500,493.261108398,137.13734436,53.3729133606,186.474990845,98.0720758438
1500,519.423278809,245.883285522,25.0888442993,68.660484314,4.21633832157
1500,433.296264648,180.320266724,18.9759578705,37.3350372314,2.10709236562
1500,515.938110352,146.046722412,28.4366321564,83.8743667603,1.86890177429
1500,552.540344238,83.6832733154,24.9496707916,67.6528396606,0.630782451481
1500,529.709533691,204.1015625,25.9387340546,82.4330673218,0.0987071311101
1500,299.478485107,397.518341064,24.5527572632,50.6619720459,0.00255641716649
1500,581.312072754,106.119659424,35.086566925,79.457572937,0.000787049793871
1530,521.091369629,133.488479614,52.6815948486,191.8828125,94.8081791401
1530,544.253601074,267.860687256,24.2811183929,63.3076171875,66.1816477776
1530,536.108337402,139.870758057,23.8949794769,65.0476760864,9.89518091083
1530,488.311431885,144.230209351,54.3771209717,164.992370605,4.00390736759
1530,527.957458496,256.280944824,19.9725189209,68.211555481,1.75279341638
1530,437.028045654,179.540939331,19.8737602234,36.7920188904,1.50848301128
1530,515.278747559,203.360168457,22.4801559448,79.18359375,0.174924067687
1530,549.894165039,141.48109436,20.2336864471,58.4194488525,0.0767797813751
1530,561.497741699,65.0250396729,25.0956039429,75.5018844604,0.0704955658875
1530,17.3216304779,231.985641479,20.7534694672,56.0312232971,0.0614919699728
1530,604.08001709,126.820220947,21.4449672699,54.0808982849,0.0298000493785
1560,438.647674561,184.500061035,23.166475296,40.4514656067,22.9049474001
1560,567.985717773,246.031570435,22.8667316437,60.4357910156,5.35262525082
1560,420.588867188,176.625076294,17.1885089874,44.9294395447,1.98325943202
1560,549.364746094,205.249862671,39.1594581604,105.287719727,1.94711629301
1560,570.153747559,52.4651489258,34.3681144714,102.222434998,0.78585781157
1560,204.967590332,344.961425781,21.2520999908,46.9533729553,0.660449592397
1560,431.101470947,179.514358521,17.3374347687,40.0973930359,0.577138969675
1560,611.898498535,127.355072021,17.7884731293,55.379901886,0.246942578815
1560,219.749649048,328.961090088,22.8042068481,51.8788261414,0.154717976693
1560,564.422241211,55.6993713379,20.5616817474,67.2599411011,0.134014920332
1590,447.543121338,182.197097778,20.6426696777,42.1084747314,28.102889657
1590,594.898254395,42.2365264893,31.4480209351,100.412345886,9.15666595101
1590,430.820648193,180.464355469,15.741024971,36.5472450256,6.69254437089
1590,421.346801758,175.135131836,16.9880466461,45.477645874,4.26124446094
1590,190.45350647,354.967987061,33.1230430603,62.5199317932,3.38930413127
1590,616.319213867,179.322509766,18.6346683502,46.749370575,2.4598095566
1590,306.24621582,373.036590576,20.5923366547,41.8550758362,2.35134195536
1590,176.297119141,375.134246826,31.1941547394,55.8851470947,2.01714430004
1590,209.432174683,339.623321533,34.3853492737,65.6448059082,1.45759014413
1590,609.655517578,34.7915611267,17.9083385468,54.7405700684,0.856958795339
1590,231.091720581,359.731079102,21.6918487549,51.6481323242,0.586240459234
1590,292.618255615,379.184295654,19.5509204865,43.5303535461,0.429614353925
1590,584.218688965,48.1092796326,21.6305408478,71.0292663574,0.228802696802
1590,567.797546387,39.3217201233,19.8559532166,64.2808151245,0.0701657612808
1590,95.9419937134,393.025848389,35.8040275574,56.6574897766,0.00257906285697
1620,462.436645508,181.19140625,18.6501064301,43.6012153625,58.431828022
1620,449.359161377,177.914718628,14.9294710159,40.5291786194,24.2587402463
1620,433.263275146,175.430679321,16.0300521851,44.4975471497,19.2517310381
1620,208.017074585,176.816970825,19.6662273407,66.431388855,12.3271636665
1620,616.33605957,30.0954456329,18.4706821442,69.2098236084,1.64733659476
1620,611.812683105,272.289825439,28.1873168945,86.4901733398,1.40843596309
1620,523.895141602,80.1335449219,20.6505432129,56.618850708,0.806483440101
1620,389.815032959,169.065658569,18.4819469452,45.1604347229,0.421805866063
1620,611.032775879,128.649810791,28.4172420502,72.7277603149,0.379858934321
1620,421.759796143,170.457595825,17.4936065674,46.4174842834,0.249908328988
1620,11.3340387344,78.0914916992,23.8688030243,68.4001312256,0.166607752908
1620,189.597946167,356.163421631,22.086938858,50.7891120911,0.159495905973
1620,357.160491943,222.807617188,39.5899925232,93.6817855835,0.0678157550283
1650,481.048858643,181.001876831,22.1172657013,48.3563957214,84.1491341591
1650,450.397247314,176.929016113,15.4010229111,44.3037452698,25.594446063
1650,464.000610352,180.467529297,15.9213991165,39.3880195618,15.6521379948
1650,16.9606628418,78.4049072266,24.6749572754,62.6606864929,0.636416347697
1680,491.511322021,183.99206543,22.6620731354,47.0855903625,89.504301548
1680,473.785736084,180.572372437,16.3071537018,45.4525489807,76.5667974949
1680,457.847686768,179.342224121,17.9564113617,45.0474586487,37.9493564367
1680,584.044250488,65.4350662231,19.7470054626,55.9936218262,5.79952448606
1680,403.686401367,178.113204956,16.0785236359,42.1788825989,3.88289839029
1680,8.60994148254,75.8939437866,21.2371501923,61.3959197998,0.274418480694
1710,508.710357666,182.823791504,21.6088104248,53.2074394226,95.7110583782
1710,488.202758789,183.135498047,17.4179344177,49.0628013611,91.0526037216
1710,469.529296875,179.68927002,17.6491127014,48.6152458191,88.0118310452
1710,402.75680542,178.73576355,19.000082016,44.2202911377,1.44095029682
1710,459.762054443,179.258682251,17.026140213,48.1036720276,1.01582119241
1710,523.35546875,185.858261108,21.2371635437,51.8631286621,0.213827937841
1710,383.777252197,145.816055298,24.2013473511,54.6546211243,0.0731749460101
1740,535.972167969,179.661727905,19.9081478119,56.896320343,98.7122237682
1740,493.2159729,175.751342773,18.5099773407,55.9360656738,98.2878565788
1740,515.081604004,181.248168945,18.6342029572,48.5468711853,90.7188177109
1740,221.256225586,379.259307861,21.5680103302,48.0283813477,1.82556658983
1740,531.370727539,180.922042847,11.1534452438,51.6358070374,1.14618176594
1740,237.268508911,381.954620361,21.7378749847,51.3091278076,0.757695036009
1740,204.985061646,376.724700928,20.507062912,46.5826072693,0.536963855848
1740,545.438659668,187.581558228,23.4530086517,54.671421051,0.255410233513
1740,226.301193237,398.712799072,22.5562591553,49.3016242981,0.0758860202041
1740,124.838066101,395.474578857,21.8846073151,46.3910827637,0.0723055156413
1740,343.878814697,390.136566162,21.3675136566,46.1556129456,0.0690653978381
1740,252.734924316,371.424530029,35.1348304749,63.6378211975,0.0299779087072
1740,333.142822266,371.847045898,21.4982089996,48.8545646667,0.0181517229066
1740,272.997772217,375.016876221,34.0991897583,61.5920715332,0.00998291725409
1770,579.090759277,177.415237427,22.7586765289,64.8292312622,99.7013390064
1770,552.448974609,179.350387573,20.8846187592,57.4435844421,99.6271371841
1770,529.708435059,176.26991272,20.1893596649,59.5663146973,99.3746042252
1770,418.459014893,185.425704956,21.0397510529,43.0113792419,6.37821555138
1770,520.996520996,177.661636353,14.20200634,55.275390625,2.83324867487
1770,574.588500977,179.83354187,9.68120002747,61.5020141602,1.17434905842
1770,603.541320801,175.829788208,21.6205120087,68.1743774414,0.365351955406
1770,174.279968262,178.560745239,25.4133224487,59.354183197,0.364092527889
