30,74.3910751343,216.323928833,34.1635704041,88.0441970825,14.8765534163
30,597.756164551,135.981170654,22.2279644012,53.8736114502,8.15528035164
30,336.185333252,169.836868286,27.1117019653,75.1837234497,2.83364336938
30,368.444549561,182.20916748,17.190328598,44.0751152039,2.63139437884
30,617.14654541,141.213150024,17.4302444458,48.1064414978,2.4291953072
30,617.704956055,50.8045959473,16.2153072357,47.5048522949,1.33220693097
30,550.658935547,175.498413086,37.2501869202,78.7317276001,0.381248956546
30,355.827667236,171.102355957,18.404882431,48.1819496155,0.169147411361
30,376.18359375,168.876846313,19.7757377625,55.9307098389,0.0999641604722
30,15.5562782288,225.739822388,30.1176071167,90.8309631348,0.0657613039948
60,70.9128723145,217.920211792,36.0726165771,91.8744888306,34.7765743732
60,605.340148926,139.08480835,19.4198131561,48.3171806335,8.73786658049
60,616.532897949,139.909118652,18.2839870453,47.6310920715,1.71524360776
60,553.749328613,179.461654663,38.6776847839,70.8751449585,0.608068564907
60,332.931243896,165.255142212,27.1618671417,69.9018554688,0.437438162044
60,617.004943848,50.0908203125,16.7645587921,51.6866798401,0.403890805319
60,629.62701416,22.9315242767,10.3729858398,50.321056366,0.0650682370178
60,372.767456055,166.209182739,24.710729599,62.6910667419,0.0346365995938
60,96.7734680176,245.390686035,21.7160720825,71.135383606,0.0287891511107
90,66.0836257935,219.054763794,35.3768615723,92.8827514648,11.5181691945
90,606.112609863,139.650665283,19.0788192749,48.8509483337,10.6175974011
90,20.6788406372,253.390762329,29.5034389496,88.8199462891,2.62507144362
90,617.455932617,144.313034058,17.2031879425,47.9584465027,2.16720569879
90,617.608093262,50.3040161133,16.7220726013,51.0805244446,0.860554631799
90,333.409820557,166.072570801,25.8098430634,68.7650527954,0.769942766055
90,378.487945557,191.687698364,20.1015148163,52.4223747253,0.530649768189
90,556.477294922,177.421737671,36.1818008423,75.8083572388,0.436119688675
90,349.498321533,170.098831177,19.008058548,52.2020721436,0.15427932376
90,97.6495895386,262.123565674,21.8398914337,66.7922744751,0.0111693232611
120,605.671630859,140.116348267,19.3673419952,49.8889884949,12.2146233916
120,65.1849975586,218.997695923,36.173084259,89.5965194702,4.85836602747
120,617.774230957,51.0462608337,16.5924663544,51.7265319824,0.907938927412
120,619.004699707,134.891296387,19.1100978851,54.3040351868,0.788938440382
120,372.669830322,142.477584839,25.1056118011,77.6888046265,0.298670004122
120,333.488067627,170.973312378,29.3507156372,74.0555725098,0.20117200911
150,64.2933959961,221.142623901,37.1096115112,91.445274353,9.89729762077
150,605.99810791,138.055007935,19.2755870819,52.6813697815,5.79731874168
150,19.6153717041,266.719390869,28.9370212555,80.0604019165,4.0494736284
150,617.354309082,51.4375419617,16.2323589325,51.5672111511,0.999800674617
150,618.290039062,135.188644409,19.7548179626,53.9677696228,0.782741978765
150,370.407958984,171.783370972,20.7146205902,54.8518218994,0.470010843128
150,602.794250488,46.9550933838,23.6779575348,60.5764770508,0.262747192755
150,333.406951904,168.853561401,27.4095439911,68.3299636841,0.220078160055
150,432.692962646,201.669311523,20.9540309906,66.8687820435,0.0499786343426
180,606.779968262,139.154464722,18.9157962799,51.764705658,8.13444331288
180,72.0936965942,226.713424683,32.9112815857,79.1259155273,2.50418689102
180,616.865722656,51.7536315918,16.8199882507,46.3961334229,2.10039336234
180,618.552185059,138.324081421,19.8060398102,54.2919502258,0.541242258623
180,597.972106934,40.6580314636,27.2784118652,66.2906799316,0.2218055306
180,424.384277344,203.567428589,22.2207927704,70.7385864258,0.206664996222
180,135.083770752,347.277709961,20.0863056183,48.6748771667,0.100333674345
180,333.755187988,167.707809448,26.8975696564,66.1386184692,0.0962043704931
180,19.0897464752,255.185180664,24.5267124176,70.4767532349,0.0659091223497
180,17.3614253998,385.924560547,22.9729404449,55.0935783386,0.0109517357487
210,608.729309082,139.239242554,18.5731678009,49.4822807312,6.55215382576
210,80.7333297729,221.735153198,27.5002384186,71.6157073975,5.11221252382
210,596.909423828,135.745040894,17.5903491974,55.3226890564,3.90575639904
210,617.896911621,51.8774528503,16.6740779877,50.8633117676,1.56602486968
210,373.510528564,148.533172607,27.1196651459,76.5864486694,0.926564913243
210,330.584625244,153.102828979,28.9201145172,70.8750762939,0.224224361591
210,490.236358643,214.665466309,39.7084579468,99.2311172485,0.118145078886
240,607.792236328,139.575164795,19.107591629,50.6102333069,21.0279390216
240,618.0078125,50.8074455261,17.0941467285,51.1414222717,2.3577241227
240,617.385437012,151.727020264,16.3401241302,45.3258666992,0.539088901132
240,561.428283691,179.57019043,37.324596405,73.9963684082,0.217611878179
240,495.288665771,213.390548706,40.9104576111,91.7685775757,0.206013629213
240,19.096780777,386.180328369,21.9605846405,53.911239624,0.160240021069
270,376.170196533,158.880447388,21.4622402191,62.9610900879,6.33081644773
270,616.854187012,141.464889526,18.1871623993,51.1816520691,3.72539907694
270,505.742828369,212.181640625,41.7789268494,96.9102554321,1.0399222374
270,337.822479248,179.265869141,29.6936321259,72.7960891724,0.405766628683
270,621.95703125,30.8216915131,18.04296875,67.2865066528,0.289505370893
270,328.144775391,157.212905884,30.9763317108,65.9333953857,0.0362607446732
300,339.787597656,182.109024048,31.7353458405,70.2804336548,6.85307458043
300,616.149414062,54.5121269226,18.9148159027,54.2797088623,0.680434098467
300,334.72064209,165.966415405,22.0543079376,62.291431427,0.316610862501
300,354.972320557,171.508590698,18.3440151215,51.9293479919,0.134142313618
330,615.588317871,224.987014771,18.1999721527,52.2276916504,5.35466820002
330,346.208953857,185.269287109,28.0097446442,90.1117248535,3.90624552965
330,448.925445557,201.399414062,24.2342777252,70.4737625122,1.43703864887
330,628.481384277,222.811447144,11.5186157227,51.8996887207,0.4486866761
330,468.961334229,214.381164551,28.3620681763,75.635017395,0.116847699974
360,502.883514404,215.195358276,31.4837284088,88.0014953613,8.07901993394
360,348.791748047,196.354919434,27.8522624969,80.1628494263,2.53925677389
360,125.590187073,217.936782837,32.5177001953,80.4430007935,1.77734810859
360,473.670379639,204.829650879,29.8907699585,86.2634658813,1.56978610903
360,102.270935059,218.774124146,32.2180252075,82.6571121216,0.417722249404
360,409.84375,201.149398804,19.8497982025,55.5373802185,0.251430622302
390,571.495605469,217.545944214,48.4510154724,142.009567261,25.4675388336
390,354.607696533,191.380004883,26.0658283234,76.2058792114,4.07821983099
390,201.820022583,148.301391602,32.9214286804,79.3720626831,3.12759168446
390,399.147979736,162.814743042,21.261428833,52.7663383484,3.07415444404
390,616.844421387,233.112365723,17.5003681183,47.3335914612,2.70258206874
390,419.826141357,154.225830078,21.0943775177,60.5459403992,0.627718586475
390,421.685577393,211.658004761,20.6394290924,54.3475036621,0.494206370786
390,224.097900391,155.083328247,22.6537399292,51.5200920105,0.207847869024
390,601.938781738,221.717529297,25.9808330536,62.0990867615,0.164910964668
390,12.5701398849,383.298065186,36.5759849548,78.3429946899,0.100164627656
390,120.367088318,212.404296875,22.7595043182,59.8312492371,0.0621391111054
420,566.540344238,193.515075684,19.692949295,56.0014610291,7.94314146042
420,447.402099609,187.736755371,19.7336063385,55.3454437256,3.44776883721
420,18.6514625549,389.17477417,29.6774425507,62.2488441467,0.537046371028
420,363.171020508,193.713500977,26.0493831635,73.751411438,0.515163782984
420,108.801567078,226.579101562,30.5439453125,59.267162323,0.345572642982
420,209.036560059,144.929229736,21.4364852905,59.133605957,0.344184227288
450,452.181427002,184.573242188,20.1778335571,48.4485473633,55.0306200981
450,474.299194336,176.173355103,25.194360733,57.7295265198,36.2938076258
450,7.39011144638,238.524276733,52.951877594,130.847793579,31.5243899822
450,144.408401489,214.394241333,21.5282211304,65.0013656616,16.6164234281
450,348.604217529,186.723983765,27.2647380829,81.9028244019,1.1571764946
450,193.864990234,140.76802063,22.3288516998,49.6971168518,0.810243189335
480,481.939117432,176.973892212,20.5431880951,55.6333885193,71.0861206055
480,456.776702881,183.704238892,20.0836162567,58.0423126221,70.7512497902
480,541.425354004,184.59312439,18.0242137909,53.3556480408,35.920804739
480,516.82623291,183.381973267,21.5888156891,63.3843650818,35.8953326941
480,469.652130127,179.723892212,17.2468738556,59.1295814514,14.4135430455
480,607.711486816,294.978607178,29.3771419525,95.9572525024,11.6835936904
480,558.066162109,241.15864563,22.6363239288,66.4118499756,9.29789096117
480,523.456604004,181.130981445,33.4323692322,89.5432434082,5.95403797925
480,506.392425537,184.398727417,17.9156932831,61.4707756042,5.44871687889
480,177.861831665,146.037887573,22.7264633179,62.8693885803,1.97739843279
480,552.514221191,184.977966309,20.7169246674,57.3407936096,1.97126027197
480,344.309051514,185.171142578,21.2881946564,55.4671020508,0.914349220693
480,535.332336426,230.753067017,34.775932312,69.8052139282,0.233192369342
480,33.7795524597,395.596832275,22.5365524292,48.3655128479,0.233020889573
480,45.584854126,389.943084717,21.1043319702,49.1564025879,0.231251516379
480,355.024627686,182.082473755,22.8030376434,44.3530464172,0.21295256447
480,2.39380526543,231.382217407,35.8374443054,119.231567383,0.171504367609
480,495.898681641,183.973876953,15.9579000473,53.6640739441,0.170457386412
480,627.062866211,311.342376709,12.2946777344,55.5980377197,0.158151134383
480,615.200195312,280.273620605,19.7708206177,58.9405212402,0.133650016505
480,12.1237945557,395.050506592,24.8193302155,56.0775299072,0.0693068548571
510,471.123260498,182.329727173,23.3993549347,61.3417205811,78.714966774
510,571.246276855,186.956863403,16.5049247742,51.2932929993,53.6638855934
510,496.241699219,173.755859375,22.7324581146,73.8638687134,52.009832859
510,543.973083496,181.550109863,19.6432514191,63.0360832214,38.429415226
510,595.441467285,180.99949646,22.8093357086,60.9979515076,36.4896595478
510,220.999069214,201.966934204,19.3805599213,51.071018219,16.9525116682
510,559.297363281,188.586898804,18.3390674591,66.8174972534,5.86235560477
510,579.74822998,185.152648926,23.9535751343,55.7173156738,3.26348505914
510,534.948547363,181.878829956,16.5365753174,56.2170600891,1.74514558166
510,609.831848145,194.948974609,17.2163677216,49.8961372375,1.53624070808
510,436.503417969,179.069335938,20.0928630829,53.6148490906,1.16791883484
510,511.017211914,170.675354004,18.3166828156,52.123550415,0.945730600506
510,490.002075195,206.275100708,19.7571372986,48.0206489563,0.860180240124
510,452.564331055,20.0357990265,22.8302993774,56.3711280823,0.0371928414097
540,590.521362305,174.931900024,27.0494060516,72.7058029175,97.7537095547
540,513.629577637,193.330184937,26.359582901,70.6733779907,74.4468271732
540,605.222167969,173.516403198,25.6242275238,86.7564926147,66.927677393
540,456.986602783,178.962112427,22.2564544678,59.1819648743,52.2224724293
540,540.548156738,217.219360352,30.0142993927,56.6944313049,31.3497573137
540,543.913574219,169.45072937,23.2290592194,68.1507415771,10.8774237335
540,618.418762207,204.209228516,18.5588531494,55.8392982483,7.78092369437
540,298.528839111,352.751953125,26.4582195282,58.0594139099,5.76488822699
540,534.949401855,182.100021362,21.2338848114,78.9045791626,3.79583574831
540,583.865356445,181.394165039,16.6656513214,59.9854316711,2.46020257473
540,515.104125977,175.546554565,19.9548969269,49.0274925232,1.97586268187
540,468.424926758,169.097595215,18.5889110565,47.1951141357,1.92058347166
540,484.000396729,165.999160767,18.0629634857,46.9665565491,1.57133899629
540,541.365905762,342.022613525,20.9329910278,46.4525108337,1.4474587515
540,317.353485107,362.161346436,19.6626911163,48.2747993469,0.871976651251
540,525.723266602,341.565765381,21.7961673737,45.7123756409,0.781047297642
540,557.314147949,341.302856445,21.0384063721,46.570400238,0.470498716459
540,490.739105225,172.017745972,26.406621933,48.6719207764,0.387158151716
540,176.008834839,193.25151062,29.3495082855,73.9100112915,0.369243789464
540,415.334228516,142.28894043,19.9174442291,58.1958045959,0.225694011897
540,383.241333008,146.471374512,23.8122730255,71.2273788452,0.169448473025
540,6.22258424759,162.429214478,16.9477958679,48.5803489685,0.146557751577
540,158.418014526,141.793899536,20.6951313019,55.1724586487,0.114355550613
540,558.359069824,174.940536499,19.8990402222,65.6365280151,0.0560496235266
540,573.079956055,341.71774292,21.6510372162,47.2013092041,0.0423430465162
540,19.2174758911,353.532226562,27.9861545563,62.0345001221,0.0316175632179
540,627.026306152,181.368041992,12.9736938477,49.6391334534,0.0205824515433
540,306.533355713,316.391571045,32.7901802063,76.6216659546,0.017048951122
570,511.247039795,166.035690308,27.7755718231,82.0869674683,24.5955526829
570,604.162902832,161.032699585,22.869644165,70.2729110718,14.8899286985
570,541.572814941,65.8092346191,21.672492981,54.6500511169,4.59077320993
570,584.766540527,160.992111206,19.7127742767,58.4290046692,3.90230379999
570,528.53125,166.95930481,19.9505748749,47.3849143982,3.8250464946
570,557.472717285,163.118103027,20.915430069,56.3245735168,2.6221010834
570,483.18862915,383.936737061,20.7920455933,50.0288124084,2.30984929949
570,455.859283447,372.629730225,21.3523807526,47.1646003723,1.68889369816
570,446.221679688,334.857086182,20.4716968536,48.9105529785,1.62764564157
570,360.395874023,348.347137451,20.6262741089,45.6341247559,1.60443428904
570,334.164520264,326.88583374,19.9479122162,44.9879112244,1.59946698695
570,295.100372314,319.610992432,21.8785324097,56.63514328,1.5904776752
570,370.585540771,339.54309082,20.9542236328,45.0436401367,1.55351934955
570,617.534118652,166.91796875,15.4567718506,51.0659675598,1.51618579403
570,345.2840271,332.089202881,28.7925930023,55.0812644958,1.48444678634
570,323.005981445,335.162902832,20.7287406921,46.5133018494,1.41525696963
570,490.091094971,360.107330322,29.2086315155,67.8885574341,1.32775781676
570,472.759735107,380.562652588,19.463766098,45.9188270569,1.31322238594
570,312.179718018,318.363128662,20.4432811737,48.4573326111,1.28286266699
570,410.733978271,395.111907959,30.6220321655,53.3832435608,1.20645873249
570,381.525421143,351.928985596,21.1962871552,48.5591621399,1.16669647396
570,483.255889893,355.831176758,20.8995685577,49.7750740051,1.12195257097
570,451.675140381,341.818389893,32.83335495,63.3837776184,0.800973363221
570,572.286682129,160.732803345,20.5880126953,53.5011863708,0.692676426843
570,501.449584961,388.162353516,30.0782852173,56.9692230225,0.617841305211
570,425.490142822,142.998046875,20.3682899475,58.5080528259,0.58717043139
570,150.91053772,157.469955444,24.7583904266,55.2775878906,0.554689252749
570,467.039794922,327.516693115,32.2994384766,62.7584381104,0.548771908507
570,408.901397705,146.356796265,21.740026474,70.4181671143,0.412508379668
570,56.0372505188,180.246444702,30.4675979614,86.9005813599,0.301689235494
570,541.16003418,163.55255127,18.9466304779,47.045665741,0.259346351959
570,501.195648193,189.145401001,20.352973938,56.8538856506,0.197739852592
570,329.207641602,88.8791732788,33.5918006897,74.4749069214,0.17216213746
570,402.200653076,409.240997314,22.3943424225,49.5660705566,0.115097139496
570,300.515350342,296.901641846,23.3662719727,57.8504943848,0.0352101487806
570,615.332336426,22.5801372528,20.462518692,49.519985199,8.28084750992e-05
600,16.2136974335,261.503082275,26.4467525482,78.0689315796,52.7070581913
600,568.984863281,155.755386353,24.1578044891,54.9360694885,30.3129345179
600,278.804901123,350.243621826,31.7516994476,77.1867294312,7.97399953008
600,328.765014648,346.225189209,19.890165329,49.7146606445,6.4616560936
600,471.759307861,389.881439209,20.1856403351,49.025226593,5.63676208258
600,555.411499023,154.952270508,23.8269062042,55.7447395325,4.63528186083
600,333.330596924,367.622650146,20.2148838043,51.2821846008,4.53089624643
600,609.069274902,26.1378955841,18.8793182373,61.2501869202,3.90601120889
600,344.201812744,351.913452148,20.9289245605,49.9074859619,3.41382995248
600,317.706573486,339.762908936,20.496887207,52.1595573425,2.49198302627
600,381.480987549,381.124511719,20.5313148499,45.8529701233,2.47339829803
600,582.149475098,162.529983521,22.8390026093,52.2717285156,2.43759192526
600,370.258880615,391.338378906,21.5186157227,46.4378623962,2.17940881848
600,8.20513439178,274.982818604,16.8795871735,59.7248878479,2.16055791825
600,439.846923828,386.240936279,21.6532154083,50.7566223145,2.15113423765
600,482.38369751,386.571411133,21.0848560333,48.6590309143,2.09316071123
600,354.903442383,369.593475342,19.8033409119,48.7402610779,2.00876388699
600,397.249908447,384.085845947,20.3532428741,47.5613708496,1.99412424117
600,611.541992188,168.480606079,16.318315506,43.4331970215,1.75204705447
600,400.001251221,170.341629028,16.3413448334,45.3617706299,1.50068793446
600,452.913726807,380.229248047,29.9867687225,57.7065696716,1.36732505634
600,365.579864502,364.331176758,20.0504436493,48.5649681091,1.25743597746
600,295.832672119,338.277496338,21.708322525,55.37342453,1.21281938627
600,493.292114258,393.162963867,20.8103027344,46.8756446838,1.14775327966
600,509.191680908,368.535003662,21.7526245117,47.3074378967,0.873911567032
600,338.253051758,399.534423828,20.8705158234,47.4486503601,0.834761932492
600,419.393310547,377.05947876,32.1139183044,59.7269287109,0.828515272588
600,359.592254639,400.040802002,20.99376297,47.5083732605,0.687390053645
600,430.317138672,354.971038818,30.9603939056,56.7794189453,0.591933215037
600,451.823150635,135.705566406,23.192565918,62.1026878357,0.561427790672
600,519.453063965,352.156982422,22.5464725494,49.0036964417,0.419753557071
600,385.958953857,399.868133545,22.1541500092,45.7634315491,0.404046056792
600,599.847229004,148.514770508,22.5046920776,56.4453010559,0.321526592597
600,271.155090332,383.924407959,29.6436386108,78.7832336426,0.319073721766
600,621.690734863,158.23248291,18.3092651367,58.1354484558,0.27846947778
600,525.184326172,131.40083313,19.1014614105,50.1783790588,0.201456830837
600,535.524414062,350.308227539,22.6523075104,49.7179679871,0.147968251258
600,533.894104004,124.067230225,26.4368228912,62.872592926,0.0428938918049
600,20.7466449738,237.266311646,24.3631534576,56.8290252686,0.042873842176
600,55.4678459167,202.111450195,32.8745498657,62.2393608093,0.0207044766285
600,424.588592529,189.18598938,18.822019577,42.5493125916,0.0199280970264
600,341.56362915,72.4012985229,33.7394218445,100.63961792,0.011664757767
630,458.872528076,122.934806824,32.0930328369,82.7990264893,3.9455011487
630,619.278747559,147.110458374,20.5614471436,71.6304779053,2.74163857102
630,92.5638427734,179.33265686,33.4159431458,100.078544617,1.8358996138
630,610.262023926,121.569023132,17.3995342255,55.0457305908,1.56017076224
630,332.365478516,152.783447266,24.4402751923,55.6821174622,1.2352780439
630,478.43057251,136.543197632,18.7377948761,60.3203086853,0.636824266985
630,385.65145874,165.305450439,20.130147934,39.4516029358,0.570723414421
630,570.999633789,112.70174408,23.6552143097,59.7329559326,0.486300839111
630,410.284057617,167.153930664,18.3642253876,42.6671142578,0.302071659826
630,456.8878479,171.761398315,26.6070461273,51.8625946045,0.104987213854
630,489.619598389,137.795791626,17.4251079559,52.5295448303,0.0807803415228
660,604.468688965,163.777252197,21.3416748047,51.3695640564,35.3657633066
660,437.067657471,176.112106323,18.2673473358,43.0324516296,2.17501856387
660,231.255111694,271.701263428,22.0779266357,47.9146728516,0.484828138724
660,247.638534546,272.911407471,21.2572460175,44.656124115,0.129381834995
660,551.171081543,102.456703186,21.3548412323,58.8176078796,0.118684291374
660,551.637207031,164.037033081,20.3507289886,56.1569404602,0.0682275393046
690,360.672454834,72.060874939,59.5117378235,147.079376221,16.6237071157
690,578.637512207,174.02192688,18.3737564087,46.1044578552,8.11863765121
690,474.639984131,183.824447632,24.891664505,58.4431495667,8.116543293
690,525.780944824,166.931167603,17.8434734344,47.3409423828,1.23817110434
690,566.42980957,169.719558716,17.6996059418,45.8669586182,0.407354859635
690,387.233764648,132.897903442,20.598482132,73.7518844604,0.32991557382
690,375.167816162,76.357208252,24.3136348724,78.4010391235,0.120826798957
690,404.888519287,145.134017944,19.3215312958,60.1113471985,0.104668433778
720,564.372131348,184.514968872,41.7438583374,86.8254165649,18.7372252345
720,620.834533691,165.407119751,14.4142618179,44.6396179199,8.45256075263
720,102.242675781,169.017944336,19.3191299438,58.2195281982,4.89337816834
720,25.8165950775,193.757385254,15.9156980515,42.5216331482,1.62813141942
720,126.9920578,191.79045105,18.5587387085,41.5447692871,1.5106360428
720,90.4459228516,176.16015625,21.3953094482,52.3365592957,1.20592629537
720,79.4041061401,186.198562622,15.9722013474,46.7928123474,0.85233328864
720,433.708343506,108.076629639,21.8089160919,57.9943237305,0.279128714465
720,610.284606934,224.60798645,19.6237812042,45.8611106873,0.192792527378
720,366.636108398,55.6739807129,29.8136730194,86.8995742798,0.0581201864406
720,617.962890625,31.7679595947,17.6248912811,47.5988044739,0.0528179167304
750,14.2990951538,193.948898315,19.9908103943,46.7413291931,32.8711390495
750,180.936462402,166.738327026,24.446975708,61.1436195374,11.6228714585
750,439.74331665,178.190612793,18.5804538727,38.2017021179,2.18094754964
750,28.1782989502,185.28364563,19.0770263672,54.6400146484,0.59666801244
750,402.947021484,117.909950256,28.9184207916,85.9235534668,0.580194592476
750,415.150604248,177.418685913,21.6657409668,52.8440361023,0.380100985058
750,46.5885505676,180.880371094,18.4662685394,55.0104789734,0.25570942089
750,423.543121338,122.48249054,20.5435085297,55.6910209656,0.12335779611
750,203.796340942,277.668426514,22.2452011108,49.290512085,0.0875954981893
750,601.33770752,180.399658203,18.5880260468,45.2369651794,0.0717822113074
780,455.677856445,182.562271118,18.297794342,51.8936767578,52.5344014168
780,595.299865723,218.106399536,24.6570053101,55.2061195374,34.5305413008
780,115.785552979,179.759902954,21.1409854889,53.5160369873,17.9349601269
780,159.420730591,167.937057495,22.4365768433,59.3059120178,16.0938441753
780,449.577178955,91.9904403687,19.273645401,60.3488578796,3.68907600641
780,9.58186244965,193.805587769,19.0207748413,53.4703559875,2.9741672799
780,194.790267944,291.624847412,20.2368335724,52.2978858948,2.03767344356
780,210.814163208,300.738555908,21.7990646362,48.5998077393,0.944363418967
780,455.474945068,68.7070236206,18.6472377777,57.8303375244,0.673896726221
780,87.9166641235,197.868209839,18.6104106903,44.8200874329,0.608024466783
780,461.482543945,92.092956543,19.7981147766,52.459564209,0.512452982366
780,466.395233154,112.006889343,21.607421875,55.1789283752,0.0301125925034
780,203.902450562,269.453277588,22.8037586212,52.4196166992,0.0124907819554
810,506.478179932,190.823867798,22.7949428558,58.5833396912,50.361764431
810,454.846588135,170.054748535,20.6576690674,58.595413208,5.25964796543
810,494.925628662,192.782836914,17.5462188721,53.608669281,4.51681911945
810,498.12991333,298.41897583,21.7236099243,44.002532959,2.7495758608
810,488.127166748,310.064727783,20.7968235016,47.2346076965,2.39298082888
810,114.752052307,173.189559937,24.0344715118,59.4834861755,1.57762616873
810,61.1817321777,195.207107544,24.3107452393,46.7593421936,1.56326126307
810,483.375579834,187.030517578,19.6455802917,55.2298774719,1.31543781608
810,471.872558594,305.518890381,23.0847930908,48.661945343,1.20400795713
810,484.620361328,23.0842533112,39.0505409241,133.895477295,1.1024071835
810,612.102172852,352.650909424,16.3910007477,43.465259552,1.05755440891
810,520.05657959,215.904525757,26.5231628418,60.9249572754,1.00754704326
810,479.936553955,81.1862564087,27.0402603149,84.2050704956,0.919404998422
810,514.027526855,297.885162354,22.3498401642,48.3596496582,0.900575518608
810,469.553833008,180.687362671,20.3218364716,56.838596344,0.794389285147
810,506.927520752,83.124206543,21.427488327,49.2028656006,0.730537436903
810,52.6833229065,192.389846802,17.7015018463,47.606388092,0.643496727571
810,428.858917236,165.937957764,18.5593395233,50.8478355408,0.517264893278
810,183.94468689,311.001800537,21.3815994263,49.013671875,0.335656385869
810,460.472198486,134.178009033,29.8023509979,87.5140151978,0.278640375473
810,441.989959717,171.911376953,18.2399044037,49.7007141113,0.276925857179
810,462.144317627,201.714614868,19.8460674286,50.0301246643,0.204597017728
810,242.812011719,277.138702393,22.3738460541,49.5531158447,0.198980723508
810,443.154327393,31.6062641144,29.5304508209,84.6768417358,0.138033961412
810,354.707000732,158.699264526,21.5825653076,56.2795677185,0.110726908315
810,614.74029541,143.374481201,19.981508255,57.0370483398,0.0941173988394
810,257.881439209,277.336578369,21.3343963623,49.3528289795,0.0400454708142
810,202.204605103,268.531097412,35.9061698914,69.2911376953,0.0198059729883
840,504.580474854,177.630432129,18.7254924774,53.9757118225,44.3284720182
840,563.312194824,203.702957153,25.2229785919,65.105140686,20.5219015479
840,590.787414551,224.99772644,29.2905654907,56.6309661865,16.9047862291
840,492.867523193,174.136154175,17.0686283112,48.0104217529,8.09391438961
840,67.6965179443,178.871414185,21.4474716187,58.0219917297,7.61865228415
840,141.108474731,163.77973938,20.9454669952,56.3364524841,4.09002937376
840,580.270996094,209.265792847,20.1514339447,58.8601417542,3.34000885487
840,514.27142334,187.354324341,22.5161743164,56.7041282654,2.28893961757
840,554.137878418,216.10748291,20.3718948364,51.3479499817,1.57642289996
840,105.92665863,155.958648682,28.5466766357,64.145072937,1.30022419617
840,419.150909424,170.981033325,18.9298191071,50.6334114075,0.578029034659
840,578.262145996,48.1645698547,29.290189743,99.7686386108,0.258075003512
840,82.7279586792,182.373397827,16.8180713654,44.6544647217,0.237291539088
840,592.885437012,198.607421875,19.9307250977,55.7723999023,0.186775217298
840,438.651855469,156.156402588,24.5898838043,61.5774536133,0.170790555421
840,604.084472656,47.6176452637,28.2635326385,64.0346908569,0.161606131587
840,363.929595947,152.519622803,22.8809146881,61.0384674072,0.123038690072
840,127.569801331,161.735549927,17.90193367,58.0870399475,0.0434413232142
870,546.070373535,171.45741272,22.446685791,55.8351707458,90.9488737583
870,2.63136029243,174.885940552,19.7070484161,64.0771713257,20.0085103512
870,558.508361816,168.471786499,23.7772464752,60.4302635193,17.9138556123
870,572.062988281,177.693435669,19.0001316071,51.8046531677,5.70772960782
870,80.1267929077,174.067245483,18.2987976074,51.3810310364,3.78512404859
870,533.75958252,171.534179688,18.196138382,52.8873901367,1.93597134203
870,551.948913574,373.669830322,21.0833683014,45.2436943054,1.37010822073
870,103.686042786,165.535934448,19.5603046417,59.1416969299,0.452453596517
870,103.718162537,341.608001709,23.3055591583,56.285030365,0.246069091372
870,534.454101562,369.273681641,26.8409423828,53.0048942566,0.165296450723
870,93.6545944214,168.382156372,18.0909137726,56.2894287109,0.149584270548
870,32.8311653137,174.238571167,22.2735500336,59.8409919739,0.138049991801
870,550.738952637,105.222862244,32.2768440247,78.941619873,0.128137657885
870,562.427062988,363.641021729,33.1481895447,59.8778800964,0.112849171273
870,253.843276978,162.240188599,28.5217952728,60.5784759521,0.0395832088543
900,617.684631348,176.347335815,21.5650997162,64.8912277222,14.2361938953
900,20.3074932098,176.949386597,19.1884174347,54.7480583191,11.7611125112
900,531.24029541,157.638381958,30.9891910553,69.849067688,7.55694508553
900,50.9762382507,168.99180603,20.9893436432,57.1922492981,4.34821844101
900,342.045623779,165.507446289,21.6031017303,42.7733650208,1.98764335364
900,146.118621826,307.862030029,22.5017471313,52.2767181396,0.908928830177
900,507.683197021,124.205383301,21.5018520355,51.562335968,0.646562920883
900,156.279602051,323.127960205,22.3964939117,53.1520690918,0.352493557148
900,8.31918621063,173.858230591,13.1029090881,46.3004188538,0.284038484097
900,41.979095459,176.679031372,17.8834857941,51.6927642822,0.221763621084
900,517.593017578,198.286911011,20.9469738007,49.8395347595,0.181754608639
900,31.3677539825,184.922424316,16.8597621918,45.2630195618,0.116567860823
900,570.265808105,169.38520813,25.8296947479,59.0755157471,0.0847183400765
900,10.1442461014,389.355194092,23.7860355377,55.9439048767,0.0767946068663
900,67.367225647,172.785018921,17.9029541016,48.3360862732,0.0298039434711
900,214.538925171,400.278900146,23.5443782806,51.9101867676,0.00180486786121
930,96.5939407349,344.985839844,24.1255874634,54.8019599915,3.67953442037
930,55.0177268982,173.802108765,16.9017658234,50.4502105713,1.46766165271
930,29.6087207794,175.393234253,17.9938983917,53.6512184143,0.580809498206
930,346.936035156,160.539749146,22.1033153534,50.2740364075,0.558655150235
930,7.47977256775,179.487869263,15.8941202164,49.3921852112,0.392812024802
930,66.8734817505,171.244995117,18.9443149567,48.3877868652,0.166092731524
930,42.2425804138,171.812484741,18.1056957245,52.9827003479,0.160372653045
930,13.7607488632,167.89793396,22.2803878784,58.0418510437,0.0992262270302
930,51.1343955994,401.633911133,21.1470565796,46.8415412903,0.0891801551916
960,610.600158691,164.293258667,23.8722076416,56.1414985657,7.17363581061
960,534.956848145,158.764572144,20.8777561188,64.1484222412,3.39381881058
960,209.781051636,256.158569336,20.5328769684,49.9098396301,2.92409472167
960,195.177780151,254.619644165,21.2623462677,51.0934906006,1.71775221825
960,573.50213623,387.92578125,23.5063533783,54.1130218506,1.63146741688
960,557.168395996,168.811599731,21.2755298615,52.7338829041,1.45073486492
960,4.88894796371,183.912307739,15.0217590332,47.9139556885,1.18192788213
960,342.671386719,155.383499146,24.677236557,55.2879066467,1.01307956502
960,184.202407837,264.328338623,20.8670654297,50.1280860901,0.534534035251
960,62.403049469,174.680786133,17.4765529633,49.2253913879,0.234631681815
960,573.037841797,154.563430786,19.9103832245,53.492351532,0.0689367763698
960,225.88104248,241.86505127,21.9161052704,49.0594940186,0.0132290821057
990,343.222442627,162.954879761,20.898859024,56.0038146973,0.842390302569
990,110.116691589,169.029876709,17.8417110443,47.5377845764,0.354965915903
990,606.277404785,167.959854126,29.2880878448,58.8517570496,0.169749488123
1020,355.249298096,167.612319946,20.6372585297,54.6592903137,17.8582146764
1020,84.1432876587,178.719116211,20.8465251923,46.3083305359,12.1076323092
1020,26.2563781738,186.241210938,18.2907485962,54.0137901306,7.64634013176
1020,605.028503418,92.7893066406,29.135137558,95.2072525024,2.97234710306
1020,401.511199951,174.2109375,19.9107303619,42.4911956787,2.22734790295
1020,142.996154785,168.259475708,19.8545246124,49.143787384,1.18124810979
1020,71.4666442871,166.843063354,19.6995487213,55.6520652771,1.008695364
1020,62.9634552002,340.405822754,17.8745479584,41.9186515808,0.640830863267
1020,371.154174805,159.977844238,18.5899467468,52.4831047058,0.427263230085
1020,46.7082023621,341.555877686,17.4053592682,45.8310852051,0.349197164178
1020,615.265319824,83.4420547485,19.0784854889,52.0379829407,0.0708974490408
1020,430.582763672,189.593017578,31.3425159454,64.5323486328,0.0137720271596
1050,359.796905518,167.912612915,24.351776123,64.3141708374,28.9432436228
1050,60.6234893799,184.806640625,18.6262111664,45.9032287598,22.2412422299
1050,121.5701828,175.87336731,18.8812141418,46.9401397705,18.6651334167
1050,593.491760254,251.380493164,30.4088802338,110.350242615,16.1720529199
1050,48.1972007751,182.427352905,17.8815174103,50.5385627747,10.7931800187
1050,32.6160545349,181.70942688,22.3310413361,53.361995697,4.24754209816
1050,489.295806885,171.046737671,19.700548172,47.8113555908,3.45573946834
1050,370.957122803,158.479400635,19.9906291962,53.7326507568,1.37266162783
1050,517.304992676,238.237060547,23.1162815094,68.1405639648,1.16505837068
1050,466.334472656,164.623184204,19.5319728851,57.9459648132,0.590506987646
1050,8.97246742249,189.577697754,19.6604099274,43.4413566589,0.458892295137
1050,479.443481445,177.857467651,18.1359348297,46.1969604492,0.117693422362
1050,441.300445557,176.4921875,19.1413173676,47.5687828064,0.0896565907169
1050,479.276519775,348.207183838,31.7390213013,66.122718811,0.0517264241353
1080,9.25096797943,191.389877319,17.6953525543,48.3250389099,58.6007416248
1080,608.110656738,176.374191284,18.116437912,39.397151947,3.40709388256
1080,419.534820557,181.249588013,21.3226108551,44.3577880859,0.85674431175
1080,359.916381836,181.08454895,21.3297519684,57.198589325,0.427672173828
1080,459.096405029,163.227645874,16.9283657074,49.9198875427,0.306506617926
1080,569.13470459,159.352828979,26.5352954865,58.2604103088,0.283273984678
1080,93.0785446167,181.793960571,18.5610713959,46.3774528503,0.136520667002
1080,19.7662715912,196.836257935,17.640750885,44.6345176697,0.095651333686
1080,18.6266269684,144.260070801,19.3657436371,54.6711540222,0.0252068683039
1110,200.813720703,159.923431396,24.4953594208,66.3410491943,19.579680264
1110,135.978912354,166.282287598,18.6392097473,55.9317321777,1.01103624329
1110,618.78692627,101.059745789,17.3409996033,53.4816474915,0.975595694035
1110,420.236938477,176.506530762,17.4023246765,46.1466064453,0.865923333913
1110,568.966796875,225.011230469,25.8868579865,47.546081543,0.649034744129
1110,347.989868164,179.466842651,26.0043334961,71.6952285767,0.489753205329
1110,147.370346069,167.265029907,17.0011501312,51.002407074,0.309310853481
1110,382.297149658,104.636207581,26.0380687714,79.2612686157,0.185500562657
1140,357.827728271,158.451339722,20.8215198517,61.0749931335,27.4297505617
1140,29.0375270844,198.352249146,20.8579502106,49.8291893005,17.4829825759
1140,446.334228516,190.384475708,18.7212810516,46.7825469971,4.54870350659
1140,372.266571045,165.065567017,22.368057251,58.816204071,2.48657669872
1140,175.215164185,169.43196106,21.5366516113,60.9093208313,0.775074586272
1140,112.695335388,273.409515381,27.3946838379,50.5066070557,0.243381992914
1140,428.743896484,182.267105103,22.9716510773,47.993434906,0.113969983067
1140,537.594543457,46.9470863342,21.5434417725,55.9450683594,0.0456101523014
1170,194.582107544,190.758239746,22.3645153046,49.5698242188,66.4657771587
1170,74.3223800659,176.799057007,21.8536148071,75.0157012939,28.7641614676
1170,361.880706787,155.227981567,22.0798511505,73.0223464966,28.4165859222
1170,545.975708008,183.019088745,28.2660160065,68.5542068481,27.70652771
1170,529.681335449,179.905273438,27.3803768158,72.8028945923,14.8457065225
1170,66.4162902832,134.943466187,20.3125934601,64.3181991577,7.11565315723
1170,383.920379639,172.984619141,19.4647254944,49.4259490967,6.38585686684
1170,511.057617188,171.614501953,17.4526062012,53.7942314148,2.38999631256
1170,521.847045898,173.010070801,18.4983882904,58.0774269104,1.87024977058
1170,487.998535156,156.120544434,19.0177631378,46.8077697754,0.556157669052
1170,419.488647461,180.336181641,19.2618217468,47.2636528015,0.548053113744
1170,520.246520996,44.535900116,34.6146736145,88.0818862915,0.464455224574
1170,553.18548584,40.8669662476,21.3315906525,51.6381874084,0.406331662089
1170,432.736358643,183.008407593,22.5256328583,42.9357337952,0.125961261801
1170,80.770942688,151.374588013,21.2588977814,62.2412452698,0.0224650691962
1170,92.5975570679,129.913726807,26.8033218384,71.5722503662,0.00780570044299
1170,610.788574219,25.4571437836,19.3895320892,42.0061569214,1.17204450589e-05
1200,370.686981201,153.410842896,23.1987323761,70.2781448364,30.6459963322
1200,10.8905229568,79.8024291992,22.4914302826,63.9462471008,10.9425969422
1200,397.710235596,179.429733276,21.1154403687,43.3412666321,4.82655279338
1200,546.504699707,169.314117432,25.0917758942,61.7982368469,2.61710379273
1200,386.621582031,379.744232178,20.9001750946,49.4496459961,2.56003271788
1200,450.835845947,179.436599731,21.4967823029,49.7235603333,1.8950663507
1200,522.483947754,166.809005737,17.818769455,48.4689826965,1.6988940537
1200,8.09150409698,203.67350769,13.7213869095,43.3967094421,1.65359284729
1200,376.442901611,365.130584717,20.4078884125,47.4344825745,1.38453794643
1200,349.453857422,376.216400146,20.2416439056,46.0391197205,0.893984269351
1200,539.274047852,168.551635742,17.9356136322,49.8052253723,0.613875221461
1200,360.168060303,364.635742188,19.9244289398,47.1247062683,0.524234073237
1200,310.996459961,373.812988281,20.4581356049,51.8853721619,0.465274881572
1200,564.406677246,131.016616821,28.7122192383,70.186882019,0.395308481529
1200,329.555725098,227.071029663,33.0134811401,76.1627883911,0.378267862834
1200,338.633636475,385.741973877,20.9610671997,46.0040473938,0.318334228359
1200,385.205596924,176.650146484,19.5705966949,47.1613502502,0.296159670688
1200,14.1486549377,196.706848145,17.9778518677,46.2308692932,0.190073240083
1200,410.435272217,174.506668091,23.1666927338,51.7780265808,0.167163601145
1200,530.390563965,139.500534058,21.0998954773,50.7675514221,0.097152631497
1200,52.4683265686,125.140235901,23.4632873535,63.7415962219,0.0902999367099
1200,551.840942383,107.330444336,21.0421848297,54.2079162598,0.0786566582974
1200,535.840148926,108.735145569,21.8062152863,58.2520904541,0.0757090339903
1200,408.158081055,391.857757568,22.0469722748,49.0346870422,0.0587345741224
1200,321.750061035,363.994750977,21.6481838226,51.9212532043,0.0259790220298
1200,288.031463623,370.058319092,36.6803207397,80.143737793,0.00840603388497
1200,422.765380859,393.922821045,23.8780651093,51.0727882385,0.00104892014861
1230,379.23348999,154.005096436,20.4359111786,53.5332603455,13.0868420005
1230,412.741088867,179.996276855,19.166097641,48.4192848206,7.67041668296
1230,480.383300781,184.111251831,19.78058815,58.3071899414,7.36817196012
1230,579.722839355,338.969512939,20.0302257538,47.916934967,5.1921132952
1230,562.902160645,330.787689209,20.8638706207,45.9350013733,2.60253660381
1230,531.604553223,339.789581299,20.0257740021,45.9211997986,2.42215283215
1230,546.581726074,339.73324585,20.1733798981,46.1096954346,2.21854392439
1230,12.4914283752,121.110290527,27.6062698364,51.6220588684,1.30507992581
1230,624.122741699,168.391677856,15.8772583008,57.2859954834,0.96835847944
1230,421.109771729,165.080505371,24.8315982819,59.4653625488,0.421125534922
1230,551.828552246,322.539855957,21.5726947784,45.2203369141,0.272902590223
1230,42.3051185608,181.679031372,26.5946865082,63.3946876526,0.221795518883
1230,609.314453125,327.73550415,21.7298717499,52.6887626648,0.161065091379
1230,67.6314926147,185.123153687,17.5225276947,50.7278175354,0.159845908638
1230,588.34552002,334.041534424,29.7582168579,51.9747772217,0.142557907384
1230,541.867492676,129.532119751,19.6524677277,50.1147613525,0.119682855438
1260,424.019439697,185.143798828,19.7493305206,49.4627227783,62.4055206776
1260,584.37109375,199.826644897,27.4124526978,75.384552002,41.7786628008
1260,382.569213867,170.403091431,18.5912971497,48.9691772461,6.95431604981
1260,523.848388672,50.6393165588,32.2458152771,99.9479675293,5.2622102201
1260,445.990325928,197.082778931,19.3867435455,52.2791099548,5.12682646513
1260,563.422058105,368.064605713,21.1063232422,48.91796875,3.86897847056
1260,551.835388184,362.997955322,21.6734790802,47.0548286438,2.57461853325
1260,531.400085449,177.590576172,19.2305107117,57.5042419434,2.50593349338
1260,572.136169434,356.712493896,22.4769191742,49.1880378723,2.24958024919
1260,418.161865234,325.681610107,21.5589504242,49.0283088684,1.47648025304
1260,504.524536133,315.615386963,20.3159103394,47.0215301514,1.2160432525
1260,436.201141357,186.06652832,19.5275974274,50.0447883606,0.795244891196
1260,600.535339355,368.815765381,25.5796527863,51.2676696777,0.711706513539
1260,488.17288208,314.697387695,20.2005825043,47.3130340576,0.644858879969
1260,584.752624512,371.29776001,21.0682544708,50.3418273926,0.554232951254
1260,410.278808594,179.038040161,18.4629497528,51.3298454285,0.505721196532
1260,130.831314087,151.754150391,20.9037952423,55.5527458191,0.391611875966
1260,550.687011719,333.823913574,35.4143180847,62.1843757629,0.367483100854
1260,541.209899902,190.468032837,20.4934749603,51.6746711731,0.366630544886
1260,461.176544189,185.831039429,17.8205528259,51.5721282959,0.358961196616
1260,317.488128662,360.134918213,20.0149650574,58.9409599304,0.330539769493
1260,141.48475647,160.95249939,21.5577468872,53.6178474426,0.102468358818
1260,501.829101562,41.9767723083,34.5257339478,105.259468079,0.0847458373755
1260,392.036956787,156.414245605,19.7162227631,59.0723152161,0.0570977455936
1290,471.560180664,186.288986206,19.3269901276,48.9395027161,19.5096477866
1290,439.951141357,184.205184937,22.2498092651,54.0651741028,15.1454254985
1290,392.396026611,160.933425903,24.2089138031,69.5923080444,9.46093127131
1290,617.389465332,179.378417969,18.8191814423,51.6396903992,8.38827490807
1290,359.988037109,195.990005493,26.8036212921,62.9508781433,4.45827692747
1290,262.733184814,386.666717529,32.2971420288,78.3665084839,1.50066819042
1290,481.33493042,377.259613037,22.6608352661,51.9087028503,0.836069509387
1290,113.018562317,152.007507324,21.4819717407,52.8330955505,0.635964656249
1290,455.899932861,187.907455444,17.7025814056,46.322052002,0.57545141317
1290,408.91696167,191.291183472,23.4060058594,48.3710899353,0.566182192415
1290,498.791259766,180.226730347,19.6002674103,55.7807350159,0.550733320415
1290,465.666137695,376.39553833,22.6518421173,53.8873786926,0.523752439767
1290,7.33566522598,373.245269775,17.4213314056,43.6391716003,0.384025927633
1290,547.084899902,392.038421631,21.8980579376,49.2052001953,0.341885397211
1290,503.164459229,378.456390381,33.1267242432,61.9626121521,0.273255002685
1290,483.531616211,179.791259766,19.1894626617,47.4459953308,0.228446000256
1290,472.507598877,348.222412109,29.4523105621,55.867061615,0.147808308247
1290,561.885681152,395.910064697,34.6804771423,60.1678199768,0.118789472617
1290,547.780334473,184.717544556,20.1230297089,47.9969177246,0.103710067924
1290,308.893676758,388.821014404,19.7469177246,61.0552520752,0.0289814575808
1320,519.207702637,186.808410645,20.6037845612,53.6782989502,73.2204794884
1320,459.091339111,181.488540649,21.7665729523,60.3255157471,25.6516158581
1320,479.592407227,185.188476562,18.2813587189,47.4544525146,11.5046486259
1320,414.972137451,201.551834106,19.5959186554,46.4240150452,6.4216978848
1320,548.422058105,188.555221558,20.4058589935,51.2296905518,4.9558263272
1320,482.301177979,304.788116455,21.8649196625,48.1396484375,2.72359326482
1320,500.811431885,177.865478516,17.0573959351,49.0023002625,2.71548870951
1320,553.583679199,49.2717170715,20.5032253265,72.7106552124,2.54839751869
1320,611.632995605,288.669311523,18.8020420074,44.2545623779,2.16537918895
1320,489.61416626,181.863967896,17.85455513,46.9640541077,1.75809953362
1320,429.383666992,282.428436279,20.4635562897,47.2541847229,1.52403684333
1320,498.144012451,322.395629883,21.6643733978,46.1874351501,1.43399648368
1320,461.308197021,299.184539795,21.4281005859,47.6022796631,1.32202105597
1320,439.978729248,293.085144043,20.8880443573,47.6621131897,1.28258448094
1320,488.328826904,329.462677002,20.9749031067,48.9575614929,1.27804987133
1320,472.055633545,292.746124268,21.5343151093,48.3322029114,0.952366646379
1320,509.463531494,336.819580078,20.8392047882,44.0024261475,0.809753593057
1320,430.118560791,196.741577148,17.1150398254,43.6692504883,0.72801830247
1320,562.672790527,176.789535522,20.7411231995,58.7843742371,0.621707551181
1320,443.059906006,193.061904907,17.7964992523,43.4512786865,0.446357252076
1320,408.579467773,268.988830566,30.7213382721,59.8639068604,0.406852317974
1320,529.456359863,172.479019165,25.883928299,59.7772712708,0.405344739556
1320,514.122436523,315.792755127,21.0191421509,46.9570045471,0.343048176728
1320,594.660217285,355.786254883,28.6870040894,50.5206336975,0.296845729463
1320,503.561065674,298.050201416,22.0690059662,46.8399047852,0.257577956654
1320,450.724761963,282.582061768,20.8190250397,47.9454078674,0.217586569488
1320,404.765411377,168.712402344,27.3827533722,68.9451828003,0.204103230499
1320,6.80638742447,201.398330688,16.7732601166,51.4237518311,0.17020564992
1320,574.392822266,349.21194458,29.6908416748,55.6150932312,0.0986187951639
1320,401.902191162,137.437423706,20.3729801178,62.2176208496,0.00408551459259
1350,496.45703125,183.539001465,21.6599788666,58.9053001404,70.0418174267
1350,543.235412598,190.790328979,22.9443511963,61.2543830872,33.9031934738
1350,431.294342041,211.540344238,21.8559551239,53.9929046631,5.90303987265
1350,453.681060791,201.248092651,23.9312381744,52.0655517578,3.48920710385
1350,605.831665039,181.112564087,22.448059082,59.5299034119,2.69104316831
1350,24.6195812225,157.391830444,22.8118133545,57.9324836731,2.18820981681
1350,479.781707764,189.585754395,17.7017879486,47.6150054932,1.39408651739
1350,580.26739502,186.082504272,19.0838260651,54.1643829346,1.2814251706
1350,404.539428711,155.533828735,20.7055473328,58.5983428955,0.854400359094
1350,617.740112305,189.657333374,20.9409561157,60.0694084167,0.785028841347
1350,63.6484184265,165.813583374,24.6248760223,59.3159751892,0.444544199854
1350,118.97454071,192.407836914,24.5129623413,66.490447998,0.406356435269
1350,596.471313477,196.646850586,18.1624393463,49.0207633972,0.3208482638
1350,418.400634766,209.928543091,21.28083992,53.490940094,0.215002056211
1350,39.874256134,161.800704956,18.7558555603,50.9777412415,0.064541620668
1350,46.5022163391,122.470497131,33.8437347412,97.9857254028,0.0387277454138
1380,556.332946777,174.715881348,30.97149086,85.9983596802,99.4326412678
1380,601.597595215,183.565750122,26.010011673,92.9687271118,37.2413694859
1380,462.383911133,207.815795898,21.5169448853,54.1459999084,18.9100205898
1380,499.998199463,196.607589722,22.8316421509,49.6948127747,6.06003291905
1380,3.40537834167,210.378738403,12.1152467728,50.6399841309,5.01893647015
1380,539.54864502,178.273193359,25.7994709015,69.2859115601,4.73330505192
1380,574.503601074,187.551086426,18.9248046875,65.004989624,3.05639952421
1380,593.463928223,186.301269531,17.4975090027,56.2008666992,1.53328180313
1380,613.936218262,185.938034058,20.6074504852,53.6924743652,1.28591228276
1380,411.03237915,156.855697632,23.7007522583,65.5354156494,0.894656497985
1380,414.83605957,291.019805908,20.1995639801,43.50963974,0.811475142837
1380,397.011016846,286.073699951,20.6240291595,45.5904579163,0.585916265845
1380,520.674133301,190.030349731,18.8977375031,49.9684448242,0.297149666585
1380,452.938446045,219.517333984,20.0991611481,51.6047554016,0.238815625198
1380,18.5123138428,140.3697052,32.6117210388,77.8438873291,0.174308253918
1380,136.479904175,278.888397217,20.3628063202,45.4558105469,0.129809591454
1380,178.200485229,178.310043335,26.3536701202,62.2653770447,0.109998020343
1380,429.187469482,290.626739502,20.5804576874,42.0250053406,0.0892709940672
1410,590.16998291,195.678161621,28.6317501068,85.5526123047,11.1921913922
1410,31.321105957,207.375198364,19.5511798859,50.154499054,5.18476627767
1410,510.477020264,206.33215332,28.8875713348,57.5889282227,4.95675057173
1410,608.925598145,187.869735718,20.0152072906,55.6720733643,4.0085259825
1410,427.02255249,167.076324463,26.5278568268,77.9466400146,1.668876037
1410,122.747398376,187.380981445,29.4506778717,65.3433837891,1.44900297746
1410,580.426330566,190.73223877,21.6565170288,51.6777496338,1.37274367735
1410,507.785522461,136.305511475,28.2050323486,77.3899917603,0.926075596362
1410,366.587493896,192.468811035,18.4965324402,55.0909576416,0.874166097492
1410,416.717437744,194.283309937,25.0029621124,51.2601318359,0.456750206649
1410,445.809234619,313.890838623,22.2929229736,48.1512451172,0.338684441522
1410,47.4274787903,176.017944336,28.9384937286,72.0633926392,0.157651107293
1410,10.5859336853,381.875152588,25.6620159149,62.4623069763,0.0945597479586
1410,429.155151367,310.39944458,21.3237476349,48.1386566162,0.0818752392661
1440,607.065002441,158.936462402,26.0842571259,67.5614318848,25.8393853903
1440,606.931518555,202.553039551,25.5246334076,61.643081665,18.3567464352
1440,354.326660156,202.44984436,19.3851718903,63.9342079163,5.95811195672
1440,368.70010376,189.214279175,16.9142894745,49.9261207581,3.05336154997
1440,220.919937134,295.5206604,22.0506057739,50.6680717468,1.98809616268
1440,65.9602966309,195.826904297,22.1744823456,55.9074897766,1.42847057432
1440,441.596435547,146.901199341,28.517496109,97.9646835327,1.39851532876
1440,454.43371582,187.005691528,21.5684509277,56.2588157654,1.38913812116
1440,604.185119629,113.458839417,26.5919418335,71.9665145874,1.34094804525
1440,212.230941772,391.7472229,17.6925563812,42.3845558167,1.03558655828
1440,364.696166992,294.484832764,19.8553371429,44.8483276367,0.730519602075
1440,13.9206533432,364.783538818,36.5293197632,82.3591461182,0.696093542501
1440,379.12411499,291.671966553,24.962890625,54.3728790283,0.670199794695
1440,136.500900269,399.20602417,19.7600002289,44.8322563171,0.616156356409
1440,346.57699585,371.085327148,26.5214920044,49.3725128174,0.420955149457
1440,367.358917236,359.943084717,25.7586421967,51.6709098816,0.410541705787
1440,355.168121338,303.648529053,20.4058952332,44.308303833,0.314112310298
1440,596.637023926,119.374214172,18.2491645813,47.9980278015,0.312543381006
1440,566.309692383,104.091712952,21.9504985809,55.4540748596,0.2943927655
1440,434.466461182,197.603500366,19.8485221863,47.7935447693,0.0687702326104
1440,424.013214111,205.690490723,21.0340061188,46.8532447815,0.059132638853
1440,114.448486328,394.221221924,32.22813797,58.955997467,0.0215566557017
1470,488.835327148,195.988937378,27.613615036,61.4822120667,10.7974134386
1470,603.00592041,78.199836731,23.5694904327,61.3130302429,9.72673669457
1470,350.279693604,185.457763672,21.0442581177,62.6657524109,6.70475289226
1470,365.694946289,182.904342651,17.6543483734,52.0650024414,2.7628634125
1470,616.641967773,71.0715866089,15.9327001572,58.144908905,2.15777494013
1470,128.471389771,196.819763184,22.300699234,47.9691123962,1.14092910662
1470,387.082672119,186.130722046,19.5255031586,52.3231658936,0.879741832614
1470,125.258308411,283.428009033,21.0813121796,47.9948768616,0.50346693024
1470,168.25163269,267.872314453,21.3555908203,47.8012390137,0.293714250438
1470,613.222167969,107.991523743,16.6033363342,46.0045433044,0.249288277701
1470,476.707397461,187.687988281,24.5269527435,65.5124893188,0.135962292552
1500,360.304779053,188.046951294,22.653585434,58.605014801,5.54368831217
1500,220.165817261,187.724533081,22.7569122314,56.709941864,3.26662063599
1500,581.717407227,199.921096802,31.6479587555,82.0028305054,2.37206313759
1500,104.772979736,201.524963379,20.6598186493,49.7376976013,1.82869639248
1500,119.882423401,272.585906982,21.1340236664,45.713104248,0.573597755283
1500,77.0237045288,280.195007324,29.8731746674,52.9907875061,0.55826138705
1500,389.330810547,175.134017944,22.7919979095,63.2872467041,0.410746131092
1500,56.7767181396,279.503631592,28.8544235229,55.481262207,0.283260573633
1500,94.3010864258,272.681884766,28.9594402313,54.2524871826,0.274612661451
1500,583.955444336,244.803207397,22.1164169312,47.492855072,0.18173038261
1530,371.817474365,181.44770813,19.5346698761,54.0384483337,17.7575290203
1530,341.353240967,178.898620605,31.3157405853,74.6122512817,7.76385366917
1530,12.8207979202,204.746017456,20.115732193,46.9307365417,7.54293650389
1530,616.736633301,258.228668213,16.8322792053,49.505947113,2.41634193808
1530,216.658004761,178.44670105,22.6709194183,56.4888763428,1.84881053865
1530,381.659332275,193.077270508,18.0837726593,46.4830513,1.82736925781
1530,397.842041016,188.370910645,20.895772934,53.8619270325,0.662689935416
1530,608.189025879,373.788574219,22.1877441406,46.7692070007,0.414904998615
1530,34.8362541199,342.232086182,21.5383968353,49.7979240417,0.13029477559
1560,215.090042114,176.919662476,19.382106781,54.1737937927,10.1847648621
1560,372.050415039,172.440551758,17.6667194366,54.1111793518,7.26012736559
1560,14.3943223953,200.217544556,22.8234043121,61.1584510803,5.922774598
1560,413.810089111,169.906967163,22.5075893402,64.4080886841,4.00762148201
1560,381.697998047,181.317382812,19.2599582672,49.6185188293,3.0230216682
1560,158.245941162,186.954788208,26.2320785522,53.4433937073,2.19565723091
1560,476.255249023,197.554244995,27.6279449463,56.2633514404,1.99951548129
1560,38.0717658997,200.593185425,21.9772586823,56.0550727844,1.54369184747
1560,399.3203125,185.864547729,20.3464584351,48.2694511414,0.426387554035
1560,332.937530518,390.550506592,24.5926971436,61.4211540222,0.25265449658
1560,227.037902832,177.002624512,16.5342769623,48.5681152344,0.225069071166
1590,540.83807373,179.715133667,25.9240665436,66.9422912598,24.4554772973
1590,426.604125977,160.152023315,28.3446292877,78.8078918457,19.7770267725
1590,530.784606934,179.864379883,18.214006424,49.7554740906,6.01742863655
1590,378.971069336,174.420761108,18.1551036835,54.5246162415,5.34815713763
1590,185.706924438,183.429733276,20.8548698425,46.7315559387,4.07419018447
1590,136.494842529,200.094894409,24.4924602509,40.3398399353,2.65337508172
1590,341.675628662,174.812698364,27.6185684204,58.4662284851,2.13013011962
1590,210.485717773,174.146713257,18.8629322052,49.9838562012,0.842472072691
1590,374.658660889,343.742034912,22.2574672699,49.2464599609,0.832139328122
1590,198.281784058,173.206039429,20.6741390228,56.2433166504,0.508617702872
1590,555.997680664,185.346008301,23.1390838623,59.0220451355,0.501626404002
1590,403.161346436,194.132095337,20.2536697388,45.756603241,0.321848457679
1590,393.583465576,181.830459595,18.8873271942,48.0993690491,0.191562098917
1590,415.219116211,189.983459473,19.8409004211,46.0687141418,0.128675263841
1620,169.006408691,183.236343384,20.7327976227,46.2270469666,17.5844654441
1620,375.890533447,159.750289917,19.2397460938,56.8743247986,7.69723504782
1620,216.595199585,166.880874634,19.446603775,53.7536811829,1.31886638701
1620,525.121887207,76.9880371094,21.9578094482,75.5932846069,0.772108137608
1620,437.201293945,183.379882812,18.1382465363,47.9923744202,0.58423448354
1620,197.879348755,170.422637939,21.8903656006,53.4105415344,0.528809055686
1620,384.035980225,177.160232544,22.7663936615,51.3008918762,0.449633132666
1620,427.582733154,202.500595093,24.775177002,46.7078514099,0.304242433049
1620,183.455795288,170.437454224,22.1616039276,58.7431030273,0.175457668956
1620,446.23526001,188.427200317,20.1230106354,46.7227973938,0.139457255136
1620,249.361206055,159.338272095,21.5056705475,56.8514137268,0.0202952127438
1650,617.541687012,171.396316528,14.738863945,45.425037384,15.9672066569
1650,369.199920654,152.81829834,21.9075908661,59.9493103027,9.9882170558
1650,92.5286483765,188.549942017,20.8414783478,49.0018310547,8.58610793948
1650,62.3472251892,205.373474121,27.0099315643,42.3192329407,7.41259083152
1650,146.522949219,185.528182983,18.6157150269,44.5591278076,6.08096458018
1650,244.328491211,158.837905884,20.1533946991,49.5282745361,2.80498117208
1650,211.70640564,169.01234436,19.3242435455,50.2807159424,1.80159583688
1650,83.511756897,198.924133301,19.8946266174,47.0561485291,1.75472050905
1650,477.427703857,175.984008789,25.2822551727,56.2781028748,1.35418269783
1650,423.817962646,178.56968689,19.0796871185,43.7562141418,0.975869223475
1650,364.778167725,354.706298828,21.3443775177,52.7656097412,0.607016170397
1650,35.1282043457,91.71118927,30.6843852997,56.4799537659,0.594727462158
1650,104.378204346,186.363632202,19.5295906067,45.6692771912,0.422468222678
1650,461.482574463,174.172042847,21.1441555023,51.9253120422,0.346320867538
1650,411.35949707,190.103088379,25.8631896973,48.547077179,0.318955234252
1650,384.655059814,153.779998779,24.8266677856,56.8460884094,0.2485511126
1680,16.1207771301,202.906356812,28.9284648895,48.3727531433,45.2120065689
1680,245.947311401,152.740768433,21.7018966675,61.3216362,11.6039417684
1680,430.32522583,39.2768516541,20.6123085022,54.4101295471,4.02005128562
1680,440.439788818,186.002639771,18.3341274261,46.3594093323,3.04513778538
1680,207.57359314,165.406509399,22.8073711395,52.7387886047,2.37852483988
1680,448.348175049,35.9904289246,20.2303142548,48.5869483948,1.78181733936
1680,10.6475553513,70.5763778687,17.3363456726,47.9523353577,1.377286762
1680,559.721252441,195.30027771,23.3818874359,51.8981513977,0.873539876193
1680,205.077697754,263.802520752,20.7258167267,45.2843894958,0.716242194176
1680,41.9119606018,192.901870728,17.3972549438,44.9301643372,0.695253396407
1680,556.529418945,113.808631897,26.7624454498,88.5951766968,0.173355545849
1680,449.795257568,175.924850464,19.3677902222,48.5259590149,0.076949846698
1680,574.263122559,118.177574158,19.3585681915,55.8322906494,0.0212877712329
1710,250.910842896,163.469985962,20.1370639801,52.4185791016,16.1567404866
1710,440.915039062,182.505569458,18.2508392334,45.6807899475,3.60136032104
1710,393.355987549,160.479629517,18.9756641388,56.1886482239,2.55172140896
1710,410.700317383,154.780609131,20.4843215942,61.8840179443,2.04935129732
1710,561.354858398,175.75138855,24.2631511688,57.1946716309,1.99523288757
1710,477.418823242,170.792922974,20.5709247589,50.871887207,1.42201036215
1710,611.180847168,187.854492188,15.7089891434,42.4578056335,0.961287505925
1710,545.421325684,168.665390015,25.1592788696,63.2932319641,0.615687435493
1710,3.00836825371,184.413375854,22.0129699707,62.2377166748,0.151689816266
1710,424.695648193,167.291290283,17.8782348633,50.4535484314,0.0446812948212
1710,449.200195312,19.6340732574,20.0129508972,55.7640075684,0.00377585311071
1710,459.69644165,27.255651474,21.0755596161,49.2215156555,1.42051291618e-05
1710,469.934082031,27.068069458,25.6361999512,55.6596984863,8.27610548981e-06
1740,517.84564209,187.040115356,21.8110351562,54.9363861084,33.3762675524
1740,607.049987793,168.112045288,24.0161876678,68.3862380981,16.123996675
1740,483.368286133,185.128890991,19.1058750153,51.4041290283,10.7202425599
1740,179.481887817,190.979904175,19.0061855316,43.0331001282,4.45652157068
1740,205.038650513,174.321777344,19.5221977234,49.0352973938,2.28647589684
1740,398.361907959,159.208602905,27.0690097809,58.0141105652,2.01623775065
1740,418.781829834,176.573303223,20.4650936127,50.6451301575,1.31361912936
1740,617.512756348,202.937316895,15.4399147034,46.8446388245,1.00350277498
1740,530.500854492,184.333175659,17.7502803802,46.0182380676,0.777000421658
1740,10.4087171555,202.877243042,18.1109447479,46.928894043,0.637794425711
1740,430.164306641,183.645431519,17.9754180908,46.5119438171,0.384975108318
1740,233.566726685,164.754821777,23.269865036,50.4113807678,0.36368384026
1740,506.999633789,177.977294922,18.236661911,50.7163276672,0.305676599964
1740,577.711364746,186.144699097,33.3332519531,69.5124588013,0.28837127611
1740,215.731765747,166.98576355,19.4095554352,45.8291740417,0.180359999649
1740,494.652435303,162.196853638,20.8888988495,63.6169433594,0.127186370082
1770,584.842468262,190.630477905,19.1455249786,57.4617271423,59.7630739212
1770,188.626647949,176.523483276,20.528339386,51.1228790283,32.3968619108
1770,559.047363281,147.709228516,22.0010814667,95.4238815308,20.481659472
1770,611.606994629,208.146850586,19.1689109802,42.5798721313,16.7902439833
1770,441.618286133,154.897232056,26.6008090973,82.1136474609,8.21859017015
1770,234.382614136,153.013687134,22.5872058868,67.3350753784,7.90088921785
1770,156.3775177,194.925247192,18.4647502899,41.6857261658,2.76899356395
1770,96.5078659058,120.035240173,19.7471961975,51.2999458313,2.06512771547
1770,543.80847168,183.850234985,24.524269104,58.7192802429,1.63987819105
1770,570.121887207,170.573196411,18.1051826477,66.3269500732,1.58294122666
1770,511.121917725,177.094619751,18.3958969116,47.0286712646,1.55254397541
1770,41.6865997314,199.496871948,17.8939495087,43.4534721375,1.31401326507
1770,453.193511963,188.811538696,23.5870761871,51.7559051514,1.14511521533
1770,523.750427246,183.71661377,19.8779735565,44.5797119141,0.607488723472
1770,430.6824646,155.602798462,21.1790084839,60.4731330872,0.602356577292
1770,200.230041504,179.796707153,17.6234016418,43.4059906006,0.437813717872
1770,115.540283203,260.55960083,30.2571201324,55.0620918274,0.116652110592
1770,444.26071167,210.476119995,23.0926570892,48.3890953064,0.0309147813823
1800,587.692077637,167.813781738,23.5809860229,64.2248153687,55.6490778923
1800,611.798278809,166.311508179,21.171667099,57.6749305725,25.7111668587
1800,224.646957397,150.234695435,29.1197052002,71.8728485107,12.2970812023
1800,120.250549316,200.235519409,20.307516098,43.5320167542,5.84956370294
1800,169.223678589,191.041519165,18.9156951904,44.4152565002,4.81660924852
1800,498.723175049,200.208724976,30.3014011383,63.5217628479,2.39867623895
1800,492.624664307,176.74067688,22.2435302734,70.8952407837,1.58155523241
1800,17.5364246368,203.463760376,21.8061275482,50.262462616,1.51594411582
1800,99.1276779175,168.392211914,19.4552135468,58.1617469788,0.775919063017
1800,574.048400879,177.466445923,24.0145549774,61.3913116455,0.765665248036
1800,131.913467407,184.545700073,22.9069385529,53.0182304382,0.556044885889
1800,107.874847412,164.219665527,26.7635555267,66.7271652222,0.264434958808
1830,188.585128784,145.29637146,21.4607772827,52.327129364,4.60141524673
1830,517.091552734,167.20223999,25.5076236725,61.6038551331,2.70728245378
1830,74.2610168457,199.320449829,23.0449237823,45.4422454834,1.43567705527
1830,222.189453125,141.859542847,22.2206287384,53.6723937988,1.36572476476
1830,263.935272217,316.477111816,20.8018665314,52.749874115,0.783181283623
1830,431.898895264,180.42640686,19.255033493,47.1289100647,0.741004804149
1830,465.541351318,209.590576172,22.2798633575,51.7927360535,0.714367534965
1830,141.705657959,174.386856079,23.0426807404,53.3102378845,0.621439469978
1830,393.508880615,177.055007935,19.1791973114,43.1256065369,0.448340829462
1830,176.194534302,146.929519653,19.5486831665,50.8924598694,0.331355514936
1830,379.363891602,138.085647583,26.8699188232,72.3027954102,0.266266218387
1830,196.272994995,184.295837402,18.6410884857,44.202457428,0.225733383559
1830,492.987792969,65.2548522949,30.2588062286,84.0665512085,0.00443092467322
