30,606.346862793,231.111999512,20.4871120453,50.4250640869,20.6513896585
30,292.285308838,80.0967941284,31.0659103394,99.8087463379,15.6209364533
30,190.870727539,179.606643677,22.2788181305,64.8106231689,3.20840515196
30,13.7213773727,187.619750977,19.5558109283,55.1398162842,2.9357817024
30,307.71383667,192.644210815,18.5733184814,50.9412956238,2.12669689208
30,6.18943452835,184.935806274,15.8837394714,49.4349822998,1.62585116923
30,260.539398193,183.85118103,27.0206604004,63.9602470398,1.30162844434
30,543.65423584,73.3973312378,17.1941795349,38.8476219177,1.10031096265
30,616.976745605,244.589553833,14.5895338058,47.8318023682,0.7967537269
30,122.128051758,31.6038646698,17.5918140411,51.5298614502,0.513016106561
30,319.204284668,196.440917969,18.3457660675,53.3906974792,0.500067602843
30,527.063964844,68.4867172241,16.1329593658,40.1023521423,0.437415577471
30,237.377456665,208.694961548,19.8595752716,45.1132392883,0.370086356997
30,285.187744141,188.959640503,24.0566730499,60.184551239,0.363398785703
30,166.956100464,126.334083557,34.224697113,82.6575241089,0.108918978367
60,107.183250427,243.813964844,21.0930614471,47.364025116,15.9009411931
60,23.6100254059,147.8099823,18.9866428375,63.2956733704,5.08669689298
60,333.887542725,267.993347168,31.0706501007,50.7419013977,0.864505302161
60,551.911254883,115.077690125,34.5338249207,80.2833099365,0.0042846215365
90,594.897766113,358.039916992,25.6316509247,91.2018966675,46.8099564314
90,537.29309082,359.267913818,36.2011528015,86.1645278931,13.6441066861
90,567.499755859,356.757598877,26.7525844574,92.2665481567,12.5944152474
90,612.46282959,361.78137207,20.8977947235,73.0033569336,12.2797459364
90,210.018447876,284.505432129,29.612985611,81.5964050293,8.89663100243
90,211.7787323,32.3045196533,18.1994190216,50.3353767395,3.46893034875
90,237.684143066,31.8845748901,18.9078044891,53.4006080627,2.95214820653
90,269.750915527,245.886032104,26.8962039948,69.353843689,2.50378344208
90,136.067657471,170.843917847,117.586448669,269.524139404,1.81125607342
90,296.368438721,321.66192627,31.3382663727,73.361038208,1.70233957469
90,242.95085144,58.7110099792,20.0876026154,48.908908844,1.68685112149
90,253.48097229,53.5539703369,20.4432048798,48.3169250488,1.43021903932
90,227.386917114,44.97889328,20.3185977936,56.1293678284,1.32616311312
90,264.199035645,57.5723381042,20.3563594818,48.1900138855,0.816355831921
90,51.1547584534,325.165313721,19.1761684418,49.1920814514,0.813554879278
90,104.202758789,73.6187667847,19.0614948273,52.1118469238,0.522759184241
90,60.5948486328,156.29548645,99.1435775757,248.372879028,0.283417128958
90,221.36366272,326.830291748,21.2188930511,56.4851799011,0.207459484227
90,424.705657959,284.498687744,35.7597618103,74.9682312012,0.0127982129925
90,556.603210449,115.661811829,33.9049339294,92.0376205444,0.0124091937323
120,380.027587891,150.821487427,111.337562561,195.76902771,41.9403970242
120,259.873077393,286.896881104,28.701379776,82.9568405151,3.6387167871
120,439.528961182,125.069244385,110.342315674,179.037414551,3.49055416882
120,322.579589844,166.958297729,113.683448792,217.509506226,2.90710441768
120,453.824737549,189.562850952,38.3000526428,109.711601257,1.63086466491
120,206.534973145,257.506561279,43.6802940369,121.529670715,1.62803512067
120,397.009002686,96.6759643555,20.9999637604,46.4350013733,1.56623590738
120,387.070892334,109.87512207,20.6207008362,48.8897895813,0.974212866277
120,370.841583252,86.1731338501,20.7500514984,47.1209526062,0.956799741834
120,366.930389404,128.140884399,27.3331928253,58.2311401367,0.808229483664
120,349.326416016,352.313964844,22.1236572266,50.0447425842,0.748146651313
120,493.300323486,155.304016113,44.4718360901,122.944465637,0.493529997766
120,333.035919189,377.49319458,20.0920829773,49.8792915344,0.488800788298
120,396.358306885,51.7131958008,30.8498058319,61.4292640686,0.467588752508
120,261.876373291,133.51739502,107.195739746,250.750366211,0.461062695831
120,378.10458374,66.6587905884,31.0284862518,62.3541717529,0.450229458511
120,397.702728271,124.025062561,20.5154876709,47.0674743652,0.381528143771
120,382.405639648,129.112930298,31.1936855316,70.4360961914,0.362184084952
120,355.81362915,110.373497009,27.9044723511,60.0901832581,0.322853028774
120,428.138824463,294.778717041,31.2279434204,59.2266845703,0.102165574208
120,413.999542236,35.9391746521,31.9038791656,61.3093299866,0.0183349780855
120,385.517944336,32.2991447449,31.6084442139,57.7962913513,0.000887894657353
150,445.028564453,31.2034015656,33.7888069153,63.3178443909,33.7367624044
150,336.976959229,120.559448242,36.0454940796,90.4696273804,20.7931831479
150,358.656768799,125.317115784,33.0591583252,81.6394271851,17.3484668136
150,211.192733765,144.511489868,64.1437606812,129.357299805,16.8960526586
150,296.10256958,114.316856384,67.7356033325,120.378471375,9.14103090763
150,86.787071228,107.711090088,119.327018738,231.015884399,4.17772904038
150,231.055953979,105.460388184,107.367195129,147.732223511,3.07511202991
150,382.223052979,135.236526489,24.4538898468,62.9817352295,2.05626580864
150,562.982116699,226.370727539,20.6731548309,45.6429710388,1.75108406693
150,8.39103412628,102.874076843,20.4362621307,53.9950141907,0.949544925243
150,221.901565552,46.1662597656,21.1171321869,51.7484893799,0.760463904589
150,94.9950332642,89.8987350464,26.5223178864,55.4564781189,0.152751104906
150,204.174743652,26.8930416107,32.7352790833,65.2314682007,0.0344807078363
180,186.748428345,147.665817261,27.7731628418,68.5762634277,4.57249693573
180,204.610107422,141.935623169,21.4489803314,58.7619781494,3.95991429687
180,435.188598633,256.074981689,20.2495994568,48.1013526917,3.26736085117
180,424.14743042,266.56262207,20.731256485,46.8382453918,3.21643576026
180,440.13269043,278.446868896,19.7250652313,45.7134857178,2.62218397111
180,205.881515503,29.4649963379,20.9095745087,57.4731750488,1.98219642043
180,628.929870605,33.1103630066,11.0701293945,47.4743804932,1.4010284096
180,168.920333862,145.030456543,30.2724590302,79.9540252686,1.21875926852
180,103.799537659,201.416305542,27.5600662231,66.6436004639,1.18081429973
180,436.249511719,226.117111206,31.7082538605,63.1009178162,1.05632469058
180,616.906921387,40.6193504333,18.4413661957,50.4150047302,0.95351813361
180,138.66078186,168.862869263,30.1641845703,65.5070419312,0.420019123703
180,498.859161377,144.646728516,29.9814472198,68.0578231812,0.359015353024
180,77.8444137573,136.428344727,31.6990833282,64.4856719971,0.0879977364093
180,177.087341309,23.0304107666,21.2497253418,55.1805915833,0.0416460447013
180,185.565979004,27.2303237915,29.5247821808,61.6055259705,0.00636396362097
210,370.954193115,245.100646973,20.844959259,48.9983024597,3.32526378334
210,380.878143311,254.284286499,21.7407970428,51.7696418762,1.82109344751
210,130.545578003,153.153152466,27.810251236,75.0874862671,1.27966655418
210,468.325836182,183.79057312,20.2097873688,50.4825248718,0.900976359844
210,106.289772034,161.207717896,28.7169895172,71.5597000122,0.4556291271
210,360.344604492,234.623535156,20.978307724,50.0087738037,0.342483073473
210,146.433288574,142.919876099,24.046579361,63.9028129578,0.0132784523885
240,382.206329346,291.42489624,19.9966907501,44.5728492737,1.43145453185
240,98.0801010132,170.168457031,21.3471355438,61.1472892761,1.13009251654
240,511.44519043,217.8775177,26.250082016,63.2313842773,0.77895661816
240,106.791320801,181.29649353,28.5077819824,75.7389297485,0.457492424175
240,536.217468262,113.176048279,30.894903183,91.1517715454,0.0776160799433
270,598.990600586,122.10408783,25.3687992096,75.4789962769,2.84978244454
270,603.192687988,159.206375122,25.3999958038,80.7072067261,2.16389261186
270,618.286804199,131.772827148,16.4420795441,47.8180847168,1.38983074576
270,618.317321777,181.066085815,16.1549091339,50.6272926331,0.50972183235
270,112.888061523,222.032516479,28.8460903168,53.1039428711,0.395603850484
270,80.5544052124,174.521682739,30.2158527374,76.948387146,0.235984683968
300,223.959671021,182.850662231,18.5132980347,52.7828178406,0.953636877239
300,168.109390259,203.177963257,19.0810890198,49.0337219238,0.348501629196
300,193.828552246,179.202835083,18.5447063446,61.1816596985,0.212870910764
300,178.610839844,182.190734863,22.1972961426,62.6297149658,0.183778419159
300,85.6624984741,186.628845215,22.8412952423,72.3090820312,0.0332361116307
330,178.949584961,192.402160645,21.2036170959,63.2585411072,12.7110749483
330,194.304916382,189.512008667,18.4564704895,59.3307800293,0.245601637289
330,41.6867523193,211.737991333,32.9884223938,105.984924316,0.241608638316
360,165.254470825,217.597961426,17.7564678192,48.2230186462,6.92269951105
360,478.455078125,207.174880981,18.5188140869,48.0297660828,5.98381869495
360,177.395202637,205.356384277,20.5776119232,56.7094841003,2.26734410971
360,189.605834961,206.292404175,17.7258987427,52.7262001038,0.181986833923
360,46.6011009216,234.680770874,32.6122360229,90.7248916626,0.0821710331365
390,493.824554443,210.149047852,18.9683685303,51.6694145203,10.4007266462
420,214.33164978,186.661453247,29.0200424194,57.9762306213,0.221103453077
450,531.189025879,244.114318848,19.0064163208,48.3925018311,4.57823760808
450,230.609329224,230.40763855,19.6972236633,64.6806106567,1.74331944436
450,257.893310547,214.124343872,27.9087276459,73.4129714966,0.0224460891332
480,558.292236328,257.887420654,19.3647899628,50.3382911682,2.8922798112
480,158.125595093,247.023605347,25.5829334259,59.703754425,2.71808989346
480,261.578430176,113.212989807,22.7326145172,64.245552063,0.701175210997
510,36.3099822998,254.600997925,36.5026435852,72.8446273804,5.54401353002
510,249.810501099,92.9225082397,29.8087978363,76.991394043,1.6251437366
510,618.192810059,290.049163818,17.0946502686,45.4602813721,0.961041729897
510,616.218078613,217.736450195,23.7819213867,59.0656585693,0.860245991498
540,160.769256592,197.65296936,26.5866088867,66.8811035156,50.8241474628
540,590.111938477,186.070495605,29.415222168,94.4872360229,4.59544733167
540,194.001419067,212.018875122,27.7711200714,54.5714836121,1.82167813182
540,249.956893921,81.3978118896,36.2624206543,95.1501998901,0.520337466151
540,377.355316162,310.209838867,22.6995830536,53.3301734924,0.513652293012
570,180.02746582,198.181274414,26.6575756073,77.100982666,70.5276310444
570,221.436462402,210.844848633,29.1611652374,66.9236679077,7.96012058854
570,280.143707275,57.974773407,45.6526374817,134.588180542,6.55874237418
570,213.296813965,234.084777832,20.2461261749,44.5278015137,3.37765179574
570,220.811538696,53.1506347656,99.583946228,256.70602417,2.5553137064
570,275.238067627,94.1723098755,101.349372864,197.283584595,1.34085211903
570,618.993225098,86.5892333984,21.0067749023,68.2957229614,0.433258060366
600,200.391479492,201.057693481,31.4480571747,88.9571304321,62.2428059578
600,253.4349823,235.262878418,25.9667816162,60.6251335144,17.0273855329
600,313.599334717,38.704914093,66.8430252075,179.509719849,4.62950244546
600,294.392120361,70.2072982788,122.147125244,294.300079346,0.926036946476
600,220.600708008,215.514160156,30.7423248291,77.5016860962,0.775453867391
600,90.4848098755,223.067581177,26.7642993927,52.2405891418,0.0694451620802
600,325.616607666,75.3625411987,32.6235313416,101.277801514,0.060478359228
630,482.801513672,78.2485427856,24.6597270966,58.4161720276,10.1059548557
630,321.3621521,175.659072876,33.9252624512,101.599372864,8.95381271839
630,379.123809814,183.388061523,42.9507789612,96.7709350586,2.35092584044
630,443.480072021,35.4037666321,111.530036926,294.812896729,1.74678005278
630,365.730621338,228.719299316,30.1982955933,59.4182701111,0.0565776601434
630,194.542709351,205.464096069,33.7734260559,56.6173057556,0.0423278484959
660,150.693252563,179.959671021,68.3719024658,186.818435669,92.1931147575
660,270.462036133,191.752609253,51.4281005859,155.500274658,88.016718626
660,198.184555054,215.570983887,34.4141960144,115.829353333,19.4266885519
660,153.056381226,297.595245361,40.3280220032,73.107170105,11.2448900938
660,119.067481995,202.94178772,56.4077644348,147.981491089,2.24018227309
660,207.408035278,185.28855896,61.21352005,154.187469482,0.423273071647
660,177.802078247,174.991653442,45.4919433594,98.8627853394,0.215949700214
690,59.14610672,137.479721069,68.9599533081,179.952209473,50.4726171494
690,32.2047233582,157.109115601,54.9892692566,133.088851929,4.16561849415
690,191.341537476,258.004547119,18.5487823486,53.1990814209,0.509243505076
690,617.526062012,280.541534424,21.988866806,59.4235343933,0.330078252591
690,7.56754732132,149.498275757,21.0661716461,49.6159324646,0.194251653738
720,64.4814224243,162.075271606,19.9722633362,63.1463356018,33.0398350954
720,174.015060425,190.442642212,27.9147090912,74.5046768188,22.7056190372
720,213.448654175,113.675086975,73.8083648682,188.625686646,11.7593459785
720,170.377639771,118.497589111,17.8152542114,52.2233848572,1.9697515294
720,102.586120605,117.068847656,20.6971759796,67.7529525757,1.96682661772
720,71.3597488403,164.359344482,29.3306446075,91.397277832,1.78062859923
720,206.154891968,169.115356445,37.9607162476,96.2069015503,1.62868797779
720,184.954025269,115.105987549,23.3271846771,69.6186752319,0.63392939046
720,118.44594574,120.465507507,25.4214935303,57.7616386414,0.52546588704
720,209.434494019,111.716896057,26.4428882599,81.69556427,0.317008094862
720,288.863067627,126.938941956,34.4240226746,111.482513428,0.0697836396284
750,462.816558838,61.5580024719,123.272453308,313.125244141,42.2953009605
750,273.485870361,199.877914429,29.0355129242,84.8661727905,18.5537412763
750,422.422576904,93.0654220581,68.9300918579,187.884338379,10.9971322119
750,239.765396118,153.083267212,56.9548034668,142.004837036,8.11346918344
750,303.70703125,200.91947937,31.4131469727,80.9562149048,7.72588998079
750,242.968429565,160.015060425,21.2497406006,71.1290130615,5.62925897539
750,372.340423584,104.340461731,31.2106628418,63.6599731445,0.227525504306
780,545.153625488,162.005844116,76.1323242188,197.826049805,17.8959980607
780,588.315917969,196.223526001,44.2466125488,90.2967147827,12.2499734163
780,592.698059082,50.436000824,43.5431938171,95.141242981,1.14276334643
810,302.077911377,146.02696228,26.4990463257,53.5977668762,0.195949035697
810,330.532928467,159.067947388,26.1693058014,50.806224823,0.180674053263
840,430.874786377,150.525863647,20.7107753754,56.1904182434,4.0035109967
840,494.242401123,168.952697754,22.2665195465,54.9536857605,3.01500856876
840,356.549102783,133.536300659,17.8310985565,46.6302490234,2.11167484522
840,472.683685303,168.160079956,20.9046001434,48.2970924377,0.869191996753
840,561.447387695,164.243713379,31.5365600586,72.0722122192,0.0667021784466
870,217.316482544,157.905410767,20.1003189087,58.3600311279,0.285088759847
870,494.661376953,181.526535034,25.6854305267,58.942691803,0.230187689885
870,76.3394775391,169.445663452,29.8361873627,72.5821456909,0.108547252603
900,52.6542167664,186.161209106,23.1432170868,65.3677368164,13.7633666396
900,7.83668756485,235.830307007,14.5472917557,52.8714103699,3.3235758543
930,464.288299561,209.760299683,17.5356235504,44.8096313477,13.4840384126
930,178.330123901,180.615844727,28.8365097046,66.1651611328,6.56413882971
930,198.438156128,179.75982666,22.7800273895,61.5354652405,2.57132314146
930,513.669433594,207.495788574,24.5551815033,55.1523017883,0.144368980546
960,605.97845459,221.44102478,26.0392532349,63.3956260681,1.63551922888
960,486.298614502,217.679626465,22.3079242706,49.9651451111,0.0759072543588
990,519.204772949,217.657531738,24.2794246674,56.4869384766,1.85762252659
990,61.2140197754,168.897949219,36.2025947571,80.1543655396,1.05479601771
990,232.304611206,193.54548645,17.0857410431,48.3223838806,0.985530018806
990,140.091384888,208.728103638,25.6299972534,54.7187309265,0.363999907859
990,217.458206177,186.688964844,20.2469463348,49.3684120178,0.0512972299475
1020,250.07182312,193.044555664,16.9961681366,52.9644355774,22.3173111677
1020,226.113830566,197.406967163,16.7572135925,44.598400116,1.76707953215
1020,240.924667358,197.211135864,16.6770801544,43.4356079102,1.19480034336
1020,349.328735352,310.601135254,29.0164241791,54.8329315186,1.09935095534
1020,214.745788574,194.921554565,17.1966609955,44.7561607361,1.04612326249
1020,542.041687012,362.483764648,22.2539958954,41.2731742859,0.15936109703
1050,246.365951538,190.443603516,18.4199047089,52.067325592,14.2588734627
1050,474.932342529,188.198440552,28.5789165497,63.1909599304,1.42798926681
1050,194.423599243,190.087814331,21.6669483185,55.2236328125,0.472154514864
1050,234.499084473,190.041915894,20.3586330414,50.6166191101,0.0888879119884
1080,13.2456617355,227.85987854,39.4010810852,58.5232696533,8.08843001723
1080,200.142105103,194.45350647,19.9613513947,50.0896644592,3.40664237738
1080,185.4115448,193.472824097,19.7285823822,53.7889060974,1.50724677369
1080,498.682891846,181.863449097,31.8309383392,69.6517944336,1.06813153252
1080,134.187423706,191.355728149,23.1919116974,58.2265357971,0.297087221406
1110,615.98651123,226.216964722,17.4578495026,52.2549476624,1.2803141959
1110,481.159301758,176.490829468,28.118844986,72.3347244263,0.989005062729
1110,83.9782943726,205.723312378,21.2127819061,53.1285591125,0.859158672392
1110,551.461608887,204.598510742,26.8911724091,60.6153755188,0.245157442987
1110,70.8627853394,205.473449707,20.6214542389,57.8973731995,0.0468025507871
1140,255.502487183,199.407791138,19.7882003784,57.4683837891,58.8691949844
1140,16.0045566559,212.282226562,27.5072631836,61.8787269592,24.6930956841
1140,213.440139771,194.735778809,32.2785987854,60.9222869873,22.0645129681
1140,268.42376709,196.663024902,17.827922821,59.0673675537,13.74899894
1140,237.809555054,194.931335449,26.8435573578,62.2575416565,2.25454680622
1140,599.635314941,185.241821289,21.7730407715,55.8421897888,0.156908435747
1170,0.0320440940559,215.001052856,18.9902820587,76.9515304565,14.6213233471
1170,359.735870361,219.789260864,27.9621143341,79.7616958618,7.24986791611
1170,208.528915405,197.749801636,22.0729427338,58.8571357727,2.86535117775
1170,620.551879883,236.893783569,19.4481201172,74.7804489136,1.91566757858
1170,476.254425049,191.332809448,31.564496994,68.2808685303,0.935287214816
1170,616.092956543,178.067306519,16.9048843384,45.805721283,0.136560201645
1200,66.4230880737,214.474777222,32.6481704712,69.3583297729,9.01138186455
1200,12.6503305435,224.766677856,29.5469894409,67.6431655884,1.36486636475
1200,6.03718948364,207.085159302,18.8206253052,64.0670700073,0.0798463064712
1230,210.467407227,192.961715698,33.3149795532,85.5314407349,7.86745846272
1230,244.521194458,207.489013672,23.8326892853,67.717918396,7.16460645199
1230,186.098129272,199.471008301,29.1892089844,70.7649612427,0.969949923456
1260,88.9497756958,189.77571106,45.503200531,101.848022461,31.5917670727
1260,189.47102356,223.526062012,27.6392593384,67.0730819702,10.43471843
1260,616.590820312,198.64704895,23.4091796875,67.4813537598,1.54618136585
1260,598.409851074,177.288009644,32.1494483948,70.5307998657,0.671984534711
1260,205.098831177,232.666503906,19.6712818146,50.6781463623,0.358047173359
1260,115.426292419,196.058517456,40.1862792969,91.7813186646,0.350756454282
1290,34.0439529419,190.493484497,48.7682037354,133.116516113,55.7781815529
1290,152.383422852,236.404541016,25.5981750488,79.5071029663,15.6100466847
1290,150.167953491,187.861328125,21.3072071075,54.7082328796,3.04508116096
1290,166.955947876,248.859451294,19.8346996307,57.6704597473,2.76221185923
1290,58.738079071,201.213546753,46.7607269287,106.440834045,2.32981462032
1290,620.321777344,200.016525269,19.6782226562,64.6645889282,0.751978391781
1290,178.065933228,246.353561401,19.7324085236,49.7762794495,0.318763172254
1290,601.569946289,227.020629883,26.4305934906,86.2460403442,0.23075370118
1290,141.581039429,242.112869263,21.3829517365,73.3897781372,0.138545082882
1320,97.5673217773,160.573852539,81.0903396606,183.998779297,50.1153588295
1320,264.702911377,247.252441406,30.1854724884,74.0509643555,27.3739337921
1320,249.541442871,252.572982788,18.8625259399,70.6357650757,8.31888318062
1320,284.68157959,251.343444824,20.725736618,54.5432243347,1.9814575091
1320,249.542358398,165.0103302,28.044380188,70.8578414917,0.568416388705
1320,10.1509304047,227.927200317,18.9942989349,51.7324943542,0.396059453487
1320,98.615776062,159.754898071,38.401512146,94.4748535156,0.32357473392
1320,562.481384277,272.881652832,21.0848255157,47.9270324707,0.190187210683
1320,361.445922852,258.829406738,29.6831989288,91.5966796875,0.0171413179487
1350,374.496429443,161.99446106,114.105735779,220.789169312,71.9098925591
1350,235.777389526,220.809921265,25.8288669586,73.2509613037,55.5842339993
1350,593.071533203,250.765396118,27.5936412811,86.4267654419,49.1120278835
1350,30.3079147339,213.497360229,30.7271060944,93.1764907837,32.0022284985
1350,562.13067627,236.865600586,44.8351249695,144.074829102,11.551643163
1350,400.001220703,152.419937134,33.8351707458,85.060295105,8.22305306792
1350,601.032409668,180.001663208,26.7424545288,65.703704834,3.54996211827
1350,580.760192871,252.35005188,20.5263710022,67.8581161499,1.13350981846
1350,615.850769043,182.687332153,18.6662387848,48.9522666931,0.985536910594
1350,579.582092285,158.71295166,29.4106769562,79.7699661255,0.956419762224
1350,617.142883301,250.793441772,19.3690185547,53.2732887268,0.936250854284
1350,455.032684326,213.553421021,54.6112785339,125.66103363,0.33534753602
1350,250.333175659,221.033691406,26.0527038574,79.065574646,0.2946451772
1350,628.55670166,187.099746704,11.4432983398,50.6023406982,0.168829469476
1350,606.838989258,215.364059448,29.1755657196,68.6086196899,0.0557737366762
1350,19.1439266205,222.722824097,19.6183414459,72.8135299683,0.0444999488536
1380,569.487670898,222.203552246,69.0697555542,183.997070312,58.1058263779
1380,158.976104736,199.34538269,34.3579292297,121.86114502,32.4078351259
1380,586.617004395,88.6056518555,53.3829956055,230.900146484,14.4110694528
1380,601.43560791,117.329734802,35.945941925,96.7680740356,8.4465585649
1380,406.181762695,210.924682617,31.8990345001,93.8742370605,3.28242592514
1380,114.188819885,123.56476593,144.261550903,284.512542725,2.49260310084
1380,575.174499512,291.870635986,29.1544017792,93.8487625122,0.305100530386
1380,628.589904785,161.119949341,11.4100952148,51.83253479,0.254872627556
1410,170.81388855,200.268936157,44.577129364,117.634361267,20.8825796843
1410,593.339050293,125.413360596,46.660949707,251.556259155,11.4962629974
1410,421.108428955,208.584655762,30.7049694061,94.7198181152,0.921582989395
1410,592.882385254,264.151550293,32.5348052979,100.79058075,0.916891172528
1410,143.449478149,160.191879272,99.4030761719,234.247695923,0.817782059312
1410,182.209213257,107.045532227,20.3130836487,51.7803230286,0.0894038705155
1410,169.429656982,202.695419312,20.0666294098,72.4788284302,0.0479491893202
1440,169.261367798,200.612319946,45.2550773621,120.963508606,13.846193254
1440,591.633544922,135.145141602,48.3664550781,262.883514404,7.38630220294
1440,422.060058594,209.811645508,30.5936813354,101.231964111,1.90733186901
1440,169.3775177,205.884643555,21.5730056763,69.0214996338,0.336748478003
1470,170.934387207,204.969650269,39.6779708862,126.328926086,18.0544286966
1470,609.587402344,88.6384506226,30.4125976562,185.597412109,9.4318702817
1470,592.047546387,197.149368286,47.9524536133,206.590560913,6.26417398453
1470,421.114868164,210.52192688,30.3388767242,99.5926513672,1.54776657
1470,169.784942627,206.144760132,20.5504684448,68.9954833984,0.130418373737
1500,169.791549683,192.387557983,45.0737876892,147.532104492,8.03017765284
1500,587.129699707,123.995262146,52.870300293,266.382293701,7.22619146109
1500,421.235931396,211.754394531,32.8943443298,100.146934509,0.655082287267
1500,174.944442749,204.408889771,21.4916172028,80.4268264771,0.171517743729
1530,177.202453613,206.852416992,36.2783622742,119.857322693,24.3383333087
1530,425.916534424,207.125595093,36.1090736389,112.055389404,7.27130919695
1530,623.37878418,107.808052063,16.6212158203,80.1984863281,0.977839808911
1530,584.086364746,100.434844971,55.9136352539,243.304092407,0.843125768006
1560,224.775283813,204.775268555,43.9589118958,122.8230896,42.116189003
1560,486.105072021,206.229858398,35.5906257629,121.434944153,1.80752519518
1560,200.360794067,127.218757629,144.372634888,255.254867554,0.937549117953
1560,223.208511353,207.599624634,20.810092926,65.3579177856,0.195850431919
1590,293.46206665,252.350723267,19.1659564972,73.5486679077,42.1868175268
1590,43.5019073486,218.315429688,38.9422492981,101.264190674,6.0011383146
1590,393.361419678,103.619758606,18.3044147491,48.3325004578,5.20876683295
1590,352.512207031,145.069122314,140.331863403,264.143463135,1.24850869179
1590,4.8278298378,194.93762207,99.0685195923,214.619934082,0.655575655401
1590,297.228759766,227.167556763,32.2250175476,68.6564254761,0.0783936644439
1590,617.521911621,265.701385498,18.2806034088,46.514087677,0.0363044993719
1620,372.786895752,269.37979126,24.3360137939,58.1584892273,9.51274931431
1620,355.205444336,257.148651123,31.7301254272,73.9781341553,6.7919164896
1620,129.199569702,227.02180481,33.0561103821,77.5170669556,0.00479185291624
1680,573.027526855,214.596908569,36.4908180237,75.9696044922,6.75264969468
1710,19.5317001343,162.393203735,25.3011322021,65.5459213257,30.8937221766
1710,450.497406006,191.386032104,78.3584213257,120.959907532,0.448216823861
1710,10.276014328,164.152877808,19.2415065765,61.258731842,0.156161736231
1740,97.5228805542,163.054138184,26.7654953003,62.5872459412,42.7777290344
1740,593.657592773,214.39692688,46.3424072266,204.122451782,3.54736484587
1770,132.045944214,159.369171143,35.7334899902,76.799659729,45.5888092518
1770,188.493484497,168.416870117,27.9920711517,82.9860076904,1.68996043503
1770,616.652282715,167.440505981,23.3477172852,64.2859649658,1.68299600482
1800,361.327026367,29.4767436981,23.4376907349,58.8121185303,79.4522166252
1800,119.16091156,153.223312378,33.8052024841,96.2007827759,2.47687920928
1800,207.131546021,183.224487305,19.5832843781,60.0134620667,0.961511116475
1830,356.266876221,19.41705513,21.3442897797,64.3279800415,6.74866810441
1830,77.5638580322,154.35585022,31.1696243286,78.1124038696,1.04534653947
1830,440.258148193,171.301254272,39.1306037903,98.3165283203,0.0676425115671
1830,47.9547233582,182.922195435,21.2914981842,72.5595092773,0.013549378491
1830,338.181121826,25.5546970367,27.4503173828,61.9497795105,1.54184050416e-05
