30,431.359130859,86.375793457,42.9902915955,137.433029175,32.3259741068
30,148.551528931,111.015808105,18.8386974335,51.4564704895,1.94605756551
30,604.01361084,95.0486755371,21.8894424438,53.3155670166,0.752432644367
60,604.998046875,101.005378723,18.8532466888,44.2734031677,0.333986547776
60,429.478912354,86.3622055054,43.8230781555,126.867164612,0.115364859812
90,425.846832275,95.8714370728,41.8095741272,104.220001221,2.30983830988
90,605.338012695,101.301750183,18.7462081909,45.4928588867,2.06038057804
90,553.661376953,193.998184204,18.8109035492,40.8650016785,0.0730108760763
90,447.176605225,89.6020507812,39.8682479858,96.1013259888,0.0184347678442
120,429.333709717,85.462348938,57.6506843567,143.804092407,22.1221223474
120,577.477844238,88.3282546997,20.9940929413,52.9004516602,0.158719299361
120,605.035095215,88.5054931641,18.8903522491,47.8809165955,0.112233369146
150,427.89743042,78.1375961304,50.1618461609,144.770874023,70.0757443905
150,577.59588623,87.8290023804,20.6532478333,50.5230140686,1.57968252897
150,609.749389648,100.845924377,17.5843887329,44.4512939453,0.686222920194
150,608.121154785,32.0285758972,24.1142044067,57.9940834045,0.254710926674
150,465.802398682,67.3092727661,33.8334121704,104.408164978,0.230704573914
150,533.756774902,84.2925720215,19.366771698,54.7608375549,0.0827905372716
150,591.59954834,82.3615341187,26.4254436493,55.7117004395,0.0558892730623
180,426.33694458,92.9109268188,55.7236480713,125.28301239,6.67422860861
180,603.315917969,95.8913497925,22.7362442017,54.2288169861,0.49552838318
210,426.151580811,83.0812911987,60.2942619324,144.778610229,9.38865691423
210,532.930541992,82.4438247681,20.062997818,55.973941803,0.160496321041
210,605.326477051,88.3857421875,19.1914482117,48.6115264893,0.144128862303
240,437.772216797,88.7182998657,39.7216682434,129.769332886,1.14404642954
240,533.122619629,86.4909744263,19.7563343048,52.8767127991,0.200875941664
240,605.62701416,87.7077331543,19.2602500916,48.9567718506,0.0933721254114
270,425.445892334,82.5295181274,48.3253059387,142.232192993,19.9615567923
270,289.871917725,102.859741211,19.0790424347,44.6854248047,2.56247166544
300,610.9921875,85.2297897339,16.8461608887,51.8522148132,0.467025442049
300,534.272644043,85.3128662109,18.8750858307,54.3210258484,0.189593981486
300,447.816162109,87.7313613892,31.9161624908,95.4401473999,0.0355666561518
330,428.201507568,84.4224319458,42.9083213806,144.352996826,16.7443022132
330,606.051757812,89.3377456665,18.8255615234,48.75623703,0.248814071529
360,431.067749023,92.5500564575,37.7992210388,114.745018005,3.61043550074
360,605.277160645,86.6662597656,19.3320026398,50.7026405334,0.236769509502
360,526.854187012,85.4260940552,19.9146327972,56.9514808655,0.1363527379
360,470.491210938,73.4276733398,29.7894592285,102.596824646,0.0262130313786
390,432.967529297,90.6912841797,42.8043365479,120.818443298,2.5501254946
390,602.079589844,103.884361267,24.1176586151,54.8408546448,1.77285708487
420,426.717895508,94.6813735962,50.3701438904,116.712364197,15.2371928096
420,604.592102051,94.8797073364,20.9155006409,49.7509765625,0.584523566067
450,425.629730225,98.1860351562,40.7133827209,113.801605225,1.3958722353
450,606.264953613,81.0948104858,18.6914196014,54.1674957275,0.160090893041
480,428.031524658,96.1805038452,45.9233131409,108.445503235,1.14011093974
480,602.213623047,99.2796401978,23.6898899078,54.6253051758,1.13702546805
480,533.33807373,83.8836212158,20.313873291,51.7516784668,0.357212172821
480,529.637145996,169.520248413,24.3334407806,59.2531394958,0.268562114798
510,422.498046875,89.1647415161,51.9740791321,128.554321289,6.59942105412
510,610.875915527,99.9837646484,17.6126918793,45.9028816223,0.667949719355
510,533.47277832,83.9451904297,20.428861618,55.6817436218,0.221062311903
540,429.768829346,85.7110214233,45.8629264832,135.632949829,38.6604338884
540,610.241210938,103.023170471,17.3106536865,46.7069664001,0.87198195979
540,532.705078125,81.5535812378,20.1098213196,54.705745697,0.077642564429
540,601.480529785,85.0654830933,19.5275478363,47.4852294922,0.0641415419523
540,573.19329834,80.5337600708,22.1423549652,53.7460441589,0.055617938051
570,427.07434082,75.8137207031,65.1753311157,151.565231323,34.0421885252
570,605.566955566,98.6613388062,19.0434360504,47.5835990906,1.20248654857
570,582.096496582,88.10572052,22.0367527008,55.8376197815,0.852981582284
570,553.201843262,192.889266968,18.8429737091,42.3284988403,0.09503341862
570,595.060852051,91.0840530396,19.959569931,48.2033729553,0.0823396141641
600,427.347015381,94.7841873169,47.2357025146,129.817001343,13.2812306285
600,152.032974243,109.326934814,17.7525157928,52.7977104187,2.97961682081
600,603.221008301,94.7978591919,23.1041889191,55.1570091248,0.976348109543
600,533.112976074,83.7411193848,20.6097793579,55.6438331604,0.112082681153
630,428.922027588,82.0958480835,59.5915260315,144.722976685,20.727314055
630,605.696044922,99.4493713379,19.0433731079,48.1585693359,0.535021815449
630,579.557006836,75.8220825195,25.8166561127,60.4464683533,0.0242710113525
660,426.821624756,72.99559021,65.6669845581,154.476028442,14.9325713515
660,419.240722656,108.657752991,38.0769119263,86.3441085815,1.70973297209
660,408.585693359,140.596298218,21.3178577423,47.416721344,1.5971492976
660,605.631408691,99.7007446289,19.106218338,46.4645996094,0.619201129302
660,608.498474121,29.2403049469,24.9188518524,57.2818107605,0.0199204601813
660,589.936340332,77.6102371216,28.0322113037,59.0685157776,0.0165401041158
690,421.340484619,95.1058120728,53.3790397644,123.685813904,27.3528367281
690,415.298461914,106.729156494,20.1164340973,59.9649658203,2.28389054537
690,606.288146973,82.4393920898,18.4130249023,49.5414276123,0.244162930176
720,432.712860107,84.5091400146,40.6732406616,137.763824463,44.2654043436
720,611.092529297,81.2939224243,16.107591629,52.4203147888,0.208955188282
750,430.894378662,100.572471619,38.4210853577,110.813224792,1.19145326316
750,159.568313599,182.041549683,22.5234222412,81.2547531128,0.326362880878
750,583.022705078,66.4908370972,21.8825283051,52.0402030945,0.122475193348
750,533.534790039,103.117774963,19.3580245972,56.3235054016,0.113902741577
780,433.143341064,79.6320877075,61.501449585,150.698440552,6.66859969497
780,431.577606201,113.053405762,26.2281265259,74.9833755493,0.819460209459
780,543.375,86.7334213257,19.989818573,52.4064826965,0.333340326324
810,554.082275391,90.9584960938,18.8593120575,54.5287628174,0.222516967915
810,480.419464111,68.9318771362,34.7426376343,100.620613098,0.00664244143991
840,452.776367188,76.6716079712,61.2222442627,156.980941772,12.2352838516
840,441.182495117,130.55140686,20.1938362122,53.0505523682,3.54083292186
840,580.488586426,72.8982543945,19.5184764862,54.4878349304,0.974239967763
840,575.504089355,178.150497437,25.4867839813,64.8710479736,0.171039102133
840,388.660400391,116.511779785,26.896654129,72.7568969727,0.0718614493962
870,477.074951172,60.5413627625,49.9690704346,159.938369751,12.9979237914
870,372.158599854,112.747253418,19.6667060852,41.7274627686,1.55050670728
870,505.01184082,146.199981689,23.3373813629,74.9893112183,0.442222505808
870,463.669311523,107.083732605,20.3270893097,65.9143447876,0.411926815286
870,449.196166992,102.407966614,23.7893447876,76.6058578491,0.0708048755769
900,508.448883057,61.793132782,105.687583923,209.683303833,4.75701503456
900,504.560791016,95.393737793,30.4443416595,75.1782302856,1.40983806923
900,502.252655029,71.0255813599,20.6205291748,57.2136230469,0.0638470693957
930,401.927398682,101.44229126,16.5157909393,47.9708709717,0.332719343714
930,484.017791748,92.8965454102,18.1362438202,57.1562232971,0.274056917988
930,156.343643188,176.940475464,30.6931209564,85.5601882935,0.164585292805
960,281.001739502,107.085762024,29.0958194733,52.9049873352,0.905603356659
960,415.304656982,98.0636901855,16.1547260284,52.8063621521,0.184519158211
990,417.612335205,104.890411377,17.8707485199,48.3898887634,1.34340738878
990,429.098022461,85.7249069214,18.716381073,53.3122138977,0.10233707726
990,535.843994141,92.9102706909,17.3308467865,53.2624549866,0.0326167006278
1020,536.23638916,126.021430969,19.8526287079,57.0336914062,5.38971722126
1020,440.690307617,83.5313796997,19.4254741669,50.3959159851,0.0638767611235
1050,537.470153809,60.7198486328,31.0196838379,106.463928223,3.1798414886
1050,572.909484863,90.8735351562,26.5534801483,94.5834350586,2.37510539591
1050,587.444763184,137.108383179,20.2415332794,51.0415840149,0.658261682838
1050,106.561462402,182.77671814,18.6980228424,39.293712616,0.434395857155
1050,452.091918945,91.7881164551,18.6397953033,55.0383148193,0.154466857202
1080,611.320495605,145.646743774,17.2106323242,56.7802009583,4.18390259147
1080,418.937042236,109.933128357,16.2924633026,48.8834190369,1.73913929611
1080,314.516235352,93.4068603516,20.636051178,49.3589172363,1.43504263833
1080,482.317626953,135.359268188,19.3102893829,40.122379303,1.35597093031
1080,49.0989837646,77.1382064819,19.6887989044,50.4208831787,0.540040247142
1080,335.318756104,87.7447433472,28.6409168243,59.4213218689,0.149995519314
1110,594.531799316,66.7912063599,24.8646221161,70.7214660645,25.7343828678
1110,497.644683838,140.73109436,17.5934867859,45.0923652649,23.3417093754
1110,455.390136719,119.343086243,18.4596042633,49.3604888916,0.0959431927186
1140,519.779602051,143.066421509,20.7777748108,44.5249214172,90.9392535686
1140,436.790985107,114.339103699,18.2622241974,55.1970787048,69.1784501076
1140,554.252624512,123.548400879,19.361415863,70.7198791504,0.909054838121
1140,469.970581055,132.250564575,16.1271743774,46.4828834534,0.692129740492
1170,545.813781738,140.351501465,24.5458679199,58.2691993713,96.5964436531
1170,487.326080322,144.044235229,19.4003429413,47.8902015686,37.2252881527
1170,616.095092773,123.629722595,18.0547809601,53.0027656555,2.63626184314
1170,380.928588867,181.401321411,26.8125362396,92.0295791626,2.60376743972
1170,14.2819223404,78.2802505493,29.7082805634,69.4560012817,1.13939708099
1170,604.421081543,312.182403564,27.2231750488,63.7836723328,1.10753057525
1170,360.285308838,101.592247009,20.1621417999,52.398147583,0.456936471164
1200,582.075195312,162.444656372,25.7288036346,58.0522575378,94.7338759899
1200,381.861694336,93.4611129761,34.5147018433,78.6056518555,4.32156845927
1200,348.582061768,115.929443359,26.9494400024,52.6201286316,3.72863560915
1200,443.89074707,130.235488892,25.6608791351,60.7712287903,3.16893532872
1200,612.019897461,168.888839722,17.3006801605,48.0373840332,1.0102587752
1200,503.041381836,149.049194336,23.8930606842,57.464427948,0.944416690618
1200,606.83026123,119.105072021,27.6587429047,86.3285903931,0.51453136839
1200,357.280914307,102.904945374,35.4201660156,93.5264968872,0.19314821111
1230,427.482147217,60.9043235779,34.5873298645,89.7608718872,4.53059263527
1230,574.018188477,152.642562866,23.488740921,50.6246490479,1.63151584566
1230,333.045318604,115.389259338,26.165687561,45.2782745361,0.92012565583
1230,3.2251765728,54.2605323792,27.9596347809,69.5720748901,0.272218696773
1230,455.14163208,136.509658813,23.5585479736,60.8044090271,0.23244607728
1260,599.059387207,136.923019409,26.6757030487,89.7293930054,6.73289373517
1260,234.75151062,100.678947449,23.6259155273,64.4058151245,0.0917848723475
1260,404.730224609,282.133270264,21.9075946808,53.2527008057,0.0481378781842
1260,60.6063804626,123.55216217,18.7256984711,54.2633171082,0.0385779130738
1290,503.302276611,146.046890259,21.6391544342,64.0402374268,2.49685067683
1290,11.2578268051,168.178817749,22.3063831329,44.9174232483,1.41768464819
1290,32.4335441589,144.42829895,18.5314655304,57.754322052,0.896039232612
1290,307.833892822,112.412696838,17.597328186,39.1798706055,0.0753835600335
1290,211.252639771,111.191833496,21.4150867462,55.0121307373,0.0447663041996
1290,11.5286979675,106.424598694,27.3247394562,68.9609451294,0.00298692393699
1320,180.816162109,147.940628052,18.2314338684,48.5363502502,15.5198857188
1320,523.617553711,113.271629333,21.3414783478,72.8022155762,13.1837680936
1320,200.037521362,120.397064209,27.0468826294,69.9774551392,1.51763455942
1320,536.692199707,99.5364303589,21.5800266266,70.7245864868,0.812916364521
1320,552.209533691,142.15763855,18.4901924133,50.3167762756,0.520147010684
1320,605.032653809,108.371788025,23.1578521729,72.184425354,0.0438037735876
1320,386.477661133,167.618835449,32.1045875549,107.432792664,0.0339518417604
1350,543.91192627,110.789123535,21.4197921753,74.5830154419,87.8364682198
1350,568.536315918,100.01789093,27.3465251923,97.0472793579,38.7111663818
1350,556.95489502,109.421356201,18.9431610107,72.2346420288,4.20149490237
1350,581.913330078,82.4375228882,21.5738582611,67.2205963135,2.93305050582
1350,519.00982666,99.0764694214,19.9022159576,72.7723312378,2.44136191905
1350,569.675476074,78.3410415649,20.0355968475,54.7854576111,1.79396253079
1350,564.043884277,142.382629395,19.1159992218,53.9561271667,1.22042605653
1350,48.9319152832,154.63633728,22.2161197662,54.2510566711,0.376996700652
1350,9.45688724518,145.517929077,27.435874939,56.9074554443,0.0740686489735
1350,586.41595459,44.9696350098,22.4574432373,63.5061073303,0.0229514480452
1350,195.389419556,163.935958862,21.4356746674,52.9308319092,0.0228227960179
1350,584.358825684,151.48475647,19.1489334106,50.1613769531,0.016089262499
1380,569.322570801,102.528617859,25.5585803986,99.2271728516,58.971363306
1380,581.935668945,152.877426147,19.2991504669,48.3992424011,46.393597126
1380,609.578186035,109.328712463,21.2713298798,86.223815918,26.8250137568
1380,615.477783203,53.9597473145,17.2848968506,53.9644508362,0.750527437776
1380,590.632019043,124.875679016,22.3450679779,71.8372421265,0.704614445567
1380,6.72683906555,145.542648315,13.770447731,58.2625007629,0.366465654224
1380,513.766357422,336.396240234,35.929309845,92.5768127441,0.221762969159
1380,107.877342224,97.0670471191,18.538526535,55.4801483154,0.0518399931025
1410,596.188049316,94.2667312622,27.2008514404,103.822898865,90.9789025784
1410,615.755187988,147.800476074,16.1683330536,53.5780830383,10.5683028698
1410,37.3368492126,168.921936035,16.5047855377,48.7935295105,5.31768016517
1410,539.991760254,159.787658691,18.3561763763,45.3774414062,2.81166918576
1410,540.282287598,99.1362075806,20.2128391266,53.5543327332,2.65410318971
1410,230.342910767,176.134506226,28.5452480316,85.8689651489,2.28783693165
1410,51.4883384705,168.235092163,19.9225559235,58.382019043,1.49304522201
1410,615.289978027,112.427375793,17.8458843231,59.1249351501,1.23520502821
1410,25.5178279877,80.2698287964,30.0751972198,79.3937454224,0.116074108519
1440,549.875305176,158.176467896,17.7489738464,49.0066337585,8.13166126609
1440,611.930725098,144.926864624,17.4605045319,56.0550994873,2.78243459761
1440,605.861816406,88.6647644043,24.7302265167,70.8068313599,1.70370638371
1470,610.173156738,138.563247681,20.3089923859,68.9074249268,8.65600779653
1470,609.24822998,91.5520935059,19.3870620728,62.3213768005,5.96988424659
1470,245.649856567,172.649536133,31.1465015411,71.0491714478,2.93408297002
1470,290.826263428,116.747428894,22.6573543549,49.5415496826,0.541729899123
1470,588.26159668,172.124511719,20.2634468079,42.9329223633,0.117610173766
1500,556.963317871,171.913330078,19.160490036,46.4822807312,47.8206068277
1500,603.50177002,100.072792053,26.4291820526,69.7936630249,6.13198168576
1500,607.383789062,155.557067871,21.8376979828,59.2952423096,5.36826550961
1500,276.207275391,136.78868103,20.396692276,47.6466789246,2.6254106313
1500,577.067321777,171.032653809,23.8214435577,52.427898407,2.57430244237
1500,617.168762207,177.23286438,15.0992546082,49.1614532471,0.703480560333
1530,556.640930176,168.377487183,22.1413288116,49.4610290527,70.2889859676
1530,605.450744629,141.51234436,23.166349411,74.3746261597,10.6436789036
1530,608.782348633,93.2697067261,20.9796009064,59.1253623962,9.4052888453
1530,616.414611816,173.1381073,15.8454847336,49.1330833435,2.70240493119
1530,127.802024841,193.123718262,27.3194122314,58.0797462463,1.02400034666
1530,570.642578125,166.696960449,23.2071285248,58.717540741,0.636801822111
1530,583.516784668,178.15486145,20.1846523285,48.0242500305,0.164707563818
1530,595.304077148,90.371887207,19.8044967651,54.0986633301,0.0811998092104
1560,553.822570801,174.931625366,17.9940280914,47.4702796936,73.6739754677
1560,596.807800293,97.442779541,33.1965560913,125.633995056,42.6878333092
1560,142.81993103,170.883499146,22.5755634308,67.777671814,28.2243341208
1560,566.621948242,173.95173645,18.8712100983,49.6987876892,0.798299536109
1560,495.253875732,72.3584365845,32.1851196289,83.7764892578,0.140506541356
1560,579.360229492,178.476119995,17.6410274506,45.7311515808,0.0452186970506
1560,478.299285889,107.368614197,18.4661426544,45.3787727356,0.00971153131104
1590,546.296325684,175.220031738,16.8576831818,48.5352020264,77.4782419205
1590,587.633605957,92.9027099609,38.7764205933,130.428085327,24.8294726014
1590,108.035003662,175.486862183,20.3382644653,51.9938392639,24.4232267141
1590,591.01361084,78.2958297729,24.8715820312,68.3232192993,1.49751808494
1590,558.206542969,181.475143433,20.9737644196,50.2269477844,0.8270165883
1590,585.693481445,168.753372192,22.8832454681,52.0301208496,0.572471600026
1590,605.547302246,149.606872559,20.2615642548,63.0526428223,0.319490185939
1590,586.452209473,66.472618103,16.1503715515,55.9811820984,0.087794783758
1590,219.761779785,225.684494019,30.4094867706,93.1040649414,0.0157129936269
1620,614.001159668,155.670761108,17.3122501373,57.2198677063,10.0437387824
1620,541.425720215,188.60168457,21.5479888916,46.4681587219,1.42057919875
1620,88.7083435059,191.538024902,20.6040172577,53.6329078674,0.596643192694
1620,588.942016602,143.855636597,29.4354381561,82.7557220459,0.193835957907
1620,580.134887695,77.7558059692,20.5857219696,65.6662368774,0.156808889005
1620,357.772613525,36.0524330139,21.333065033,67.1066055298,0.0930037233047
1620,228.71711731,174.236404419,25.6994934082,66.2637939453,0.0633085786831
1620,371.5105896,39.5122451782,21.5262622833,64.4839019775,0.0614799268078
1620,563.237854004,85.1857910156,19.6282806396,54.4904975891,0.0485916330945
1650,543.602722168,175.960205078,19.3284778595,54.6714515686,76.7754971981
1650,573.073303223,70.5063705444,38.8027763367,156.485183716,38.8699501753
1650,191.011352539,185.599227905,25.4487171173,68.3922805786,14.9216771126
1650,24.8658390045,179.416625977,24.9027481079,53.0132102966,3.73141206801
1650,526.489501953,175.090988159,19.314743042,51.8423423767,2.24508792162
1650,578.881774902,64.2337722778,22.5850849152,74.0273666382,1.44323697314
1650,564.643859863,59.6810112,21.4974136353,64.0180053711,0.445420248434
1650,311.238983154,33.4074554443,37.7690048218,77.5052490234,0.000215887575905
1680,551.171081543,174.683166504,21.9337615967,55.8019714355,98.3241200447
1680,579.135070801,157.53944397,24.1671657562,65.2808761597,24.9128252268
1680,577.929992676,63.4641609192,39.7823905945,152.943359375,9.61029157043
1680,612.281921387,148.209579468,16.660112381,50.9969367981,5.61638996005
1680,530.242858887,173.197311401,21.5895557404,55.7375602722,3.30121554434
1680,5.6211438179,188.595230103,18.2534542084,49.7040863037,1.68652199209
1680,179.409866333,188.133468628,18.9240436554,54.0187644958,1.25558273867
1680,569.827392578,165.34147644,20.2529964447,64.4989395142,0.772292306647
1680,363.167022705,325.670562744,24.6214466095,53.6124572754,0.559329381213
1680,600.603149414,151.946426392,19.1742916107,54.4843864441,0.506516359746
1680,388.253417969,304.685516357,27.3577671051,59.7074584961,0.351024116389
1680,603.574645996,94.5895614624,27.5529651642,70.8386154175,0.0398107687943
1710,577.975585938,175.979995728,21.0576534271,58.9979400635,96.3447511196
1710,598.371398926,175.000198364,18.6836185455,60.1259155273,17.4775183201
1710,143.484390259,191.211914062,24.6589756012,69.8711929321,2.44845896959
1710,616.961242676,183.835830688,14.8718633652,50.2035331726,1.99711062014
1710,564.815795898,183.677688599,18.5978660583,55.6547203064,1.53142437339
1710,592.215087891,105.483985901,27.0067615509,85.1951370239,0.880913436413
1710,169.245956421,188.549087524,19.8993530273,51.4835166931,0.410412438214
1710,162.419937134,354.700805664,22.7978572845,50.0495147705,0.33146108035
1710,328.970855713,348.120330811,20.7873039246,51.1082954407,0.0998865929432
1710,394.686859131,338.26852417,27.3281021118,57.4438667297,0.051372568123
1710,407.302612305,334.9168396,34.1483230591,66.9267807007,0.0153784683789
1710,205.276107788,242.759780884,23.6452884674,60.3628692627,0.00817379841465
1740,605.086364746,175.889205933,25.0540027618,64.0319747925,98.8038599491
1740,613.085876465,85.7373428345,20.6478710175,58.4469490051,5.42896538973
1740,619.774047852,169.667221069,18.8242492676,63.8718109131,3.28089557588
1740,600.672424316,91.1423339844,29.8324604034,104.392028809,0.52266609855
1740,566.466552734,174.440872192,25.9411640167,68.7798995972,0.194814684801
1770,573.590270996,194.27154541,25.2183132172,58.3258934021,0.301858922467
1770,423.995697021,98.4880065918,20.5893650055,60.4931793213,0.130067043938
1770,435.247680664,102.51776886,21.8072299957,63.6131744385,0.0262255431153
1800,374.935913086,181.51008606,22.9665775299,45.4319152832,3.62447574735
1800,519.881164551,189.676345825,19.1410160065,47.0260925293,1.66912935674
1800,158.233535767,186.955673218,19.6587791443,49.6379432678,1.49287283421
1800,305.15133667,139.592819214,26.4774723053,65.4750289917,0.651316996664
1800,583.971740723,196.408325195,18.9122390747,50.2480888367,0.575498817489
1800,310.540405273,179.176071167,21.4488544464,51.6023101807,0.385952298529
1800,561.998474121,185.099838257,34.1380958557,64.8374023438,0.344081944786
1830,104.751914978,189.747817993,27.2272968292,70.4884872437,1.32156591862
1830,410.279907227,106.776817322,18.0805644989,50.873462677,0.662307394668
1830,572.672058105,192.972061157,28.9528598785,64.0544052124,0.37268793676
1830,588.512756348,213.964920044,20.8367671967,46.5748405457,0.167585199233
1860,572.18347168,186.144271851,43.2632102966,76.4497451782,3.40967737138
1860,520.481994629,187.136398315,20.6449108124,55.461730957,1.26808024943
1860,595.453552246,216.302429199,18.7202110291,49.9845237732,1.07481470332
1860,389.562164307,100.648353577,24.6652355194,61.3515777588,0.240890774876
