30,534.857299805,170.646987915,22.2423877716,63.849811554,15.088956058
30,414.474609375,172.893753052,22.723487854,57.3722381592,0.988782756031
30,520.02947998,169.886459351,22.2550487518,56.5440559387,0.880823284388
30,450.016113281,43.6135368347,24.6140213013,63.7488861084,0.66810590215
30,416.530883789,82.030632019,22.6018447876,63.4228668213,0.228032353334
30,439.908477783,55.0806465149,21.6957397461,61.9450492859,0.0459818023955
60,483.587738037,148.190658569,22.9555435181,65.1045913696,4.29407730699
60,426.923583984,32.8948059082,23.5148563385,69.1244430542,2.08143554628
60,143.361602783,108.032676697,26.3791332245,64.9715957642,1.01839788258
60,436.573364258,34.4428062439,35.5194511414,92.3596725464,0.470515806228
60,187.739578247,130.439971924,19.4536991119,64.0140304565,0.344470585696
60,446.457397461,175.085800171,23.8807621002,67.2420578003,0.286140246317
60,501.581634521,39.9551696777,38.2658691406,77.4799804688,6.36952227073e-09
60,483.562652588,51.2299804688,31.0441055298,64.9805908203,4.43059781571e-10
90,473.467559814,28.5978851318,31.1001663208,71.9378433228,2.11541112512
90,493.221954346,31.035161972,23.655878067,71.8126220703,0.542547274381
90,434.620819092,49.0514526367,19.6088581085,61.3745307922,0.367419375107
90,129.956085205,100.487762451,21.2762374878,63.197265625,0.0650821137242
90,452.100860596,181.127670288,19.5263786316,64.325088501,0.00177705933311
120,466.570526123,32.7699508667,17.8786430359,50.6134796143,82.5560331345
120,446.011810303,36.1390037537,18.8563785553,47.4807319641,17.810818553
120,7.04070043564,157.76940918,16.0544719696,50.4159355164,0.42642429471
120,605.050170898,152.943389893,20.7569789886,51.5989723206,0.16402201727
120,433.786956787,173.415344238,24.0170822144,72.2152557373,0.150005810428
120,149.086791992,119.480262756,25.768289566,62.1130867004,0.0203858216992
120,82.6951675415,84.4549331665,30.1578903198,85.8551559448,0.0164622892044
120,578.246582031,17.9954280853,33.9016571045,88.487701416,0.00174232791323
150,605.283935547,163.613677979,25.2332172394,72.2009811401,6.09752610326
150,189.130187988,123.486701965,23.1909770966,59.2716827393,2.20445170999
150,86.2297897339,168.101760864,16.6717281342,42.1755218506,1.76387559623
150,511.132720947,171.186340332,29.8187999725,62.4055290222,1.36274723336
150,204.228637695,122.44846344,19.5804615021,56.6445884705,1.13429641351
180,426.562011719,149.245040894,17.6743774414,45.7832756042,17.3724293709
180,541.975097656,161.637542725,20.4470901489,66.1518325806,10.5101041496
180,55.7385444641,158.905410767,15.9225187302,39.6315612793,7.18995630741
180,604.279846191,169.558563232,21.8312301636,63.0652809143,4.07066531479
180,455.767852783,144.067703247,16.4967327118,48.3741569519,1.47679876536
180,616.638916016,188.838943481,16.4830265045,52.3403663635,0.803735107183
180,197.928222656,120.816871643,22.0029220581,60.8631439209,0.190051086247
180,7.77593374252,92.2645339966,20.8565807343,54.7607765198,0.1780724735
180,9.16377067566,31.5148029327,17.9058589935,49.9191131592,0.120848068036
180,528.137878418,35.1585617065,19.5122642517,47.7058258057,0.00786118762335
210,504.018035889,156.636901855,23.2822952271,48.9878730774,90.914440155
210,537.815307617,149.239639282,28.7649669647,67.812828064,58.5719704628
210,580.042358398,165.086364746,19.3278636932,42.9385566711,47.8406965733
210,455.550415039,149.95098877,17.4348583221,47.7924079895,7.41643607616
210,479.697357178,146.730728149,17.4825954437,46.7565956116,4.1059538722
210,527.867980957,146.011764526,21.6548366547,64.3324356079,3.38965021074
210,46.4580116272,150.894592285,19.1686515808,47.4892120361,2.80973464251
210,601.633850098,150.523864746,19.2418804169,52.1403846741,1.132257469
210,16.8853492737,228.579833984,33.3455924988,96.9744262695,1.01028643548
210,78.335395813,157.24559021,20.1334552765,41.426410675,0.412625074387
210,517.952514648,149.110916138,19.0265693665,57.1470298767,0.377240590751
210,9.08898448944,260.876861572,23.234369278,74.6918869019,0.340397423133
210,469.652923584,143.331558228,17.8059387207,52.2412567139,0.267359381542
240,565.081054688,155.795791626,25.6351222992,61.2215919495,99.5346128941
240,512.608642578,153.279129028,16.218870163,46.5980834961,41.6635513306
240,494.405181885,149.180130005,16.8236656189,54.3069038391,5.73546364903
240,585.957214355,149.292892456,17.2279777527,54.4491767883,4.85186427832
240,595.257019043,148.386627197,20.0840549469,59.1546020508,1.36390617117
240,549.301452637,148.693206787,20.9089279175,49.5108451843,0.779083184898
240,21.1029682159,203.507446289,23.9577236176,81.3709487915,0.557582685724
240,520.869384766,129.540542603,24.2675628662,64.7113494873,0.196131737903
240,534.823059082,137.43170166,21.6895370483,58.4364509583,0.082035898231
240,180.991516113,115.894416809,19.2343902588,59.6217842102,0.0120063930808
270,606.328796387,129.434265137,21.2582836151,60.9797859192,53.6111295223
270,533.815856934,165.924118042,29.3327693939,48.7101173401,9.7911901772
270,493.394287109,151.624557495,24.5613803864,54.1974983215,3.94508875906
270,92.642539978,168.142791748,29.6492977142,94.6107788086,0.42508887127
270,158.899093628,102.870613098,19.8496589661,64.098991394,0.366940535605
270,483.923919678,156.091644287,19.9085712433,44.8166694641,0.240544928238
270,590.78302002,121.684547424,21.7353820801,72.3914260864,0.20978548564
270,557.109069824,139.489730835,19.9462032318,57.1291809082,0.177580106538
300,610.416320801,150.140731812,18.634563446,60.1660194397,94.3887174129
300,552.317138672,168.385604858,18.8406620026,50.882183075,4.37647327781
300,563.148803711,161.016464233,24.3163433075,62.4940910339,3.43118831515
300,587.780029297,153.357910156,23.0386867523,67.9581375122,3.1087897718
300,509.886993408,162.647003174,22.548204422,51.5716705322,0.238109356724
300,626.968017578,145.143112183,13.0319824219,52.0168113708,0.19043701468
300,538.052978516,166.269638062,19.4080047607,51.0730552673,0.148206809536
300,127.065910339,154.965499878,35.5278587341,93.4157180786,0.0272758828942
330,125.509513855,96.0436325073,19.6303730011,51.6762733459,2.23464258015
330,141.148590088,80.2261581421,21.5100231171,57.7808036804,0.853282026947
330,513.135803223,168.807815552,26.4028167725,54.9166221619,0.689805904403
330,543.189758301,36.2991447449,34.1998710632,80.250617981,0.235117343254
330,442.263183594,84.8397903442,21.752204895,62.2524375916,0.0811569858342
330,537.743652344,137.14692688,19.040517807,54.316696167,0.0487555051222
330,102.763206482,88.8144836426,19.3545837402,51.8501586914,0.023407721892
360,616.14050293,148.219772339,17.4345989227,45.5193901062,2.51761376858
360,5.80269765854,168.892654419,15.5904417038,41.5753746033,0.731629412621
360,453.145751953,79.4164123535,25.011713028,58.1812553406,0.306253368035
360,475.190460205,49.8955574036,36.0329589844,89.0717163086,0.15105267521
360,70.738494873,100.039268494,22.6409244537,72.3651657104,0.0204809286515
360,50.3030281067,88.0857162476,33.579284668,86.4509887695,0.0107506501081
360,89.2206039429,85.5584716797,34.5834274292,80.6902694702,0.00154251338245
390,53.4617118835,66.824836731,26.3693828583,81.4318389893,0.410273950547
390,501.145355225,154.814208984,28.6264743805,69.5784225464,0.158788345288
390,481.85848999,48.7246589661,26.6063022614,72.0183639526,0.0402203120757
390,9.24231243134,94.3010025024,32.642780304,98.9988937378,0.0192036080989
420,550.652648926,27.9519939423,21.403503418,58.5384178162,0.016313001106
420,70.7782058716,136.735626221,19.336397171,51.6381378174,0.00240020308411
420,561.182922363,21.0675888062,22.7313938141,57.6322669983,0.000109596408038
420,531.334594727,30.1934185028,29.585401535,75.1417312622,1.10765533634e-05
420,512.255126953,40.0874214172,33.8263282776,91.3592529297,1.75102754518e-07
450,524.315612793,153.078659058,35.2654800415,78.0661315918,3.36415581405
450,493.590942383,182.209472656,22.2618770599,64.710105896,1.7527718097
450,593.809143066,54.3676567078,21.8609714508,58.2946510315,1.70360803604
450,461.186889648,86.1427230835,23.8923110962,66.8361663818,0.106410600711
450,434.899932861,63.396572113,29.0925064087,76.8127365112,0.0514538725838
480,230.767105103,142.825637817,32.0389442444,76.2630233765,0.00403057674703
480,466.713592529,37.2364463806,38.5502815247,89.1207351685,1.88272551327e-05
510,76.6828384399,170.157943726,18.3765125275,46.6265106201,1.54543556273
510,530.729675293,82.2488937378,19.6233253479,62.9482421875,0.590158207342
510,148.021270752,162.964950562,17.8806285858,43.6069793701,0.579132093117
510,422.987182617,170.045349121,18.7381572723,65.7036209106,0.237104296684
570,158.558273315,153.575576782,19.3287162781,47.2018852234,1.50696132332
570,206.068283081,176.563613892,20.1333675385,46.9800987244,0.109607190825
600,575.901733398,142.737716675,18.7424659729,54.3773803711,1.97519790381
600,212.676513672,169.320953369,24.669883728,52.3898773193,0.505190389231
600,5.19460058212,170.512893677,16.9282989502,46.6049537659,0.259719695896
600,449.176879883,157.656143188,18.662191391,46.1888084412,0.23638701532
600,585.315002441,145.65385437,21.8981342316,54.0973243713,0.180058192927
630,80.8801345825,157.61088562,19.6696624756,47.9331169128,20.7468643785
630,60.117351532,121.24331665,21.6384754181,69.2206878662,17.8236663342
630,449.326049805,157.787307739,19.0524673462,51.0744361877,7.80685767531
630,470.905792236,129.906616211,29.9245758057,76.5710678101,4.20325361192
630,6.83680582047,165.660232544,17.5525951385,47.116394043,1.44792683423
630,486.466217041,156.751983643,19.2599277496,52.7107124329,1.31689533591
630,108.952423096,139.626907349,21.4700546265,60.5592956543,1.12385945395
630,459.867431641,143.301101685,21.3578701019,58.8227119446,0.0793917279225
630,83.6863937378,122.981903076,29.2171916962,69.7003250122,0.06770552136
630,268.51083374,151.41796875,27.2382831573,61.7403144836,0.00115401853691
660,498.810516357,160.874847412,18.9737644196,53.9608345032,29.3073296547
660,546.425109863,169.414138794,21.0997619629,50.0497169495,6.57403171062
660,513.920227051,64.6275634766,25.8247909546,72.9588241577,5.84043897688
660,43.7205505371,110.222496033,32.1589279175,90.6196365356,4.87445704639
660,589.943603516,146.985900879,18.5544662476,54.5791740417,3.14601249993
660,534.053100586,175.493942261,20.6006546021,47.9977111816,1.62124857306
660,489.311798096,160.811172485,17.3950481415,47.4282569885,1.27149699256
660,11.1751413345,104.954620361,25.3314037323,81.3090438843,1.2123355642
660,508.039581299,146.068862915,22.8359146118,62.3607826233,0.38879881613
660,479.315093994,160.814239502,16.7721996307,45.4115142822,0.128092756495
660,528.440734863,65.2128067017,18.8648166656,57.7817687988,0.106755725574
690,580.085510254,166.059814453,40.0268440247,91.8422470093,70.117598772
690,516.640563965,168.59022522,20.2654724121,56.2987213135,21.5803623199
690,542.205505371,185.810852051,15.9492807388,41.8354530334,6.16407841444
690,19.6777610779,107.648010254,27.8757305145,88.9194259644,0.346628879197
690,601.571899414,139.813278198,17.2390842438,55.7721214294,0.202235206962
720,591.395446777,153.870513916,23.6473064423,64.6353530884,90.6141519547
720,515.294494629,159.101593018,30.0354976654,66.6260299683,65.2883410454
720,562.166503906,167.781082153,20.0572834015,51.8738250732,32.7268540859
720,542.142028809,166.733917236,18.3553466797,51.9506225586,17.6055461168
720,606.667175293,159.06578064,19.1201114655,55.5356254578,1.84805765748
720,413.069000244,71.1664962769,19.5028018951,66.3632202148,0.873813778162
720,373.329925537,133.09487915,20.6490268707,49.4872169495,0.866130925715
720,468.060455322,52.230846405,19.7743263245,51.6730957031,0.84311068058
720,23.082983017,162.62638855,21.9012908936,46.6731452942,0.648383470252
720,431.068725586,79.458946228,17.2784481049,62.1628570557,0.126186734997
720,419.058013916,95.7232055664,21.5651721954,67.3738937378,0.0572236836888
750,533.550476074,179.351989746,21.4965686798,45.2592124939,6.00758865476
750,424.184173584,69.5067672729,19.6635780334,58.2327461243,1.15966843441
750,562.524536133,37.5671081543,21.8204898834,55.0581054688,1.10079916194
750,125.916969299,147.066711426,17.7360477448,57.2870292664,0.735248997808
750,615.436523438,106.511566162,18.4222888947,58.6129150391,0.338891986758
750,450.499633789,41.5474090576,22.2426815033,63.5282592773,0.195471849293
750,111.363670349,148.304504395,22.4190387726,59.1502685547,0.170522730332
750,413.026397705,52.5260467529,22.2131881714,65.4753646851,0.151067785919
750,434.598388672,57.9917182922,19.4778118134,60.9994354248,0.0549417512957
750,193.329406738,20.3749923706,22.8838653564,49.1884002686,0.000113178180072
780,84.4964523315,153.165634155,19.2653408051,53.6818885803,19.7468131781
780,482.074951172,25.4944839478,19.0183544159,52.276096344,6.43893480301
780,469.808685303,29.4444885254,18.1359844208,57.6121940613,0.520591298118
780,251.790908813,165.182907104,20.4029788971,58.2191467285,0.421656714752
780,435.770172119,46.691822052,24.157743454,62.2303619385,0.192708172835
780,410.986572266,38.1416511536,22.1898117065,74.3344802856,0.102985580452
780,67.466003418,161.873184204,22.137834549,46.7418022156,0.0827073003165
780,595.600036621,28.9298477173,30.1093921661,69.8481903076,0.0359308702173
780,400.681854248,23.4934253693,23.0627307892,59.2412452698,0.00769698890508
780,488.50668335,29.6118106842,27.2690525055,67.2019271851,6.33638492786e-06
810,41.7121353149,160.864685059,17.7578868866,48.5831260681,1.3282533735
810,448.160064697,31.3928852081,21.2817325592,58.4788169861,0.403388915583
810,463.961090088,28.3534030914,21.2677307129,63.4697875977,0.0251959485468
810,431.833740234,29.3308792114,27.8687229156,73.0132293701,0.0127850027638
840,539.502258301,183.124755859,34.8384094238,109.782981873,32.0226162672
840,528.847839355,185.301696777,26.9091968536,74.6232070923,7.03361034393
840,482.150115967,171.111038208,35.8910675049,88.6596908569,1.40101071447
840,569.269348145,227.051818848,25.5038814545,77.5879440308,1.00047234446
840,557.863464355,163.456207275,30.0207080841,66.9701538086,0.646890886128
840,555.539611816,228.143981934,22.9215164185,70.9270553589,0.304283457808
840,497.39453125,133.07383728,21.6272888184,64.3045578003,0.268546538427
840,518.992370605,173.022094727,20.2097034454,56.9538230896,0.0290175201371
870,140.229293823,122.199279785,18.0796432495,47.468875885,0.352774537168
870,85.4828796387,103.717956543,20.8676395416,60.4415588379,0.174287287518
900,468.770599365,161.307678223,20.0929317474,40.2725028992,1.75790097564
900,540.422424316,171.883773804,18.9432945251,50.631893158,1.52459461242
900,127.782569885,107.754089355,19.7677288055,51.4046478271,1.04507934302
900,403.171539307,84.5185470581,19.1108646393,57.2024993896,0.745084974915
900,497.764801025,113.237602234,18.9682636261,56.8019599915,0.661763595417
900,446.484130859,148.488388062,20.2901802063,51.5956611633,0.214012339711
930,519.511047363,160.241409302,20.7495498657,45.6133117676,94.873726368
930,542.538391113,154.509963989,22.1055240631,50.7587471008,2.10459642112
930,444.719116211,130.625228882,20.7037639618,64.8286056519,0.10480680503
960,614.876220703,149.061935425,17.1631221771,56.3311271667,90.8864676952
960,505.150665283,148.991348267,18.9172306061,50.6651420593,49.0709513426
960,467.698577881,152.615463257,18.0569267273,45.6555633545,2.07270402461
960,438.274810791,35.5173835754,20.6597309113,54.9881782532,1.94568950683
960,597.159973145,145.395645142,16.9551448822,52.4544715881,1.08128311113
960,489.961669922,162.792053223,16.3283405304,44.326625824,0.351450871676
960,451.93347168,36.1477394104,18.2219524384,53.9774475098,0.0856977829244
960,73.1695785522,83.4371337891,26.8715591431,81.7967987061,0.060412887251
960,7.73143005371,72.8941268921,17.2723846436,59.5086860657,0.0164281198522
960,161.548965454,107.561096191,29.4678821564,60.8030090332,0.010651008779
990,585.34564209,139.316665649,31.8109951019,76.6061477661,99.6692180634
990,122.356132507,160.999267578,22.6566638947,71.3937683105,10.1548224688
990,50.8529930115,58.2720031738,22.5427150726,56.8051338196,8.08750167489
990,536.817321777,167.413330078,26.216550827,51.3463554382,6.79155439138
990,111.860565186,162.780929565,20.7411880493,50.2924385071,5.68327270448
990,172.922958374,152.931625366,26.8128509521,73.7837524414,4.48552407324
990,40.1908607483,61.7306632996,21.4100170135,69.3861846924,1.23971924186
990,135.503311157,165.243927002,22.6127490997,61.8358726501,0.93079758808
990,163.484359741,115.690643311,20.2468929291,66.1288909912,0.261908117682
990,6.09457397461,113.351234436,15.9567518234,50.5421447754,0.00666324995109
1020,542.507446289,172.461120605,19.3143901825,50.4230232239,71.7862188816
1020,85.4707946777,163.711471558,23.1551361084,62.5975189209,47.3136365414
1020,112.614044189,179.936599731,21.6835803986,70.2675857544,1.08558228239
1020,14.0219507217,41.5703315735,25.7077655792,64.4328231812,1.05863623321
1020,96.1754074097,171.333190918,26.8337154388,79.979133606,0.851749815047
1020,611.241088867,185.315994263,17.404253006,51.4291229248,0.584150431678
1020,104.620872498,91.4287414551,29.2314510345,71.6368865967,0.497653940693
1020,4.67987632751,53.8854370117,20.8010311127,57.8784217834,0.156151398551
1050,570.175476074,147.379165649,18.2120857239,55.306854248,82.0181488991
1050,610.342102051,134.987457275,21.7322769165,71.2240066528,75.690305233
1050,150.887771606,149.770202637,24.7768173218,86.0526428223,36.4890396595
1050,578.418395996,142.057662964,22.8194503784,78.3536148071,22.5798338652
1050,73.8480529785,152.631454468,30.6665248871,101.882301331,8.19180309772
1050,88.6864013672,86.0723648071,24.6193466187,51.7810096741,2.47720852494
1050,590.766113281,143.624465942,23.6769580841,79.7498016357,2.38205902278
1050,144.280303955,146.536621094,19.0897197723,49.3921661377,0.909527484328
1050,134.779281616,101.655220032,22.0960216522,64.5860519409,0.478984415531
1050,554.782348633,146.566635132,18.7165794373,48.0720672607,0.261910376139
1050,91.5336227417,166.363601685,26.4336986542,85.4748153687,0.178920733742
1050,480.12890625,22.9597988129,22.1751613617,70.3723754883,0.000757382440497
1050,496.00668335,30.146074295,23.5261669159,60.1474876404,3.19257047465e-06
1050,465.287200928,39.4797782898,30.5709762573,75.7334976196,1.30312542979e-06
1080,121.990943909,182.342453003,28.2582950592,68.2290344238,40.333366394
1080,74.535446167,78.558883667,25.9810085297,57.5145759583,32.9220473766
1080,99.4614562988,158.947769165,25.1901988983,85.8893203735,29.0763944387
1080,60.9457817078,74.043182373,25.6270065308,59.27942276,4.77915629745
1080,412.259429932,165.758377075,23.9512653351,72.5951309204,2.36504636705
1080,90.8830032349,79.3589096069,21.4354171753,52.4462547302,0.241110869683
1080,481.858062744,161.037063599,30.4664382935,89.8966598511,0.00797202883405
1080,517.439453125,0.0,23.4424381256,70.1157226562,1.2925780446e-07
1110,141.73008728,167.401000977,20.6502628326,62.8404197693,32.0262432098
1110,158.251022339,177.985183716,21.2330207825,57.1182746887,24.2360532284
1110,54.0644798279,91.182434082,24.4279403687,70.3764801025,22.9055136442
1110,17.5501689911,153.039657593,17.7135219574,49.251953125,2.02163979411
1110,70.8729782104,87.5534057617,20.0398311615,55.6056518555,0.0708817562554
1140,579.039733887,208.227294922,36.4350700378,104.987449646,1.55468806624
1140,110.899711609,111.70009613,22.9854488373,59.8674507141,1.45177282393
1140,41.3227348328,78.2861862183,21.5303649902,55.9176940918,0.375278433785
1140,217.266098022,152.158859253,21.5434513092,57.7270545959,0.0791950908024
1140,263.292388916,98.4002075195,36.985912323,87.7708206177,0.0184395146789
1140,589.136291504,149.631851196,33.3868904114,76.054725647,0.00850425858516
1140,11.01009655,65.9526596069,33.5185279846,113.419586182,0.00738774469937
1170,614.269958496,158.199768066,17.5619106293,45.1466026306,68.7185287476
1170,2.08432459831,75.9610671997,16.5856113434,54.0837860107,3.25930975378
1170,10.7414360046,155.050308228,18.2243824005,52.7188720703,0.956119410694
1170,11.1819105148,81.0742797852,21.9087734222,52.8343505859,0.46762325801
1170,597.536437988,146.062866211,28.202796936,58.3990898132,0.466396007687
1170,204.505081177,172.359359741,28.1724491119,55.4444465637,0.0182712712558
1170,472.323944092,101.451148987,22.3035736084,55.2483215332,0.0113116155262
1200,7.59452056885,35.4004325867,22.438955307,53.0385169983,0.0535127648618
1200,241.662475586,155.802810669,26.2772769928,68.57421875,0.00854920217535
1200,569.495178223,132.950088501,29.8923110962,54.8279876709,0.0081014521129
1200,1.12086486816,101.594749451,16.9236907959,66.3078308105,0.00699133597664
1230,50.7310638428,166.386489868,27.2143650055,63.0551338196,18.247397244
1230,541.60748291,158.815078735,19.8030796051,47.3428535461,5.29992990196
1230,474.473297119,74.9278030396,20.3838863373,51.5925598145,0.110108149238
1230,432.036407471,168.256912231,21.568611145,59.3601112366,0.00791492129792
1230,0.437166213989,41.4039039612,17.4005088806,58.9345054626,8.32308943988e-08
1260,102.361022949,193.679458618,17.4891643524,59.3117523193,0.0298587052384
1290,39.0009040833,152.216461182,16.2685432434,47.1455345154,5.57783320546
1290,2.83113026619,155.088973999,19.8764781952,64.0830383301,0.142998131923
1320,91.6451339722,157.205917358,17.5642681122,47.313709259,4.68925535679
1320,431.297149658,159.166137695,18.8822135925,41.6019744873,0.749395927414
1320,466.073150635,33.891456604,20.4590473175,50.9200172424,0.0881732732523
1320,481.906616211,34.7484016418,19.1843700409,51.8246803284,0.0467895093607
1320,600.362548828,31.4826946259,22.6777515411,52.7906150818,0.0442546006525
1350,443.469970703,115.189414978,20.6786518097,60.1401062012,6.08160756528
1350,511.060546875,45.5157051086,27.5667552948,87.2931900024,1.07522942126
1350,12.9050216675,159.79876709,23.6444301605,56.3302497864,0.497062923387
1350,431.1355896,162.410202026,23.2947826385,53.9007415771,0.346232275479
1350,198.600296021,148.961196899,26.3420085907,67.7217407227,0.0553565449081
1350,470.980194092,25.36627388,22.581193924,56.9979896545,0.00145122630784
1350,482.736114502,25.2572174072,26.175201416,60.6347351074,0.000348244338966
1380,448.306243896,162.686279297,20.4304599762,41.1743507385,1.9980777055
1380,437.176147461,162.009857178,19.9613552094,44.1397895813,1.11906426027
1380,441.673217773,118.503288269,20.9848155975,58.4888458252,0.294905505143
1380,536.439758301,55.5403594971,23.4346942902,75.4346008301,0.036655383883
1380,497.380462646,25.7851963043,23.7220630646,57.3292236328,8.81725625845e-06
1410,459.421264648,163.904556274,24.5613498688,45.6174049377,52.7962446213
1410,416.113891602,151.29335022,18.8881912231,45.2031059265,0.58384728618
1410,477.318084717,162.692199707,16.7412052155,43.431476593,0.0463866803329
1440,478.240875244,167.600402832,20.6725330353,46.6439704895,81.5442860126
1440,586.691955566,154.820999146,18.0865440369,47.4733581543,26.3715296984
1440,575.002441406,147.90083313,43.7274284363,71.586555481,2.97386981547
1440,603.16784668,142.121231079,18.1675796509,47.3226623535,0.554590905085
1440,462.04208374,164.773178101,20.8839054108,52.1139717102,0.298831844702
1440,420.92199707,153.626342773,19.7241401672,43.1783943176,0.23184674792
1440,601.081115723,34.298538208,32.0566711426,92.6275939941,0.00374764604203
1470,494.084686279,168.713287354,23.5790653229,50.2989234924,81.9048523903
1470,615.871765137,150.627441406,16.191701889,46.6982421875,2.60896440595
1470,583.706848145,235.772720337,32.3614845276,81.8956832886,0.865271221846
1470,481.669433594,113.12588501,20.5002422333,54.7570762634,0.0863193708938
1500,502.324493408,167.934829712,22.4642925262,55.4265899658,96.0374951363
1500,564.554321289,168.013656616,27.9838237762,60.669342041,11.3164700568
1500,465.840667725,166.532577515,16.4491901398,44.3807182312,2.424046956
1500,516.550109863,166.249404907,24.0522537231,55.4966430664,2.40465309471
1500,591.987670898,176.233474731,21.6669616699,53.6204109192,1.92658677697
1500,95.975151062,25.640291214,25.1428070068,70.0154800415,0.0529958982952
1530,518.947753906,167.989379883,19.1887836456,61.4894104004,56.3405275345
1530,500.057373047,171.589736938,31.9291858673,82.7398147583,32.9154312611
1530,605.274047852,28.3208312988,20.5560207367,43.1731987,3.6615062505
1530,608.264587402,181.628051758,22.5282535553,58.6766166687,1.06409257278
1560,119.153266907,195.60925293,22.8516082764,59.2742347717,0.751799251884
1590,376.858428955,164.308410645,35.2557945251,76.1366653442,99.1024017334
1590,352.025848389,143.960250854,25.6715698242,57.2867736816,2.95714344829
1590,368.730560303,166.926422119,21.7720947266,61.1651878357,2.12804377079
1590,17.5194129944,134.721496582,29.4482288361,66.4210281372,0.599938211963
1590,337.957763672,396.058441162,25.2811756134,52.2181854248,0.159925897606
1620,220.905776978,158.780166626,40.975643158,85.654258728,97.9796350002
1620,292.110900879,149.724349976,19.150177002,49.2972297668,0.832713674754
1620,378.919189453,99.6805953979,19.1766204834,58.045589447,0.796486716717
1620,271.999420166,139.88899231,24.998254776,58.9563140869,0.352009758353
1620,243.371704102,161.891998291,22.5189437866,54.4564781189,0.303160143085
1620,317.414886475,152.593978882,20.5640258789,49.664981842,0.0779722991865
1620,470.919830322,137.803512573,23.3549938202,68.2471847534,0.0769802078139
1650,144.282058716,153.304550171,40.3308677673,83.7695922852,82.5323224068
1650,566.149963379,134.410232544,29.0228977203,84.9183349609,26.0082215071
1650,194.853897095,140.310180664,18.4488544464,57.7215690613,15.980553627
1650,179.549072266,153.094467163,32.4747657776,93.4663772583,10.3027269244
1650,389.364013672,94.9301452637,35.9125709534,125.048583984,3.63707318902
1650,109.42389679,135.244445801,84.1957015991,151.207794189,0.584165612236
1650,407.244232178,64.6774215698,18.0154399872,61.7755775452,0.576232373714
1650,430.049102783,151.618545532,18.6331214905,41.376209259,0.0925726839341
1650,559.803161621,29.7509021759,25.3083782196,71.7609100342,0.0333224597853
1680,332.933166504,114.669044495,41.9293022156,132.163986206,84.0729296207
1680,302.712921143,121.226341248,20.0718631744,57.5901794434,4.93946671486
1680,335.438354492,133.091751099,21.8347091675,63.2516059875,3.39146070182
1680,6.52704429626,133.778488159,17.4288654327,49.4313163757,0.61226147227
1680,523.382141113,164.437332153,18.8951396942,43.5438575745,0.571611337364
1740,367.642120361,50.4330253601,19.7161388397,58.2339744568,2.37881559879
1770,590.771179199,136.813751221,22.9849796295,54.067111969,1.74393411726
1770,121.995666504,141.041641235,21.3793640137,50.79454422,1.35016487911
1770,607.048156738,131.668609619,21.7642688751,61.573223114,0.189815589692
1830,510.584259033,129.848449707,87.2539749146,154.561294556,0.389851420186
