30,383.17300415,165.671524048,26.7886428833,76.4018707275,99.7664928436
30,336.980560303,169.606002808,27.8580875397,72.8533248901,99.3174612522
30,300.85269165,173.572433472,23.3507537842,53.5893707275,93.7309443951
30,282.124542236,176.684646606,18.1234893799,44.5694999695,23.666575551
30,546.691467285,156.877792358,22.6347332001,42.8409156799,20.6780821085
30,223.831176758,183.106750488,21.2280139923,41.955165863,11.8745848536
30,40.1471672058,165.394317627,26.6812610626,55.1067962646,7.51700028777
30,188.432693481,181.520324707,19.1518344879,43.8593406677,3.13599146903
30,63.9199676514,169.87562561,18.3809566498,53.6202049255,2.36916188151
30,270.804168701,177.413253784,17.6908245087,46.4311256409,1.68199185282
30,325.200653076,166.352005005,20.2618770599,62.9242134094,0.658705458045
30,32.6034812927,176.149398804,18.8762683868,56.4224128723,0.439797015861
60,514.222229004,151.113586426,33.2258338928,86.2334671021,93.5395359993
60,484.058349609,149.361129761,31.3335170746,87.6846923828,92.7297174931
60,47.0027580261,160.72593689,20.451379776,54.0979766846,4.98893037438
60,32.0387153625,154.505569458,24.1306972504,61.1162452698,2.54275761545
60,503.468414307,152.689025879,17.2480754852,54.7677726746,1.16720767692
60,390.190795898,157.701049805,20.0357723236,54.7620429993,0.851081777364
60,75.7902450562,141.910018921,32.9727325439,85.3925170898,0.388807686977
90,482.536010742,156.919540405,31.0563735962,87.1052627563,99.7683942318
90,442.491119385,154.682998657,33.6599273682,90.3934249878,99.3197083473
90,390.721923828,157.48387146,31.0405521393,86.1769790649,99.1531431675
90,342.653289795,162.660110474,31.7615814209,81.6159286499,98.9773094654
90,291.884063721,169.13343811,24.1193332672,56.2921638489,94.9391543865
90,208.712509155,176.525024414,19.0029239655,43.7696342468,17.6662325859
90,168.81072998,176.725662231,21.3788738251,45.3834991455,14.2009109259
90,279.031951904,173.097518921,19.5399055481,48.612071991,13.6925548315
90,50.6645851135,165.548904419,19.6553249359,53.9129829407,5.85733652115
90,26.1457977295,162.671325684,24.3590927124,57.9411506653,1.51770459488
90,222.313354492,172.650939941,21.417131424,45.144618988,1.50156887248
90,467.541046143,158.23500061,16.6564121246,50.2249145508,0.699558388442
90,370.281616211,168.168624878,21.108373642,57.6363105774,0.515938689932
90,330.559295654,174.257492065,22.5548248291,58.5010643005,0.333573459648
90,412.099365234,157.899658203,39.3197822571,84.2672958374,0.157314934768
120,315.452514648,162.847457886,32.0619125366,88.8363265991,98.6997842789
120,251.558837891,169.970825195,24.5093479156,57.8082580566,98.6016988754
120,364.635528564,150.725753784,43.3799591064,97.6747665405,97.193557024
120,419.214447021,155.895339966,26.8801593781,79.7082672119,88.8742029667
120,168.112075806,175.314041138,18.887304306,45.602722168,72.3667800426
120,565.382751465,71.901550293,37.2567634583,109.135215759,34.7691446543
120,180.793167114,176.358886719,19.5163822174,45.5281486511,24.089436233
120,390.310180664,157.815628052,24.8815536499,69.9489212036,19.6350231767
120,18.3227233887,160.564117432,29.0629482269,74.4765396118,12.6128569245
120,242.465957642,174.251464844,18.7184848785,50.0261688232,9.11704227328
120,306.544464111,170.66809082,20.9259204865,66.9549865723,2.27623935789
120,352.821929932,162.339096069,16.3581428528,54.9291114807,1.01989479735
120,269.503997803,165.426437378,17.9099407196,51.7064552307,0.651776278391
120,596.05078125,75.1441802979,27.749956131,91.3054275513,0.572402589023
120,411.929656982,158.717498779,16.1920757294,58.946105957,0.332340388559
120,337.900177002,162.266113281,23.6754398346,59.8498573303,0.327616604045
120,200.843811035,172.048629761,20.2859630585,48.2368507385,0.0395630544517
150,110.349395752,162.425491333,45.3271331787,108.404045105,99.7444689274
150,57.1002540588,174.866333008,26.2710952759,67.6404418945,99.028211832
150,181.065246582,151.439041138,43.7738609314,109.582878113,89.7781670094
150,151.981430054,160.049728394,34.0968284607,96.8980407715,84.416282177
150,210.241836548,170.656570435,28.4464950562,82.1648025513,56.640869379
150,147.681304932,164.104690552,20.7401008606,60.9795074463,3.76918241382
150,456.489837646,78.0157699585,39.4437446594,98.3588256836,2.09136605263
150,176.510696411,153.839035034,24.644744873,65.5447006226,1.31311137229
150,193.109069824,202.59147644,21.7872600555,65.2893600464,1.11873233691
150,536.354187012,111.888755798,20.2730388641,50.218170166,0.929740071297
150,205.38710022,156.199874878,21.3837184906,60.117893219,0.570697197691
150,407.272003174,135.288406372,20.6158409119,53.8182029724,0.515679782256
150,72.556640625,174.411087036,20.6093158722,52.9459533691,0.266422703862
150,87.9738845825,172.191299438,30.2153778076,65.1445541382,0.00446011872555
150,4.75257253647,31.3838443756,21.1875133514,51.7501831055,0.000810440269561
180,85.2503738403,49.4508171082,29.4497852325,67.2136917114,9.24107804894
180,19.2730922699,154.619140625,19.9126300812,50.3429718018,1.1827933602
300,128.294006348,169.299407959,17.4832801819,51.3249320984,2.45463829488
300,516.276855469,180.320022583,16.1789684296,52.3624839783,0.0997456489131
360,16.047410965,138.510910034,21.0010299683,61.4629020691,0.00927038054215
390,537.22467041,276.568359375,21.4787883759,49.8997383118,0.784618314356
390,445.897583008,166.196838379,19.8461360931,49.0683555603,0.360960559919
420,450.762237549,153.38432312,22.0953617096,48.2661399841,5.60066029429
420,597.221252441,22.89453125,26.0740642548,46.8667182922,8.34397134719e-09
450,504.160003662,140.644363403,23.4674301147,60.9943237305,98.8000869751
450,592.312805176,156.879577637,33.2048988342,87.2940979004,8.39422568679
450,419.644500732,148.518295288,19.7701244354,48.8579521179,1.10817998648
480,606.09173584,121.759925842,23.4649581909,81.3221206665,86.6013348103
600,415.01449585,138.361129761,18.7245883942,46.850933075,0.168507336639
750,187.225814819,176.687255859,18.339635849,55.3010292053,0.290644145571
750,439.000579834,163.500534058,20.1611480713,46.5489349365,0.178889906965
780,6.60726308823,148.343444824,23.2533187866,49.4743690491,0.429394841194
870,472.951782227,114.383758545,21.0629673004,59.1478004456,0.215633865446
870,486.343780518,166.262466431,16.8635120392,60.8140525818,0.0398673175368
990,601.277099609,147.142440796,19.9488124847,42.0394935608,0.201324862428
990,553.440979004,112.551109314,19.626707077,56.2281074524,0.142408744432
1020,508.87789917,145.701187134,30.4686717987,70.4143066406,4.53567691147
1020,185.972106934,172.46824646,27.6156387329,51.9468231201,0.390865420923
1020,49.4222831726,174.39263916,26.5023498535,72.8662490845,0.236091786064
1020,600.004089355,97.0598373413,25.2512054443,77.8135223389,0.141114043072
1050,119.302703857,168.745803833,29.1307907104,70.7084732056,1.61700993776
1080,12.2206535339,175.011154175,35.3283004761,90.9964370728,10.636215657
1080,8.51100730896,205.238265991,17.3966560364,64.0568695068,0.319957965985
1140,581.663146973,258.285064697,23.2883892059,50.7089080811,20.225559175
1140,594.963439941,268.08493042,30.4938831329,47.469959259,1.67123880237
1350,593.160217285,129.670059204,20.1221675873,59.0826263428,0.160804425832
1350,577.49822998,141.788101196,23.8091144562,56.7817840576,0.0370446796296
1410,6.17906332016,178.601882935,15.4698839188,54.1097869873,2.08623949438
1470,9.09238910675,188.038101196,19.603345871,53.7044525146,14.3311440945
1470,495.039337158,162.071884155,19.042427063,62.5842781067,0.454148091376
1530,290.814849854,132.254867554,31.8283081055,80.6275863647,1.52744520456
1560,609.935546875,174.155197144,19.1310634613,50.1622047424,0.393322110176
1620,602.13104248,239.649581909,31.880487442,93.5262680054,18.9575478435
1650,491.925140381,63.1522636414,21.2469406128,60.9371681213,4.66817319393
1680,255.932479858,143.394302368,25.5671329498,54.686832428,0.226715276949
1680,578.422180176,18.5074176788,28.1572570801,68.2971420288,5.15951512625e-05
1710,216.279541016,144.445999146,17.2888259888,47.5670928955,0.964817591012
1710,36.6114463806,113.94052887,27.8924636841,65.8276290894,0.480673881248
1740,7.43088340759,179.170578003,20.6330509186,45.4930458069,40.2388840914
1740,216.449966431,129.807312012,17.8206825256,55.5313720703,3.06814201176
1770,204.586380005,134.810424805,17.0470314026,53.406375885,11.6994068027
1770,22.2191619873,130.669845581,22.7517929077,48.4672088623,1.34444991127
1770,254.133926392,128.15776062,20.0322933197,56.3449554443,0.0643708743155
1800,192.891525269,128.347885132,21.6254940033,56.9260978699,9.99357029796
1800,47.9220466614,35.8319816589,21.0870609283,59.3365898132,0.0516600441188
1800,35.6812858582,47.0626220703,19.2163162231,51.1115379333,0.0368067325326
1800,110.106483459,28.1621112823,31.492773056,69.5625991821,5.40880153166e-09
1830,170.217391968,126.069480896,21.8570175171,60.642414093,9.98067930341
1830,57.2947883606,130.495742798,18.7904949188,48.3183746338,1.12162865698
1830,66.761100769,124.046539307,20.8703327179,53.1399536133,0.0128439234686
