30,394.295196533,177.425918579,27.0578517914,70.689201355,21.4503541589
30,26.7126064301,162.370559692,24.1170902252,71.5609588623,3.40058617294
30,384.654693604,181.504653931,20.2854862213,65.4477920532,1.63309834898
30,281.834991455,179.235336304,19.7683506012,61.5750770569,0.815285835415
30,392.101287842,156.005142212,21.6563034058,55.5212898254,0.266796024516
30,599.161560059,68.8019866943,19.0051822662,57.6592521667,0.250362697989
30,171.538070679,154.943771362,27.5829925537,59.4075584412,0.22917620372
30,411.941772461,195.434432983,18.3810825348,49.4639625549,0.099476671312
30,12.6426305771,173.249282837,22.9138507843,69.3833236694,0.0670882698614
30,341.946380615,124.829704285,30.890920639,74.2576522827,0.0496456923429
30,16.64569664,387.393157959,32.7726287842,61.4703636169,0.00109170459837
60,2.66159176826,156.665557861,24.9812698364,69.5118255615,1.5536820516
60,415.65322876,153.164047241,25.5979709625,71.6086196899,0.516636716202
60,469.587280273,200.892410278,21.4119243622,57.510269165,0.312147289515
60,41.1257972717,178.542663574,21.6514816284,52.8123130798,0.159964011982
60,534.317932129,203.310379028,41.5215187073,86.9309310913,0.140324514359
60,17.548494339,171.300292969,21.3386993408,56.065322876,0.0665043015033
90,401.94543457,153.54838562,19.0290908813,54.091217041,64.1353547573
90,574.74432373,219.63293457,40.2240257263,138.874694824,55.0897777081
90,490.639526367,224.056289673,20.2302646637,66.6802444458,29.5047730207
90,510.252532959,176.741775513,57.4354248047,143.978408813,16.9560298324
90,437.814575195,175.375076294,16.284116745,47.8730430603,8.31790789962
90,18.326789856,188.370651245,19.3730735779,58.8299369812,6.10273480415
90,414.192108154,161.150802612,18.035118103,52.7075386047,4.74916212261
90,450.14453125,183.002990723,16.9828891754,44.405960083,4.1437715292
90,610.92779541,238.506881714,26.4125041962,125.789772034,1.71334594488
90,580.751586914,226.063308716,22.9020843506,59.1718139648,1.22645329684
90,502.661407471,218.216995239,25.5791778564,77.275100708,1.18113253266
90,360.968994141,156.106994629,18.4628772736,51.131439209,1.00421803072
90,136.107696533,46.9269523621,22.2297801971,56.8046684265,0.689990492538
90,423.781097412,157.566452026,21.9934482574,58.2920265198,0.532105285674
90,307.084381104,158.60597229,26.8130970001,63.2432746887,0.124510831665
90,568.365600586,217.435073853,21.000623703,51.6398963928,0.0233636979829
120,483.214263916,183.223129272,18.2090473175,45.2349700928,32.4672758579
120,567.246337891,234.8568573,36.2647132874,105.16658783,4.31671179831
120,464.600097656,178.590820312,16.7150688171,51.6286506653,2.10728645325
120,441.963592529,141.838577271,20.9514598846,58.9013938904,1.69096179307
120,9.85117721558,163.195327759,25.0799732208,66.7232055664,0.826500169933
120,430.883087158,149.132492065,17.8535671234,54.0821800232,0.0758702633902
120,120.23828125,73.4305648804,18.8645877838,52.3692512512,0.0255766237387
120,132.833969116,48.6201896667,28.059545517,78.4187164307,0.0111973153253
150,487.716796875,180.975463867,29.7169418335,52.5179481506,92.2781229019
150,452.700897217,131.440261841,21.074590683,58.2621498108,14.1921058297
150,385.303436279,172.588378906,20.542011261,49.4884147644,12.7427428961
150,474.79309082,182.600814819,17.0531654358,49.7753410339,10.4465991259
150,460.550262451,157.655258179,22.5391368866,74.5103759766,2.86147594452
150,413.538421631,163.823608398,18.6774806976,52.7154502869,1.11007727683
150,274.171051025,169.461868286,29.6124858856,60.800983429,0.272867898457
150,194.997909546,138.592575073,18.0807819366,48.7929229736,0.190620264038
150,454.01965332,185.44480896,19.0694713593,55.6400947571,0.166921631899
150,417.305023193,136.065429688,20.8285274506,54.91173172,0.107603601646
150,296.471191406,163.33821106,30.9261627197,67.1774978638,0.0674754090142
180,502.233978271,174.946228027,22.1591815948,61.1251335144,91.6176855564
180,486.1925354,175.286117554,18.783159256,66.207572937,75.1737058163
180,459.501800537,175.006668091,17.6924114227,59.90184021,70.7033753395
180,520.601501465,181.813674927,19.2789745331,53.6979064941,65.4764294624
180,469.182037354,162.705703735,17.3130149841,73.919090271,44.3386882544
180,376.92868042,175.145263672,20.4061145782,49.9024200439,29.673397541
180,458.637786865,102.25327301,30.933588028,155.730224609,8.74013379216
180,528.838562012,163.608169556,24.6543636322,68.7730178833,3.11662834138
180,389.957641602,172.158309937,21.4762039185,52.998790741,2.9634302482
180,417.892822266,108.6847229,24.6020431519,72.1249237061,0.901139248163
180,265.3253479,152.955581665,37.0630149841,73.6409378052,0.245696795173
180,402.626922607,107.652259827,19.473695755,56.7256011963,0.211282121018
180,449.757171631,161.256195068,75.2925415039,78.0319671631,0.152844237164
180,152.991424561,132.123703003,17.3961544037,54.2504692078,0.106619810686
180,165.167785645,135.294937134,17.5523357391,45.6103019714,0.0604078988545
180,97.0967407227,137.047927856,24.5307636261,55.5231742859,0.0603972410318
180,448.525665283,97.3149108887,24.8957080841,97.3946914673,0.0144688776345
180,25.4535503387,100.988273621,23.4686031342,87.1089706421,0.00709825762897
210,556.711730957,161.568664551,25.8969039917,89.1861495972,94.3372249603
210,482.241455078,174.253707886,23.3858470917,69.2914123535,90.989536047
210,580.297363281,172.690444946,25.7873535156,77.1947097778,86.5269601345
210,516.596191406,167.380218506,25.366060257,82.4402084351,84.6572577953
210,359.682128906,175.208740234,19.0288734436,47.8553504944,53.7841618061
210,390.082427979,171.815963745,18.440952301,48.4488182068,46.5240687132
210,404.09274292,155.137374878,20.8698139191,61.3517417908,40.6892985106
210,502.588409424,170.764816284,19.5015068054,71.1763687134,21.5121462941
210,530.194885254,145.374938965,28.762260437,127.889640808,18.1086704135
210,588.479064941,136.341903687,36.5831642151,95.1037063599,12.0584227145
210,424.069213867,112.882316589,21.7935237885,55.7710227966,4.57506254315
210,371.549560547,174.373123169,16.5552558899,47.6545753479,4.42848801613
210,251.65486145,144.475906372,35.5526580811,85.6098709106,1.11233377829
210,59.7201042175,158.802993774,20.9552745819,45.2663154602,0.72403466329
210,46.1612548828,157.827301025,17.8689098358,50.2500572205,0.463901925832
210,348.368255615,166.663223267,16.9899215698,52.9847602844,0.310355448164
210,490.251220703,85.896697998,23.4258346558,71.5313644409,0.114613003097
210,39.4819145203,204.034805298,23.2962856293,57.6826057434,0.0734166998882
210,412.708892822,124.563026428,21.3598480225,64.4024124146,0.0178911664989
210,403.078765869,83.4757614136,19.2069396973,58.6312980652,0.0165525198099
240,546.678283691,159.071914673,43.4521369934,109.237426758,98.9198207855
240,396.265960693,169.376724243,20.9256229401,62.0960693359,86.6968989372
240,439.675872803,173.525085449,19.931470871,54.8619804382,86.0793173313
240,615.308288574,200.805374146,18.2553882599,55.6826286316,54.5829474926
240,589.959533691,180.72215271,24.333770752,70.8506546021,24.2106795311
240,190.90574646,159.880661011,23.7618274689,66.2723083496,21.7486798763
240,425.415130615,165.118362427,18.2242412567,51.7868804932,19.606654346
240,255.190856934,147.226867676,41.4789466858,88.8468093872,8.83210375905
240,12.2070207596,214.714401245,25.2178859711,49.3919944763,6.4694672823
240,386.381591797,174.523727417,18.9914836884,54.6722679138,4.7301389277
240,2.27019190788,208.160446167,12.9350175858,56.1172904968,3.74392084777
240,20.2314510345,165.090774536,20.088514328,47.4099159241,3.59293222427
240,408.099945068,167.446609497,18.8230686188,57.0434570312,2.24060751498
240,573.255493164,195.99836731,23.4336605072,70.5762710571,0.159557641018
240,7.09180116653,156.369277954,16.0335121155,60.7986602783,0.153945398051
240,440.033233643,125.111274719,19.0948619843,63.3620643616,0.145391572732
240,19.2810401917,25.4068508148,23.9955368042,67.1671676636,0.00275127367786
270,532.648681641,162.844161987,30.551656723,80.2063217163,98.717212677
270,460.151580811,157.244338989,26.8138980865,78.8431549072,75.6635427475
270,11.5845375061,149.253356934,21.3365249634,54.3804130554,20.3228190541
270,24.0463314056,150.071472168,19.8271083832,51.6667976379,14.1563996673
270,392.536743164,143.232040405,19.0562419891,62.4221382141,11.8464380503
270,578.410705566,137.193984985,33.9723625183,135.130813599,8.8733330369
270,428.918914795,132.610443115,27.1635723114,80.5216751099,8.04149806499
270,484.837493896,107.523399353,25.848739624,75.5584640503,2.2483188659
270,617.789855957,171.69128418,16.2214107513,45.500919342,2.12363507599
270,478.479644775,94.3867416382,19.5010147095,65.6042785645,1.90997477621
270,522.816894531,156.236953735,76.1226348877,115.020088196,1.21499020606
270,201.517593384,167.240203857,28.5741100311,71.0914077759,1.12296231091
270,594.41973877,200.464416504,29.4865512848,74.7442932129,0.930396281183
270,477.071136475,152.754440308,18.5510978699,56.5011711121,0.673847366124
270,98.4489822388,142.680770874,21.7383575439,52.2156524658,0.455927010626
270,617.319274902,122.03049469,17.0809516907,50.7173118591,0.345830386505
270,444.615966797,153.142623901,22.5383167267,68.4095153809,0.300859380513
270,503.080200195,105.270446777,25.4738063812,74.0068359375,0.191123725381
270,137.017654419,128.793029785,20.2983207703,55.6745491028,0.108642340638
270,528.707397461,70.4259872437,28.367805481,78.9251480103,0.107714009937
270,518.386779785,85.1967468262,22.5245037079,61.7787666321,0.0963851751294
270,418.595733643,115.99810791,23.6340389252,68.8645248413,0.0712149310857
300,584.153015137,153.627319336,42.0375785828,133.545440674,74.5500862598
300,588.157409668,205.110107422,20.6776447296,75.5145187378,45.1518058777
300,467.892089844,119.809570312,24.8012180328,76.4118347168,17.8658396006
300,496.590484619,135.744354248,28.0796585083,74.3003921509,15.1075482368
300,8.18999862671,156.692871094,18.3857784271,47.1993370056,11.1962422729
300,509.221466064,111.236289978,19.0067977905,52.9564056396,9.99418720603
300,427.720092773,141.355712891,22.296541214,64.915435791,9.60529819131
300,608.524353027,204.044006348,18.070646286,71.3047866821,9.35864523053
300,577.09967041,99.4493331909,31.5568218231,105.901771545,8.42404738069
300,484.011962891,148.624038696,21.2664413452,66.4864120483,6.98889940977
300,591.096313477,90.6147079468,18.4087810516,65.3376083374,6.17780350149
300,520.147949219,107.861122131,21.120891571,51.2608985901,2.73268930614
300,98.8788528442,137.127731323,21.6918315887,62.727016449,1.52796534821
300,213.198440552,176.540817261,28.2307567596,64.8293228149,1.26493396237
300,19.3013877869,155.558837891,18.7486343384,46.3620643616,1.22664179653
300,456.198883057,79.3567886353,28.9392108917,93.0661315918,0.387842766941
300,82.867225647,135.164001465,22.8418598175,61.0802345276,0.355433160439
300,512.419189453,140.57069397,21.8878097534,59.0127449036,0.301209138706
300,440.300994873,90.7291946411,17.8354434967,56.4735908508,0.214139907621
300,534.170471191,38.6783294678,26.8057498932,93.5081253052,0.210899370722
300,441.404632568,98.4513549805,27.3918514252,98.4762191772,0.200548418798
300,528.367370605,113.507301331,25.2091464996,64.399772644,0.153846654575
300,477.091827393,70.0684738159,28.2909526825,92.7787857056,0.127428548876
300,617.656738281,239.179733276,16.1963367462,54.0426292419,0.0611326366197
300,553.764038086,130.32220459,21.0787906647,62.1471099854,0.0526612740941
330,530.564331055,203.166702271,26.0606937408,66.1710586548,30.689227581
330,457.131469727,123.537689209,26.6845798492,109.08290863,21.4116990566
330,63.8110160828,142.495895386,18.499376297,62.1733512878,11.5726649761
330,41.0781555176,138.14012146,24.2529087067,61.2861633301,6.87727928162
330,609.974975586,50.5503540039,23.3451004028,62.7879333496,4.03891950846
330,447.292480469,148.629699707,21.5045833588,75.2592315674,3.77073660493
330,76.7260513306,139.112243652,17.4606552124,61.5204925537,2.82214228064
330,436.099121094,149.723495483,18.9057292938,54.3308868408,0.365796987899
330,91.825592041,147.469207764,15.994055748,53.8672943115,0.26906975545
330,521.636352539,109.999855042,23.4951171875,91.5037841797,0.107213004958
330,521.001708984,34.822593689,24.688577652,80.4180831909,0.0698977615684
360,29.1663303375,127.632469177,23.0910644531,83.8168411255,25.6387501955
360,559.085510254,160.780654907,23.5071716309,71.3378677368,11.3606952131
360,15.0315713882,135.715103149,25.4124164581,72.2507858276,5.79964481294
360,592.334289551,182.314987183,32.2828063965,78.4766235352,4.32082340121
360,617.564331055,204.505966187,16.8042926788,48.7383766174,0.58027911
360,488.39956665,175.935592651,18.970621109,52.6888008118,0.247857486829
390,13.6259183884,149.521972656,20.9598388672,69.3874130249,32.0908784866
390,553.268188477,169.735031128,20.9481067657,53.4112510681,0.160830630921
420,86.7595825195,162.228347778,31.1252746582,80.1888504028,5.82531094551
420,149.809432983,151.444274902,22.7987422943,64.6694030762,1.45551580936
420,564.385803223,174.845932007,20.7490329742,65.6381835938,0.238597299904
420,530.106628418,204.871383667,19.6175861359,58.1499214172,0.233628158458
420,387.785552979,30.4428882599,20.8543205261,55.1447906494,0.181645981502
420,108.165138245,174.880325317,22.3817386627,60.4160346985,0.15795516083
420,160.366821289,126.817008972,26.4657306671,68.30884552,0.012603183859
420,373.929168701,33.1308631897,20.2473201752,51.8946800232,0.00387507789128
450,43.7188224792,176.923599243,29.8804073334,90.9188766479,5.70180490613
450,78.9538803101,194.506774902,20.5527076721,54.6943244934,5.39168603718
450,599.807067871,84.6490783691,37.5499725342,104.349586487,1.38498451561
450,130.675842285,159.411651611,27.9820232391,76.846534729,0.982344895601
450,626.69934082,124.682579041,13.3006591797,60.2657012939,0.594638520852
450,156.290390015,188.729019165,20.2238731384,49.0573577881,0.106436223723
450,121.724815369,161.169494629,21.7314624786,52.6931915283,0.0801023037639
450,439.084594727,71.6382369995,23.2519626617,72.5554199219,0.00965280632954
450,567.151550293,39.3779602051,40.7058563232,96.9132919312,0.000714770885679
480,108.268363953,175.056762695,25.5002498627,73.6370620728,28.4144878387
480,6.0352435112,196.992614746,19.3260860443,40.9934005737,6.56939819455
480,449.79800415,170.907714844,21.6176433563,63.7964019775,1.22173596174
480,132.327346802,191.69152832,18.9477672577,53.7680091858,1.08061721548
480,73.5159759521,173.982925415,35.4524612427,80.1183395386,0.794802419841
480,48.6455192566,161.909042358,28.2725296021,75.3875045776,0.623687775806
480,387.423461914,164.826873779,18.6344451904,55.8169555664,0.108663050923
480,438.698120117,30.4811000824,35.0879554749,91.4166564941,0.000781515427661
510,483.623199463,174.203689575,20.5770435333,51.8399620056,85.048699379
510,496.614990234,174.037475586,17.5908737183,50.5915260315,3.83150801063
510,101.34462738,198.640182495,19.8116130829,52.6847953796,2.36953869462
510,20.4914131165,169.48576355,32.8664627075,95.5398864746,1.45965786651
510,520.411254883,71.8611679077,42.4760093689,99.5940628052,1.11404806376
510,410.799804688,172.472915649,18.394487381,46.6615257263,0.618023704737
510,65.2478713989,181.172241211,26.9781208038,81.8681030273,0.15280386433
510,608.875183105,167.691879272,19.5920886993,51.1464500427,0.14317749301
510,0.227774307132,156.927719116,27.0396633148,80.8984832764,0.109933211934
510,526.409545898,92.1303100586,77.0500106812,157.062973022,0.0160976953339
510,39.283493042,175.694564819,32.789440155,84.4772567749,0.0040661492676
510,434.639434814,28.6572341919,24.1519069672,60.8859901428,0.000246050467467
540,551.263000488,168.700500488,29.591758728,69.7242431641,83.1554412842
540,94.2757492065,197.572021484,21.5259857178,60.3233222961,21.7797964811
540,569.714111328,165.324356079,27.6280593872,71.8606643677,16.056111455
540,47.3178710938,177.107498169,21.8486461639,86.6146469116,14.552924037
540,439.580078125,165.553512573,18.9382266998,57.076385498,13.6673644185
540,585.791381836,171.669433594,28.5297927856,65.1999893188,3.75720225275
540,482.419158936,164.461227417,25.2989177704,74.9657745361,1.41393635422
540,520.075012207,154.14012146,21.6335849762,50.6897773743,0.119750690646
540,414.234832764,126.922447205,24.966293335,78.3656311035,0.0158547976753
570,24.1356735229,186.485641479,21.4151668549,69.7364654541,60.9507977962
570,70.5756378174,196.350662231,18.8279819489,50.1052856445,1.92865133286
570,424.501068115,141.40562439,19.3362903595,54.8452110291,0.404890999198
570,451.052032471,159.973571777,27.2270431519,67.5236816406,0.252480106428
570,604.630859375,358.152008057,24.7210845947,62.3861083984,0.118603429291
570,118.281593323,162.638671875,21.6300430298,64.8429336548,0.10262937285
570,8.54388332367,179.96522522,21.2360954285,64.5514755249,0.0955916999374
570,10.2623414993,376.960784912,18.882484436,52.5062713623,0.0944718776736
570,53.1634025574,378.6015625,29.0982570648,60.7471313477,0.0487348181196
570,413.563690186,126.355949402,19.8339252472,54.1213378906,0.0450589781394
570,14.1666307449,361.659576416,32.9880561829,88.3957214355,1.8336831431e-05
600,428.290771484,177.487960815,17.7186603546,53.0489311218,4.38273437321
600,463.701507568,113.029975891,27.5772418976,90.1630020142,3.58973331749
600,50.7392692566,187.105102539,21.2537822723,70.4935073853,1.48873617873
600,503.810058594,130.34602356,24.4758148193,78.9826965332,0.906320009381
600,439.68347168,180.595932007,19.972574234,46.4376792908,0.857957173139
600,452.994110107,181.178787231,16.6288700104,42.9944801331,0.165723601822
600,619.67010498,210.454940796,20.3298950195,69.3648834229,0.0993236433715
630,572.372924805,139.799087524,23.5188598633,112.48828125,45.8747059107
630,472.787017822,180.012893677,17.8784141541,55.5212287903,41.7449653149
630,598.507446289,145.713470459,26.842798233,80.9912719727,10.848172009
630,49.4316444397,269.801971436,33.0703010559,103.407157898,10.4113444686
630,619.700622559,189.445755005,15.421084404,53.6595649719,4.53743860126
630,111.196662903,207.01701355,31.494430542,75.9979934692,0.478246249259
630,485.169677734,180.955993652,16.150308609,47.7235374451,0.138268899173
630,624.067443848,66.010017395,15.9325561523,101.698425293,0.0129131556605
630,318.740631104,400.741943359,23.8980484009,52.8582191467,0.00690803208272
660,5.48449659348,182.318161011,16.737033844,51.9730644226,2.43455823511
660,544.245910645,193.895935059,30.360666275,84.2368240356,1.63004044443
660,16.6162433624,372.918304443,40.3527946472,81.4644088745,0.0392810150515
660,526.956726074,74.5030899048,25.4110412598,73.7178192139,0.0327395100612
660,532.156860352,48.0020866394,32.3537826538,73.5679626465,0.0240175038925
690,611.631896973,188.123947144,17.6908016205,52.8666191101,29.6321213245
690,464.442260742,160.191040039,19.5615921021,57.0273895264,3.23558077216
690,509.224395752,179.84765625,21.9587459564,54.3598175049,1.83163862675
690,597.876281738,199.0806427,18.0840892792,47.8808937073,0.887213461101
690,579.204833984,195.677749634,19.4790439606,46.7642402649,0.398909952492
690,416.389801025,104.773597717,30.8578243256,89.8563537598,0.0246428477112
720,540.698181152,177.208557129,26.9100704193,73.6609725952,34.9292486906
720,520.496520996,134.884292603,22.9010753632,73.3582992554,10.6894873083
720,504.593292236,132.758453369,22.897321701,64.6090698242,0.430203741416
720,420.053436279,94.6969985962,31.4977264404,82.3766174316,0.00348968314938
750,420.884887695,77.9981002808,30.4876384735,85.2381668091,0.255564786494
780,121.590202332,163.204498291,21.1638660431,59.3620872498,12.3044863343
810,611.015197754,142.422622681,19.2325630188,54.3363227844,2.90026962757
810,619.325195312,201.53742981,16.2278118134,55.6949653625,0.782216805965
840,610.750793457,190.252075195,17.7129478455,44.1081733704,3.53507548571
840,412.673431396,189.926467896,22.7313022614,47.8559379578,0.243397802114
840,19.3531398773,386.417205811,28.6268520355,63.4518699646,0.0985348597169
840,38.3125801086,137.156524658,25.7289524078,59.6472129822,0.0175510285771
870,6.77228879929,191.65435791,18.8185329437,61.2217750549,63.25096488
870,557.798400879,192.012588501,17.332649231,51.8632774353,1.28914453089
870,32.9479064941,159.182479858,26.1335048676,63.1185302734,0.596111640334
870,430.859832764,186.289169312,23.5423069,51.8066978455,0.0747116806451
870,25.2043094635,190.588912964,18.1488876343,45.4821929932,0.0373140501324
900,608.047790527,102.292907715,18.1272163391,53.0787200928,12.8538414836
900,586.8125,259.466217041,26.3335342407,60.9662437439,0.0776438741013
900,279.114715576,185.811599731,20.1687984467,57.1177711487,0.0309018534608
900,617.334960938,123.646362305,18.5874347687,50.8200378418,0.0215188105358
930,602.253601074,236.250595093,24.3986721039,50.3542366028,2.14143935591
930,284.342254639,181.285812378,21.3823032379,54.9834899902,0.205297605135
960,0.0,210.128723145,15.8367643356,54.8870735168,7.23896697164
960,609.722106934,151.209075928,27.9223537445,89.3903579712,2.62820310891
960,15.4361944199,204.625137329,18.0765151978,48.9857597351,1.73466224223
960,547.781616211,187.964797974,17.0667800903,55.4095458984,0.373947340995
960,436.672210693,195.199890137,24.739988327,66.4412002563,0.0205296397326
990,411.163116455,198.81578064,18.7328052521,55.9105262756,2.24673636258
990,394.927124023,169.403366089,24.8760814667,63.6527519226,0.0574083649553
990,40.0454559326,121.356117249,31.5428180695,92.9043579102,0.0361337675713
1020,491.830718994,220.143127441,30.8619537354,79.7406387329,48.827418685
1020,591.844543457,239.106384277,33.6373710632,99.916595459,42.5872474909
1020,515.960388184,230.560546875,19.0206336975,67.9301376343,14.5503178239
1020,60.8593139648,175.861465454,17.7351818085,56.9252052307,2.28714868426
1020,559.856811523,259.100860596,30.4231262207,59.4581947327,1.68103668839
1020,90.5826950073,143.807479858,20.4981536865,56.0315437317,0.0418398412876
1050,86.5999069214,159.883956909,20.1488876343,54.4318084717,1.91805399954
1050,559.272705078,235.684631348,29.2165927887,68.8243484497,1.44604584202
1050,274.289916992,178.114700317,21.9283599854,51.9422416687,0.602368917316
1050,20.6820201874,133.85383606,21.1239528656,60.7815246582,0.258778734133
1050,130.545593262,321.436553955,22.43309021,50.2770500183,0.188305648044
1050,445.081695557,180.345535278,24.215669632,68.718963623,0.0867526978254
1050,11.4296875,361.844512939,33.8233222961,94.0832748413,0.0010996117453
1080,11.6513214111,171.465927124,19.2930870056,57.1521911621,13.2281124592
1080,612.018859863,45.023853302,18.6705245972,64.8129653931,7.53331705928
1080,276.035614014,179.524398804,21.2573719025,48.847492218,3.60518209636
1080,22.939081192,158.622451782,21.8024578094,67.3732376099,2.80969124287
1080,51.8808174133,152.27684021,23.4851837158,71.6680908203,0.589919229969
1080,72.5024795532,175.181167603,20.4495449066,52.1009063721,0.225127791055
1080,504.316680908,177.554504395,26.1874237061,46.3063049316,0.0732833344955
1110,10.0463104248,143.698974609,26.1274108887,71.2865524292,0.335303135216
1110,24.3831329346,164.302383423,19.2892513275,54.8590393066,0.193967181258
1110,502.162719727,214.665054321,31.0944824219,79.4444351196,0.190792302601
1110,34.3863868713,165.419052124,23.3277454376,57.1882820129,0.00697349096299
1110,567.48651123,87.0555801392,31.0001316071,97.7935256958,0.00255173090409
1140,573.749206543,188.679122925,21.2127742767,64.9636154175,27.9504448175
1140,586.296447754,203.210678101,19.0243358612,48.4347496033,2.49197501689
1140,277.342376709,175.936599731,22.7415752411,52.8538513184,1.17221930996
1140,604.187805176,186.581100464,20.9923439026,58.2280006409,0.483869947493
1140,616.068664551,199.63067627,17.9193649292,48.7625579834,0.477895280346
1140,395.481048584,192.061172485,18.3774776459,51.9733924866,0.0599047751166
1170,6.29776525497,237.945968628,45.4866943359,148.496627808,54.9776911736
1170,481.653320312,228.746582031,29.3761119843,64.4829940796,43.0678039789
1170,89.2603149414,168.74609375,22.4964466095,57.8057861328,4.64515499771
1170,11.5175828934,315.186859131,27.0626316071,102.024879456,1.33803104982
1170,411.203460693,168.475326538,19.9568901062,48.408405304,0.862026959658
1170,456.037200928,190.365280151,26.0788974762,84.2284240723,0.124446186237
1170,17.3269805908,151.553955078,117.460144043,217.467697144,0.0376585812774
1170,0.134075164795,202.685836792,31.7662754059,119.807380676,0.0334270938765
1170,396.298248291,156.870773315,20.8557415009,51.1825218201,0.0330322742229
1200,28.3700866699,220.672988892,55.5684700012,165.623886108,17.6301389933
1200,432.362945557,135.43977356,24.7668685913,73.3110809326,5.58111853898
1200,145.159088135,164.790725708,20.8634300232,58.401348114,0.996337644756
1200,14.2960443497,297.365875244,32.5996322632,93.3787155151,0.784941017628
1200,32.0602378845,200.562728882,35.2366867065,103.081451416,0.232361350209
1200,13.9743461609,165.142929077,21.9711322784,71.2054290771,0.164307153318
1200,28.5523300171,187.523422241,23.0014801025,58.2678260803,0.0245015660767
1230,48.2331581116,183.892456055,25.8665866852,59.0160217285,28.2207846642
1230,47.8377876282,185.123580933,47.1386070251,115.445495605,8.44138860703
1230,445.508880615,175.970352173,26.3952274323,74.3268737793,8.42022895813
1230,569.708068848,171.719192505,20.1103954315,63.633480072,5.38171678782
1230,461.18057251,142.488891602,21.9946651459,55.659866333,2.16344948858
1230,278.926452637,163.363204956,25.2389907837,65.019569397,1.87894552946
1230,540.097595215,107.33089447,23.4041690826,65.8028259277,0.637092906982
1230,66.1435623169,183.930984497,20.8480739594,52.5348968506,0.366245303303
1230,477.994720459,136.536132812,19.0208530426,52.946975708,0.0174703513039
1230,35.6340675354,183.079147339,24.9653110504,72.0511474609,0.0169874590938
1260,506.825195312,179.626449585,18.9236469269,53.4934120178,51.7897248268
1260,2.67552185059,252.167602539,45.5798530579,118.759681702,41.9144928455
1260,535.086914062,193.390701294,18.8261585236,54.7083930969,22.8139072657
1260,524.270385742,125.107322693,21.4939098358,66.3207550049,12.4549984932
1260,69.7868881226,167.731933594,23.6587524414,64.3607711792,7.90658518672
1260,79.1723403931,188.906509399,33.8260536194,74.5471496582,5.6007899344
1260,610.590209961,186.352584839,19.4107608795,58.5105400085,3.93797867
1260,500.366912842,132.961120605,24.9027938843,81.9720535278,3.6900613457
1260,612.684143066,123.654663086,17.1948547363,49.3498535156,3.26243638992
1260,579.641174316,253.526779175,29.3219394684,71.2942276001,2.01226193458
1260,416.473724365,190.916381836,25.8420200348,59.0034942627,1.4724441804
1260,520.527038574,183.852493286,21.0609264374,63.8184623718,1.2443956919
1260,586.203063965,157.317062378,20.0793704987,61.6231803894,0.650617713109
1260,589.822753906,109.292930603,19.3476085663,58.6491966248,0.51462422125
1260,567.386230469,156.842758179,21.1724739075,57.8881721497,0.470418296754
1260,539.589660645,129.648620605,19.4987888336,60.143447876,0.296476646326
1260,405.770965576,197.036865234,17.7230739594,47.1303253174,0.29451707378
1260,616.523803711,210.964035034,18.3770275116,50.7954711914,0.117720779963
1260,100.431007385,185.929138184,20.8465461731,61.6480255127,0.101940811146
1260,49.5455131531,236.784072876,43.1693115234,111.007331848,0.00255150080193
1290,7.38220214844,49.1366920471,18.9314365387,58.0550422668,0.251252646558
1290,32.0089225769,189.549484253,30.7807064056,81.0183486938,0.13482774375
1290,0.0,314.907989502,22.6551189423,51.2797355652,0.087428605184
1290,480.376586914,199.462234497,33.9192771912,69.3210220337,0.0672038295306
1290,440.177581787,155.441482544,19.9407253265,52.4442176819,0.0442496471805
1290,48.4040527344,213.681594849,33.7348670959,79.3553695679,0.0134527464979
1290,42.290397644,284.784973145,27.6110172272,68.9607467651,0.012980356405
1290,619.195495605,225.659729004,20.1838951111,56.545501709,0.00589326082263
1290,594.758117676,230.653030396,20.0270442963,60.5543823242,0.00524774295627
1320,566.76550293,248.290481567,33.7293510437,90.2348861694,16.2967547774
1320,152.655288696,207.368789673,27.2568912506,67.9862747192,2.88779307157
1320,521.067138672,124.459236145,25.0781230927,76.1151351929,1.46191930398
1320,214.241226196,128.517288208,25.2842941284,79.3441925049,0.871927477419
1320,620.749816895,213.118942261,19.2501831055,63.5748596191,0.827747583389
1320,590.996337891,264.3074646,34.8164863586,82.5157394409,0.824423320591
1320,179.748397827,174.011474609,24.1521167755,61.0065307617,0.562648335472
1320,40.5908241272,227.742874146,19.3626766205,48.1786155701,0.196632300504
1320,433.981292725,189.042251587,17.6957950592,59.7188301086,0.155999802519
1320,458.65625,195.955795288,26.3765239716,68.3225326538,0.0889332033694
1320,514.071594238,135.040725708,15.6379928589,58.4581871033,0.0699140946381
1320,532.436706543,102.995605469,28.4849452972,105.560188293,0.0588395632803
1350,611.194885254,113.47026825,19.052854538,60.9345664978,7.19248056412
1350,160.188705444,193.354690552,24.6777439117,75.0739898682,1.23356878757
1350,534.500244141,180.673568726,34.7602577209,108.410308838,1.21225295588
1350,587.39276123,106.291847229,28.6892776489,76.3232650757,0.426803994924
1350,615.806213379,75.3466415405,19.8858699799,60.5792541504,0.280075450428
1350,442.589141846,197.645278931,20.2149791718,54.2791862488,0.102836324368
1350,21.340177536,260.305023193,17.9114513397,44.632522583,0.0375409348635
1350,430.609405518,196.803222656,19.8342761993,54.6855659485,0.011528351024
1380,569.555358887,194.943466187,45.0051612854,106.494636536,11.0395036638
1380,482.415893555,205.69152832,24.589553833,70.4608840942,0.561621645465
1380,9.41762828827,208.411911011,23.8894863129,59.109500885,0.28409329243
1380,597.94329834,198.367614746,31.0121555328,75.7820968628,0.147114263382
1410,448.759429932,192.324569702,41.8684425354,84.5976638794,27.7788579464
1410,433.54385376,189.732116699,26.5075149536,80.5938796997,0.899665709585
1410,605.884338379,53.3698921204,19.1293964386,56.984249115,0.866501778364
1410,573.252197266,126.002449036,21.5824718475,70.1712417603,0.790513679385
1410,29.6138248444,171.269042969,23.8655223846,68.4753646851,0.466246763244
1410,13.5568113327,158.779998779,26.601272583,86.9663314819,0.110441690776
1440,594.280456543,212.382949829,30.8860492706,68.1045303345,57.0214629173
1440,47.9717063904,195.906692505,19.1310367584,54.8485374451,3.24919782579
1440,518.968078613,178.930404663,20.92537117,59.6442451477,2.59533040226
1440,560.64630127,225.512863159,40.1415367126,89.0073623657,1.86823941767
1440,211.292526245,90.3876419067,20.7929897308,76.0772781372,0.153010641225
1440,36.4766197205,193.270187378,17.8679389954,47.9690895081,0.147487700451
1440,618.448303223,217.385910034,16.4836177826,49.928237915,0.0921571918298
1440,503.597320557,326.591583252,20.8167743683,46.310634613,0.0639249570668
1440,584.664001465,224.137954712,21.3748550415,60.2632598877,0.0483775307657
1470,477.649932861,187.219360352,20.7022914886,47.1246032715,8.69942754507
1470,592.803039551,217.345199585,24.9542102814,42.5597648621,7.31049850583
1470,165.914413452,194.209030151,26.3064594269,86.4578018188,0.133476150222
1470,177.272109985,215.733078003,31.2830715179,66.631980896,0.0721561547834
1470,530.22668457,290.944091797,21.9605884552,48.946346283,0.00889848597581
1500,589.652587891,168.472305298,37.9064407349,85.6747817993,82.6674044132
1500,592.607177734,57.5417289734,22.6504421234,57.5971031189,4.90604862571
1500,615.220031738,194.375427246,15.5157728195,51.7537345886,0.687488354743
1500,587.355895996,208.432128906,19.283613205,45.2259559631,0.0675796007272
1500,33.6093139648,400.693145752,22.7568283081,48.5200309753,0.0127344304929
1530,123.394844055,204.203796387,19.3989105225,59.1628456116,1.1981128715
1530,615.992736816,163.341323853,18.36693573,56.9222679138,0.124146416783
1560,113.365142822,202.617355347,29.6414718628,76.7870025635,15.8853426576
1590,455.337005615,175.008056641,30.020898819,81.6985015869,1.07952710241
1590,17.330499649,171.408203125,24.0218811035,69.6289367676,0.136526499409
1620,607.410766602,253.668838501,22.9289703369,67.3118209839,55.7770311832
1620,594.523986816,206.604690552,38.3630599976,93.6331253052,0.631076516584
1620,624.373352051,254.983886719,15.3559579849,72.1831207275,0.210811384022
1620,471.369171143,30.7301235199,35.1990661621,73.5932388306,5.91817261864e-07
1650,367.372680664,164.524246216,19.2272052765,52.9612426758,3.16223725677
1650,492.081665039,123.951454163,22.9353561401,69.8454360962,2.36865375191
1650,66.5551757812,137.56288147,17.4722995758,56.8552093506,1.96074601263
1650,73.7204666138,120.412200928,23.7041702271,65.8717193604,1.62247866392
1650,585.354980469,245.571487427,33.5517539978,84.8111953735,0.536373350769
1650,504.756378174,117.350990295,18.447227478,61.4972496033,0.28019300662
1650,521.619995117,118.140190125,21.4757595062,65.8273696899,0.134292605799
1650,485.681030273,25.8969268799,24.4801940918,55.8310852051,4.4234968466e-08
1680,406.890106201,168.933578491,32.5600395203,68.348487854,2.03617475927
1680,452.014160156,172.397964478,33.1291503906,78.9355545044,1.45507156849
1680,395.494018555,165.630630493,18.2843971252,57.9063072205,0.782671943307
1680,570.195007324,89.087852478,31.5811634064,100.345672607,0.400954997167
1680,597.57598877,30.7374744415,31.396987915,77.8494338989,1.2029167884e-06
1710,445.802764893,162.20715332,30.0332717896,87.6646347046,17.4988895655
1710,601.524841309,35.8290519714,32.528049469,95.5171813965,1.35449003428
1710,404.756134033,378.594268799,21.7221889496,55.896396637,0.709837349132
1710,223.03553772,158.848602295,25.1297206879,67.8594741821,0.276054418646
1740,563.855712891,241.136230469,20.0705051422,47.4486427307,1.4548394829
1740,519.688293457,260.245819092,21.1365623474,48.9330024719,0.692695379257
1740,507.915374756,254.209579468,21.8889694214,47.5324745178,0.261878501624
1740,30.8909130096,210.846054077,16.566192627,35.8426895142,0.245552463457
1740,493.482269287,255.067398071,21.5029296875,47.5808143616,0.0613035459537
1740,570.238769531,234.873855591,29.4349651337,72.7127609253,0.0348533561919
1740,567.167297363,113.293540955,22.1493759155,48.6044197083,0.0139220268466
1740,216.416748047,182.540115356,30.8581104279,88.7657089233,0.00939277670113
1770,66.0656738281,208.434814453,18.3994235992,40.5371131897,8.32295045257
1770,6.61367797852,209.112304688,15.8971910477,45.5556755066,2.56086923182
1770,23.6414241791,197.760665894,24.2735385895,52.4155731201,0.533271906897
1770,454.959014893,169.713607788,31.6735248566,67.6991577148,0.437334738672
1770,78.9741821289,204.477279663,18.1513252258,41.7357749939,0.258570746519
1800,9.70561122894,206.63458252,17.3956947327,44.398223877,59.3787491322
1800,8.08591175079,140.410140991,17.6636371613,47.473449707,1.19189312682
1800,19.4610424042,208.80519104,17.1437740326,41.8194160461,0.968490168452
1830,610.949401855,157.857910156,19.0107936859,49.0746269226,7.14658200741
1830,51.9615020752,189.165512085,20.7436733246,55.0756111145,3.49467620254
1830,614.666564941,32.738407135,19.5284461975,52.3076286316,0.749698700383
1830,476.513031006,149.975296021,34.0741691589,88.7171936035,0.684679485857
1830,620.47253418,161.519332886,19.5274658203,56.7378730774,0.152430927847
1830,154.117797852,304.19720459,28.1212997437,52.2520446777,0.020318449242
1830,173.842605591,302.549530029,20.6688690186,45.3275718689,0.0109211483505
1830,447.002075195,187.804519653,23.5331325531,64.5709533691,0.00267013110715
1830,189.612243652,304.585784912,21.8463687897,46.3359870911,0.00206728764169
