30,558.014343262,342.493438721,20.2670669556,45.4877281189,3.1544264406
30,573.282104492,350.887542725,22.0693149567,49.752532959,2.12595891207
30,13.7566137314,158.341384888,33.5681037903,84.3161468506,1.92790292203
30,170.152603149,152.540939331,22.3563213348,59.7338829041,0.202144123614
30,583.001647949,365.194671631,22.6131820679,52.7216148376,0.0937523611356
60,617.451721191,206.348800659,16.6414279938,48.202205658,5.6487146765
60,466.566802979,382.706817627,21.154624939,43.6848640442,1.94592252374
60,482.276702881,381.215301514,21.3007602692,45.6918373108,1.71066317707
60,503.841430664,384.908111572,21.1794147491,48.071559906,1.70581210405
60,514.820373535,342.269989014,20.1557006836,46.4536437988,1.4943334274
60,536.311218262,334.233184814,20.9293460846,49.5833854675,1.41556337476
60,525.52935791,328.824798584,21.0502853394,49.8891105652,1.20013281703
60,525.205993652,390.360321045,20.8950500488,47.1570472717,0.869022123516
60,493.675262451,394.89755249,20.6783332825,45.5491142273,0.862565077841
60,246.996994019,162.341079712,25.9327259064,56.7112159729,0.746725266799
60,546.932067871,355.70715332,34.0171737671,59.8288574219,0.680145062506
60,348.390838623,299.626586914,22.7741985321,55.6834983826,0.154810608365
60,52.8354492188,228.587417603,23.7696704865,62.6358642578,0.14757058816
60,449.088989258,131.159622192,20.9046192169,61.342086792,0.106041051913
60,450.355255127,318.945343018,23.1973419189,49.7760276794,0.0269128824584
60,459.667114258,324.020935059,35.4981040955,65.3748779297,0.0191572733456
90,321.631500244,364.383422852,21.595582962,51.1047935486,4.1272342205
90,247.981628418,364.237823486,22.6768627167,51.1095466614,3.93307991326
90,294.564910889,382.859405518,23.1252040863,53.714176178,2.67321877182
90,303.417755127,350.447143555,32.2654953003,66.1774520874,2.04843487591
90,237.085250854,381.288421631,21.9633998871,53.520111084,1.32116610184
90,258.435913086,345.781341553,21.4892368317,52.0611686707,1.15583287552
90,617.983825684,224.800765991,16.5561008453,47.8147468567,1.07281608507
90,237.675918579,345.393188477,20.958738327,51.9061775208,0.889956578612
90,332.91494751,368.770599365,21.8506546021,57.9258422852,0.390341295861
90,545.925231934,328.014221191,22.4251194,51.4197044373,0.382277090102
90,370.457427979,365.947875977,22.5209884644,53.6447715759,0.258246599697
90,0.521909058094,197.428039551,16.1038265228,51.1152915955,0.221494329162
90,376.726776123,305.378326416,40.3245544434,73.5680007935,0.208043656312
90,66.7662506104,106.855018616,26.3375473022,64.9952926636,0.0373619608581
90,10.346777916,117.59702301,35.656288147,99.3961181641,0.00460067167296
120,617.711486816,396.444000244,17.3644771576,46.1326904297,0.969726964831
120,540.426818848,72.6460342407,20.160238266,60.1858100891,0.477612577379
150,604.795410156,20.8322296143,19.9300823212,68.4491882324,6.02730847895
150,568.653869629,40.5112838745,29.2986850739,83.7466049194,3.07437870651
150,616.383483887,30.3805370331,17.335943222,54.1544342041,1.32154785097
150,6.37910461426,78.5832290649,27.5512714386,81.0294189453,0.958595983684
150,580.025817871,195.172668457,18.6369228363,51.7037811279,0.628194399178
150,343.093414307,127.835258484,19.0978794098,59.5961914062,0.514989811927
150,595.655944824,196.276901245,19.1791095734,46.9238891602,0.336582935415
150,356.675628662,136.679733276,20.2986278534,50.7991600037,0.0142651362694
180,470.699737549,124.600891113,20.9709224701,58.6701660156,5.43552227318
180,354.835479736,128.636291504,21.6975917816,61.1241569519,0.00546523478988
210,385.997039795,130.611099243,18.9569358826,52.4515686035,0.929149985313
240,355.680145264,133.309768677,17.9937343597,52.9745445251,27.1650254726
240,278.645782471,147.205581665,16.1299858093,43.2749977112,0.351992016658
270,361.619140625,139.907775879,22.6357479095,55.7653312683,70.6964612007
270,293.450592041,156.441436768,17.1526546478,48.8453102112,0.0367684027879
300,363.574707031,141.829147339,25.7559070587,63.6243896484,19.1669285297
300,379.981842041,164.14692688,16.4775333405,45.5801849365,1.54932467267
300,287.976196289,165.484817505,15.5082674026,44.4356803894,0.128042057622
300,437.690338135,186.647277832,23.6057872772,65.3700637817,0.00619581915089
330,365.163208008,147.633422852,26.1370487213,58.5248146057,51.0250151157
330,500.95223999,122.646522522,20.8086109161,62.2809562683,30.708771944
330,285.6769104,163.422348022,16.0093307495,49.2896690369,16.6172340512
330,300.205749512,162.010925293,15.6706895828,51.345500946,2.71692890674
330,616.659973145,169.848999023,17.1513309479,46.824382782,0.76680732891
330,270.647064209,162.308074951,21.1423091888,49.112197876,0.558755453676
360,370.002410889,139.807296753,24.527425766,63.1929931641,32.1820706129
360,517.763366699,110.160949707,20.8393726349,56.7638397217,11.8391007185
360,87.9466247559,167.993362427,19.8461208344,45.3223114014,0.52525093779
360,419.61706543,141.329177856,26.5517101288,62.8106269836,0.255740596913
360,263.88772583,162.609603882,19.8598537445,48.688583374,0.229532807134
360,283.258087158,156.387557983,15.4813814163,50.3123474121,0.0124526239233
360,82.335647583,30.4484729767,25.9237384796,46.871963501,4.15630552197e-07
390,369.016998291,133.397903442,25.9522018433,68.0234222412,19.5312082767
390,425.514434814,127.877563477,28.6303844452,80.050491333,17.2365039587
390,289.952819824,149.158935547,23.3890914917,58.5584754944,0.396624300629
390,235.868041992,158.278457642,21.6861209869,51.8874206543,0.0107004940219
420,369.10244751,138.385620117,21.4766750336,58.7007102966,5.77566623688
420,277.169952393,144.732528687,22.5294132233,60.5491638184,1.11598214135
420,7.73111009598,165.339797974,15.0065755844,56.7355232239,0.588106876239
420,248.751724243,141.445770264,21.5610485077,62.8306694031,0.56988238357
420,9.55446720123,127.429450989,31.395149231,92.7068862915,0.405443925411
450,232.769226074,152.042068481,17.9357089996,57.50598526,29.2344242334
450,258.786956787,155.073257446,23.0139923096,52.874584198,3.14695052803
450,351.064788818,131.975372314,24.7210063934,67.1650314331,0.131601560861
480,512.812194824,140.444732666,21.5913772583,64.3596420288,31.8595737219
480,247.297805786,145.651596069,19.0662174225,61.7577781677,6.79008737206
480,499.119873047,136.223846436,21.8022823334,61.8539161682,0.801377091557
510,233.697998047,139.745651245,25.0417079926,69.1461105347,23.5000297427
510,203.767196655,157.390029907,21.3526992798,50.3522377014,0.808170624077
510,250.159927368,147.44984436,17.2192745209,61.0501403809,0.62764803879
510,168.105484009,159.680099487,16.6077728271,47.5198173523,0.404848856851
510,554.14654541,133.150390625,21.9632415771,57.8499107361,0.271324114874
510,428.452423096,156.329299927,18.2766895294,45.8240203857,0.253032660112
510,264.149871826,138.821792603,24.1211147308,66.8842086792,0.174274260644
510,11.8132314682,167.987228394,22.4035015106,53.5281066895,0.164986308664
510,542.145751953,135.166748047,18.0654335022,49.5938835144,0.0647539272904
510,572.778259277,125.433067322,21.4800052643,60.8012390137,0.032464688411
510,147.400054932,150.610397339,20.4410324097,46.9316101074,0.00116502224046
540,15.1361503601,171.872146606,20.4697704315,47.8867073059,43.3324694633
540,29.2676715851,167.190673828,19.0637226105,46.9213867188,0.933657027781
540,46.6309394836,165.450424194,19.7397384644,52.074344635,0.576251884922
540,182.535934448,111.679107666,31.3308353424,77.4512863159,0.237260502763
540,219.322021484,118.798988342,26.4550800323,89.0197372437,0.158368726261
540,409.059967041,127.274505615,21.1190681458,63.0665893555,0.0348390138242
570,13.6041841507,117.839935303,27.5375270844,89.3083724976,28.6620944738
570,41.6216163635,169.388534546,22.4240550995,58.6760292053,5.73291257024
570,11.903506279,167.380645752,20.7046909332,56.2732963562,5.73008805513
570,319.464233398,106.065979004,25.0445957184,70.4409255981,2.65645403415
570,7.02007293701,146.480148315,16.6493473053,57.5198364258,1.17266662419
570,24.770111084,144.549545288,25.579252243,82.6930923462,0.981566403061
570,50.9407348633,146.23677063,24.5632781982,62.9869384766,0.967850163579
570,355.058441162,114.433235168,19.3495960236,54.1679649353,0.0660108285956
570,68.9261016846,130.176391602,32.7401123047,78.8991394043,0.0548365584109
600,529.151184082,133.002197266,16.6421089172,50.0893440247,36.8605732918
600,264.544799805,116.39679718,20.9188404083,67.5607757568,19.3783283234
600,186.693847656,156.74887085,22.4521484375,53.284286499,7.57491290569
600,517.556030273,131.599182129,18.9885921478,53.3821525574,2.24503781646
600,285.809051514,93.6212539673,22.5329208374,56.6539726257,0.310947024263
600,274.227966309,90.4985351562,22.041223526,51.783946991,0.113528501242
600,380.452880859,114.424987793,20.9578495026,53.0548706055,0.0984973856248
630,13.5899505615,163.293807983,20.4256725311,55.9685211182,25.7571697235
630,243.522750854,109.385162354,21.5252075195,64.4669723511,13.4112641215
630,118.22959137,120.040527344,18.0998592377,60.1445465088,7.25102499127
630,290.45111084,144.671081543,22.708070755,66.2613830566,2.73537430912
630,66.7417831421,128.553985596,19.7496700287,62.3972740173,2.18387655914
630,127.971923828,119.704536438,28.089263916,68.9552230835,1.79444514215
630,81.0317687988,130.022979736,22.9898853302,61.2055053711,0.55723907426
630,615.799499512,231.272827148,17.7941036224,51.7812843323,0.553475366905
630,259.99307251,110.011497498,16.8082561493,48.5345420837,0.479894597083
630,49.3907318115,132.928024292,25.6882801056,61.97813797,0.362311163917
630,92.0616760254,139.221038818,26.0112915039,62.6270103455,0.236061355099
630,615.608398438,126.166969299,19.641740799,54.2037353516,0.224531558342
630,429.608734131,131.816482544,23.2076663971,55.7311515808,0.0864190980792
630,12.3101577759,79.4281387329,25.6986446381,69.9709472656,0.0523644965142
660,515.391357422,151.716033936,18.8865642548,48.9805717468,2.37806271762
660,344.182250977,130.727600098,22.7938976288,59.99609375,2.1955376491
660,607.657836914,130.682388306,25.7732219696,58.5626792908,1.24664586037
660,500.731079102,155.770095825,18.6236972809,44.1301383972,1.1606479995
660,526.023071289,154.234451294,18.9292869568,49.0480232239,1.06063820422
660,616.82019043,113.303161621,18.1231746674,48.7183113098,0.943808536977
660,261.687713623,83.2204666138,26.3977870941,83.0928878784,0.632160296664
660,97.9158706665,98.9202651978,29.2414150238,87.5619506836,0.0428294268204
690,14.104888916,179.462036133,18.4269428253,50.3920707703,37.7509683371
690,7.68779993057,70.8697738647,26.0334873199,51.401599884,4.30241748691
690,120.724815369,160.719192505,23.4320373535,53.5048332214,0.680436333641
690,610.826171875,114.195960999,20.3380489349,47.5905456543,0.554587645456
690,563.529724121,122.127937317,26.7296199799,72.105178833,0.493311649188
690,503.609649658,121.351531982,24.2819271088,62.0337715149,0.440077949315
690,265.787963867,136.574462891,21.4420375824,54.8957672119,0.219435966574
690,554.418395996,135.762008667,18.3576889038,55.5692405701,0.0996900605969
690,584.777282715,127.862449646,21.5662975311,63.7170715332,0.0648421118967
690,166.947174072,80.2308959961,37.1186408997,102.21408844,0.0303135369904
720,92.888923645,67.1484451294,21.5331287384,65.0860824585,6.74652606249
720,454.627960205,113.972068787,19.0918216705,58.2868156433,1.69140286744
720,616.820251465,113.946296692,18.2355442047,51.9825592041,1.05033097789
720,589.120849609,126.854125977,20.3391819,63.640712738,0.267189764418
720,102.432044983,83.4969482422,22.4242019653,65.4718399048,0.187653792091
720,185.198043823,153.784301758,18.3061199188,63.3411560059,0.183707627002
720,598.565551758,106.868629456,24.4783382416,65.8018569946,0.103714736179
720,614.539733887,30.822057724,20.2012863159,55.0289421082,6.48906677725e-05
720,599.866516113,41.4861106873,26.2248382568,64.2348480225,9.87622900128e-09
750,498.047729492,190.877548218,21.8320999146,58.5065612793,14.6891772747
750,122.638366699,148.403060913,23.8615932465,54.7334938049,14.1865640879
750,473.925872803,184.078933716,17.9837017059,45.6496124268,11.4622339606
750,417.239837646,133.159179688,35.2638969421,85.4960098267,2.69908141345
750,13.9023790359,183.971008301,17.6270084381,46.8916931152,2.50231213868
750,481.942962646,185.468688965,21.5291366577,61.5683860779,2.2382369265
750,89.251739502,170.106750488,18.2766132355,56.0227050781,2.20124460757
750,63.7465209961,169.643051147,23.1896266937,60.7742271423,1.89912579954
750,429.376190186,87.9095458984,21.0643692017,51.9905738831,1.31253562868
750,436.003295898,172.706115723,17.2886638641,50.0446929932,0.309778796509
750,78.3791732788,170.984420776,18.7900848389,54.3585548401,0.29843475204
750,617.393005371,39.2257575989,17.6778755188,51.5938720703,0.266446801834
780,525.361877441,178.192306519,18.9272785187,47.3399810791,6.70524835587
780,541.519836426,171.750778198,20.7528438568,52.3774871826,5.05235716701
780,437.064483643,107.013877869,40.6200141907,115.518180847,4.84963804483
780,398.591674805,180.248580933,21.8786849976,48.6578979492,2.53194849938
780,455.456573486,52.3524589539,26.8373718262,62.5125732422,1.2962709181
780,471.388397217,174.683349609,21.0569000244,54.4385032654,1.25221703202
780,513.983093262,185.572189331,17.167301178,42.0858802795,0.359683460556
780,413.592559814,173.715332031,17.6632843018,56.5955314636,0.132808275521
780,584.276062012,60.7394447327,28.3297176361,55.4497184753,0.0822617905214
780,10.8836126328,192.934860229,17.579908371,50.2783203125,0.0753748230636
810,560.255981445,169.910415649,20.7068862915,57.5734710693,95.1957046986
810,468.066650391,175.932540894,19.2749576569,53.0408973694,35.494107008
810,590.676147461,176.034240723,27.6552448273,60.261341095,33.0225527287
810,524.436035156,124.56816864,26.5545749664,108.636207581,15.3388530016
810,454.790893555,174.655960083,16.3757019043,54.6620483398,3.67460288107
810,582.253295898,177.294235229,17.2256259918,50.8688240051,2.12223511189
810,538.538818359,161.671829224,20.0133266449,59.5791473389,1.10005317256
810,27.9892520905,192.642654419,20.75182724,51.0003852844,0.603465922177
810,433.752685547,168.81477356,20.5200710297,56.7755699158,0.521034514531
810,13.5201997757,191.551269531,23.8472194672,48.2415046692,0.231756642461
840,561.317687988,155.581130981,35.621257782,69.1555862427,74.980789423
840,499.987670898,177.128311157,20.355052948,49.2487449646,34.3461364508
840,530.731079102,35.1965942383,19.182970047,59.5344238281,13.6003211141
840,415.191436768,134.754348755,21.2783813477,60.770324707,5.86269758642
840,615.020568848,190.90083313,17.7294311523,51.2248725891,5.41479662061
840,612.440124512,44.9116821289,17.7131175995,48.5073852539,2.73708645254
840,482.495605469,164.31578064,23.9829502106,55.0227241516,1.87382735312
840,604.447387695,196.329360962,15.8979578018,49.5131874084,1.84783153236
840,170.651596069,189.043746948,25.6154003143,65.2729034424,1.17224631831
840,450.959594727,160.00743103,16.5760955811,51.0605964661,0.513608660549
840,584.733947754,155.897506714,23.3860874176,76.6311798096,0.492779910564
840,544.147766113,41.7988204956,17.7759037018,52.7243499756,0.437569012865
840,435.133331299,159.990631104,23.2399368286,60.1479644775,0.321863032877
840,460.872802734,161.977676392,17.4554481506,47.8581047058,0.209450745024
840,53.1346473694,135.460861206,23.5495910645,70.4286117554,0.107492681127
870,60.7998542786,152.52204895,19.4189529419,54.699596405,27.2901803255
870,531.977233887,173.583908081,16.7459220886,50.6940307617,26.3796001673
870,384.132843018,163.666610718,16.619846344,62.2417144775,8.11262205243
870,33.7748985291,191.943237305,23.6872940063,65.9417190552,0.52065839991
870,27.1182250977,125.541801453,26.3315124512,94.6250228882,0.505015579984
870,46.0343055725,137.072860718,21.0303821564,59.6329956055,0.0444047327619
870,391.103546143,153.586181641,19.2026081085,48.5535011292,0.00662531310809
900,390.44229126,165.711791992,18.5983791351,58.1367950439,12.8514826298
900,610.022399902,125.728752136,20.488822937,64.8320541382,6.01981393993
900,377.367950439,160.023925781,19.261680603,58.7194023132,4.46117445827
900,131.606918335,116.124053955,20.55717659,54.9327735901,3.70730981231
900,524.349060059,150.306045532,21.3832855225,56.778339386,2.39802189171
900,462.321777344,107.896278381,33.1027793884,99.2616500854,1.79454833269
900,489.325439453,175.505752563,18.933549881,56.3024253845,1.1651401408
900,497.394439697,148.074081421,23.8693943024,79.7430496216,0.896850693971
900,513.394042969,156.795211792,23.6582508087,70.4381637573,0.360343279317
900,535.618896484,138.768722534,20.1688671112,57.3491363525,0.304651539773
900,408.747283936,121.141845703,22.0171909332,69.5022735596,0.0462456984678
900,122.460838318,133.200805664,22.5208911896,56.5037498474,0.0276384031167
900,395.388458252,136.617294312,25.9371585846,66.7223892212,0.0157261019922
930,433.600372314,194.495544434,18.9435806274,51.2182312012,2.85735093057
930,576.963562012,142.315475464,21.9283294678,78.5100097656,2.70826984197
930,616.587097168,149.281021118,18.5504245758,55.998210907,2.18655578792
930,618.87121582,209.647109985,14.7587747574,48.9203147888,1.08868405223
930,561.309387207,142.676925659,25.439157486,78.4122924805,0.699463160709
930,413.141571045,163.932785034,23.5070476532,83.1884994507,0.507519580424
930,367.378997803,142.860473633,21.9337615967,60.9682731628,0.433679157868
930,451.856231689,193.316970825,21.5414123535,51.4644889832,0.427475851029
930,502.389770508,86.3411865234,33.3382225037,90.0528488159,0.335659831762
930,88.3192138672,101.240272522,29.8908824921,83.6057815552,0.0687109539285
960,15.9203023911,126.580055237,25.80768013,93.8284072876,28.1722247601
960,416.248138428,152.271102905,24.6764812469,81.0867919922,23.1147050858
960,471.640380859,31.372045517,31.3723278046,79.0188980103,19.6055963635
960,596.324035645,182.124404907,28.5589618683,68.9072952271,18.589887023
960,560.610107422,162.593032837,19.9622421265,64.5884399414,15.3359398246
960,536.448669434,175.464294434,29.7665538788,83.041633606,10.1223118603
960,27.1650028229,110.655982971,37.3083686829,107.308624268,2.06052027643
960,404.296600342,189.199111938,19.3720569611,50.1954307556,1.66114475578
960,11.1603956223,208.015808105,18.0960712433,56.8449401855,1.53927290812
960,580.96862793,184.333267212,25.1935443878,65.8128356934,0.535585079342
960,128.985397339,204.864181519,22.0870914459,61.4098968506,0.0323908927385
960,126.017448425,89.7169189453,105.869606018,198.283935547,0.00031834215406
990,600.89263916,257.891082764,31.1139774323,103.437507629,41.4022922516
990,450.959442139,186.405639648,28.9024810791,90.5801315308,8.06612893939
990,408.534454346,176.037841797,26.9217300415,64.9130783081,7.33614861965
990,539.569458008,125.516601562,34.0474891663,63.4751014709,4.16789054871
990,175.268447876,153.011032104,24.3795089722,80.7709655762,3.45475152135
990,597.907470703,182.238204956,29.8210773468,94.6665725708,1.41720334068
990,162.142929077,188.68611145,24.4822940826,77.1687088013,1.34303169325
990,427.819610596,185.532043457,26.0853881836,62.2062835693,0.0651469803415
990,221.271057129,166.974899292,21.6313533783,57.1318664551,0.0494287232868
990,590.657653809,16.3495635986,41.4309577942,128.277069092,0.000416276043325
1020,586.381286621,251.489578247,37.3400382996,100.375511169,13.5289594531
1020,446.087921143,195.606582642,19.1856498718,47.6088066101,3.58394645154
1020,455.753173828,192.497009277,22.3154449463,52.2767372131,3.54005210102
1020,183.60798645,174.840866089,18.8341236115,47.1377830505,2.956539765
1020,466.293457031,160.125259399,20.6432552338,64.6635665894,1.54902720824
1020,156.538192749,173.89414978,21.5039653778,66.9496231079,0.52897199057
1020,478.611663818,166.766021729,18.9390411377,53.6222076416,0.491460971534
1020,168.155319214,173.221237183,19.7772731781,51.2066688538,0.275901542045
1020,465.331695557,119.417625427,21.5830593109,59.9722480774,0.270243664272
1020,524.371459961,85.9726028442,22.130273819,57.6925086975,0.0972040637862
1020,506.722869873,85.7724990845,28.1966915131,72.1363830566,0.00731797481421
1050,447.183135986,166.939346313,37.6403617859,92.6259536743,71.7359542847
1050,203.785629272,162.340713501,20.2816390991,53.3917350769,22.4571079016
1050,96.1250076294,197.46697998,20.4139614105,55.2339439392,10.872977972
1050,541.521179199,174.894882202,19.4884357452,56.5428314209,5.95398321748
1050,218.583358765,159.738494873,17.3300323486,50.0534820557,5.48811778426
1050,552.71875,170.6275177,19.0904693604,60.5693702698,1.64597220719
1050,550.649780273,97.0465621948,25.9193191528,91.9753036499,0.871948990971
1050,563.110595703,162.370834351,18.4762878418,57.880443573,0.496862269938
1050,517.044067383,112.080802917,29.4238376617,85.3107070923,0.21458263509
1050,574.617858887,152.971664429,18.1447105408,52.6433448792,0.13004927896
1050,1.77224481106,272.478424072,24.3543109894,53.1783180237,0.0470422004582
1050,587.067138672,47.2532539368,32.265789032,70.2625274658,0.0109836910269
1050,384.755096436,97.6554489136,23.048002243,64.7552871704,0.00686495259288
1080,597.202026367,36.8466339111,29.128534317,62.0290031433,5.27689196169
1080,205.57460022,156.152603149,18.3506717682,55.6615600586,4.04597595334
1080,583.150695801,40.2880516052,24.6711368561,68.013343811,3.08195985854
1080,145.384292603,185.22718811,20.9733104706,59.7141265869,2.09521707147
1080,83.2258834839,207.191146851,20.6003856659,59.9628181458,0.858357455581
1080,389.208007812,97.4970626831,20.9931278229,56.3982276917,0.420960923657
1080,580.233581543,174.401748657,19.7646865845,50.8772392273,0.253500510007
1080,617.738464355,54.3223266602,16.0010108948,46.7279205322,0.213946052827
1080,216.573776245,158.067153931,18.419965744,53.5278778076,0.0387909210986
1110,194.193527222,159.789749146,16.9636478424,52.3134002686,8.34841355681
1110,347.080718994,165.681488037,21.8918018341,56.9120063782,0.727741839364
1110,125.325813293,182.112594604,22.4677047729,58.4618682861,0.336570758373
1110,181.765014648,161.374130249,16.1578807831,51.5300483704,0.159123283811
1110,212.348648071,160.000732422,17.8358078003,47.6843299866,0.121939915698
1110,494.550048828,149.126754761,21.8282108307,58.7221794128,0.0346643180819
1110,386.922332764,119.179016113,21.8333377838,65.5384674072,0.00368572036678
1140,44.7281455994,209.569412231,34.8364219666,109.974861145,16.0490080714
1140,21.996969223,208.86869812,29.3901844025,62.6660423279,2.53757536411
1140,165.141784668,172.781082153,16.8791160583,48.37159729,2.06049010158
1140,174.533874512,167.734436035,18.93409729,48.6476325989,0.906374305487
1140,561.848083496,181.001663208,16.7157726288,57.1847267151,0.748374452814
1140,24.4888153076,248.437438965,31.9822750092,73.8777542114,0.0453451910289
1140,63.480266571,218.803787231,22.8575572968,57.0661811829,0.0220750895096
1170,68.4488754272,193.833084106,25.8835525513,75.5054550171,1.18420105428
1170,0.0,238.128158569,29.1072292328,85.0026473999,0.988586060703
1170,127.029914856,171.119125366,18.0262126923,48.6822509766,0.481261126697
1170,154.869003296,164.527023315,20.7509403229,51.6373596191,0.100987032056
1200,1.99600851536,222.062988281,28.818151474,85.2536087036,3.08298077434
1200,122.796325684,173.233764648,22.4278888702,49.0017280579,3.05791124701
1200,502.082641602,223.130310059,21.9850616455,55.7169952393,2.06625759602
1200,133.250366211,160.29850769,26.4889354706,57.264705658,1.755457744
1200,439.138824463,164.866836548,22.7813510895,68.2181549072,0.881314557046
1200,385.493743896,62.9698181152,22.6563644409,58.8684844971,0.591784203425
1200,7.21411752701,117.116676331,22.1072158813,59.528137207,0.329951499589
1200,408.682098389,42.21875,39.9817619324,101.517539978,0.000929894849833
1230,493.277984619,174.266906738,19.2612361908,42.6014595032,55.2330493927
1230,560.635253906,172.394546509,20.1436214447,54.0726318359,31.6533654928
1230,115.551292419,155.722595215,24.8642063141,56.7109375,15.8440753818
1230,511.791015625,174.17565918,17.0740070343,45.0802345276,0.991227664053
1230,71.8451461792,163.0184021,20.2622032166,58.0588188171,0.779843097553
1230,573.096069336,169.013687134,18.1255607605,56.3807945251,0.676762778312
1230,483.280487061,172.805740356,18.5362949371,46.0733795166,0.323704141192
1230,520.310302734,177.135620117,20.3988170624,57.571849823,0.320163113065
1230,51.9363899231,170.37336731,28.0908298492,57.1389274597,0.154516194016
1230,540.867431641,171.413314819,23.8262767792,71.6175918579,0.102946639527
1230,85.2609939575,167.179336548,18.7313594818,53.0684089661,0.0963489757851
1260,534.187988281,165.439193726,21.7405757904,53.3372688293,86.4174962044
1260,48.3153648376,172.718276978,16.8428211212,53.6831703186,7.65240117908
1260,35.2285804749,166.783050537,21.1347141266,60.0639457703,6.53872787952
1260,60.7062225342,179.519485474,19.1718463898,50.5985374451,1.28308655694
1260,69.4792175293,162.510391235,27.4935455322,65.4683074951,1.15911904722
1260,438.787322998,166.509429932,20.2632751465,52.3491783142,0.607407838106
1260,552.720397949,164.621109009,16.6813488007,49.7515602112,0.535531761125
1260,380.358551025,142.98008728,21.3302593231,57.645526886,0.0785181764513
1290,590.945373535,158.42414856,24.4451217651,62.8187980652,87.6522064209
1290,610.925964355,163.932266235,17.0985355377,51.2147064209,9.97944399714
1290,449.070648193,157.842941284,28.3358783722,64.3787612915,1.67014636099
1290,620.653320312,160.253738403,16.9092502594,54.5675315857,1.55415730551
1290,372.321807861,161.865768433,21.8547077179,55.802570343,1.4498822391
1290,8.78831386566,195.096939087,16.709104538,56.9581451416,1.44903836772
1290,577.035217285,155.083724976,24.8327350616,69.8800888062,0.67769382149
1290,385.006195068,169.520187378,20.6030521393,63.4114952087,0.0877179089002
1290,380.758758545,122.603736877,19.9523086548,58.5218048096,0.0135163179948
1320,387.743499756,145.372909546,18.8005943298,45.9160614014,1.45966429263
1320,399.067016602,140.915344238,19.159318924,51.6023864746,0.294567225501
1320,420.779815674,187.949996948,19.6780109406,56.3473243713,0.0648791668937
1350,17.1610946655,158.128952026,25.1580753326,58.4774436951,21.487891674
1350,7.22132873535,159.150558472,56.8115692139,105.659873962,10.4773893952
1350,474.787231445,58.1437530518,20.6820697784,82.850944519,6.74612447619
1350,428.349121094,151.021347046,24.9192504883,57.9669647217,1.48478783667
1350,6.99341392517,154.879180908,15.4405250549,48.8663597107,0.261394283734
1350,597.849609375,143.026275635,27.5984191895,75.0177612305,0.0491674756631
1350,36.9103889465,226.239334106,28.4317760468,90.1704711914,0.0193465908524
1380,200.520751953,182.031692505,20.6078548431,61.8795013428,14.3119797111
1380,29.6289196014,172.264389038,18.9222259521,54.7621803284,5.02876527607
1380,9.4415140152,181.535934448,20.3077831268,57.0192260742,4.61193695664
1380,457.036773682,152.778259277,24.6214370728,62.7081642151,3.07983774692
1380,479.765655518,140.626358032,18.038482666,45.3254356384,3.07512339205
1380,618.103393555,303.185150146,16.2827472687,52.3961448669,2.11843755096
1380,585.098815918,104.850196838,42.0650405884,123.231483459,1.22731188312
1380,488.988250732,135.554611206,20.0442619324,48.8065643311,1.20407743379
1380,499.193695068,119.61995697,19.6050987244,55.5942687988,0.150344939902
1380,556.359802246,145.063552856,21.1495552063,69.2829208374,0.0553930818569
1410,469.359039307,156.589126587,18.4704093933,49.6231079102,11.5573465824
1410,590.226623535,127.598716736,21.055727005,61.5872688293,5.66581487656
1410,459.731658936,161.250778198,17.2713069916,40.4797172546,5.57413324714
1410,164.762557983,185.889266968,28.7984027863,75.3663406372,1.96695830673
1410,444.354003906,159.156723022,17.2891292572,46.4003639221,1.39873698354
1410,606.92980957,134.645812988,15.7309923172,54.9725036621,0.546384882182
1410,568.698974609,243.903793335,29.4113903046,58.444896698,0.455023534596
1410,482.621124268,149.717483521,18.1585597992,50.6734275818,0.331220356748
1410,590.599182129,249.429244995,28.4766407013,57.4124946594,0.132854410913
1410,147.314285278,166.324447632,31.3291530609,73.9538040161,0.0182925388799
1410,1.62517297268,102.483604431,22.2485027313,64.1454544067,0.00227447271754
1440,568.458190918,83.5483856201,17.8035850525,46.6343078613,4.52387034893
1440,471.319488525,160.749847412,14.7221784592,42.1652183533,3.09045035392
1440,99.1325149536,166.98828125,28.7573833466,62.7434120178,1.79468281567
1440,456.102783203,158.712677002,23.7594089508,54.6769371033,0.401123100892
1440,225.216384888,156.836715698,21.7664642334,62.4476737976,0.260828551836
1440,478.713348389,157.32182312,17.0659351349,52.7654075623,0.235487800092
1470,552.229797363,137.898208618,16.1868362427,46.4153556824,6.26913532615
1470,500.075164795,143.259902954,26.3524799347,66.0524673462,5.24995215237
1470,13.0084991455,78.1852798462,15.796998024,42.4743385315,4.69743944705
1470,446.480010986,130.87210083,15.5773324966,52.5706939697,1.05937756598
1470,424.343902588,144.63621521,18.5712184906,48.8744506836,0.869190413505
1470,436.355010986,139.172149658,17.6853046417,45.226474762,0.673356931657
1470,617.686706543,314.820770264,17.3601360321,43.3299980164,0.181666470598
1470,7.70559072495,240.774658203,30.2195453644,98.7310714722,0.126656179782
1500,469.692382812,158.677062988,15.7828645706,51.4423942566,4.17966023088
1500,485.072998047,164.420288086,16.6596088409,42.540561676,1.11837079749
1500,458.846588135,159.012313843,16.5392684937,47.8823204041,0.976116023958
1500,569.29864502,85.1318435669,18.5075244904,57.4433898926,0.966714601964
1500,611.050415039,211.655227661,16.9737262726,48.8547515869,0.651756627485
1500,194.572158813,181.379837036,19.9792919159,52.3853034973,0.503016263247
1530,485.775665283,160.808837891,17.5559444427,49.6238708496,24.4478181005
1530,473.764984131,163.168777466,16.3586120605,47.8027153015,16.4506301284
1530,461.012084961,157.657958984,20.8887004852,55.0840301514,2.63017099351
1530,517.727905273,174.286865234,17.4409046173,50.4110107422,2.51383446157
1530,441.3125,142.402130127,16.8584251404,47.6820831299,2.27872766554
1530,154.320037842,191.944335938,19.2687969208,65.9267730713,1.1280301027
1530,495.078613281,158.483627319,22.5066070557,59.9983062744,0.869716517627
1560,484.049438477,157.960006714,17.2222537994,50.469127655,25.7764071226
1560,495.865112305,159.895492554,17.156961441,48.3972740173,7.10836648941
1560,95.503112793,201.975875854,20.5011177063,67.4484329224,6.83650970459
1560,507.10848999,165.047561646,16.7107334137,46.935092926,6.22725822031
1560,10.6618032455,214.297775269,39.1328086853,125.437934875,4.63302955031
1560,558.126708984,143.001449585,18.6137866974,46.5018119812,1.6178034246
1560,568.43560791,146.656814575,19.8845233917,46.4003639221,1.0289083235
1560,8.60327529907,169.377120972,21.1675701141,45.5609130859,0.602052500471
1560,32.040019989,234.70501709,19.687669754,68.9439239502,0.113268301357
1560,436.403289795,90.7865219116,23.1374588013,67.0285873413,0.0301430700347
1560,498.683197021,80.4786758423,19.6450405121,56.4548377991,0.0117948620755
1560,123.509590149,161.488861084,23.3198451996,53.4548187256,0.0099822122138
1590,500.540802002,156.614578247,16.8563594818,49.3836402893,40.7764881849
1590,511.291625977,160.02923584,16.4949169159,45.9337654114,36.3523334265
1590,452.094940186,126.111602783,20.6599369049,62.1522674561,24.4966253638
1590,522.842163086,159.749710083,17.7447566986,54.1857566833,14.2611145973
1590,69.2126312256,168.449523926,22.6282348633,62.545124054,7.27954730392
1590,542.500366211,181.180664062,16.0422134399,44.8359832764,4.24199812114
1590,27.5669116974,205.310806274,25.9010715485,88.136505127,2.61715706438
1590,563.199768066,183.297729492,20.4586601257,49.1495361328,1.56882684678
1590,462.201904297,106.105285645,22.3286685944,81.2115402222,1.29107320681
1590,573.521728516,133.068099976,19.0218715668,59.2406044006,0.309377419762
1590,123.731689453,128.696594238,21.5610332489,57.2769889832,0.305920396931
1590,485.255645752,144.837463379,20.9497718811,63.2003211975,0.0606389134191
1620,521.475036621,151.090591431,17.8941268921,56.3375701904,38.4892255068
1620,538.406799316,154.481369019,16.0904254913,55.9219818115,38.221758604
1620,551.928894043,150.721130371,18.4257736206,63.115978241,23.9407584071
1620,428.533843994,156.734024048,19.4379329681,54.9703063965,8.50705876946
1620,608.648681641,72.8870773315,25.0065231323,73.6830978394,7.72105529904
1620,6.34979772568,170.421890259,21.6089572906,54.6900749207,4.81531172991
1620,8.52013015747,183.325027466,32.1591835022,78.8208236694,3.5907715559
1620,591.042480469,192.095947266,20.8409404755,50.5149841309,3.3876016736
1620,616.60760498,127.338813782,18.181634903,53.3250312805,1.81232709438
1620,11.9617948532,62.2190551758,16.982629776,48.1072998047,1.32667943835
1620,462.822387695,126.321022034,18.1946430206,61.7231254578,1.1587283574
1620,575.086120605,192.062423706,16.3934192657,44.9869194031,0.773345446214
1620,507.989227295,145.761230469,20.814409256,61.3191833496,0.691476324573
1620,615.778198242,42.8846473694,19.6332511902,55.605091095,0.308257038705
1650,547.487854004,149.59085083,20.6533336639,58.7208824158,60.0093841553
1650,565.701660156,152.308883667,17.0447673798,57.7903022766,43.6559528112
1650,462.476806641,123.388633728,19.590089798,63.8051605225,23.6476168036
1650,477.291473389,120.579345703,24.2832584381,71.0520019531,20.4792335629
1650,579.226318359,152.69593811,22.522354126,71.5078964233,17.2299131751
1650,440.165405273,156.574066162,21.5311069489,56.9924125671,8.02158936858
1650,195.13331604,184.33656311,21.542596817,59.4917755127,1.62136182189
1650,611.784851074,60.9758415222,18.3779087067,49.2156410217,1.04314964265
1650,13.4449872971,63.7210578918,20.2310810089,45.2451515198,0.139666523319
1650,628.589111328,58.2897758484,11.4108886719,52.1054992676,0.0653950148262
1680,418.975952148,154.045272827,18.0327110291,56.8106231689,79.5430064201
1680,444.882781982,158.827346802,21.9021434784,58.844669342,68.6805903912
1680,564.682067871,152.294937134,18.7739086151,60.0681114197,68.1411445141
1680,483.49911499,124.464454651,22.135969162,67.9102706909,47.6990520954
1680,583.018676758,151.698104858,18.3003292084,62.0777168274,44.0557360649
1680,598.527160645,151.703781128,21.3140773773,71.7325515747,34.5965862274
1680,542.475280762,149.927978516,17.306684494,50.7785682678,9.92495566607
1680,469.305511475,113.776817322,24.4207763672,76.5073394775,4.72827926278
1680,454.468017578,145.530502319,21.1979846954,58.5210456848,0.259040365927
1680,612.193054199,193.934310913,17.2624378204,48.2482910156,0.121112796478
1710,593.521057129,152.431976318,17.7950611115,60.7365150452,71.5597450733
1710,572.898010254,145.434509277,19.3507900238,68.0679016113,65.7093405724
1710,444.941650391,170.969360352,20.9240512848,47.6325378418,54.7281742096
1710,608.851745605,146.488647461,20.1339359283,66.2608718872,33.6165308952
1710,617.745727539,176.426345825,17.7249546051,59.530544281,3.0559271574
1710,555.964416504,144.10975647,18.952375412,60.9090995789,1.14680882543
1710,562.930053711,186.757522583,20.3215045929,50.7125892639,0.549695361406
1710,478.0440979,116.874641418,21.8813991547,55.7245635986,0.329256313853
1710,489.867889404,122.114738464,19.3853340149,62.6025047302,0.114966137335
1740,603.545043945,154.201293945,20.0982341766,61.7053718567,64.0046417713
1740,583.999572754,146.403305054,21.5971221924,73.1818466187,60.7183337212
1740,618.982727051,151.412399292,14.0350656509,61.2437171936,3.20390574634
1740,545.745605469,150.813415527,18.1986656189,53.3981628418,2.92790718377
1740,196.471969604,171.830886841,19.8064823151,61.8714103699,2.90019884706
1740,403.929534912,153.100357056,17.3959827423,46.5355644226,1.59203857183
1740,510.308349609,148.807876587,16.16264534,50.2232398987,0.811021961272
1740,452.248443604,146.792922974,26.6908893585,65.5088882446,0.699697993696
1740,521.12890625,152.367004395,17.8843669891,49.101348877,0.677878083661
1740,414.236083984,157.027038574,16.5204944611,41.6554756165,0.617175269872
1740,531.42401123,155.586853027,19.3717060089,52.0118713379,0.426572700962
1740,494.347869873,114.285362244,21.4004001617,70.0686340332,0.209448393434
1740,476.326141357,89.0953674316,18.7104873657,52.3098602295,0.163556716871
1740,93.6744766235,178.399154663,20.055639267,54.5330467224,0.0633614661638
1770,596.739868164,148.290176392,20.0643997192,65.9335861206,69.6897864342
1770,616.348205566,153.983383179,19.6097736359,60.4570655823,69.041788578
1770,448.868804932,133.020843506,20.5160503387,61.2276268005,32.0508420467
1770,559.011474609,150.813186646,19.6278190613,54.8655548096,14.1996577382
1770,478.774139404,130.898300171,18.6001834869,64.188911438,5.47206886113
1770,456.165618896,151.611923218,24.5751342773,64.8589248657,2.27006543428
1770,492.914520264,122.188987732,23.6882095337,71.0438690186,0.605905801058
1770,489.23538208,154.414138794,18.0476264954,46.0299377441,0.53371549584
1770,8.90609359741,65.9649276733,18.6217556,49.6985168457,0.35314175766
1800,610.800964355,147.925231934,22.5596389771,77.8489303589,67.3714399338
1800,409.056365967,158.829940796,17.7279071808,46.7778587341,3.71809601784
1800,564.25177002,147.016082764,20.0946960449,60.2814292908,3.51503044367
1800,483.568511963,127.458679199,19.2834682465,66.580039978,2.66642626375
1800,497.794525146,118.922698975,22.7740955353,81.4646148682,1.57414227724
1800,462.703979492,158.396011353,29.6747589111,65.1677703857,0.719401286915
1800,606.064758301,197.030838013,18.7946414948,49.9225654602,0.296920537949
1830,472.480865479,163.68006897,26.3656234741,62.9939842224,11.3334275782
1830,493.552886963,148.227462769,20.4078350067,57.1257591248,1.56596340239
1830,616.818786621,205.524887085,19.5995426178,52.3748283386,1.56206181273
1830,463.509429932,157.118911743,17.5800380707,52.1761779785,1.10160382465
1830,488.305053711,171.485824585,19.0782165527,49.6591758728,0.30456178356
1830,500.420043945,113.228599548,27.2946414948,71.383392334,0.285053672269
