30,545.714538574,180.23789978,19.7657775879,55.4321708679,66.6816234589
30,531.695129395,183.139205933,23.0975036621,62.3609619141,42.0275241137
30,588.663879395,134.884780884,36.8222885132,120.304206848,35.5007320642
30,607.391174316,158.053649902,20.4329071045,64.1009597778,24.5340079069
30,503.035491943,190.900924683,23.2368488312,63.3537788391,17.8586021066
30,484.054443359,158.930770874,22.3928070068,65.1424636841,3.64120528102
30,175.907241821,178.522842407,19.2845249176,56.2056236267,1.66247468442
30,32.3511924744,174.165084839,18.8137493134,56.7288780212,1.52350440621
30,5.89562797546,167.268554688,17.1456851959,56.6007118225,1.52238477021
30,623.805114746,159.673187256,15.6705961227,62.5763511658,1.30429370329
30,601.441223145,104.667381287,30.3172912598,88.8733825684,0.779494503513
30,21.1412448883,181.066223145,18.1894931793,50.2543029785,0.647748028859
30,165.800750732,175.33039856,15.3858070374,49.8036155701,0.395878171548
30,148.188552856,179.187362671,18.2919998169,48.0005378723,0.315395765938
30,124.722564697,175.538375854,24.5982532501,66.3715438843,0.210691033863
30,42.3707122803,181.548461914,19.9454784393,54.0524635315,0.141507666558
30,612.327514648,75.882850647,27.6724853516,77.262512207,0.0578204868361
30,594.109130859,59.7658081055,28.7832508087,98.0054321289,0.0128916362883
60,600.277954102,184.788330078,20.2045230865,56.2503051758,87.8725290298
60,10.0310907364,179.902359009,22.6888809204,62.1025848389,53.6474943161
60,484.29296875,182.243057251,22.887304306,41.2871742249,21.5411558747
60,616.62701416,191.548049927,15.6917581558,47.1707038879,6.05177842081
60,125.525299072,167.576705933,20.2952404022,60.0351371765,3.17966379225
60,93.6403198242,382.121307373,21.6734104156,52.5690956116,2.32724063098
60,565.022155762,175.609069824,16.939699173,44.0548744202,2.2209521383
60,581.998474121,181.475219727,18.8546199799,50.6140403748,1.30283199251
60,26.8239898682,179.808517456,22.1293048859,60.9242286682,1.0645179078
60,110.036170959,180.304214478,19.7113075256,50.9802093506,0.912840105593
60,93.5172958374,181.78767395,22.4638767242,52.8724060059,0.807156786323
60,562.484924316,107.417472839,21.4848995209,70.6926651001,0.729033211246
60,603.793884277,107.862365723,24.2974529266,59.1074790955,0.658821454272
60,570.262268066,26.2469940186,25.7973423004,90.2880935669,0.62744570896
60,600.200805664,134.153137207,25.4612598419,73.9831924438,0.200405786745
60,402.76171875,181.204910278,19.5695304871,47.3983001709,0.107902823947
90,545.688842773,175.518173218,22.8741359711,50.9284934998,97.1668064594
90,106.789611816,185.785568237,17.2514019012,46.6310577393,3.57046499848
90,153.234359741,171.973556519,18.0023555756,49.1120910645,3.42509150505
90,468.04989624,175.424972534,19.4331550598,48.436580658,3.35126854479
90,93.9068603516,185.637191772,18.5748806,52.4865150452,1.70752871782
90,533.881286621,175.209716797,16.0657081604,49.5022468567,0.721553806216
90,569.215881348,153.875900269,18.9444942474,62.5019416809,0.439680321142
90,114.511299133,171.442337036,18.9533100128,55.2593650818,0.209760293365
90,164.93522644,172.169113159,16.7652492523,45.5600700378,0.0867312191986
120,41.5433692932,176.900894165,20.7463207245,58.396068573,30.3670108318
120,32.6421051025,187.312667847,18.4588603973,48.7001914978,4.00921925902
120,52.540222168,163.410171509,25.1868228912,67.1407623291,2.7670705691
120,455.162963867,180.957107544,23.2837467194,53.8460731506,1.77105795592
120,20.538351059,183.271102905,18.9808101654,51.1547737122,0.545293511823
120,76.1289367676,178.197402954,17.82472229,52.6117362976,0.21397608798
120,443.746673584,177.378677368,22.5983352661,47.1349639893,0.0985407736152
120,615.548034668,42.7559928894,20.6931724548,56.714466095,0.00564955371374
150,15.8558416367,177.821838379,16.3402881622,47.0546302795,12.5418141484
150,6.25381088257,181.381835938,15.1305770874,44.5876312256,8.29004943371
150,145.793380737,151.242980957,23.7669906616,66.1650695801,4.92106340826
150,380.645904541,179.559646606,19.6338253021,59.3207130432,4.51162084937
150,41.359172821,174.923461914,17.6397342682,54.689365387,3.48341576755
150,32.2838172913,184.533279419,17.2330188751,48.3456001282,2.3189317435
150,53.9865112305,176.009460449,17.951581955,53.2277107239,0.20254268311
150,493.239013672,125.421592712,31.8171443939,102.999359131,0.158074731007
180,19.2614917755,189.586532593,18.7637138367,46.3021354675,7.3335647583
180,130.977310181,158.374984741,25.3955402374,65.1156539917,7.17165842652
180,8.15951824188,186.808044434,14.0134382248,55.936832428,4.63151596487
180,122.910423279,180.609115601,18.6304683685,45.1014518738,1.29991294816
180,111.2449646,185.640670776,17.7793102264,44.1191749573,1.25885820016
180,100.933776855,179.46257019,18.2625846863,44.294708252,0.669268891215
180,163.885452271,171.675521851,18.9896678925,46.7102851868,0.0741019495763
210,504.955108643,159.506515503,47.1063575745,127.668235779,60.1201653481
210,79.7640151978,153.611373901,26.3835124969,81.6806106567,7.43714272976
210,66.1060714722,181.447158813,23.3648967743,53.6425323486,2.67477482557
210,592.577880859,173.409423828,22.2389221191,61.7228050232,1.94348376244
210,521.287658691,182.087890625,23.1979522705,66.4947967529,1.93358883262
210,579.818603516,176.663528442,19.3060665131,58.3105659485,1.89714320004
210,502.017181396,181.379440308,23.6340961456,86.3933334351,0.659361481667
210,8.83637523651,185.960205078,17.8528652191,49.7758979797,0.445597711951
210,403.30178833,166.838912964,23.6058807373,48.8931884766,0.0543832953554
240,38.6120109558,181.347702026,18.2590770721,54.5347747803,6.55759498477
240,563.916809082,85.6413955688,67.1471939087,165.479171753,3.54930013418
240,426.167205811,149.639663696,20.9295864105,65.0899276733,1.42799839377
240,451.862426758,181.173568726,21.4213104248,57.3018684387,0.786490272731
240,578.827453613,52.1452598572,27.1588573456,88.0781173706,0.319244479761
240,605.540039062,56.5090942383,30.6135025024,76.914932251,0.126205768902
270,17.8830299377,147.703933716,24.015581131,81.555015564,30.4067879915
270,91.5018615723,173.370300293,22.0885066986,56.7977638245,0.227801548317
270,11.4742050171,171.388122559,16.7866897583,57.1356239319,0.188229372725
270,382.209075928,161.159667969,24.3924350739,59.2364807129,0.0589013798162
300,372.918212891,163.517318726,20.9825019836,59.8069038391,3.21630015969
300,68.5672225952,184.938705444,17.696313858,47.590877533,3.20808440447
300,401.099761963,149.526870728,30.1868000031,69.5808334351,1.4912109822
300,12.6439809799,181.737182617,25.535194397,62.1934089661,1.08160562813
300,541.58215332,148.10383606,28.534029007,80.3961486816,0.58561922051
300,99.4927902222,179.507156372,19.1252841949,43.3209495544,0.562151800841
300,80.5488357544,180.005203247,21.7143783569,48.5950431824,0.386508158408
300,503.036743164,189.219970703,22.4819393158,48.2539253235,0.103985320311
330,14.7723121643,187.298355103,17.7672252655,45.4495697021,4.14525158703
330,102.844566345,188.019424438,19.6584949493,39.5439910889,3.2870028168
330,34.8538513184,188.112625122,20.2031936646,47.3174934387,1.63436084986
330,475.53036499,199.185836792,28.4465122223,81.2139816284,0.441559869796
360,436.511627197,162.247055054,16.2068347931,48.7284736633,4.9113959074
360,148.481781006,153.220352173,21.51994133,59.6476707458,1.77213232964
360,130.677322388,159.208511353,20.6651134491,61.7346038818,1.68949384242
360,121.865974426,170.421600342,18.4782886505,53.1930198669,0.834166165441
360,458.733154297,123.708442688,21.3658752441,65.3232269287,0.429375236854
360,15.6623868942,187.830444336,16.3719768524,44.2873191833,0.240444252267
360,445.736816406,147.792175293,17.6171855927,56.1495857239,0.0713980407454
360,489.357666016,85.6870193481,22.3192214966,63.0921363831,0.0598030223045
360,469.092895508,117.142204285,24.5332183838,76.5086135864,0.055189721752
360,162.605148315,160.085601807,23.5350208282,53.8364105225,0.0172275947989
390,9.93212795258,185.275680542,19.3704395294,50.6910514832,19.1820636392
390,35.9572944641,394.908111572,21.2882595062,56.4083137512,6.35157227516
390,500.942779541,74.0264511108,32.4727630615,97.068572998,5.38294799626
390,510.002197266,124.053825378,20.1239185333,60.2463531494,2.76093687862
390,486.103546143,84.1629104614,24.7991867065,67.7076034546,0.437822984532
390,475.443939209,114.37815094,19.59806633,63.933807373,0.38937125355
390,518.364440918,53.8834686279,25.2074260712,74.2923049927,0.33492881339
390,161.717712402,141.194747925,27.0683193207,73.2221984863,0.252030743286
390,453.478179932,153.984786987,17.1173381805,49.798828125,0.192451186012
390,504.539550781,169.979507446,24.7633342743,53.7516479492,0.187836540863
390,93.7145004272,156.335952759,21.9158687592,64.3703155518,0.173139118124
390,498.421661377,114.793487549,20.4263820648,67.7130737305,0.120038085151
390,480.545532227,26.9450588226,25.7102966309,59.2648200989,1.09431340434e-05
420,526.867004395,106.093589783,21.4524002075,81.8819656372,9.40474048257
420,470.716827393,151.532592773,21.8076992035,57.5692939758,0.973117724061
420,83.8131942749,312.632232666,28.2694396973,53.7895088196,0.368188880384
420,145.041519165,337.65625,34.1866950989,59.0926094055,0.349027523771
420,526.80670166,49.2724304199,19.4983921051,65.5147171021,0.125544599723
420,561.512023926,133.664901733,16.6474132538,58.8726997375,0.104571459815
420,242.549850464,255.707702637,23.0106220245,53.0401153564,0.0953168026172
420,100.114021301,300.539703369,31.4205322266,67.5342483521,0.0948012806475
420,549.186218262,36.2099723816,37.3713951111,97.7997665405,1.11794626889e-05
450,510.654266357,118.190612793,25.9797916412,78.2663879395,80.7503640652
450,137.597122192,150.59425354,29.5111980438,65.3728561401,36.1579716206
450,126.56136322,152.227539062,18.8209571838,63.5909385681,2.59185098112
450,5.77420043945,367.081329346,23.038225174,62.6464385986,2.01769080013
450,476.966552734,157.304763794,23.8297214508,60.4973754883,1.90950296819
450,500.962493896,130.313415527,20.1242237091,66.1820373535,0.823518075049
450,620.407653809,195.55065918,19.2608280182,69.2131195068,0.752631109208
450,493.771972656,156.290786743,18.4014873505,55.4174003601,0.424169003963
450,170.055160522,162.58996582,18.7736225128,46.1197509766,0.309187523089
450,524.972290039,149.725402832,18.6120929718,47.2284812927,0.1466949936
450,83.6237564087,374.59664917,21.4554138184,50.9337005615,0.0910860835575
450,506.728027344,164.01184082,22.7038593292,57.5055427551,0.045615650015
480,517.822509766,171.532028198,19.8948535919,47.7070121765,62.8962993622
480,537.389709473,163.922470093,18.6603107452,51.9404449463,62.3093545437
480,83.4833679199,156.116790771,18.8517246246,55.9425201416,3.88470031321
480,401.919586182,154.194946289,21.2720355988,65.9689865112,0.986506417394
480,507.771362305,169.288742065,19.5401229858,62.90391922,0.807745195925
480,105.498298645,164.308853149,18.7625827789,50.0333137512,0.784299150109
480,72.0503158569,160.173965454,19.2737102509,53.7092475891,0.643654586747
480,98.2902297974,328.981445312,20.8623580933,47.7584037781,0.406421953812
480,551.112915039,164.24949646,17.1197967529,49.5043067932,0.302130286582
480,106.284767151,314.238677979,25.9966373444,54.8663024902,0.0616097822785
510,587.398254395,248.359619141,31.0211048126,90.3917770386,20.4207003117
510,531.76361084,183.500808716,20.2475070953,62.6139984131,10.9069742262
510,13.1709861755,148.66343689,27.1202106476,70.0625534058,4.50721532106
510,41.4053077698,165.142944336,19.255979538,51.5629386902,3.9499565959
510,408.411346436,168.086898804,22.620552063,59.8627586365,2.34138797969
510,612.76373291,73.7036132812,19.9085292816,70.5285797119,2.11039613932
510,602.563903809,90.8720397949,18.7997188568,54.227645874,1.17991231382
510,56.588634491,169.238006592,19.9471683502,50.4204292297,0.355744874105
510,559.819824219,253.993881226,44.1324729919,80.9627838135,0.127421610523
510,572.581726074,96.0961532593,21.1492977142,66.9352798462,0.0940222817007
540,447.18862915,184.406921387,20.4837551117,63.3484535217,11.177508533
540,11.8370275497,179.83656311,16.7821502686,47.0799980164,1.21470484883
540,433.927093506,141.991104126,28.1840133667,83.1249008179,0.684038363397
540,30.53490448,179.092971802,18.5179843903,46.9554862976,0.285313278437
540,460.516845703,193.45072937,19.9004535675,54.4273719788,0.102404667996
570,522.818786621,173.072219849,24.1047229767,56.1337280273,96.1371183395
570,571.429748535,217.851242065,33.5191383362,99.7769546509,5.93033730984
570,538.539367676,170.751754761,16.8291835785,56.549861908,4.43330034614
570,591.05267334,215.643753052,38.0532264709,92.28931427,1.99056845158
570,10.0530405045,46.5411987305,19.1125850677,52.0794219971,0.802117120475
570,389.918823242,174.760879517,19.4830970764,54.0570793152,0.333487521857
570,615.313049316,249.432876587,23.7487869263,69.4656906128,0.275449082255
570,171.329284668,165.392120361,24.3418121338,49.2157249451,0.235075782984
570,221.994094849,169.926773071,16.9760723114,44.4701690674,0.158554350492
570,539.82989502,118.496955872,21.9394130707,77.2811050415,0.0662966398522
600,619.23840332,162.01550293,20.7615966797,82.3742752075,72.801476717
600,423.095245361,179.326660156,20.5203800201,70.5869293213,15.7160803676
600,194.50553894,163.815841675,17.4805793762,47.5424461365,3.69340777397
600,209.070556641,167.54119873,17.4210071564,40.4565010071,1.69973801821
600,9.73425960541,36.3614692688,19.6073493958,50.4831886292,0.644693896174
630,201.553085327,168.037109375,16.789812088,38.5921669006,21.3396251202
630,487.286834717,132.229019165,30.4876384735,73.3319168091,2.44628936052
630,174.301498413,169.782363892,19.1858215332,43.1785011292,1.95889025927
630,8.91649532318,179.579879761,14.013718605,47.7703666687,1.0628757067
630,46.1601448059,177.097518921,21.5257701874,40.0736503601,0.831133220345
630,191.350143433,165.88520813,15.8067979813,44.2738494873,0.22497093305
630,453.13961792,163.636306763,28.3042678833,68.3018722534,0.0526270014234
630,9.3204908371,25.7824554443,20.2151298523,51.3333930969,0.0158504975843
660,501.927154541,102.599700928,44.3879852295,133.192581177,47.9297488928
660,577.40045166,174.962158203,19.0621929169,50.1837921143,12.9396304488
660,164.46522522,161.187545776,17.3416919708,46.7572288513,9.7221031785
660,589.046569824,163.890441895,18.6833972931,54.1453742981,1.7473610118
660,221.232009888,133.353485107,22.3893585205,62.2528839111,0.861720182002
660,492.708129883,133.551696777,23.0527210236,80.6053543091,0.789349805564
660,523.275512695,171.067642212,24.1966609955,62.654460907,0.772748654708
660,394.755126953,180.968948364,28.5428314209,58.967880249,0.674477824941
660,374.336791992,178.603210449,17.5373020172,46.0944786072,0.325207342394
660,8.08675479889,58.2939147949,17.0183506012,52.6363182068,0.106680206954
660,155.000198364,162.801849365,15.949836731,48.4458198547,0.0463483709609
690,146.822921753,160.191177368,20.3361816406,49.0773773193,1.23727153987
690,383.027801514,167.880111694,20.5735874176,61.9049263,1.19206542149
690,543.787841797,124.881538391,29.2519054413,89.6788101196,0.748900463805
690,409.886352539,182.95173645,20.0544948578,62.6054992676,0.228166836314
690,398.628570557,176.649917603,19.200296402,60.1035804749,0.03428417549
690,450.14465332,177.766098022,34.4956321716,94.9032287598,0.0320969993481
690,374.955322266,171.379089355,16.6651687622,52.7165489197,0.0253429985605
720,585.893432617,233.581710815,40.9491386414,104.973266602,16.4555102587
720,573.218994141,237.379776001,24.0662765503,76.3358535767,0.75344638899
720,428.212768555,159.336608887,28.0943889618,94.1694030762,0.527345342562
720,2.34561610222,125.663299561,20.0244789124,64.3458251953,0.408847536892
720,375.096466064,180.687088013,20.9621524811,44.3886070251,0.403888104483
720,604.649902344,148.728927612,28.5056209564,69.467010498,0.29188839253
720,553.075439453,213.758789062,28.1278381348,89.7155532837,0.220039440319
720,128.676879883,156.892166138,15.9162330627,61.2788963318,0.200811005197
750,508.327606201,194.840759277,37.6975135803,98.119468689,19.7941482067
750,133.491744995,165.416854858,19.2338428497,50.6150398254,1.80795136839
750,225.716674805,164.792770386,22.1524448395,46.2040863037,0.629232730716
750,12.6887140274,166.557861328,22.486787796,60.8749198914,0.559823820367
750,616.59777832,280.634368896,16.656080246,41.7206916809,0.393220130354
750,535.147644043,374.540252686,22.0601596832,54.1306114197,0.135796249378
750,410.236907959,174.179138184,23.886100769,69.4404220581,0.0874684716109
750,604.684509277,185.401321411,29.2163085938,97.6467895508,0.0630205497146
750,523.864868164,399.462799072,22.8982830048,50.8956794739,0.060584541643
750,500.760040283,223.559371948,23.4162425995,65.1822128296,0.0173891574377
780,615.346984863,162.770706177,20.0914821625,63.3257102966,71.9399213791
780,600.659973145,160.129516602,28.0861988068,97.3221511841,17.2877326608
780,66.0132827759,147.321762085,23.6590042114,66.8160324097,3.35625708103
780,57.3436393738,174.794692993,18.1951885223,48.826171875,2.93872859329
780,627.903686523,163.505584717,10.7709703445,52.0218772888,2.88617834449
780,449.725189209,183.109268188,25.6109256744,84.192489624,1.79720837623
780,224.70489502,159.066253662,18.824760437,49.7635345459,1.08014056459
780,465.818481445,114.530693054,29.0444545746,72.5996704102,0.856933463365
780,78.619140625,152.936920166,23.8768310547,60.1084594727,0.60410508886
780,438.690093994,130.840423584,24.9243144989,71.9943466187,0.378491147421
780,495.482330322,102.422645569,28.5207748413,76.5330276489,0.185134203639
780,431.577758789,168.918884277,32.0616111755,85.5307540894,0.0514686864335
780,416.45690918,179.469848633,29.426618576,65.5309143066,0.0385870429454
810,8.59781360626,170.463027954,26.27069664,73.7836914062,22.1829086542
810,508.788604736,211.009567261,22.3736190796,85.9006729126,3.22844237089
810,28.8100948334,306.391357422,23.2381286621,62.1073493958,1.88738107681
810,617.625671387,121.487487793,18.357131958,55.6884422302,1.70366503298
810,30.4366931915,132.225784302,25.9200592041,88.5453796387,0.616201199591
810,448.237060547,186.891281128,31.6754207611,60.3634223938,0.053915346507
810,576.563781738,84.74269104,34.2633895874,87.5754699707,0.0532576465048
810,52.9889030457,151.258773804,30.3288955688,62.0133171082,0.021428988839
810,521.821105957,103.187110901,29.7154521942,83.9071502686,0.000525777704752
840,523.934814453,212.091415405,34.4364051819,89.2030715942,4.85469698906
840,553.261474609,234.621780396,27.2332630157,90.1943588257,2.94340699911
840,402.561126709,184.112747192,21.2021961212,55.1433830261,1.27669721842
840,31.7174453735,186.319503784,32.19581604,95.3759231567,1.11938295886
840,201.767333984,160.339416504,19.6383037567,48.2298583984,1.10534029081
840,414.323577881,186.31427002,20.4667110443,61.406452179,1.08478041366
840,617.527038574,146.419998169,17.1428546906,49.4361610413,0.341795198619
840,13.8548803329,243.095993042,20.2688884735,51.3685798645,0.0568143324926
840,436.208953857,195.329849243,22.3165225983,66.5800704956,0.0432674860349
840,575.257385254,100.813453674,28.5757732391,100.961158752,0.0124747413793
870,7.88367319107,250.665405273,19.7187423706,88.3240127563,19.4969192147
870,576.344421387,266.057067871,41.2631187439,97.1389465332,7.62876048684
870,416.251342773,177.063552856,28.9426822662,72.2386779785,4.98268082738
870,627.47076416,184.756546021,12.5292358398,47.5420379639,1.59726645797
870,619.703430176,264.010772705,18.6807727814,48.656539917,1.38587299734
870,151.613113403,157.859634399,20.0370559692,48.8888244629,1.02036613971
870,447.306549072,191.010574341,38.9584960938,85.0828170776,0.897788256407
870,619.549804688,198.51953125,20.4501953125,69.6445922852,0.465540168807
870,628.38494873,233.507736206,11.6150512695,50.3190956116,0.307245319709
870,570.971252441,56.2757377625,27.530380249,68.1685791016,0.295757385902
870,555.582702637,83.878578186,34.8988952637,100.286865234,0.184938649181
870,583.355957031,72.8050231934,22.3183193207,81.3520126343,0.120169378351
870,601.014953613,101.705322266,27.4642963409,88.1384658813,0.028011307586
870,185.3618927,408.768554688,22.2738189697,47.1014060974,0.000182965288786
900,42.9213676453,230.771911621,34.2364692688,94.3690109253,42.9251283407
900,462.046630859,198.114425659,35.6359329224,87.5418930054,16.5228635073
900,138.288833618,164.558929443,18.3291625977,46.6424827576,7.20468237996
900,18.659362793,202.954589844,44.9529685974,126.134620667,4.32658232749
900,584.778381348,38.0992698669,36.842124939,93.7159194946,0.944874901325
900,482.259552002,189.84727478,28.9325389862,76.8223876953,0.194919342175
900,607.19720459,33.5267372131,23.4637813568,76.5182266235,0.0493178435136
930,173.819839478,162.455673218,20.1540088654,53.1793556213,9.99359339476
930,88.449760437,186.960372925,34.5707130432,108.243263245,2.76515427977
930,585.122924805,268.314544678,35.3070755005,108.294830322,1.2077585794
930,107.039299011,219.095870972,21.2263412476,65.8081893921,0.360017293133
930,163.262634277,168.883071899,18.4666233063,50.8509178162,0.312768993899
930,389.975616455,181.794021606,18.985080719,55.7113494873,0.246703694575
930,15.3069725037,387.656860352,22.2602462769,63.4881095886,0.169731024653
930,497.125762939,39.0440635681,23.9908676147,69.3942947388,0.0192190680536
960,607.950500488,179.85333252,26.0800075531,73.2569198608,12.1190719306
960,404.435699463,181.858093262,22.7889633179,63.2555580139,0.573452142999
960,419.643280029,187.794998169,25.6421718597,71.7210006714,0.350488768891
960,618.55279541,162.16444397,21.4472045898,65.5307235718,0.132014765404
960,447.525054932,188.043533325,35.3359413147,84.437828064,0.0746942241676
960,10.0078115463,25.5066280365,19.9813423157,51.1288146973,0.00304003733618
990,506.732391357,206.404953003,36.4017066956,106.179542542,7.73851647973
990,455.006347656,199.138259888,32.0375289917,78.0463104248,4.09196726978
990,536.747619629,89.4116134644,20.8947525024,57.5769233704,2.1478401497
990,544.217041016,220.841506958,32.1846237183,94.0743408203,1.27671100199
990,445.38659668,201.504089355,21.5896701813,64.3380584717,0.686957268044
990,492.293426514,200.864425659,24.5090770721,93.2633285522,0.461236154661
990,425.068481445,195.555435181,21.3715076447,60.1874961853,0.235697557218
1020,109.504966736,181.858078003,18.2662010193,45.6815910339,8.89109298587
1020,225.062911987,203.448074341,24.9806137085,66.121131897,1.82738155127
1020,96.8715744019,185.039916992,18.0586204529,41.8631248474,1.62770189345
1020,621.80267334,229.909423828,18.1973266602,69.545173645,1.49698574096
1020,243.466125488,196.84135437,21.3134269714,73.7562026978,1.42627507448
1020,121.352561951,169.466720581,19.8851947784,54.2194519043,0.603478914127
1020,566.442321777,232.517715454,30.9426364899,86.2921676636,0.581309618428
1020,77.8019332886,182.706970215,17.3626079559,44.4925231934,0.319228274748
1020,496.264129639,225.363510132,30.7206954956,78.6591262817,0.0958377378993
1050,471.311645508,183.912521362,20.1129741669,49.1662559509,9.31275784969
1050,565.987792969,258.767028809,30.2786579132,95.0326004028,8.36826562881
1050,46.6663017273,191.806274414,18.1243495941,38.7923698425,2.90719233453
1050,84.3232116699,190.764938354,17.8615531921,43.833694458,2.73738335818
1050,146.612426758,170.27684021,22.6801986694,58.3760871887,1.36921908706
1050,109.529914856,163.659286499,18.5944595337,63.3187980652,1.3506129384
1050,162.80267334,169.346466064,19.9366397858,53.2053070068,0.770884379745
1050,94.6139297485,180.317138672,18.3295288086,47.1362266541,0.417688349262
1050,181.272705078,172.553024292,15.5044031143,48.1113014221,0.144738564268
1080,484.294281006,167.392105103,23.5573940277,76.0208206177,38.2955998182
1080,80.0716629028,161.477005005,23.3419971466,65.8173751831,3.63158397377
1080,615.595275879,33.1138954163,16.0625190735,62.0380592346,2.86025963724
1080,152.290512085,173.412307739,18.5252552032,50.2856636047,2.67275422812
1080,130.5912323,160.287780762,22.9474411011,66.1030197144,2.61962916702
1080,56.4744987488,189.726196289,18.6432685852,46.2278785706,2.50762067735
1080,12.9524803162,187.321609497,19.6956615448,43.546169281,1.23975211754
1080,73.1620254517,182.611557007,17.877450943,47.6201133728,1.07351373881
1080,504.423858643,180.048583984,17.0072917938,45.6434745789,0.834420602769
1080,113.039573669,175.220596313,25.4842891693,55.421875,0.648902310058
1080,621.059692383,165.656295776,18.9403076172,56.1781311035,0.434851972386
1080,99.671295166,182.01725769,21.3095588684,48.9858703613,0.392372906208
1080,226.570358276,191.728439331,23.1880931854,63.684223175,0.244006863795
1080,126.727424622,193.447952271,18.8336696625,42.7138557434,0.238959142007
1080,617.584350586,276.921722412,22.4156494141,100.89868927,0.195545330644
1110,16.0962429047,194.400100708,21.2316799164,53.2333488464,18.0993139744
1110,136.904129028,154.161270142,23.2079238892,73.256980896,10.2134630084
1110,511.268066406,161.588851929,34.2231330872,87.5171890259,5.1160722971
1110,36.8415489197,201.695236206,16.919298172,43.724029541,4.46007959545
1110,111.284645081,154.643798828,27.2339801788,75.066444397,2.5424124673
1110,49.0987892151,188.559326172,22.0612182617,52.4914283752,1.05356778949
1110,528.920288086,191.757202148,22.6647815704,53.9504699707,0.524679617956
1110,78.8735122681,189.438369751,21.1867427826,49.0079650879,0.357999885455
1110,66.824798584,180.486373901,21.5573596954,55.283405304,0.124075403437
1110,65.985206604,363.750274658,23.4372787476,52.351146698,0.0422448501922
1140,609.540527344,167.932373047,25.59516716,93.6329269409,20.6936568022
1140,115.132072449,147.732406616,22.4863147736,76.3438568115,3.47499325871
1140,8.49876117706,190.959472656,13.9647979736,49.6457481384,2.80525926501
1140,540.441833496,162.015914917,19.8257675171,58.6265296936,1.24487653375
1140,17.0586528778,192.620651245,18.7938289642,43.2692756653,0.950963143259
1140,360.086639404,369.629638672,21.7291164398,51.983455658,0.712543912232
1140,11.0023756027,378.585693359,34.0028533936,72.7138977051,0.674927048385
1140,216.369018555,177.29296875,15.72843647,42.2596168518,0.558622553945
1140,626.606750488,169.326400757,13.3932495117,54.7304801941,0.460207182914
1140,93.4203491211,154.878646851,25.0739822388,77.5201950073,0.446514645591
1140,618.096008301,218.496459961,17.0073108673,51.6126708984,0.348436133936
1140,134.816055298,173.136413574,21.0380706787,55.3155174255,0.127057731152
1140,82.7185287476,187.406066895,21.5953578949,48.4014625549,0.110175355803
1140,619.179138184,29.4499282837,20.8208618164,65.0198440552,0.0262459041551
1140,616.653381348,400.138061523,19.295091629,51.0725975037,0.00567265378777
1170,616.430053711,177.22442627,17.3235683441,54.8481903076,3.92049700022
1170,24.5637512207,191.685806274,18.4796276093,42.3208084106,2.02970933169
1170,627.859313965,177.528610229,12.1406860352,52.4937095642,1.3759049587
1170,99.3463516235,189.286987305,17.7744140625,42.6444587708,0.463201943785
1170,102.220153809,141.924819946,28.9290847778,87.0776748657,0.18605341902
1170,83.7285766602,169.585769653,21.7596664429,57.7739677429,0.127837446053
1170,11.7051210403,375.718109131,36.1133270264,74.9729385376,0.0101322984847
1200,618.090209961,167.378662109,16.2926425934,51.9533691406,2.71688159555
1200,45.6423072815,191.862014771,20.4232234955,49.9447746277,0.917121395469
1200,57.5313987732,168.521011353,23.0045089722,62.9973754883,0.467440485954
1200,77.2136535645,170.421051025,19.4835224152,56.741153717,0.27720448561
1200,96.9281311035,156.385910034,23.2553272247,74.5295181274,0.255855405703
1200,55.0635261536,126.75629425,26.4784984589,59.3764686584,0.141426397022
1230,495.303497314,166.846511841,18.3368701935,57.2830848694,6.78155869246
1230,14.2021570206,219.629623413,26.7795581818,60.4506111145,3.36797758937
1230,618.636413574,154.830215454,20.5108089447,58.1802825928,1.65153089911
1230,11.4343614578,374.564331055,26.7702636719,58.7882118225,1.09537485987
1230,528.465759277,168.903610229,17.821390152,55.2208862305,0.949324388057
1230,457.191070557,176.572677612,16.0670795441,41.8871192932,0.711840204895
1230,16.9995861053,104.262145996,29.5546283722,69.0485534668,0.0485533906613
1260,32.2138671875,197.381958008,28.6981582642,63.8309364319,4.17606569827
1260,14.4378995895,192.320068359,17.6612758636,49.2139282227,1.55120203272
1260,487.475708008,185.860046387,21.1959934235,47.079990387,1.03925094008
1260,43.6346130371,175.228164673,22.3250980377,64.1627731323,0.855034962296
1260,178.384780884,170.636978149,20.9748516083,54.2819404602,0.849181413651
1260,24.956817627,175.420608521,24.2260570526,63.914516449,0.381165859289
1260,557.057800293,104.537620544,19.7348899841,62.2301368713,0.328849535435
1290,413.967803955,191.097229004,19.1666316986,66.0185623169,2.56089586765
1290,7.96840906143,142.665023804,17.7830047607,67.5797042847,2.13060621172
1290,128.487487793,187.058670044,20.6983356476,61.7019233704,1.63020975888
1290,68.8528442383,135.952346802,33.2044639587,86.1409835815,0.672011077404
1290,301.452484131,310.16897583,20.7943058014,42.2702026367,0.18603525823
1290,317.144073486,309.604492188,21.8362674713,43.2456626892,0.00825163151603
1320,416.434173584,212.169265747,23.538892746,53.6283531189,3.44925932586
1320,429.10168457,214.367202759,26.322095871,60.8635253906,2.68333274871
1320,9.5843667984,142.148345947,25.8366260529,66.1970443726,1.89725719392
1320,37.5813331604,147.977539062,23.4536304474,71.2883682251,1.05689326301
1320,275.282989502,201.275756836,19.4092178345,55.8735542297,0.952660851181
1320,15.4316797256,384.568206787,27.2808856964,62.7838897705,0.660227146
1320,446.267944336,214.201370239,21.3478546143,66.5234603882,0.623640511185
1320,60.6506462097,367.321563721,21.4050445557,48.577381134,0.0867457594723
1350,76.7287368774,185.551452637,17.2895298004,53.9919281006,23.6079335213
1350,368.627105713,176.398025513,21.3320007324,55.089466095,2.72304788232
1350,433.60546875,209.892623901,25.0294399261,62.8161010742,1.344958134
1380,521.84161377,238.801834106,35.0252418518,99.8298110962,56.5303623676
1380,553.585388184,202.191345215,63.9788513184,185.226196289,38.6476635933
1380,33.8594360352,192.695739746,16.9917678833,43.4079437256,0.0566432718188
1380,626.275512695,37.7446098328,13.4091329575,53.8129882812,0.0061989070673
1380,606.049377441,40.4245414734,33.9506225586,92.6020278931,7.58411374591e-05
1410,4.78707742691,191.423583984,15.6331510544,41.1893539429,8.14672335982
1410,115.068565369,175.240707397,18.6992721558,52.7877311707,1.51278749108
1410,14.6636190414,188.822265625,16.1134109497,42.597946167,0.212282780558
1410,611.884216309,34.7770652771,28.1157836914,92.0762863159,0.14935702784
1410,97.1310424805,177.405151367,22.6872615814,53.4576759338,0.093423994258
1410,568.621398926,247.453323364,26.4772624969,88.3462142944,0.0329168862663
1440,77.4532852173,173.029830933,22.5579319,56.7106170654,4.2402703315
1440,586.474304199,52.7036323547,38.2304878235,79.7382049561,2.00933627784
1440,13.768866539,172.399703979,17.0509166718,57.746837616,1.89327541739
1440,93.1815414429,176.243148804,18.2794151306,50.5136260986,0.682201609015
1440,604.202026367,204.401977539,20.768037796,47.1300811768,0.493692839518
1440,489.660308838,173.773269653,17.6819343567,51.0879859924,0.291859870777
1440,618.221862793,197.80859375,15.5347204208,49.702331543,0.21202149801
1440,541.491271973,77.9691085815,20.1302928925,62.8979034424,0.17876920756
1440,477.436767578,176.141555786,20.3909015656,52.9599647522,0.147399981506
1440,444.225616455,153.042861938,21.9760055542,62.8503456116,0.077347405022
1440,524.826965332,60.7390022278,20.3215198517,56.0738258362,0.0701039447449
1440,558.083435059,86.3696060181,36.7681465149,103.333641052,0.0056048080296
1470,45.8519287109,160.73348999,21.975107193,67.0686645508,40.581870079
1470,527.065246582,64.2652282715,20.9362430573,60.6698265076,21.6308653355
1470,515.214416504,166.258361816,16.4060688019,56.6188850403,3.11423502862
1470,23.8166408539,160.598724365,21.971288681,70.936958313,2.00027115643
1470,57.7978401184,166.754196167,22.0991668701,61.1036949158,1.98883507401
1470,540.254516602,44.9684143066,25.802614212,77.2835922241,0.822492875159
1470,3.20545315742,186.897628784,17.3601474762,52.1949005127,0.451600924134
1470,506.032470703,60.8014640808,22.8353824615,51.5913047791,0.360647193156
1470,494.648223877,171.250717163,15.290558815,53.2132415771,0.254009780474
1470,14.0547380447,175.970336914,18.5297031403,56.1003761292,0.166112219449
1470,555.059387207,36.2139053345,22.490644455,59.0212554932,0.0414241774706
1470,567.706054688,27.5528335571,21.3565387726,56.208530426,0.0346832937794
1500,617.132263184,178.880691528,16.4167079926,52.1832542419,7.75646194816
1500,593.749267578,173.121337891,20.9533176422,57.0506858826,0.631872285157
1500,516.612365723,170.383865356,18.1996974945,49.4129829407,0.578639470041
1500,19.7935848236,163.408401489,19.4508743286,67.1859817505,0.250817812048
1500,8.44787025452,167.036315918,20.4465122223,68.381187439,0.0994762638584
1500,523.784240723,40.0504760742,45.4158439636,89.5953292847,1.00467689723e-08
1530,604.793151855,37.6920814514,17.3960208893,40.1958045959,7.73251131177
1530,247.620285034,165.891326904,20.6903476715,43.215763092,6.17063604295
1530,557.330932617,171.02394104,23.2186336517,49.4464912415,0.897280033678
1530,491.287353516,182.847702026,18.2130088806,53.4260520935,0.574878929183
1530,457.706665039,175.946472168,25.3499698639,48.4145240784,0.499377492815
1530,501.873321533,186.075195312,17.9690437317,49.2896537781,0.249268068001
1560,620.73236084,189.043045044,14.1729478836,60.311466217,33.4357172251
1560,241.450881958,163.444000244,20.8948497772,47.7916412354,5.47925457358
1560,103.133491516,112.770324707,30.8108539581,90.9582443237,3.0967829749
1560,263.547851562,159.487976074,18.0193996429,54.6183662415,1.7866358161
1560,617.509216309,219.53968811,15.8027000427,51.5920524597,0.538142910227
1560,628.017333984,180.852676392,11.4984731674,44.7531890869,0.458857789636
1560,565.863708496,200.548873901,20.918756485,45.4391937256,0.318201328628
1560,607.030395508,164.794967651,26.1097545624,74.19947052,0.168497301638
1560,12.8764572144,359.96005249,34.3814430237,89.2329483032,0.0797450309619
1590,216.45501709,160.052780151,23.9688491821,49.852848053,45.8603471518
1590,27.771780014,148.828643799,23.438615799,64.8628616333,0.694044912234
1590,230.858840942,158.676803589,19.5363750458,51.9935760498,0.543189002201
1590,203.080383301,173.512435913,20.5810718536,46.5151519775,0.192164990585
1590,7.22846841812,166.571731567,17.7924041748,58.2613067627,0.0560594722629
1590,58.8637809753,144.226455688,30.4185562134,72.1850967407,0.0182017945917
1620,615.486633301,196.167297363,16.1420764923,47.8105201721,10.3196546435
1620,193.680526733,358.970794678,20.9079933167,53.7039222717,4.16233986616
1620,57.5178375244,355.966094971,20.7595939636,44.5361442566,0.852844770998
1620,408.960083008,172.305038452,19.1232070923,48.2087516785,0.841170828789
1620,230.732772827,155.673080444,21.9737796783,57.4908332825,0.520924245939
1620,591.268005371,184.603439331,16.5313968658,46.2932472229,0.514102028683
1620,142.361343384,122.144264221,18.2648124695,41.4762382507,0.46543655917
1620,602.590576172,191.72819519,18.597612381,45.6873474121,0.332508399151
1620,200.591812134,155.353561401,22.7890300751,60.0308227539,0.0804829935078
1620,582.067810059,105.303993225,20.5587215424,55.9132423401,0.0559898617212
1650,426.290802002,174.008071899,18.0770931244,53.4674224854,12.6795500517
1650,229.76020813,157.514480591,18.6371994019,54.3613853455,3.62904891372
1650,26.3849639893,177.833206177,20.665802002,46.6537475586,2.27721780539
1650,591.582641602,173.165405273,22.7680358887,70.1396408081,1.56854931265
1650,556.133361816,168.344314575,20.4448490143,60.1707305908,1.44095346332
1650,507.864898682,102.259925842,23.0024814606,78.1598815918,0.351413409226
1650,584.295959473,169.724014282,16.1689167023,61.8735847473,0.336461071856
1650,490.091674805,107.395530701,24.0544052124,72.8995666504,0.042934450903
1650,524.191772461,106.77130127,24.7899570465,66.8871688843,0.00742848133086
1680,609.327941895,174.24760437,22.7013244629,72.0113677979,16.5345191956
1680,306.588470459,100.740509033,23.0340633392,57.5998687744,7.38364830613
1680,5.3215098381,180.920944214,14.7885427475,49.4216346741,3.30495461822
1680,606.484375,42.685131073,23.6694164276,72.6197128296,1.94944124669
1680,213.925674438,151.592453003,24.0836811066,59.7938079834,0.426011672243
1680,587.62701416,196.15802002,17.3693790436,51.8952980042,0.269728410058
1680,228.197799683,154.24861145,19.9986991882,57.8999786377,0.258808000945
1710,298.070770264,154.319152832,19.1678829193,62.4451789856,11.211194098
1710,516.968933105,174.032974243,21.8569011688,73.5302658081,8.67388322949
1710,608.574279785,74.1473464966,21.8900527954,53.4595069885,4.54939007759
1710,502.439117432,169.973770142,23.5497512817,80.3352203369,2.53721922636
1710,526.382995605,164.470748901,17.6155948639,54.9695549011,2.37744171172
1710,215.141235352,143.471664429,21.6785583496,56.798248291,2.11608186364
1710,455.060638428,332.676849365,24.4494762421,63.7258110046,1.64231732488
1710,554.057373047,108.323051453,21.6567306519,59.0541648865,1.61745026708
1710,283.554962158,159.534606934,15.2421655655,57.0213317871,1.55574111268
1710,200.950546265,146.970397949,26.0628070831,64.2132644653,1.51300746948
1710,13.3420801163,191.532531738,23.6728954315,58.6300849915,1.42258657143
1710,596.838989258,76.2193832397,20.068479538,46.6681213379,0.228588632308
1710,535.250061035,115.656494141,28.6554431915,79.756477356,0.030302797677
1710,528.947631836,69.8485031128,26.9332427979,66.4885635376,0.0230987105169
1740,586.595092773,57.7829780579,45.9154510498,175.718322754,36.8986099958
1740,616.031433105,53.5219726562,18.9123897552,59.2063789368,8.54791104794
1740,534.389099121,148.060379028,28.1199951172,88.3659439087,5.52464164793
1740,240.813049316,147.862075806,22.2576904297,67.8298721313,5.462384969
1740,254.479919434,160.246994019,17.2829837799,52.4345703125,1.68341509998
1740,552.813049316,151.507736206,18.7092952728,53.041595459,1.31698762998
1740,564.32019043,166.626983643,16.2779827118,46.1535072327,0.405274610966
1740,572.978027344,111.434204102,26.1513614655,104.921226501,0.382250244729
1740,627.645446777,35.321231842,12.2364988327,52.7950439453,0.309514859691
1740,606.247802734,79.6966552734,23.7013301849,69.6865310669,0.269571738318
1770,238.705993652,148.176254272,20.2433395386,60.1326408386,27.6199966669
1770,504.200683594,167.858291626,19.294303894,45.1746025085,23.4158933163
1770,136.5496521,137.15272522,24.971824646,69.452507019,12.8072872758
1770,609.137084961,220.455764771,21.0585842133,53.7045249939,8.85985121131
1770,4.15134572983,206.538772583,18.7897014618,46.24842453,4.54613789916
1770,557.224243164,165.716308594,18.2900257111,55.795375824,4.37101274729
1770,587.76171875,113.702606201,31.6023960114,100.968200684,3.5013128072
1770,610.674804688,97.5591430664,20.3788795471,59.3542175293,3.32163833082
1770,519.168029785,149.168792725,19.7008914948,57.1835365295,1.08910556883
1770,617.113647461,32.6878471375,17.5310630798,59.8601875305,0.393364997581
1770,123.77872467,134.040939331,22.7608966827,60.6576118469,0.377791142091
1770,248.759506226,136.240463257,22.5059738159,75.0905914307,0.283230491914
1770,80.1734695435,197.059082031,22.4476299286,41.6011772156,0.128624413628
1770,566.465454102,155.452804565,19.6053829193,54.3557281494,0.116316066124
1770,529.534423828,139.342285156,17.8443908691,52.8202972412,0.0206087366678
1770,597.316223145,30.7178039551,31.1623287201,109.731956482,0.00270225009444
1800,538.298156738,169.515716553,16.1371536255,45.8138580322,32.1052283049
1800,484.137939453,164.909866333,16.3768959045,56.3041534424,19.0765231848
1800,551.797851562,166.973251343,15.8998565674,49.0632629395,17.1405613422
1800,603.194213867,167.092041016,22.8151245117,84.5223312378,11.9921393692
1800,571.791687012,161.572341919,39.8119926453,95.1228561401,8.50972086191
1800,159.899475098,175.586425781,19.8605003357,54.7348899841,4.81055229902
1800,616.252258301,167.680770874,19.0805187225,48.8202400208,4.03661690652
1800,460.074371338,348.943359375,27.295249939,66.4538269043,2.32250876725
1800,578.299072266,205.8462677,20.9237918854,53.4292144775,2.30640396476
1800,470.180938721,169.000289917,16.9568195343,49.7590904236,1.63841377944
1800,476.207855225,354.24508667,22.2973957062,54.5121574402,1.52788031846
1800,585.278320312,40.0253181458,26.2748565674,99.5700912476,1.41420727596
1800,173.881607056,166.783843994,17.4987468719,54.5375328064,1.04266740382
1800,590.135437012,212.118423462,18.8525047302,46.7257118225,0.887120049447
1800,521.384094238,158.535110474,23.6140880585,49.0676231384,0.795300025493
1800,16.2869091034,128.661010742,36.224647522,75.0084457397,0.324777164496
1800,615.976501465,363.015045166,17.5661525726,48.208240509,0.302533293143
1800,195.113418579,94.508605957,20.2637195587,57.990322113,0.191025680397
1800,326.958099365,321.188568115,21.8583145142,52.0958709717,0.17443979159
1800,598.008850098,103.740142822,25.8107624054,75.1472244263,0.158872804604
1800,43.1478309631,134.596511841,22.2606334686,61.9894104004,0.152404676192
1800,556.291748047,138.69859314,25.5281829834,66.3827056885,0.115075916983
1800,611.506896973,98.8441772461,18.5254573822,54.0162467957,0.0775732507464
1800,55.4447937012,133.789932251,20.9562129974,56.4311332703,0.0131448032334
1830,534.771972656,162.344436646,24.3859958649,60.5338745117,64.5869076252
1830,463.509399414,174.734130859,24.1005306244,53.3209953308,10.3836596012
1830,524.998352051,168.031448364,20.6272068024,51.3541069031,4.62804548442
1830,478.355682373,179.805221558,18.5856609344,49.5966682434,4.60058003664
1830,125.652198792,137.066711426,21.1230735779,56.4791145325,2.53126621246
1830,550.758117676,158.298965454,21.2486362457,62.0847625732,0.743790483102
1830,148.33241272,75.2046508789,19.4801998138,66.8462982178,0.4996875301
