30,486.323272705,155.461669922,37.4732894897,74.8284454346,8.24294537306
30,449.670257568,50.7680969238,25.5050754547,75.2369766235,5.85070587695
30,434.187133789,116.281982422,29.90193367,101.715141296,0.507578440011
30,431.53225708,61.5780830383,23.5892734528,71.692024231,0.380256096832
30,340.359527588,168.313705444,17.8175601959,52.796962738,0.194460188504
30,350.564575195,153.746688843,23.5790710449,66.8691635132,0.0857467937749
30,565.25958252,38.5025138855,27.0519180298,80.2293701172,0.000366154381481
60,552.822814941,98.880645752,41.664806366,129.663162231,21.6552510858
60,468.591522217,98.4278793335,30.7210769653,115.228965759,1.70582532883
60,434.583007812,149.440963745,21.9009342194,66.8549804688,1.03872595355
60,194.593978882,163.857009888,19.0358314514,48.0265312195,0.345304096118
90,16.0228328705,164.146530151,24.4153575897,62.4851417542,12.611541152
90,53.4470252991,176.163131714,19.0565814972,48.2530975342,7.4332550168
90,591.437805176,64.5593414307,38.8936195374,111.335380554,6.62105605006
90,474.472076416,172.222702026,17.0668125153,45.3233184814,0.550993485376
90,42.2477416992,170.71333313,18.2028408051,47.0688781738,0.201707216911
90,600.008728027,33.9103965759,20.6547489166,54.3184776306,0.0684450496919
90,614.723144531,34.3029098511,20.3601531982,47.5024986267,4.5468145915e-08
120,534.177246094,164.781326294,30.2770328522,56.6595726013,8.20629671216
120,307.027557373,153.701950073,15.3564796448,50.1224250793,1.22489696369
120,609.651123047,59.6419639587,19.9549713135,59.384979248,0.0874726334587
120,260.311248779,166.433013916,20.1137943268,41.860660553,0.0673414615449
150,252.340393066,164.852661133,19.2274971008,48.1966896057,4.11928221583
150,396.940795898,148.38734436,18.1744480133,56.2533378601,0.191336090211
150,522.565551758,144.075531006,19.1410083771,68.4432220459,0.032080267556
150,518.001647949,23.8446979523,23.2822666168,72.6871566772,0.000553580457563
150,544.706237793,29.3972396851,25.753862381,61.6067962646,0.000246041440732
150,529.833557129,27.0758972168,26.517156601,78.3608169556,1.22981944628e-05
180,617.828796387,114.391593933,19.177072525,52.4890480042,0.516048492864
180,277.224121094,148.00453186,25.4516525269,63.5332641602,0.399065250531
180,595.337890625,81.5462341309,23.1365947723,67.9978637695,0.347959180363
180,488.803497314,108.857460022,26.4257068634,81.6393966675,0.303997774608
180,192.272262573,145.220916748,22.2094249725,56.3196868896,0.116152444389
210,474.939361572,127.863098145,21.9118728638,63.7429084778,49.5230674744
210,10.5103378296,137.358520508,23.6943569183,68.82056427,1.25949690118
210,564.724365234,137.403182983,19.4764080048,49.9144744873,0.469510210678
210,338.667633057,145.311233521,24.2665481567,64.0604400635,0.0918969686609
240,473.012298584,106.646308899,30.4369354248,76.3778839111,1.21925882995
240,11.9234924316,138.041427612,18.7918167114,64.3801498413,1.06151569635
240,537.092224121,115.230461121,28.2393169403,68.8634262085,1.00891841576
240,233.783706665,146.340484619,19.8150463104,44.0793495178,0.0780469388701
270,489.566619873,96.830696106,28.1444835663,79.2141876221,33.413490653
270,553.296936035,86.9086227417,29.5348644257,88.4629745483,5.86768575013
270,114.161834717,135.551559448,18.7893028259,48.2043762207,5.5538687855
270,15.1996917725,137.726287842,17.9160823822,46.423828125,2.13415659964
270,397.017181396,145.548965454,26.6431217194,62.1119346619,0.396458664909
270,525.412536621,46.912021637,28.7468032837,86.5770187378,0.0692795030773
300,308.011688232,88.8897323608,33.6575546265,93.4705734253,19.2734122276
300,610.790039062,144.366989136,16.3005008698,48.4881782532,4.7717679292
300,579.476379395,91.0846481323,32.5962181091,105.826637268,2.23654583097
300,9.26493167877,127.564567566,14.2764663696,61.3733787537,1.18103567511
300,354.361328125,39.6611175537,34.2630119324,98.2789001465,0.891411490738
300,180.96925354,106.593467712,19.3665370941,61.5909309387,0.557180587202
300,303.910858154,57.1633033752,25.9128360748,67.6910705566,0.334485364147
300,387.094726562,92.5424499512,28.92137146,77.2092514038,0.331784482114
300,570.844665527,152.257461548,29.5996303558,78.3611526489,0.307440338656
300,598.304138184,97.6971664429,23.0464038849,59.70570755,0.305844610557
300,194.183273315,155.934738159,23.9550247192,69.2803192139,0.239930022508
300,549.272644043,95.1803588867,20.1465797424,67.3749771118,0.22866781801
300,6.54648828506,85.1359786987,17.0895233154,55.4054069519,0.0309641618514
330,196.322998047,92.5992126465,61.6817054749,136.429092407,58.5657298565
330,526.64642334,150.307357788,36.7925491333,122.078819275,39.3201082945
330,586.84161377,91.8959732056,30.7023830414,100.052856445,35.8193784952
330,231.03527832,160.871047974,21.5106105804,61.2554283142,9.00401845574
330,8.48626708984,65.3561477661,25.8995304108,90.2632446289,6.67541846633
330,160.239181519,96.7805252075,17.5050411224,58.2934608459,1.98714043945
330,175.213134766,97.6557235718,17.9226303101,52.3991394043,0.0888066366315
330,564.231872559,92.0802993774,28.3764801025,80.366645813,0.0754202250391
330,495.658050537,74.6965713501,23.2209625244,58.2757377625,0.0714799389243
330,234.130172729,95.9963150024,28.6598968506,75.4538192749,0.0238948356127
360,19.0663146973,102.776100159,38.2193183899,89.4149703979,8.57226401567
360,243.961624146,127.670593262,39.1612052917,93.5064620972,7.14778602123
360,410.900970459,183.186950684,28.2116317749,63.4466552734,2.43157278746
360,273.890472412,126.648803711,36.8813056946,93.0988769531,1.63402892649
360,429.302978516,173.948776245,27.4765987396,58.5340766907,1.15300184116
360,453.547698975,168.604660034,28.2594013214,63.3417778015,0.202300515957
390,12.306687355,83.4442062378,35.8197059631,108.291252136,19.9846968055
390,46.022983551,217.175033569,19.3820858002,47.2638511658,2.86645032465
390,35.0339851379,221.930114746,19.5448951721,44.9826011658,2.30321828276
390,61.5681495667,221.094848633,19.92278862,47.9864311218,1.82820260525
390,72.7253952026,206.21421814,20.1051044464,55.1431083679,1.39235937968
390,11.2316350937,217.277526855,16.5720653534,46.3260993958,0.930819939822
390,84.1228485107,200.774536133,19.0103664398,54.903049469,0.780134648085
390,99.8382263184,201.510375977,18.9337692261,54.6528015137,0.670197233558
390,23.1543521881,203.632751465,24.8747196198,56.6877708435,0.635539880022
390,194.19329834,204.358032227,21.0081233978,49.3000450134,0.0224126750254
420,590.703430176,146.638412476,26.4621582031,64.8345108032,3.94682921469
420,618.573303223,158.446884155,16.212059021,50.9691352844,0.307016074657
450,615.103210449,152.762084961,20.174489975,71.414352417,15.1925772429
480,9.21555805206,209.004394531,15.0496759415,54.5502357483,8.90333652496
480,616.284179688,148.112625122,16.4382839203,61.5036811829,2.39762533456
480,15.3500595093,186.299499512,24.9498691559,80.1024856567,1.32802650332
510,615.690002441,138.230224609,18.3956317902,63.0387992859,0.886009261012
510,616.383239746,48.2602539062,20.0675964355,56.2802772522,0.0783708004747
570,610.047546387,151.100021362,21.3061771393,67.4590911865,59.2094063759
720,529.53717041,134.580764771,19.9902210236,51.8652000427,57.3274970055
720,539.95135498,126.952308655,19.944229126,49.1150398254,0.360359298065
750,253.916915894,134.261886597,17.9195613861,53.2839927673,22.114674747
750,240.616271973,111.964897156,27.0074100494,66.4775161743,0.799338612705
750,259.743804932,113.181060791,27.1253128052,76.0112457275,0.388893485069
780,45.5480613708,87.137046814,21.4922714233,63.2756958008,0.261869723909
780,13.3734893799,102.955314636,23.7156772614,61.2218437195,0.0313155876938
840,615.454833984,216.321609497,18.5460948944,53.3167419434,5.28317205608
840,9.73477458954,40.498134613,19.5948467255,50.555393219,0.695098005235
870,441.089447021,166.901443481,30.1440181732,78.5937194824,25.9910225868
870,592.655334473,239.319198608,31.9099140167,69.0654678345,12.4195985496
870,459.842651367,168.805007935,20.876203537,53.932926178,4.2258810252
870,599.064697266,343.19644165,31.2509937286,66.3194351196,2.63320505619
870,369.857818604,205.406112671,21.3622646332,51.6892127991,2.6315100491
870,617.494506836,334.800140381,17.8794651031,46.1863670349,2.15539019555
870,617.398498535,362.581390381,18.5905132294,49.0627861023,1.31544210017
870,350.389404297,198.320632935,27.3763561249,65.7850646973,0.876482203603
870,438.714141846,210.442947388,24.7651367188,49.5888519287,0.863550137728
870,411.530151367,213.335571289,23.974275589,42.4886627197,0.746861752123
870,617.346679688,294.196136475,19.2224826813,48.7597808838,0.61356285587
870,383.095825195,203.445877075,25.6218643188,54.2514953613,0.558307487518
870,471.431243896,175.216552734,20.8934345245,51.0136299133,0.483738863841
870,397.567260742,208.750427246,20.6635875702,45.1034812927,0.395253300667
870,572.701599121,232.894119263,34.8008728027,62.3881530762,0.37722082343
870,463.76071167,198.470199585,27.3840579987,58.7506599426,0.246248510666
870,432.261444092,150.208206177,25.2447376251,58.9486808777,0.202505430207
870,518.707458496,212.242507935,25.7824878693,52.6299743652,0.148641469423
870,301.300415039,66.2062301636,23.5302028656,54.7207374573,0.0384342798498
870,452.558074951,138.636550903,25.4551467896,63.6769828796,0.0344955449691
870,280.54006958,110.591247559,29.8250370026,63.8082771301,0.0341101665981
900,380.421295166,206.950012207,20.2458744049,36.5392189026,2.72712055594
900,610.327819824,36.0855445862,17.3783359528,49.2702445984,1.12630380318
900,42.6511192322,163.200210571,27.7601451874,54.7712745667,0.132770498749
930,598.215026855,152.164398193,33.2545890808,74.2400894165,0.364894745871
960,423.889923096,196.275802612,20.2529010773,49.0095825195,6.23935237527
960,398.013793945,199.879882812,29.5517349243,54.395450592,1.45060606301
960,154.147903442,84.9270858765,31.377412796,71.0386581421,1.1076063849
960,264.330108643,189.596939087,20.2785282135,54.8190155029,1.03562111035
960,280.287750244,185.597900391,20.542219162,54.0471458435,0.938126910478
960,461.444793701,195.804626465,19.7193126678,44.4003486633,0.708948867396
960,393.826171875,120.299858093,19.1254482269,50.3480072021,0.649283081293
960,139.121383667,88.8608779907,26.3199005127,65.3940200806,0.563940498978
960,297.5703125,172.388442993,26.1594524384,63.2318611145,0.393897062168
960,440.002807617,192.967758179,19.948589325,48.4853973389,0.327091175131
960,389.01940918,199.142807007,20.9097194672,45.8987922668,0.297360890545
960,433.818634033,212.364212036,21.4098434448,47.3250465393,0.292544788681
960,356.861114502,159.063430786,27.2493457794,67.4736862183,0.225512892939
960,413.985809326,181.745422363,20.4758205414,46.8537750244,0.212052790448
960,379.55078125,105.857902527,25.0491161346,62.901386261,0.125246692915
960,540.154418945,204.980575562,36.8577842712,76.2122116089,0.0998030067421
960,203.418716431,85.4787216187,26.6439723969,58.2677764893,0.0714779947884
990,535.354797363,144.971801758,20.9171638489,55.5471229553,2.2477099672
990,428.415039062,199.766220093,21.983581543,54.9401855469,1.87196731567
990,442.021270752,188.246292114,25.0633869171,62.9896812439,0.549220480025
990,304.425262451,111.520118713,19.4717960358,48.1625556946,0.468255020678
990,541.647399902,186.885513306,20.8828105927,53.36095047,0.335157336667
990,549.631591797,134.000167847,27.3414897919,57.6981201172,0.164418283384
990,551.676025391,97.6062850952,21.1157073975,55.4334983826,0.138049724046
990,562.608947754,112.793006897,20.5306415558,55.4617004395,0.13326004846
990,557.61907959,189.374008179,20.503370285,51.0905456543,0.105536484625
990,361.34463501,84.9858093262,28.2782077789,67.0237197876,0.0955439405516
990,467.045501709,192.965881348,20.3076839447,49.8697471619,0.0802646507509
990,573.758361816,214.915878296,28.0378246307,48.2503204346,0.0439593102783
990,3.68994903564,39.2897720337,22.040222168,60.4937400818,9.32542307264e-09
1020,297.12902832,34.7139434814,32.2832107544,92.3168334961,3.36035974324
1020,9.89355373383,184.698562622,20.6125011444,52.2230529785,1.78053826094
1020,616.58795166,190.488891602,17.9512233734,46.4456176758,0.762283336371
1020,316.820129395,35.3892097473,21.3515090942,56.7920036316,0.0914755335543
1050,602.951293945,176.672927856,21.9760437012,46.208278656,2.68029645085
1050,616.535766602,179.821289062,16.8983898163,44.5734519958,1.24511579052
1050,310.934783936,30.750541687,23.5194683075,48.7977142334,0.00023015259103
1080,572.624328613,139.481552124,30.5712966919,74.303817749,1.15256393328
1080,601.754577637,175.432800293,23.7450313568,55.1030693054,0.117514410522
1080,269.181365967,28.1452999115,22.3841304779,49.077331543,0.00062724889176
1110,453.143066406,155.148849487,25.1945552826,58.1034507751,0.664706109092
1110,610.588806152,89.4984970093,18.8385372162,49.5590667725,0.627443799749
1110,357.596466064,170.606613159,25.7791423798,58.3029174805,0.492331665009
1110,287.037689209,68.7804489136,20.0375614166,52.7250061035,0.0300956889987
1140,381.710235596,151.85887146,25.2873859406,62.0090179443,2.90179103613
1140,616.429626465,67.268157959,17.9561672211,55.7056427002,1.03997867554
1140,398.74697876,83.1196670532,19.2848262787,53.7886009216,0.604309979826
1140,382.296356201,72.7610244751,29.7204685211,75.4862594604,0.143218704034
1140,105.377189636,73.687286377,21.1032810211,50.0253105164,0.0990200322121
1140,207.269241333,65.8264694214,19.4136352539,51.091884613,0.0367968692444
1140,35.2571525574,26.6183300018,27.9987945557,74.8508224487,7.42350749761e-06
1170,302.748260498,144.819381714,28.6337909698,67.6964187622,5.91073147953
1170,18.4237976074,54.8439750671,20.7452144623,54.2182922363,0.518874078989
1170,300.862365723,60.2493400574,31.2507839203,81.0080795288,0.131747790147
1170,29.9174346924,69.2075271606,20.4081306458,51.0332489014,0.10161253158
1170,319.014862061,173.286636353,19.8284397125,45.4579277039,0.0157829315867
1200,88.3990249634,140.990707397,27.6924877167,66.0987701416,0.430039083585
1200,497.726348877,132.077209473,33.2308578491,68.9468078613,0.130006740801
1200,105.307800293,174.370315552,19.5994472504,43.6892433167,0.0704352103639
1230,599.430725098,287.736907959,28.8354549408,63.9202842712,30.8764815331
1230,131.570297241,61.6890716553,21.7313671112,51.2188415527,0.0660336343572
1350,267.549530029,255.147689819,22.9133052826,50.8391113281,0.281373853795
1350,81.4795150757,386.920684814,24.4913959503,63.1806526184,0.0112482994155
1350,98.8192749023,382.774291992,31.0504589081,70.9640426636,0.00120710210467
1410,263.075195312,271.239746094,20.8955783844,49.5015220642,0.012526140199
1440,251.032546997,273.466522217,23.4045505524,50.5213050842,0.117625668645
1500,261.660003662,272.279510498,22.7494354248,54.9443321228,0.00274524045381
1530,251.338363647,274.595123291,22.4161453247,53.3285331726,3.36799994111
1560,251.223251343,273.719573975,22.6702728271,52.4183082581,1.79013032466
1590,252.025985718,274.761077881,22.3871173859,51.6073493958,1.59869398922
1620,251.975784302,275.054290771,23.2049179077,55.4751777649,0.313492747955
1650,251.617202759,273.499847412,23.7287693024,55.0019683838,1.04481047019
1650,550.753723145,74.1622695923,26.9280986786,79.2389297485,0.174008926842
1680,551.967346191,76.137336731,22.8803806305,58.3585968018,3.67494039237
1680,247.862136841,273.260803223,29.3160419464,63.5847816467,0.253630056977
