30,520.450744629,168.766113281,22.4895648956,80.8031311035,91.9937372208
30,469.143676758,168.819625854,21.5408000946,68.9040603638,87.9802703857
30,145.810073853,170.749679565,19.9660110474,51.2270469666,84.5112025738
30,501.954711914,172.51171875,23.5798816681,79.8788070679,81.5380275249
30,480.999603271,178.30847168,17.8006153107,70.5336685181,21.790227294
30,426.046783447,161.748062134,21.1723327637,67.8363571167,7.25985094905
30,460.230712891,173.248733521,17.4714870453,64.3178863525,1.45738786086
30,92.8201217651,154.528182983,23.9882984161,65.5505371094,1.42223592848
30,398.438201904,82.6694335938,66.9654159546,167.029785156,0.608444167301
30,471.552764893,58.799785614,19.0333137512,58.1830787659,0.261035608128
30,440.839447021,180.395767212,16.7946853638,52.1268768311,0.17347491812
30,457.274658203,67.1792068481,30.068107605,82.4579391479,0.124785827938
30,427.469238281,57.2955055237,36.6364707947,117.190803528,0.119362329133
30,325.097290039,161.454925537,34.9649085999,82.160697937,0.050847849343
30,410.853546143,177.592575073,26.068315506,56.1241188049,0.0297156191664
60,464.791717529,169.682327271,23.026391983,69.7366409302,97.3636269569
60,509.764984131,173.480651855,26.9797897339,69.9072036743,91.0454511642
60,427.765472412,166.948013306,18.8787231445,63.3918876648,22.0957398415
60,480.950592041,176.266433716,19.7586154938,74.1231155396,13.3422762156
60,499.692138672,175.83152771,19.7079677582,62.5685462952,12.9893034697
60,121.264259338,183.21043396,21.2782783508,44.5535392761,8.64134058356
60,411.087921143,55.6706848145,42.6053733826,179.527236938,8.06049853563
60,432.765228271,110.957252502,51.8587150574,130.640823364,2.18775328249
60,461.179229736,55.331237793,21.8211612701,64.1935806274,0.823658052832
60,441.217773438,176.429519653,16.4301605225,56.0768699646,0.363993202336
60,455.487762451,172.127304077,16.4916858673,65.4966583252,0.342752411962
60,439.003540039,56.3352508545,31.367975235,99.048210144,0.08729766123
60,475.879486084,158.699829102,18.6696662903,55.7073554993,0.0791088037658
60,328.558746338,161.461990356,35.9218711853,83.2933425903,0.066180608701
60,412.306365967,178.998123169,22.9469242096,53.2904014587,0.038792003761
60,148.24937439,176.92590332,19.5983943939,45.7495422363,0.0158251277753
60,528.816101074,168.225112915,28.2979679108,67.1031951904,0.00388633743569
60,576.593078613,21.6315917969,24.3599472046,50.3510017395,3.94527745584e-05
60,420.482086182,46.4441947937,35.9096870422,78.7707061768,1.1087678331e-06
90,462.942657471,169.699264526,24.0875606537,74.3593902588,95.5299139023
90,503.404052734,173.175964355,22.8527011871,65.2064437866,88.3074641228
90,434.717071533,180.722900391,16.6814804077,50.6753120422,64.9097621441
90,477.45980835,177.379760742,20.149389267,73.2726669312,23.7002268434
90,489.23147583,184.947006226,26.9325408936,70.1913375854,2.237887308
90,423.002960205,169.079818726,19.913312912,60.9640655518,1.20791941881
90,447.226409912,179.835983276,16.4071960449,55.6804389954,1.17328707129
90,384.037841797,85.5076217651,65.861541748,162.797363281,1.1169350706
90,420.776855469,96.4053115845,61.7136039734,164.251861572,0.896784570068
90,456.533477783,180.15447998,15.5941991806,59.9147453308,0.702310772613
90,118.869377136,168.904342651,20.2213611603,55.957408905,0.371013721451
90,419.766937256,53.1220855713,39.1582221985,100.863616943,0.271900626831
90,501.125946045,42.4980049133,22.6936740875,59.0515594482,0.216698925942
90,460.732147217,59.5621833801,22.0687789917,63.6375923157,0.216052005999
90,9.93820953369,216.463363647,20.0496520996,49.6691246033,0.152533734217
90,360.430541992,158.031173706,19.9763736725,59.9053649902,0.0405317317927
90,330.39050293,162.306472778,33.3415374756,83.5080413818,0.023793092987
120,500.705444336,171.888595581,28.946805954,80.2622833252,97.5087583065
120,468.646453857,172.701675415,25.2143688202,75.4503250122,96.4938342571
120,433.717407227,180.18359375,18.3834819794,49.7837371826,87.4837696552
120,177.040145874,187.292770386,33.5073890686,62.3846168518,8.01772251725
120,489.838287354,178.04284668,19.4322948456,67.0998001099,1.92922111601
120,4.94451522827,184.163619995,15.4605913162,55.4265556335,1.29802431911
120,461.235015869,179.203445435,15.5956773758,65.1228408813,1.02645913139
120,402.060821533,88.0140762329,64.2387695312,167.443222046,0.840243883431
120,412.387481689,165.552734375,23.0926208496,64.0393600464,0.803540553898
120,121.709114075,194.142929077,24.138463974,62.730922699,0.766810774803
120,446.974151611,179.907302856,15.3360147476,54.5688476562,0.634368835017
120,440.462188721,56.5507698059,27.5522212982,91.3056640625,0.121318921447
120,461.585235596,48.9617042542,21.0053577423,65.1808700562,0.114386493806
120,326.352203369,165.619537354,31.1394062042,78.6029205322,0.0851873192005
120,412.987915039,71.2091827393,38.9175300598,86.7222213745,0.0252629630268
120,519.929504395,172.11289978,29.0860691071,65.9294967651,0.00676178387948
150,513.55480957,177.542556763,30.4557857513,73.0026626587,98.634493351
150,472.477020264,179.355651855,20.1862277985,62.445766449,87.9864692688
150,462.895263672,176.609359741,17.4505786896,64.7814941406,10.9450615942
150,483.696899414,174.607650757,20.5492992401,78.4949417114,9.8731264472
150,401.482879639,82.0873336792,67.4369125366,167.427047729,2.21805311739
150,500.359466553,182.097839355,22.8901157379,70.4045028687,1.71463303268
150,452.757598877,179.551437378,17.5194416046,62.6849021912,1.20650157332
150,499.551635742,44.180721283,27.767036438,88.8442077637,0.713054137304
150,208.236709595,189.426925659,21.3637332916,57.7190895081,0.384926935658
150,418.207000732,69.9553527832,39.8471717834,95.5437240601,0.115141517017
150,461.393341064,76.5406723022,21.6497440338,69.2307357788,0.0539432803635
150,443.669067383,66.9603347778,28.0300350189,89.5239944458,0.0449707935331
150,329.973907471,164.106307983,33.8340644836,83.3574142456,0.0229365192354
150,504.293212891,117.809867859,35.0350837708,109.433372498,0.000408396635976
180,531.936584473,175.485580444,29.3253555298,81.731842041,99.279654026
180,473.812103271,166.354370117,23.0568180084,75.021270752,89.8274481297
180,399.0625,175.821609497,19.5082874298,56.6539154053,52.0554363728
180,513.381591797,180.143447876,20.0360660553,62.6753387451,29.9880057573
180,485.963653564,179.461990356,21.5136108398,72.9023208618,10.5627112091
180,403.691558838,114.641685486,34.1762046814,120.575813293,5.60217685997
180,464.221557617,173.355026245,20.2683811188,59.6376190186,1.44587224349
180,462.350006104,40.7317123413,20.0117225647,68.8231048584,1.26480031759
180,417.100799561,77.1618041992,70.6598892212,177.975463867,0.894712097943
180,421.845123291,150.125518799,28.0974197388,79.6208724976,0.714906305075
180,385.632781982,187.687301636,17.6982021332,45.3361854553,0.603429600596
180,413.285919189,168.63999939,19.2527370453,62.2692718506,0.58232024312
180,440.01651001,43.2851142883,20.1609592438,63.980342865,0.562633527443
180,345.300994873,184.117050171,24.7730960846,71.7604598999,0.345475692302
180,215.531051636,187.830368042,22.1083679199,62.4133415222,0.299547659233
180,472.316619873,69.8046569824,20.7933235168,66.2939682007,0.0996233895421
180,173.336685181,198.990890503,22.8038845062,52.0555076599,0.0968448002823
180,447.757720947,129.85874939,32.6975669861,111.40411377,0.0950595305767
180,156.46307373,198.470779419,19.8366794586,54.0961723328,0.0807176693343
180,444.414642334,57.8138427734,30.2032032013,97.4500961304,0.0443124241428
180,552.314880371,178.349365234,28.8160762787,67.0156707764,0.00472218744108
180,417.937774658,40.0659751892,34.361869812,98.0513000488,0.00360441445082
180,506.935516357,106.66192627,32.2892799377,95.4460525513,0.000175412992576
210,551.916687012,169.698989868,36.2271118164,93.0409469604,99.1393744946
210,520.684387207,170.325576782,28.4470806122,97.1818161011,99.0842163563
210,477.930145264,180.541931152,22.288602829,60.5315895081,94.9071705341
210,393.172943115,178.802856445,22.3829345703,56.0039710999,22.6729765534
210,207.691162109,182.894393921,27.105096817,65.1111068726,8.93087312579
210,490.195831299,165.790267944,21.319360733,84.6909408569,3.50031219423
210,399.991699219,73.1085281372,69.1146087646,169.894332886,3.03969923407
210,543.422973633,181.334518433,21.5145721436,63.3371620178,2.31683515012
210,509.269165039,181.489120483,22.4266281128,85.1973495483,1.96169279516
210,171.570205688,199.047073364,21.1163825989,60.2924003601,1.12748853862
210,402.504852295,163.583084106,27.3399486542,67.64087677,1.04588447139
210,463.919189453,175.019241333,17.3708896637,68.8617706299,0.871575251222
210,384.483886719,190.052856445,18.1808414459,44.4433937073,0.674672424793
210,373.918579102,192.842086792,16.5833187103,45.4576721191,0.582864740863
210,486.416534424,47.8546409607,22.9379520416,69.1242446899,0.341576267965
210,386.848144531,66.7769317627,40.6433486938,115.558990479,0.248241773807
210,447.172821045,59.304233551,30.6784191132,96.1563034058,0.206516310573
210,450.987457275,178.192260742,19.4809131622,60.8621177673,0.166733982041
210,462.270263672,29.3949737549,34.734210968,109.594970703,0.156246393453
210,427.923675537,36.610824585,31.456703186,92.5975952148,0.152931292541
210,155.213241577,197.312301636,20.9811401367,55.8834953308,0.0876602251083
210,536.768920898,164.981338501,17.6064929962,62.1261138916,0.0262269430095
210,333.543609619,165.947525024,33.8217468262,84.6611557007,0.0103567959741
240,558.592895508,165.001586914,29.5310878754,107.425872803,99.8811364174
240,593.91595459,162.987548828,35.9521102905,105.98311615,99.5077967644
240,407.267730713,170.147766113,24.8516540527,66.9770965576,75.1909196377
240,461.934356689,184.067062378,18.0568141937,56.638671875,20.3574359417
240,393.571929932,76.1705627441,59.2053947449,168.482055664,10.2649316192
240,462.341705322,51.1121520996,28.2248935699,90.0122909546,7.97288939357
240,578.13104248,175.372024536,20.0844516754,77.7275924683,3.77408787608
240,350.449005127,189.576644897,30.0809116364,73.40259552,3.1365018338
240,545.199951172,180.320068359,21.0534000397,79.8351821899,1.96610987186
240,616.86114502,168.723693848,19.6025867462,97.0563049316,1.93031523377
240,488.235198975,149.901062012,18.3627471924,54.0029182434,1.52338435873
240,6.94166135788,176.757644653,15.7203969955,54.3115539551,1.15372100845
240,438.600585938,69.9834594727,68.2626266479,182.488265991,0.46941107139
240,587.773132324,194.566772461,19.5721569061,72.571937561,0.397647917271
240,424.318939209,168.963058472,19.153421402,62.3748512268,0.387671822682
240,200.854064941,182.510498047,21.4784011841,59.0750427246,0.309610133991
240,506.933837891,36.4916419983,28.7059078217,75.2606811523,0.266982242465
240,484.382781982,188.2787323,18.3392734528,54.2460632324,0.182223680895
240,527.044433594,168.915512085,24.3340396881,103.792884827,0.169520871714
240,457.528900146,30.7038135529,21.1947345734,72.4497909546,0.157243036665
240,394.992034912,176.118606567,17.994178772,54.8357276917,0.155284372158
240,155.115341187,192.506164551,25.9810161591,65.6727523804,0.114469858818
240,477.537078857,56.3639564514,29.451210022,85.8564758301,0.0816520769149
240,424.855102539,96.5740737915,33.2961654663,102.196495056,0.0446237274446
240,437.688354492,27.6379299164,32.2204589844,92.8078918457,0.00726945436327
240,416.486053467,31.2087116241,36.9415397644,74.6891860962,2.02159955442e-07
270,437.78817749,168.190063477,27.6019229889,70.2080841064,97.6169705391
270,471.798309326,176.67791748,20.9929046631,61.8759613037,96.4899241924
270,615.65625,152.822097778,24.34375,132.020584106,92.4744606018
270,416.555328369,97.5224609375,57.4651451111,146.215896606,4.85547184944
270,457.239990234,173.109436035,22.949426651,62.8849372864,2.55859512836
270,195.029846191,198.337356567,22.7657756805,63.7704734802,2.20131296664
270,550.190979004,175.643051147,24.6048259735,61.7700691223,1.73574034125
270,627.707275391,155.467147827,11.7466402054,49.179523468,1.46446079016
270,590.206481934,160.954528809,31.8408298492,106.934776306,1.29431895912
270,445.552001953,71.6317214966,64.0277786255,174.158157349,0.77693942003
270,138.15852356,198.185775757,28.9851970673,62.0524559021,0.655349483714
270,606.223449707,157.865951538,21.1618824005,60.1964454651,0.647709984332
270,427.730987549,173.506515503,18.0627269745,57.4546661377,0.560427363962
270,560.078308105,232.702209473,19.6149654388,50.8356895447,0.510754808784
270,394.018066406,185.828414917,22.4829025269,45.6240386963,0.505683990195
270,489.280609131,186.194229126,18.8753871918,56.9710655212,0.251747271977
270,554.912414551,122.789024353,16.8450145721,52.8880348206,0.244753528386
270,447.600128174,79.4038619995,26.1082229614,71.6327438354,0.191297708079
270,500.815093994,30.3066310883,33.8214035034,88.25390625,0.148956733756
270,408.571258545,173.083480835,18.436712265,52.1906585693,0.10124554392
270,383.750732422,74.56615448,34.7421989441,92.5436096191,0.0802521128207
270,478.506561279,37.4124298096,35.2778816223,110.473381042,0.0447907135822
270,455.043121338,26.79737854,42.7450141907,91.6217041016,2.34373178642e-06
300,478.095733643,166.287231445,30.074640274,79.7992858887,91.1937654018
300,467.459197998,170.586120605,19.6072463989,68.5800476074,24.4829177856
300,163.010147095,177.08605957,31.1488494873,85.2505874634,16.0267874599
300,351.891571045,184.276123047,21.1850547791,74.8036880493,10.7852846384
300,622.40045166,40.6977462769,17.5995483398,63.4058265686,7.02827945352
300,461.781982422,63.9816474915,63.302318573,183.231338501,5.66376335919
300,387.314544678,187.867172241,20.4940185547,44.0354957581,4.38962429762
300,406.021484375,55.573009491,64.7561721802,176.67616272,2.5492882356
300,600.997924805,249.59387207,19.8605995178,48.7655296326,2.44691353291
300,617.633300781,253.433334351,15.3526716232,46.8605613708,1.4722013846
300,98.6238021851,198.736282349,29.5342407227,72.4707260132,1.45889408886
300,446.855957031,57.8028259277,29.1140975952,91.7074584961,0.834168866277
300,498.452056885,183.612182617,17.9363555908,59.2304573059,0.75867921114
300,520.45501709,181.771057129,22.542137146,63.7132530212,0.594353117049
300,453.169158936,168.008865356,22.6367931366,64.5325698853,0.489806290716
300,492.252838135,55.4405326843,23.5273761749,80.7493896484,0.352809508331
300,435.113769531,174.580001831,20.2470722198,57.3056602478,0.233660917729
300,412.011077881,53.2428474426,30.480682373,103.114807129,0.0681097386405
300,152.657714844,174.793151855,20.1050262451,58.5108222961,0.0624749925919
300,512.883483887,32.9957695007,35.911781311,102.034568787,2.32826415925e-06
330,492.219329834,154.868331909,28.1131134033,94.6220321655,80.583935976
330,470.518463135,166.3956604,21.7571640015,71.5447387695,48.4258890152
330,468.57421875,74.0620040894,60.060333252,180.681442261,13.2208541036
330,483.945831299,171.244155884,17.7639446259,69.8990325928,5.64963035285
330,451.976928711,41.3994140625,32.1742324829,95.5565795898,3.89624163508
330,507.288421631,187.221664429,18.4014396667,60.1347389221,3.38544249535
330,57.5494346619,201.556640625,36.1674423218,78.4249038696,2.87838708609
330,427.763824463,65.521232605,66.1627731323,176.467590332,2.13002059609
330,539.707458496,177.431518555,22.0045700073,70.0080032349,1.88347864896
330,509.40725708,72.704826355,27.5952682495,92.8586807251,0.66166492179
330,414.61328125,46.0406188965,48.1973686218,134.359512329,0.536112161353
330,481.218109131,54.699672699,32.9665260315,87.7479553223,0.360959023237
330,524.13671875,175.637954712,23.8366851807,84.3611373901,0.317377434112
330,459.5546875,186.25151062,19.0769634247,52.5653190613,0.164151529316
330,423.600616455,53.4514427185,21.2298183441,57.4633903503,0.129641604144
360,467.942016602,163.400405884,45.3944664001,107.317138672,93.9869821072
360,489.306488037,62.3213996887,21.6998615265,62.5478363037,6.22746087611
360,22.8303127289,172.773071289,45.9596366882,125.995910645,5.13240993023
360,429.83581543,73.2263565063,81.2406463623,189.59602356,4.33158054948
360,14.3792676926,224.929260254,26.8926906586,70.2555923462,3.98522205651
360,388.390136719,191.080764771,18.8760356903,47.9802970886,3.85258980095
360,183.053482056,165.383666992,20.0230464935,49.1955451965,3.84619124234
360,497.574584961,180.572982788,23.4935970306,72.0239181519,2.357092686
360,407.016235352,80.4399642944,34.2874679565,109.128623962,2.16799639165
360,357.036621094,187.523635864,18.8685379028,59.8141212463,1.9444225356
360,617.20501709,118.123443604,16.8761386871,47.9080162048,1.8253410235
360,377.956054688,49.4296913147,37.2929420471,103.848396301,1.46634336561
360,537.414550781,208.248031616,22.845407486,56.8996696472,1.39614669606
360,570.109924316,312.441009521,33.5589103699,62.8869132996,0.887038558722
360,598.424255371,113.459350586,25.6759204865,51.0643463135,0.537821464241
360,421.915527344,55.3731689453,34.2557640076,98.7329330444,0.355617213063
360,450.644012451,146.365921021,38.429473877,90.2575302124,0.286505836993
360,471.293731689,55.1819763184,21.6267642975,65.9574737549,0.197350699455
360,490.194000244,211.076782227,22.2517910004,55.3500480652,0.192590581719
360,435.857940674,150.425094604,21.7325305939,71.9785079956,0.157849187963
360,405.12020874,42.7045478821,32.7662239075,81.3263168335,0.0777554465458
360,450.692901611,37.0400657654,28.8880786896,81.2225723267,0.0040377057303
390,382.98550415,161.745178223,57.5548057556,153.047943115,88.1487548351
390,469.81942749,191.184265137,19.6995639801,62.6485099792,42.1504229307
390,385.175018311,153.269622803,28.2841587067,83.8919143677,14.375923574
390,376.755645752,191.879089355,18.5339756012,53.5748939514,11.2121164799
390,368.563812256,186.515213013,16.5086212158,49.7988014221,10.184777528
390,355.984832764,187.179397583,18.5235671997,55.5800666809,5.58918230236
390,404.736541748,65.0220565796,84.0666275024,223.379272461,5.09096421301
390,496.125274658,173.064559937,29.6988620758,74.7621688843,4.51274625957
390,26.1021976471,203.137451172,51.2122077942,105.237159729,3.86743843555
390,399.908782959,243.942428589,32.1710891724,70.2219009399,0.855381507427
390,478.45803833,157.34223938,26.8792324066,101.212738037,0.787644833326
390,569.378356934,168.301269531,25.6640796661,64.2855911255,0.512858619913
390,70.4202575684,204.022216797,22.4792804718,51.4428596497,0.440074177459
390,577.534484863,32.7175865173,23.411567688,60.8858985901,0.208902033046
390,627.160949707,172.095932007,12.839050293,47.515411377,0.0757365720347
390,420.335540771,36.951259613,34.6605529785,106.553947449,0.0185544966371
390,416.2527771,171.335922241,40.2303390503,85.1114273071,0.0159977280418
390,377.058441162,143.597442627,21.1114864349,62.7664604187,0.00865024558152
420,228.574752808,138.21005249,79.5974121094,206.219177246,92.3457741737
420,500.033447266,162.654953003,34.9579696655,90.9708557129,90.6814157963
420,121.093086243,209.906082153,39.3326377869,93.9215698242,36.8261218071
420,213.064453125,189.276168823,28.8088912964,97.8426589966,20.3209742904
420,281.409637451,171.166702271,28.8758850098,95.0562667847,20.2093675733
420,490.483062744,120.639099121,76.8417129517,143.876556396,12.7725034952
420,364.436279297,188.994125366,18.3017253876,51.2377204895,8.21937546134
420,238.067428589,136.510910034,35.3688201904,137.055801392,7.68093243241
420,517.645568848,193.631851196,26.4571361542,66.9040908813,6.65079280734
420,270.890319824,272.05380249,24.310585022,67.3512649536,3.00441384315
420,535.725402832,211.558105469,18.0162620544,51.9414329529,1.93031523377
420,230.17616272,188.590087891,23.4489593506,90.4100952148,0.868041161448
420,160.280303955,154.087387085,28.0724430084,59.8764076233,0.764775695279
420,387.32409668,187.068908691,22.9480209351,47.1683807373,0.667239073664
420,490.371490479,184.440368652,18.3551502228,58.9898109436,0.547087239102
420,108.383308411,205.08039856,29.7430953979,87.5753860474,0.501723634079
420,617.821960449,201.332092285,18.1496677399,51.9790382385,0.249582505785
420,449.921417236,58.7566413879,71.8655853271,194.174636841,0.177900574636
420,548.112731934,211.021438599,18.3391819,52.5722236633,0.0669590372127
450,526.538024902,167.796676636,30.0093593597,95.1584091187,95.6939637661
450,556.762329102,172.547973633,32.3669891357,91.6015396118,94.5225656033
450,15.234164238,159.214797974,50.0551452637,194.113525391,37.6729905605
450,217.394104004,172.142684937,51.3356666565,132.752075195,29.9733638763
450,459.900604248,212.408248901,26.5219173431,51.7924537659,16.0031363368
450,611.868225098,225.978637695,15.5496139526,53.2895088196,13.2212534547
450,513.194274902,118.61782074,75.7562026978,148.560531616,9.32053104043
450,14.5838212967,272.127532959,33.1055183411,103.836936951,7.38944113255
450,377.758300781,191.996383667,16.9573154449,49.5345191956,3.31598445773
450,40.6212425232,178.436889648,30.1295452118,96.7798690796,3.10018304735
450,546.994140625,179.706054688,20.8617553711,65.885597229,2.34897825867
450,579.693054199,206.560852051,18.952337265,64.8903884888,2.13500894606
450,268.590515137,184.609909058,20.1803188324,61.6720161438,1.35600827634
450,7.69819974899,311.96887207,17.2933940887,56.663433075,1.24195152894
450,2.11090350151,146.451156616,29.2375946045,101.720001221,1.1212692596
450,471.914154053,63.3162841797,59.9499397278,203.469924927,1.0681678541
450,250.640197754,170.161682129,30.7010116577,90.9940261841,0.874586030841
450,579.33013916,162.653488159,38.8242797852,117.290596008,0.675277318805
450,510.441650391,180.382385254,18.9940757751,68.170539856,0.637660874054
450,286.352722168,189.354568481,33.1055870056,84.1859359741,0.298317777924
450,452.192382812,37.7298088074,38.5850868225,114.146263123,0.0201714618015
450,438.498626709,29.8140106201,21.6781711578,60.8736763,0.000321719812746
480,551.206298828,172.114059448,29.0495147705,95.5090713501,96.9885468483
480,578.571716309,168.899932861,31.725227356,98.551574707,91.8097317219
480,491.064422607,29.2535705566,66.5545883179,227.678817749,19.4780424237
480,308.239868164,221.606063843,20.0559558868,60.9846496582,18.9789116383
480,548.579528809,82.275718689,69.296546936,202.910888672,14.5076200366
480,435.63671875,189.671707153,17.598777771,52.9701538086,8.32498148084
480,563.358093262,29.9835357666,34.0805015564,87.1646194458,5.15012405813
480,521.409240723,34.516658783,31.7200317383,110.91759491,3.77487130463
480,567.284423828,182.956985474,21.3367366791,70.6420822144,2.98816543072
480,541.936950684,182.028076172,18.1960582733,73.0135726929,2.68701110035
480,483.019439697,222.433792114,24.6132106781,57.4990844727,2.46403943747
480,615.78112793,121.21598053,19.0972309113,51.3808097839,0.314968940802
480,469.100006104,22.3314056396,34.5947608948,113.19757843,0.0628268287983
480,387.157928467,182.376144409,18.6225585938,53.3188323975,0.0510839920025
480,504.814666748,46.7046508789,33.2237968445,80.2749481201,0.000124823884562
480,452.942230225,40.5249710083,30.6902217865,74.3971328735,4.19614707425e-06
510,587.836547852,162.11491394,38.2810287476,101.601768494,93.6426103115
510,565.98260498,155.42918396,32.8495330811,106.434295654,87.0706498623
510,438.142303467,189.710693359,25.5008983612,46.5842857361,49.0825861692
510,69.0199661255,189.092102051,14.1923856735,34.0651931763,48.8666236401
510,558.560241699,184.486099243,23.2051067352,73.6795578003,11.6525411606
510,500.996429443,216.877304077,24.0873947144,56.3501625061,9.16790142655
510,8.69981479645,175.602340698,20.2073917389,53.2093315125,3.00465375185
510,582.243713379,198.233932495,21.4984531403,63.7670936584,2.63736061752
510,53.4051780701,152.468292236,21.989156723,67.5847702026,2.49371360987
510,426.406097412,188.372680664,17.2956409454,53.6784095764,1.42069775611
510,619.217773438,172.877029419,19.3735141754,86.6354141235,0.454345438629
510,609.122741699,200.083389282,19.8874492645,60.0656318665,0.267133745365
510,540.315979004,92.3802490234,69.5470733643,204.709960938,0.135466991924
540,594.876525879,147.428222656,25.9709243774,117.441169739,88.9173448086
540,53.293712616,189.299087524,17.9420261383,34.4229240417,28.2159537077
540,529.03314209,221.720275879,27.6625995636,59.3275642395,24.6679648757
540,619.246948242,157.670806885,20.7530517578,81.6259918213,21.7151418328
540,613.769775391,207.044967651,20.3012599945,65.0706329346,11.2634532154
540,363.715087891,183.008468628,37.7778625488,74.2634887695,6.67296797037
540,613.401550293,29.9757938385,19.8556194305,55.3043708801,4.90934737027
540,18.4090862274,164.631546021,22.2196826935,57.4961853027,1.51583589613
540,30.3495635986,153.840133667,23.3121051788,64.6155700684,0.462704664096
540,540.377929688,201.59916687,26.9838695526,52.743057251,0.316006829962
540,507.197509766,99.8538208008,76.5033950806,183.569869995,0.305886357091
540,584.172912598,196.108810425,23.3957538605,72.3477020264,0.108113733586
540,7.52138519287,173.615310669,14.8312454224,50.2893104553,0.0743841403164
570,583.911193848,166.429199219,39.3599891663,140.410644531,89.5669221878
570,459.252227783,185.869247437,19.0982093811,49.5498085022,82.0315778255
570,42.6303024292,188.490524292,17.16847229,41.5783958435,18.5178652406
570,615.062316895,216.027832031,19.3082332611,57.705165863,7.85904526711
570,597.849914551,160.457168579,21.5610294342,64.6586608887,6.28478899598
570,607.957214355,144.742172241,20.6508178711,57.2140159607,2.30247844011
570,449.470214844,186.371047974,15.9115190506,57.1844596863,2.00094617903
570,617.25201416,182.775024414,20.7062416077,60.6370658875,1.5139432624
570,471.327514648,184.842605591,18.4924240112,63.5984077454,1.22569333762
570,603.901306152,186.230651855,22.5352649689,76.1357955933,0.809868890792
570,627.919128418,213.298721313,12.080871582,48.7707252502,0.166513177101
570,580.722900391,201.863693237,22.7773685455,68.068862915,0.131334981415
570,617.154724121,30.7799320221,22.8452758789,77.4601821899,0.10324154282
570,546.685974121,65.6036071777,83.9504013062,200.276443481,0.074857583968
600,24.8455944061,192.22303772,19.1635742188,38.1765213013,89.2573356628
600,533.441101074,98.5335464478,20.2916927338,66.7685546875,18.3865442872
600,539.198913574,203.598312378,32.3017654419,65.2876586914,18.1117594242
600,628.402282715,203.808944702,11.5977172852,56.5475311279,4.72017861903
600,613.51776123,205.308303833,16.2194232941,47.1027336121,3.68224196136
600,569.114440918,189.355056763,18.2546882629,46.1673240662,2.91586983949
600,101.92351532,188.755050659,19.2292346954,45.4443664551,0.137828639708
630,529.550842285,174.073013306,25.0665893555,66.3841094971,97.4776983261
630,451.726776123,186.691726685,19.9240150452,48.2456855774,41.5102362633
630,432.553070068,182.594726562,15.9923181534,52.3332328796,12.9285171628
630,442.795806885,186.214004517,16.8074550629,47.3922157288,7.11272656918
630,514.452575684,187.643753052,14.1914262772,48.5145111084,5.63851259649
630,37.9449806213,182.874740601,19.819475174,53.1763343811,4.35443967581
630,616.535888672,50.835773468,23.4641113281,89.8391494751,2.9820445925
630,483.967651367,191.25378418,14.8022623062,45.2897911072,2.20418386161
630,15.9169492722,184.215759277,22.4549865723,54.9849815369,0.761618092656
630,333.916290283,81.3404312134,36.0273017883,73.6708374023,0.737889716402
630,469.174713135,185.83821106,15.3201637268,48.5235939026,0.285466574132
630,585.910095215,57.1301765442,26.8909702301,79.5520553589,0.248162331991
660,597.364929199,173.397644043,30.0453357697,76.55443573,97.3142027855
660,23.102399826,191.104492188,22.447473526,51.4790153503,70.1982319355
660,538.363098145,191.78314209,18.4388408661,52.2219276428,26.9985616207
660,515.89251709,195.631546021,15.9236221313,46.7099761963,3.39807197452
660,619.90435791,172.498245239,18.1228504181,74.9966812134,2.7611233294
660,9.36141109467,190.500564575,20.6824817657,58.6535453796,1.85599569231
660,502.672210693,191.760620117,19.0177993774,60.6189422607,0.376420863904
660,609.489929199,92.300743103,21.3077449799,63.6493225098,0.297320005484
690,537.598083496,199.946166992,26.1930160522,101.974952698,11.134044081
690,211.509765625,169.705932617,22.4482021332,53.7698516846,0.212886254303
690,225.403137207,165.693832397,23.1570453644,46.6634521484,0.0246453506406
720,605.537902832,190.453475952,34.462097168,129.795455933,10.8034230769
720,203.43170166,171.135635376,32.544631958,62.6214179993,4.95249293745
720,626.902282715,210.171875,13.0977172852,62.3930168152,0.913225393742
720,230.315505981,167.105392456,18.4955291748,43.7864189148,0.657160859555
720,615.109680176,182.478210449,20.551902771,64.6303634644,0.0979309668764
720,610.126159668,114.433166504,20.6484050751,58.6197090149,0.0964885577559
750,344.219604492,164.442672729,18.2285480499,50.3875160217,1.76599994302
750,363.875274658,173.36126709,17.3519001007,42.3532447815,0.948284659535
750,384.170379639,135.94090271,25.0310230255,77.4078445435,0.465611089021
750,374.073242188,172.914718628,21.4594020844,53.2086334229,0.41590561159
780,446.306060791,166.110900879,20.1232624054,70.7289962769,85.5163097382
780,430.632720947,170.512924194,18.9753799438,65.3330078125,54.9148142338
780,391.738861084,124.015647888,28.7212047577,102.917938232,13.0952700973
780,84.1009216309,180.01763916,34.3479576111,100.657112122,11.4993482828
780,418.739898682,184.804016113,18.4313564301,51.3843955994,7.14106336236
780,173.917861938,180.595230103,20.0184631348,52.10364151,1.60944331437
780,358.413452148,178.184570312,20.0083827972,53.7001190186,1.33177097887
780,403.180419922,178.332687378,18.0721569061,56.004535675,0.535339908674
780,451.475311279,81.4633712769,33.3094367981,104.077720642,0.499182660133
780,381.09085083,191.424850464,22.823392868,51.9094429016,0.201024208218
780,462.005523682,166.156173706,20.6403007507,72.3393325806,0.127611483913
780,448.673339844,135.96446228,21.1778964996,61.1370544434,0.0108966509288
810,440.343383789,168.304168701,19.598739624,77.2167739868,95.6158995628
810,474.279174805,172.334152222,22.642616272,79.0682449341,75.6611526012
810,462.018676758,174.611557007,19.5451984406,66.0643386841,59.4203948975
810,510.434112549,178.381393433,18.0361156464,66.7536010742,55.1839828491
810,425.122314453,178.762466431,19.4016246796,64.5140762329,39.6153956652
810,520.286987305,182.551986694,19.3977642059,62.3166847229,26.1143386364
810,486.515472412,183.134277344,20.9666213989,62.3160209656,25.4610389471
810,411.584075928,189.6743927,16.2488098145,46.7489814758,7.54896998405
810,388.128936768,152.061355591,26.051492691,82.2331771851,3.97417023778
810,531.397521973,185.350601196,18.4110355377,54.7365722656,3.15388068557
810,52.2933006287,205.332275391,21.5826950073,71.5643081665,1.75531804562
810,326.73550415,175.562606812,18.0484485626,44.5772705078,1.45474728197
810,312.719207764,168.416275024,20.5823440552,52.8832855225,0.639771763235
810,449.900146484,167.789810181,20.488368988,58.676651001,0.498765520751
810,500.575408936,197.289505005,17.2922172546,49.1098518372,0.298799294978
810,384.165985107,194.713943481,22.4567394257,51.3957633972,0.184288120363
810,540.353027344,180.637588501,22.9882965088,69.9533538818,0.134497659747
810,492.689727783,167.224700928,24.263338089,54.5536079407,0.0975405680947
810,0.00351651501842,186.065719604,18.4352836609,52.2508583069,0.0442470423877
810,12.9976129532,200.294845581,26.3230056763,65.1444625854,0.0329117639922
840,433.037567139,175.602645874,29.7977542877,91.2177200317,95.3888475895
840,579.650268555,186.388427734,24.7435970306,64.2402572632,86.9917690754
840,411.827911377,187.232788086,18.8486709595,64.9313430786,62.5444829464
840,463.843261719,185.681472778,26.6244182587,71.9402923584,58.6566269398
840,523.938903809,180.773620605,26.8009643555,77.5206985474,53.6658763885
840,505.281707764,185.027404785,26.1175785065,75.0257949829,50.1003861427
840,480.624908447,184.847122192,22.8836898804,69.3415603638,35.9361886978
840,108.020774841,208.768066406,19.7844982147,56.3309173584,20.5890804529
840,395.590332031,203.070083618,17.0460777283,45.552154541,17.5710096955
840,452.070068359,181.10168457,20.3890800476,62.32371521,15.474139154
840,423.853973389,185.742111206,20.3224925995,71.2340927124,12.7112448215
840,380.36630249,178.188034058,24.6439037323,64.5621109009,2.77390051633
840,7.54762792587,274.829803467,22.1123485565,52.0649452209,2.4890948087
840,61.0252532959,192.088546753,35.5332679749,93.3562545776,1.72708053142
840,129.173965454,199.577270508,28.8451061249,64.6088943481,1.65484063327
840,371.784210205,199.146865845,20.9645271301,48.7467384338,1.39479506761
840,594.468444824,182.133865356,27.1160373688,68.7627944946,1.13536026329
840,369.159423828,130.486465454,32.4240913391,97.2427139282,0.471021141857
840,312.100799561,244.486938477,20.7025089264,41.7880821228,0.28837560676
840,171.921203613,194.340927124,26.6729030609,66.6197433472,0.211336673237
840,295.951141357,243.87322998,21.5439376831,45.1586456299,0.0200590235181
840,273.902679443,246.660690308,21.515089035,44.5903816223,0.0097328593256
840,302.232879639,182.765914917,18.7603321075,44.4515838623,0.00955823852564
870,555.07598877,194.173049927,25.9703521729,71.4471969604,96.8926489353
870,423.95703125,187.008102417,40.8004760742,87.0421066284,93.1890964508
870,480.435058594,196.552780151,26.0554141998,73.3928451538,70.2736079693
870,385.996856689,197.209030151,21.5582752228,63.0892219543,65.7833337784
870,499.620147705,197.554977417,26.1880931854,71.0969238281,40.6839340925
870,416.755157471,195.571655273,20.4184894562,66.478477478,32.5939506292
870,369.345214844,211.461990356,17.7998085022,51.5077056885,17.547622323
870,460.073394775,191.307418823,25.4284820557,71.6494216919,10.0613065064
870,426.070648193,183.700485229,20.478925705,53.1684417725,5.86707629263
870,449.797515869,189.230545044,20.1887798309,58.0890083313,5.03287687898
870,404.801116943,194.019454956,17.7461795807,60.8525276184,4.61644381285
870,106.364654541,203.266342163,25.4290943146,74.3022613525,2.71592456847
870,381.880493164,129.928253174,20.2185268402,61.4364471436,2.5192078203
870,375.725250244,188.161056519,22.1873073578,58.4746398926,1.14068929106
870,342.415679932,210.684936523,22.7492237091,53.6373023987,0.927429180592
870,323.616973877,170.934036255,18.8886203766,64.9556274414,0.768077233806
870,324.542602539,219.836669922,28.9503040314,62.3423042297,0.700792856514
870,308.144866943,201.168518066,18.883184433,49.0712432861,0.329102901742
870,449.819671631,224.136352539,18.6973285675,47.647064209,0.313550862484
870,386.100708008,90.4260253906,24.8296813965,72.1255950928,0.289124506526
870,340.24041748,147.469299316,30.0079479218,96.3342819214,0.161894958001
870,398.673828125,106.208526611,32.6107368469,104.24521637,0.00843523448566
900,486.367401123,201.701980591,33.1013793945,79.056678772,85.3359758854
900,394.92175293,192.719055176,30.0681781769,93.3237686157,83.0978155136
900,347.754547119,197.548812866,29.3153438568,77.8939666748,78.8069546223
900,304.676055908,200.836364746,26.4293231964,77.3480224609,75.5727648735
900,412.885009766,201.391525269,28.862745285,80.0873794556,72.3330259323
900,363.084716797,198.789916992,29.4864444733,86.6331710815,61.1413240433
900,440.326385498,210.688842773,26.7505626678,64.1284103394,59.5330417156
900,380.054473877,202.928451538,26.5426101685,79.7750778198,37.5342696905
900,294.645599365,213.561264038,19.081237793,61.6969261169,11.2086303532
900,614.141418457,209.937026978,23.234167099,67.1800842285,6.28157705069
900,334.674224854,205.630859375,19.3022880554,58.2223396301,5.88997527957
900,312.977722168,97.4873657227,27.316827774,87.8837203979,4.58817631006
900,430.21875,220.76133728,20.5860424042,60.6059608459,2.72433627397
900,308.26473999,135.477935791,20.4684009552,71.1922836304,1.46564859897
900,9.93423557281,47.3406257629,19.4032287598,50.4560508728,1.25571098179
900,334.135009766,161.6927948,77.4108047485,125.029396057,0.727520231158
900,255.284805298,222.097213745,20.9944267273,54.1207885742,0.725774280727
900,231.737350464,218.55418396,23.0918979645,55.4265632629,0.562716461718
900,499.730133057,194.943649292,18.7488536835,48.9701881409,0.421328051016
900,277.416046143,206.354019165,24.911195755,61.4532623291,0.313830072992
900,8.65721797943,148.363967896,16.1773853302,50.5530204773,0.258965487592
900,202.42616272,189.24281311,19.2363529205,49.2957191467,0.211868924089
900,463.228118896,203.995117188,22.4705753326,77.2155685425,0.117441057228
900,249.441101074,103.868400574,51.30519104,159.647277832,0.0764879630879
900,328.942749023,108.158287048,31.6488265991,96.1000366211,0.00401401193812
930,117.949707031,191.365341187,34.8921051025,106.18724823,86.0314488411
930,203.569885254,195.923217773,34.861656189,88.7880630493,80.9453010559
930,71.1197357178,189.286972046,32.9948005676,102.992759705,80.0420761108
930,160.586273193,203.543838501,23.651758194,78.3103408813,75.7405936718
930,16.9186286926,198.009353638,30.0087108612,78.4192276001,70.744818449
930,49.0056648254,195.825332642,32.9599494934,85.8922424316,64.6041989326
930,94.7322998047,192.757629395,37.0079345703,97.6954879761,36.1605018377
930,410.31262207,220.012817383,23.0566539764,65.3534317017,22.7315843105
930,142.492797852,196.574234009,25.1847457886,86.4730758667,22.1588343382
930,21.1989955902,72.1586532593,34.469291687,104.811256409,13.8605624437
930,113.53162384,188.753921509,21.2158241272,62.5228004456,8.66571739316
930,10.4959344864,197.263244629,21.0095310211,53.9221038818,6.75620734692
930,39.0655708313,137.494064331,76.166267395,155.676986694,5.61593919992
930,39.7031669617,201.759475708,23.3809528351,64.9410400391,3.49796228111
930,187.066268921,199.587814331,27.470746994,85.5179519653,2.87146307528
930,465.951171875,114.577293396,26.2306594849,67.3800735474,2.54053473473
930,363.478973389,179.156082153,29.9235687256,101.039299011,1.13333724439
930,134.983505249,232.288955688,22.2715301514,58.6674156189,1.06152808294
930,617.772277832,55.450214386,17.5580482483,45.7267494202,0.523401750252
930,394.23046875,197.470565796,28.612159729,71.2684707642,0.44689043425
930,421.961639404,216.860412598,29.1761302948,64.9973220825,0.343976798467
930,34.7299461365,149.131546021,26.4683551788,92.7395019531,0.174898246769
930,56.2226142883,170.363265991,21.6246929169,59.7066802979,0.0134614791023
960,125.972770691,165.817199707,48.4420318604,117.428413391,95.7421183586
960,154.505020142,194.585647583,27.798368454,78.6475448608,1.53437172994
960,84.5041732788,226.455078125,27.6391963959,55.3436012268,0.667339283973
960,130.268463135,220.16015625,23.8195018768,60.2300682068,0.500515988097
960,13.8432512283,90.5365905762,25.1022129059,63.9374847412,0.2216944471
960,616.611877441,32.5211830139,17.0981140137,48.3010520935,0.00144778723552
960,598.573303223,39.5380973816,31.1585617065,62.8299713135,8.486773595e-06
990,597.431762695,198.745483398,24.2015247345,50.4176673889,19.6989610791
990,258.998443604,107.157165527,61.9548530579,132.354293823,12.9097506404
990,136.091812134,76.1242141724,92.1246643066,185.388046265,11.0891751945
990,192.675460815,118.021598816,41.1609268188,133.848205566,8.59128832817
990,257.509368896,126.977050781,30.695022583,83.436088562,4.61591780186
990,279.700531006,190.436218262,23.3881473541,59.8859558105,1.29620227963
990,46.1111488342,42.5178604126,28.7101421356,72.2636947632,1.13990744576
990,297.999786377,131.667282104,30.9076461792,91.9258728027,0.65126856789
990,615.839538574,157.956893921,16.7148075104,54.7360115051,0.499715842307
990,18.8169155121,186.95880127,20.1139087677,64.4879074097,0.47924653627
990,583.004394531,196.223373413,25.0763530731,51.9265289307,0.26834863238
990,138.304290771,213.054016113,25.7829799652,49.3135681152,0.254040164873
990,41.149974823,70.9131164551,19.5874557495,47.815246582,0.185474089812
1020,562.392028809,202.334518433,42.82188797,89.2959823608,54.3589115143
1020,536.089294434,202.376144409,19.2884960175,57.5436592102,49.0297019482
1020,464.009613037,160.426681519,24.4620819092,81.6250305176,28.0195623636
1020,531.929443359,94.8220825195,68.4244689941,191.623825073,26.1141717434
1020,596.229736328,226.743209839,27.5930309296,73.910484314,24.1210237145
1020,425.637084961,154.859786987,22.9512386322,53.6399841309,21.0487395525
1020,500.589324951,123.193626404,49.9723358154,144.347167969,13.121727109
1020,504.395263672,195.335006714,20.1379718781,68.3178482056,11.3735452294
1020,544.302185059,192.785446167,34.9371414185,88.5317764282,8.93737003207
1020,10.1930818558,80.4496841431,27.8633880615,79.1465072632,6.35716915131
1020,406.740234375,196.362304688,18.2836399078,41.2963523865,4.84160557389
1020,484.016113281,190.682250977,27.247177124,72.0582122803,4.28955592215
1020,529.580749512,144.869033813,33.6359367371,111.455299377,2.4058336392
1020,516.621459961,199.718383789,26.299955368,70.9179153442,2.39068455994
1020,507.203216553,123.911888123,24.8091220856,80.238243103,1.81807707995
1020,3.75841784477,78.6133041382,15.037899971,60.3610191345,1.7596617341
1020,140.695159912,188.188613892,23.7991771698,54.2135009766,1.6464009881
1020,584.67388916,238.552322388,19.377199173,53.3594932556,1.57982651144
1020,499.370452881,128.27671814,19.1989040375,59.6154441833,1.47047908977
1020,568.632446289,241.7578125,21.3949813843,55.0010070801,1.26324556768
1020,554.85168457,81.7184371948,36.1735305786,109.54019165,1.13124884665
1020,478.506347656,170.48878479,18.7603397369,61.7264862061,1.03503940627
1020,492.353240967,146.575241089,32.5577201843,94.3629379272,0.924186501652
1020,572.541137695,148.70375061,26.9186573029,87.7972793579,0.861630961299
1020,467.694549561,208.470901489,20.5650043488,53.0130805969,0.69595281966
1020,584.728881836,136.764297485,19.6120357513,58.0039176941,0.378653500229
1020,520.359802246,109.910606384,27.0703430176,91.3526306152,0.316150137223
1020,542.870300293,110.145301819,28.3434085846,90.1300354004,0.146317225881
1020,25.5914058685,98.1745223999,30.2210674286,87.0558853149,0.0525661744177
1020,439.806488037,147.214996338,19.2902336121,51.2531089783,0.00368046930816
1050,602.709777832,222.599594116,29.2742462158,67.2924575806,54.4765710831
1050,527.233215332,188.904769897,24.4615097046,65.5066299438,19.0538227558
1050,550.820495605,184.679199219,40.792263031,91.676399231,17.3522755504
1050,419.1534729,190.240463257,23.870223999,54.3228302002,7.53621682525
1050,543.401611328,186.425415039,21.894777298,60.4278526306,7.28925839067
1050,4.52897119522,125.101829529,26.983549118,82.3902740479,5.34218512475
1050,576.829223633,203.512084961,20.277387619,59.5802955627,5.22397309542
1050,596.168884277,46.3653450012,32.5030097961,91.7515258789,3.53776104748
1050,604.363525391,150.763824463,31.9451580048,91.5651245117,2.61193495244
1050,590.026062012,213.459899902,18.2600421906,61.9924583435,1.46763753146
1050,109.824440002,188.498352051,17.9338550568,50.5249290466,0.285932654515
1050,4.7677397728,83.0576782227,31.4146251678,81.3975372314,0.0167503094417
1080,441.046844482,185.353759766,22.7213516235,58.1451148987,41.3064271212
1080,14.9505186081,191.320983887,19.6041164398,58.0831604004,15.2765110135
1080,26.9054012299,180.265426636,29.8008556366,61.718837738,5.81441633403
1080,614.758789062,40.2472839355,20.0416698456,63.3320007324,3.5239238292
1080,427.067169189,180.958572388,16.7798938751,52.3829307556,1.27387903631
1080,176.358566284,176.936630249,16.2670574188,53.9536933899,0.512122455984
1080,557.458496094,66.1239547729,20.9463691711,56.2811737061,0.482850056142
1080,45.0721702576,194.510498047,20.1751003265,49.7754173279,0.212845182978
1080,497.941131592,52.5910682678,18.7897796631,61.9507026672,0.189681886695
1080,538.718566895,47.7508735657,28.2116451263,67.4053878784,0.175257015508
1080,578.188842773,73.3119506836,19.0756702423,44.8489837646,0.132028246298
1080,454.996459961,130.924484253,32.3200912476,73.9319915771,0.00826998293633
1110,468.850708008,183.253829956,19.3449401855,49.847869873,91.6540205479
1110,453.758026123,181.866256714,15.7592687607,44.7974243164,19.8915481567
1110,500.577545166,174.105163574,19.0608940125,47.2875671387,14.0072971582
1110,600.28338623,51.6666069031,23.6394252777,61.2806968689,9.63465422392
1110,544.361755371,147.171035767,27.6338977814,66.1726074219,4.92423810065
1110,497.397369385,63.4256401062,22.4767360687,57.6869697571,4.34577539563
1110,617.485656738,60.6805229187,17.0819740295,46.8372535706,3.69603671134
1110,174.022140503,185.027587891,19.7093639374,47.8586006165,1.9419433549
1110,533.866638184,127.952819824,24.3288784027,57.9471473694,1.38122970238
1110,441.118530273,166.886917114,19.7294483185,58.4653434753,1.04486783966
1110,519.728210449,33.8580741882,21.608543396,64.4303436279,0.588748091832
1110,512.58392334,171.955368042,20.5264568329,51.4002876282,0.559955229983
1110,10.1362199783,201.050231934,12.226017952,51.7717552185,0.379296089523
1110,11.8029050827,131.084869385,33.0914497375,80.9055404663,0.181507354137
1110,491.669708252,173.587768555,16.8919963837,52.9157600403,0.132529367693
1110,480.203704834,160.772094727,20.5258960724,69.4214553833,0.0364268693374
1110,506.708496094,43.4280891418,26.5296173096,73.8898468018,0.0292833399726
1140,490.695037842,178.290328979,24.2993488312,59.5701293945,98.6035466194
1140,613.351257324,260.548126221,19.2524490356,59.194442749,17.1857431531
1140,13.8545808792,184.843521118,16.4443149567,55.5301933289,7.87236019969
1140,511.411895752,175.861022949,16.1351909637,58.1465110779,6.7847147584
1140,590.52911377,136.477645874,30.457824707,75.2128372192,5.09321205318
1140,519.851501465,175.497116089,19.7311000824,51.7769813538,3.30614335835
1140,435.884643555,164.851486206,19.815366745,57.0552330017,3.14595960081
1140,448.818237305,164.400192261,21.1432857513,62.1811981201,2.89583224803
1140,620.060974121,171.70072937,18.7837677002,62.3735847473,2.82697696239
1140,1.77254164219,112.039123535,20.7580318451,54.0107765198,2.78852488846
1140,425.768768311,180.226867676,20.2116565704,58.3701934814,2.71827895194
1140,533.537414551,175.689819336,20.6186122894,55.954624176,2.24093012512
1140,179.517471313,173.125442505,18.6359920502,58.3666419983,0.719716399908
1140,572.12286377,148.992874146,34.2085075378,75.4665298462,0.661449646577
1140,606.473937988,170.173843384,19.5034809113,63.8072929382,0.340981874615
1140,547.450866699,178.419754028,18.6772937775,52.7737998962,0.182994047645
1140,191.799057007,357.48059082,34.6323356628,71.2975845337,0.147998379543
1140,531.005737305,29.3575992584,22.98138237,66.1926040649,0.142157380469
1140,563.001953125,177.253540039,20.9261684418,55.53956604,0.0708763371222
1140,513.689758301,43.6504707336,20.9987430573,57.4661445618,0.00245534756687
1170,538.536682129,173.22088623,25.4905796051,74.0713272095,99.0889847279
1170,522.31036377,176.083862305,17.4932994843,59.9659881592,65.7482981682
1170,447.752044678,172.678955078,26.660987854,76.4078598022,51.2467086315
1170,584.583190918,170.989028931,18.8324699402,57.7074890137,44.3237930536
1170,568.115478516,170.286880493,18.0795001984,50.0559654236,17.2090500593
1170,130.842636108,157.793838501,21.3732280731,61.3538665771,5.99409863353
1170,589.472717285,47.9532318115,40.0048103333,129.391860962,5.88423125446
1170,514.321350098,178.632766724,14.7369318008,58.0216255188,3.8253556937
1170,162.348709106,171.724075317,17.3349132538,49.975528717,3.77145037055
1170,594.919372559,164.86000061,19.7123165131,48.8002128601,2.70936768502
1170,474.548828125,88.8014907837,18.794965744,63.4456748962,1.6750022769
1170,617.618652344,196.764953613,17.255853653,53.1221122742,1.3056111522
1170,114.52898407,174.381668091,20.4010047913,51.3523826599,1.08522325754
1170,608.187805176,122.78894043,28.5800476074,75.4902648926,1.01758800447
1170,617.54473877,40.8628311157,16.5350818634,53.1093902588,0.941173173487
1170,561.820373535,50.472026825,24.5393352509,68.2697525024,0.846514198929
1170,467.515167236,108.344512939,19.677324295,67.2806167603,0.609959149733
1170,458.906951904,141.471817017,26.669588089,89.2623214722,0.491397408769
1170,477.817993164,161.493362427,21.2416172028,73.9167327881,0.385387870483
1170,96.212348938,161.94480896,24.9995670319,63.6746063232,0.338733079843
1170,572.350219727,40.9249916077,34.9203796387,88.2249526978,0.325444689952
1170,551.05847168,29.1088581085,23.3769226074,67.8969497681,0.0520310015418
1200,568.532592773,168.038223267,25.548166275,66.6999435425,93.2997703552
1200,612.042785645,162.762527466,27.9572143555,82.4606170654,73.4698057175
1200,3.67290234566,171.969970703,21.8461990356,66.4100418091,53.8715839386
1200,501.068450928,146.773803711,33.5815391541,116.307121277,34.9736869335
1200,602.626647949,165.323074341,17.1363258362,52.3013038635,23.082664609
1200,514.684997559,79.8544998169,20.9840698242,56.3108711243,11.9338981807
1200,555.118713379,161.575256348,23.0280456543,63.5065879822,11.68410182
1200,582.901916504,158.836776733,45.3937835693,74.2216949463,4.97099943459
1200,485.411254883,174.798202515,31.9479122162,93.0422439575,4.44612577558
1200,81.0738983154,176.458450317,20.8292179108,51.6745796204,3.21587063372
1200,512.427856445,94.0850296021,35.0340652466,115.329322815,3.04756984115
1200,519.873291016,203.306396484,20.7178707123,54.125629425,2.97720730305
1200,17.904914856,173.112548828,18.5725193024,56.1150550842,1.91395338625
1200,115.94669342,175.233642578,18.4785518646,49.2594947815,1.72869917005
1200,594.525756836,166.876449585,15.3590011597,46.6751060486,1.69814284891
1200,526.761535645,77.6305007935,24.909029007,65.9033584595,1.53965745121
1200,64.9456939697,163.483627319,21.0507698059,61.5004386902,1.48082943633
1200,125.61441803,160.078994751,22.1129398346,62.5447883606,1.23295020312
1200,529.009460449,115.340270996,22.6354007721,64.6842498779,0.298587186262
1200,32.0422554016,156.486633301,24.8515262604,65.4386367798,0.208091642708
1200,52.2747459412,159.835494995,19.2554893494,64.0787124634,0.185166986194
1200,537.18963623,186.320297241,18.7288284302,61.6242828369,0.177366577554
1200,499.480804443,75.14868927,27.2756748199,82.2606582642,0.0318695470924
1230,135.451004028,161.179428101,20.7652053833,62.2277984619,2.20004320145
1230,615.923034668,33.1228141785,18.5766620636,51.7625389099,1.96519363672
1230,122.742218018,167.083267212,17.5444927216,53.2686882019,0.551372114569
1230,19.1647396088,163.898086548,20.5548801422,60.4432525635,0.483343424276
1230,31.6735305786,163.51789856,18.626531601,60.99269104,0.349372182973
1230,75.94921875,139.33013916,21.4248905182,70.9353103638,0.255111744627
1230,110.436393738,169.296325684,19.0652637482,50.528881073,0.211177277379
1230,372.543426514,165.804611206,17.8260593414,50.771282196,0.097410538001
1230,598.02734375,27.6905879974,35.483341217,90.4794387817,0.0906827743165
1230,63.3439216614,158.227233887,25.0641803741,61.4493865967,0.0590598676354
1230,83.8367767334,171.795959473,19.4582633972,47.5387840271,0.0411682820413
1230,43.0095939636,157.005645752,22.8160552979,66.8035354614,0.0254373735515
1230,593.227783203,25.7237796783,21.2838439941,56.8894462585,0.0037628946302
1260,414.758026123,172.582641602,19.6862316132,53.3834991455,2.84086316824
1260,125.989326477,165.687545776,18.7074565887,57.1494789124,2.41007469594
1260,18.9405345917,179.059326172,19.1853656769,58.7067070007,1.3957856223
1260,135.998046875,155.11050415,20.1124229431,67.7436294556,1.20830051601
1260,429.09487915,149.450790405,20.1782341003,57.7977714539,0.458321999758
1260,399.770172119,168.407867432,17.1236915588,48.9929046631,0.194442016073
1260,462.088256836,149.005462646,37.0649757385,86.0287094116,0.0635992910247
1260,5.51686239243,114.926338196,27.6751022339,87.8896255493,0.0409482105169
1260,33.1185951233,147.234054565,22.1280422211,70.0525360107,0.0221126814722
1290,426.781219482,182.781997681,17.6334495544,47.3353309631,25.0125110149
1290,522.068908691,203.836166382,32.5144615173,98.0811080933,5.14999479055
1290,27.7266159058,126.011726379,24.6584472656,79.9307861328,3.23951356113
1290,439.834564209,160.243667603,20.3462600708,59.7724952698,2.21724845469
1290,517.062561035,207.049545288,17.3838310242,66.6275177002,0.902479980141
1290,1.39296209812,209.3177948,26.8628978729,58.0997619629,0.587830226868
1290,417.053436279,181.533554077,17.3965148926,43.6281280518,0.250341440551
1290,39.3981437683,163.079208374,21.7678909302,52.3909454346,0.193715747446
1290,20.2381973267,157.886703491,19.6465873718,59.6719169617,0.110651785508
1290,149.866409302,154.126800537,24.1855392456,60.9735717773,0.0517657550517
1290,28.63671875,173.021606445,20.4447097778,54.2004203796,0.0358513963874
1290,83.7419204712,181.668716431,21.0009975433,53.2245674133,0.0337628647685
1290,137.250442505,159.768600464,18.8057384491,44.3688659668,0.00404164275096
1320,442.576568604,178.035964966,17.1970329285,48.6072692871,41.6812181473
1320,459.78036499,180.182785034,21.3158893585,55.3231048584,37.6426309347
1320,76.8679122925,83.2202072144,26.8145675659,78.4012527466,13.38147223
1320,57.895488739,86.0646972656,31.2359466553,77.2334518433,8.79545733333
1320,90.8699264526,66.6781005859,23.2950057983,59.6157417297,3.63041162491
1320,92.9587173462,159.685256958,23.3652114868,66.0848693848,3.41824777424
1320,418.662139893,173.814071655,17.5888118744,49.5261726379,1.70636307448
1320,562.816772461,197.558044434,19.2325458527,49.2078819275,1.29595668986
1320,471.355804443,140.262893677,26.2758769989,78.3582077026,1.17617966607
1320,156.098587036,154.312469482,25.4981746674,69.8023452759,1.08893932775
1320,431.958099365,174.727661133,17.7103672028,45.7657279968,1.00893480703
1320,186.341247559,169.02293396,22.2109394073,52.618976593,0.442234613001
1320,51.241268158,161.535705566,22.0317363739,63.1956481934,0.437154900283
1320,174.710876465,170.391052246,18.3969707489,49.7028388977,0.14008564176
1320,404.320098877,164.608062744,19.10455513,53.5268821716,0.130131433252
1320,628.351623535,219.404968262,11.6483764648,46.7556877136,0.124337163288
1320,19.7907676697,183.391189575,19.986579895,51.4064483643,0.119749642909
1320,61.5300712585,130.190246582,28.1416454315,93.624420166,0.0637378136162
1350,466.327789307,175.995193481,20.6721096039,50.8578605652,29.1299849749
1350,513.132141113,180.787033081,25.6844387054,70.6244888306,12.254139781
1350,564.430664062,40.6905937195,42.0068397522,116.509422302,9.51103270054
1350,435.569213867,172.858596802,16.820306778,52.2917747498,5.64135797322
1350,49.1436042786,61.9860115051,32.3063812256,90.4458236694,4.91889417171
1350,535.098144531,202.487594604,26.6162395477,55.4156913757,3.86502332985
1350,7.92184972763,117.663085938,30.6288547516,96.4417495728,3.83423753083
1350,604.567443848,99.8295516968,22.8490390778,64.0675125122,3.62613834441
1350,425.256835938,179.547775269,18.0614719391,41.0132675171,2.889954485
1350,605.361999512,197.198364258,16.9883842468,43.8369750977,1.74585338682
1350,25.0820064545,190.800643921,21.8685131073,54.5499420166,1.44825661555
1350,496.722320557,168.528961182,29.3847522736,80.7509078979,1.09228612855
1350,447.145996094,181.252456665,17.1596240997,49.2453613281,1.02291256189
1350,605.782470703,52.798992157,20.7637748718,58.6865081787,0.993346143514
1350,6.38293838501,182.749862671,17.3686389923,55.9025878906,0.704087968916
1350,477.060394287,159.267700195,23.2581253052,65.1454544067,0.495870783925
1350,40.3208045959,109.38684845,20.3171577454,59.9629707336,0.434391619638
1350,618.692565918,198.083328247,15.3235559464,46.1711387634,0.353887700476
1350,37.9011421204,186.810134888,23.0148925781,55.0373497009,0.221758312546
1350,23.3044109344,99.3283462524,28.9615116119,87.7814407349,0.202713301405
1350,561.730773926,96.292350769,24.8870830536,65.3583831787,0.104256696068
1350,526.86138916,210.595993042,17.3723125458,47.9935112,0.0559346168302
1350,576.536560059,94.8658065796,22.2640209198,62.3406181335,0.0369103538105
1380,553.890686035,164.463668823,23.3567218781,63.9325828552,81.9199860096
1380,518.153015137,171.829849243,23.3596038818,58.712890625,50.698953867
1380,467.578125,172.326293945,16.7396888733,50.7788963318,38.8960838318
1380,448.409576416,177.148132324,16.5762481689,44.5417938232,13.5896161199
1380,492.241790771,182.707107544,18.5865192413,55.6012268066,12.0390921831
1380,616.313964844,225.059951782,19.1699733734,55.2342834473,10.5685561895
1380,593.794921875,123.051391602,21.3269729614,79.9555358887,3.17447409034
1380,390.862091064,161.428848267,19.1782932281,49.7648353577,3.14495190978
1380,600.845031738,189.941452026,31.3893451691,77.8758163452,2.50861961395
1380,616.662353516,176.761917114,19.591594696,56.6712036133,1.92302800715
1380,477.651855469,170.2472229,23.2581577301,63.7429351807,1.64948962629
1380,504.451171875,175.164993286,22.1578197479,63.9243888855,1.32119562477
1380,574.100646973,130.321609497,33.0450057983,94.6170730591,1.24501530081
1380,16.207698822,158.678207397,27.1464157104,78.1180419922,0.718706473708
1380,7.13855695724,65.2313461304,21.3200397491,60.0922966003,0.581782776862
1380,594.57244873,46.6299438477,35.4303512573,106.092346191,0.31443266198
1380,567.183898926,154.181411743,21.5183315277,58.2634315491,0.201901956461
1380,108.275665283,190.352233887,24.1787338257,47.9983711243,0.151659257244
1380,65.9083938599,149.881698608,21.9411849976,57.0909576416,0.0898953352589
1380,14.4924669266,72.297744751,28.3463687897,75.4481277466,0.0346876709955
1380,415.762084961,139.441635132,23.585105896,78.4793624878,0.023472054454
1380,190.2421875,176.350357056,18.4890537262,49.2317962646,0.0204376105103
1410,547.582214355,168.988998413,29.5535507202,73.0405654907,96.6194152832
1410,615.049926758,160.367370605,19.1023597717,72.9191513062,86.0799014568
1410,464.233062744,173.759841919,16.6649188995,48.1723518372,70.0044035912
1410,485.963653564,170.458587646,20.2299633026,54.5814361572,60.2665066719
1410,66.3962936401,191.023147583,20.2171268463,48.9833183289,20.6836923957
1410,538.95904541,169.205078125,18.4310588837,61.7010993958,15.0827184319
1410,422.5574646,136.100952148,19.8680114746,84.5443496704,11.2345010042
1410,474.783599854,174.267440796,17.6171665192,50.5199241638,7.49525874853
1410,434.611419678,146.658813477,21.4328022003,78.5259933472,4.87462058663
1410,570.070983887,138.546203613,37.7224769592,117.496948242,4.1075501591
1410,521.676513672,176.710891724,22.0926895142,59.0213356018,2.57253833115
1410,600.559997559,117.111976624,30.1578998566,96.118560791,1.93656869233
1410,595.31463623,140.136611938,18.6944446564,58.9267120361,1.41357230023
1410,581.064697266,105.314453125,25.442527771,85.5001220703,1.32900923491
1410,529.425231934,199.63130188,22.6604366302,52.6465339661,0.724071823061
1410,396.989105225,161.106002808,17.9765453339,48.947063446,0.664103124291
1410,566.436645508,173.143066406,18.9800357819,63.244934082,0.561619130895
1410,498.401580811,172.958374023,18.3511943817,50.8596229553,0.482907565311
1410,408.857696533,157.519332886,19.5106124878,56.6792030334,0.461400207132
1410,627.526062012,153.354507446,12.3653173447,52.725402832,0.365229113959
1410,452.751190186,171.070861816,19.3879070282,55.1522865295,0.192547612824
1410,508.804595947,173.366500854,23.1962718964,56.8512420654,0.131676555611
1410,564.419555664,202.398666382,28.7207050323,60.5904960632,0.115100317635
1410,13.0613050461,161.05696106,29.0683040619,69.2580032349,0.105278915726
1410,391.699737549,111.678855896,25.7064609528,73.545715332,0.0288541486952
1440,529.888977051,168.341659546,24.4987125397,59.0385627747,90.2846217155
1440,496.0519104,169.855453491,18.3204364777,57.8861083984,81.1122953892
1440,463.008911133,182.385269165,16.2778644562,46.5766906738,35.7449918985
1440,516.53302002,169.813858032,17.3884677887,56.6629333496,32.7197104692
1440,436.337524414,169.046585083,19.6874980927,51.5250091553,16.9849902391
1440,447.246856689,104.320579529,22.3649158478,63.6896476746,2.9839605093
1440,621.94128418,120.218406677,16.8124446869,64.8204803467,1.26396883279
1440,151.747970581,170.427062988,20.97697258,53.8354797363,0.680177425966
1440,178.269836426,166.718673706,19.2399921417,55.8194923401,0.433981884271
1440,476.748565674,178.682250977,15.7706947327,49.7119560242,0.42438916862
1440,608.184997559,208.056625366,22.1037540436,52.3476409912,0.176558748353
1440,435.215698242,115.112365723,21.3721561432,58.9566650391,0.0278857216472
1440,553.345825195,180.935440063,16.9630336761,45.6013069153,0.0226498712436
1470,583.109741211,163.007125854,29.9366283417,72.7048568726,92.9760634899
1470,424.326507568,178.679992676,20.3834819794,51.1730957031,91.8065667152
1470,455.566986084,178.910354614,19.8530826569,52.1900749207,82.0091605186
1470,561.637634277,176.262588501,18.7197170258,52.8680877686,74.0199506283
1470,438.579559326,176.747543335,19.2209205627,53.8235626221,54.296797514
1470,600.695861816,173.631729126,21.8095626831,62.6917419434,26.1178463697
1470,512.102478027,179.876235962,17.8866634369,50.5949745178,11.6864413023
1470,17.0602474213,182.195556641,25.5836715698,49.9953422546,10.316773504
1470,120.48550415,178.041397095,21.5042324066,53.0088005066,4.52596917748
1470,549.948242188,172.667129517,17.1483249664,53.8786125183,1.96895487607
1470,8.8046131134,177.482284546,15.5881662369,52.8225593567,1.09810242429
1470,369.113800049,85.9494628906,22.3918437958,61.2757911682,0.600917870179
1470,418.025909424,84.900138855,18.6537570953,65.5795822144,0.567297078669
1470,471.48550415,184.41859436,19.3297615051,44.7020111084,0.388040672988
1470,135.152008057,167.592483521,21.8681812286,59.2551727295,0.240883952938
1470,618.13482666,182.40397644,15.892285347,52.9588127136,0.163069157861
1470,373.822418213,86.6772537231,35.7739753723,104.241027832,0.0144084464409
1500,403.901641846,173.929153442,27.0031585693,61.1929359436,98.1323421001
1500,441.797454834,168.89805603,26.3571796417,63.0958824158,97.1253812313
1500,569.581604004,159.228012085,26.6602153778,82.9525146484,90.2679622173
1500,14.4755373001,193.719894409,17.602722168,41.9379959106,38.6480987072
1500,557.592224121,173.055007935,22.6012172699,64.9142379761,23.2976689935
1500,524.818664551,192.603683472,18.7048931122,43.0430335999,19.2247793078
1500,615.595153809,35.0633888245,20.6036624908,65.3727111816,12.1153183281
1500,598.87097168,168.0675354,26.8126602173,88.8001098633,12.055683881
1500,423.139251709,163.728500366,18.6008834839,63.9697380066,10.9947599471
1500,615.063964844,199.34602356,18.9278945923,54.362411499,6.2427867204
1500,586.058410645,164.218811035,21.4211425781,71.2901992798,5.37962168455
1500,116.217102051,182.947799683,18.669506073,46.6904602051,4.6878054738
1500,446.333404541,47.8777160645,24.5995883942,76.1966705322,3.65327112377
1500,90.441444397,167.752365112,18.9458808899,55.7917938232,1.50982961059
1500,515.113830566,193.857421875,16.5847702026,42.6808204651,1.31898829713
1500,627.418273926,64.2715682983,12.5817260742,61.9860687256,1.29543319345
1500,453.605682373,160.081680298,29.215215683,60.9185066223,0.654844474047
1500,616.788879395,91.9216918945,17.8091392517,61.738658905,0.517610972747
1500,425.436126709,55.3005409241,26.1965732574,82.8995895386,0.275357626379
1500,379.356781006,69.7124023438,23.9600048065,68.0485916138,0.164199934807
1500,385.69921875,69.9533157349,36.3212623596,108.984741211,0.0350682559656
1530,411.074829102,165.611465454,32.9918823242,70.4330062866,99.3219316006
1530,367.658569336,173.726638794,27.6277313232,70.996925354,99.2274880409
1530,460.846191406,135.699584961,25.6994094849,73.4950027466,60.3093504906
1530,357.049224854,171.460754395,17.6051578522,67.441947937,39.0958607197
1530,7.34264421463,189.019348145,14.7112693787,44.7495155334,34.6399277449
1530,578.424377441,198.032119751,19.3350639343,51.2730407715,26.3641923666
1530,448.014526367,151.276260376,25.6607589722,58.7391815186,10.402341187
1530,390.447540283,169.338973999,16.5926551819,64.5137405396,7.97141939402
1530,435.062042236,162.875961304,19.7425823212,56.2084388733,3.38711291552
1530,402.968139648,170.75189209,15.8977766037,62.8038978577,1.46897993982
1530,195.150100708,174.252944946,30.1650848389,72.6569442749,0.328372837976
1530,437.620697021,52.0691337585,23.2079105377,66.5617904663,0.204619672149
1530,220.931274414,169.583053589,20.0459461212,46.5517234802,0.200752913952
1530,616.373168945,96.8250732422,17.0478649139,55.3895683289,0.0668224529363
1530,337.762298584,166.772567749,22.0013122559,65.14427948,0.0562340079341
1530,389.876373291,55.7344093323,21.3342418671,58.4770202637,0.0231965488638
1560,290.765594482,169.251480103,43.4088439941,96.7919387817,99.3054568768
1560,347.199554443,164.236190796,39.2434692383,92.3349075317,97.6355969906
1560,266.92276001,171.089065552,24.6627140045,83.9137649536,96.5580523014
1560,461.234466553,129.928756714,23.3387889862,73.6299057007,14.0694633126
1560,476.892608643,165.322509766,17.6983242035,55.8857727051,9.3376211822
1560,322.370635986,167.973754883,17.4939441681,65.4722900391,6.08827546239
1560,121.000144958,209.307373047,31.3235187531,107.275856018,4.29974235594
1560,614.490600586,162.948501587,15.853679657,51.0640449524,2.20048185438
1560,592.262023926,172.364379883,13.7181129456,41.4904594421,2.0069912076
1560,334.746459961,165.775604248,17.5308494568,62.9727630615,1.87804233283
1560,152.093399048,199.750350952,25.7010822296,60.5306892395,0.873881019652
1560,287.788909912,173.936721802,20.2412109375,73.4102554321,0.869872141629
1560,93.1045913696,157.409790039,27.5302505493,67.3328399658,0.509109999985
1560,142.765548706,208.149307251,19.0538463593,57.6117362976,0.321876583621
1560,86.0042114258,189.77204895,20.8520946503,64.3195343018,0.214232876897
1560,161.167861938,176.273788452,23.9220371246,60.1185569763,0.132253300399
1560,369.958618164,169.617477417,19.8855628967,55.0683441162,0.045586147462
1560,173.570251465,172.325790405,20.221868515,49.9334602356,0.0358326476999
1560,390.262939453,36.3392906189,33.6372718811,70.9964447021,5.80169853492e-05
1560,399.582122803,109.470581055,29.8809680939,73.6078567505,4.87044587771e-05
1590,189.467086792,162.989700317,57.5415802002,115.1769104,99.863666296
1590,264.385284424,157.057815552,50.1877288818,106.179725647,98.7779855728
1590,150.272796631,167.069244385,36.2972755432,102.002586365,97.9623317719
1590,455.645050049,162.780899048,21.4233226776,55.8184204102,97.3611474037
1590,366.461425781,170.750915527,20.5870800018,50.0092506409,82.3996305466
1590,330.92074585,167.675415039,25.143119812,56.9314460754,75.813794136
1590,465.871185303,156.765975952,27.208322525,62.6028022766,20.037946105
1590,441.484863281,158.063705444,17.1337757111,56.9220314026,15.8543303609
1590,495.817474365,163.44593811,22.6810588837,53.4302215576,10.1987935603
1590,289.120391846,166.564834595,21.6244182587,60.9788017273,8.85694175959
1590,474.366607666,121.962890625,27.2058124542,77.815864563,5.52334710956
1590,611.325622559,164.802627563,16.2296142578,48.9905967712,5.12165091932
1590,425.887542725,147.60824585,19.4494476318,67.3704223633,1.71143971384
1590,346.286224365,167.725662231,18.3096599579,52.4540710449,1.31877297536
1590,402.245391846,164.208557129,20.9453468323,52.5018196106,1.30263892934
1590,487.242706299,151.28994751,19.9820690155,55.6682281494,1.22353089973
1590,73.5343170166,185.351577759,33.5737228394,78.0158157349,0.957120489329
1590,387.411987305,155.807907104,23.4931316376,58.2715759277,0.873289722949
1590,171.037231445,200.296585083,21.5777111053,62.5981903076,0.676531158388
1590,450.28427124,33.6807365417,21.5105724335,62.2145118713,0.519502162933
1590,620.509460449,157.868789673,19.1811752319,57.8202171326,0.294490088709
1590,229.584945679,155.698196411,45.3224639893,115.029663086,0.213146652095
1590,174.689712524,168.128616333,27.7658214569,65.4743118286,0.182115926873
1590,10.2504806519,138.377441406,28.5953769684,55.3402862549,0.0262849847786
1590,415.137298584,34.3121757507,23.7091426849,66.1671829224,0.00328998321493
1590,221.572265625,167.105667114,20.044210434,73.7439804077,0.00232107940974
1590,429.102386475,42.2554321289,34.8277740479,85.9330444336,1.12273923492e-05
1590,385.037322998,43.5698204041,28.8787212372,65.6446609497,8.17954237675e-07
1620,45.1875305176,143.009872437,58.094959259,156.592636108,99.5094001293
1620,147.310531616,143.266311646,53.660358429,132.580062866,98.8435983658
1620,253.67149353,163.846252441,24.7179660797,60.2290153503,94.8944807053
1620,291.740936279,166.363311768,22.2540836334,52.7143707275,91.7092263699
1620,229.688827515,165.895980835,23.362947464,52.6034126282,88.2597148418
1620,7.71383523941,148.1824646,41.546043396,122.119606018,87.8765523434
1620,135.538528442,158.650161743,21.7747402191,67.0585632324,78.9362609386
1620,437.715118408,141.189758301,23.2949771881,73.5297470093,17.8418338299
1620,525.736755371,157.694488525,24.8778991699,51.6640472412,12.6965850592
1620,476.287506104,107.120422363,32.9223632812,99.2084884644,7.33513012528
1620,393.599517822,110.59677887,31.7927532196,97.9825820923,6.27339333296
1620,42.0285224915,157.312820435,21.4116077423,69.2580490112,5.11505678296
1620,453.005950928,137.203887939,21.810049057,69.0270767212,4.37029525638
1620,305.132293701,166.536849976,19.564491272,54.3635101318,3.528303653
1620,326.864135742,154.853500366,23.790063858,60.0553016663,2.72141005844
1620,616.545043945,122.036582947,23.2168521881,73.766746521,2.44306512177
1620,176.923843384,159.146224976,22.0434551239,76.1175308228,2.3314377293
1620,8.71993732452,143.759902954,22.752904892,70.4033660889,1.47917885333
1620,614.445251465,79.2767105103,19.8782062531,56.5581474304,1.25056561083
1620,146.326095581,140.858596802,21.0796527863,77.8566207886,1.19967265055
1620,413.447235107,156.684494019,20.4353675842,56.0281715393,0.853360816836
1620,26.2905635834,155.147659302,21.3224468231,66.9997253418,0.622082222253
1620,409.991729736,97.3901138306,35.084236145,104.829139709,0.343864620663
1620,380.302246094,137.714401245,27.1033248901,68.8623275757,0.321962521411
1620,273.163085938,164.570648193,25.4371738434,53.7360687256,0.256513128988
1620,171.883468628,150.048080444,69.7032775879,101.617492676,0.238579697907
1620,90.4761581421,146.518051147,17.8143405914,63.8699073792,0.196966389194
1620,26.6151561737,201.707199097,21.4933834076,71.4632263184,0.118765386287
1620,163.92489624,143.883239746,25.088766098,67.224647522,0.0715016445611
1620,6.44857788086,192.842453003,21.6160678864,60.5464363098,0.0404281134252
1620,449.06729126,23.6279392242,26.0090122223,72.4653244019,0.000192953734768
1620,462.673431396,27.126707077,24.7743206024,53.9968528748,5.3544529921e-08
1650,10.7046308517,149.049499512,54.4056663513,142.326583862,99.2381393909
1650,213.715682983,164.039505005,29.3819904327,62.3191413879,96.57330513
1650,257.391357422,176.276733398,21.0636425018,48.721862793,93.4699952602
1650,162.484176636,170.225646973,22.6715488434,56.6217918396,93.4176564217
1650,290.853973389,175.488220215,21.5958309174,50.5151367188,87.5054359436
1650,187.552978516,170.37008667,22.1681423187,56.8652153015,63.9422655106
1650,201.139572144,166.169250488,24.541852951,62.3851623535,27.3397356272
1650,15.3573608398,206.015762329,27.2314147949,82.4756088257,8.23748260736
1650,399.078338623,97.841468811,34.6859893799,117.15070343,7.34476596117
1650,275.742584229,174.189453125,17.067401886,55.351776123,3.69264222682
1650,566.346313477,164.304779053,25.4339752197,61.6014595032,3.24445664883
1650,48.9778633118,129.409866333,28.7443561554,81.6030654907,2.40873303264
1650,242.110946655,168.897216797,17.4179611206,58.0815925598,1.2389014475
1650,494.487945557,101.786071777,30.613702774,79.0973205566,1.07691446319
1650,9.77852344513,152.313247681,20.3720188141,61.1545600891,0.991393253207
1650,42.7744903564,162.217056274,21.2271518707,66.9445877075,0.351841794327
1650,388.198852539,148.229598999,20.6050014496,64.9440383911,0.317909545265
1650,420.58303833,124.429718018,24.0147628784,66.2557373047,0.287128565833
1650,35.6799354553,207.37902832,27.3220367432,80.7764053345,0.269915931858
1650,24.4656238556,144.461120605,27.4446868896,80.2979660034,0.192617450375
1650,128.887298584,127.444488525,22.2335948944,63.6585502625,0.183074397501
1650,521.877380371,163.817749023,27.9867553711,68.7277526855,0.172388576902
1650,71.811882019,117.069587708,24.6829528809,97.4440689087,0.158783164807
1650,63.6038627625,165.424697876,15.8462438583,48.0060997009,0.0558251515031
1650,503.555328369,40.2815055847,31.8668498993,91.5794296265,0.0538310909178
1650,428.403045654,84.2803421021,23.2328281403,61.9647483826,0.0279463274637
1650,150.12449646,127.937187195,27.9822711945,63.9590415955,0.0260680564679
1650,451.606414795,29.675201416,33.1667823792,96.7677230835,0.0038921552914
1650,469.434082031,29.2663497925,24.1837463379,64.6470489502,6.35160413154e-07
1680,399.69519043,108.719055176,35.3783836365,117.293769836,37.4745249748
1680,463.405303955,148.278884888,19.733537674,58.1942939758,4.62006293237
1680,448.868774414,153.381973267,24.7132434845,68.9367599487,2.99969594926
1680,417.787872314,170.158966064,21.4543895721,57.2380638123,1.76511388272
1680,496.877471924,181.530899048,19.1980037689,43.6737785339,1.66995432228
1680,477.347381592,144.381652832,27.5018157959,73.3801574707,1.3203760609
1680,518.74597168,183.061264038,18.1585922241,47.0645751953,1.31276501343
1680,406.280273438,169.073410034,20.1738071442,53.9540405273,0.93063833192
1680,442.531402588,145.613449097,18.6352005005,57.2335319519,0.3996248357
1680,440.50692749,85.8444747925,21.6862125397,63.3453407288,0.383367808536
1680,511.494018555,101.272834778,22.8001422882,62.5411949158,0.298910355195
1680,255.820129395,173.270980835,21.0831108093,48.5326652527,0.26825866662
1680,389.582000732,157.942382812,27.8038082123,57.1242179871,0.239537563175
1680,425.872161865,129.091903687,27.8948745728,82.9189987183,0.194316939451
1680,436.583221436,174.333816528,19.1233005524,48.9289398193,0.140464433935
1680,465.258087158,35.9214744568,34.7460746765,82.6543884277,3.24270104102e-06
1710,92.6378097534,184.162796021,26.0286922455,60.3943901062,99.5902836323
1710,52.4310035706,186.522216797,24.038438797,57.7391471863,97.5273489952
1710,138.894714355,175.692932129,28.3651027679,64.4342269897,96.5598642826
1710,202.535522461,183.852218628,21.5856990814,53.0285682678,83.3331108093
1710,162.170776367,183.489517212,20.8409061432,54.4836769104,83.019977808
1710,7.58061218262,159.953338623,19.5942306519,60.1309661865,5.28857149184
1710,44.0561065674,183.128219604,16.9728679657,52.7506980896,0.962873082608
1710,80.8222732544,188.327682495,15.832233429,44.0669212341,0.442122528329
1710,36.2152175903,167.696182251,17.7031288147,56.1928253174,0.274504395202
1710,610.091918945,187.89704895,18.4289226532,48.3228492737,0.136761809699
1710,73.1264877319,181.743896484,14.6949729919,51.0204658508,0.0625389104243
1710,130.04284668,157.907302856,21.1558933258,55.1862754822,0.0568450603168
1710,445.034515381,84.5246963501,22.2919216156,59.2839546204,0.0149594488903
1710,113.952392578,134.357391357,28.6427402496,71.0725631714,0.000602192994847
1710,478.36328125,35.3003692627,30.1550350189,93.331993103,0.000200772456083
1740,103.494651794,183.110046387,26.8416748047,60.2697486877,99.416911602
1740,281.494995117,179.967590332,25.3024272919,61.3627471924,96.0081040859
1740,352.800537109,169.263046265,32.8335609436,72.3234100342,93.9379811287
1740,152.789871216,184.646530151,27.2752132416,59.8694038391,91.5920376778
1740,52.9587593079,188.109542847,25.0389232635,54.2610588074,89.8098289967
1740,168.672073364,185.334518433,22.2606220245,54.6858558655,50.2813637257
1740,414.529296875,157.485733032,21.7746105194,65.4693527222,43.594583869
1740,119.541992188,184.763244629,24.5862407684,62.115737915,12.4563075602
1740,456.468261719,163.182830811,23.4796524048,69.4976577759,3.60098108649
1740,66.5021743774,175.640335083,19.3506526947,60.7556266785,2.76628248394
1740,44.5559806824,182.877853394,19.6563892365,49.4764060974,2.68474891782
1740,495.469238281,168.481216431,21.3430309296,57.200252533,2.67803687602
1740,450.114013672,146.152053833,19.4885654449,55.5018882751,1.5571044758
1740,426.727294922,141.109939575,24.5395889282,84.221206665,1.54245048761
1740,135.382995605,180.487991333,21.8867511749,61.5632324219,1.45232807845
1740,467.739715576,146.34564209,19.1122970581,58.2766876221,1.25057715923
1740,84.2153396606,172.875045776,14.6130723953,54.4627838135,1.04403216392
1740,30.1090488434,168.376815796,18.6840572357,56.2404518127,0.533255469054
1740,340.010192871,168.835769653,19.6867160797,58.7077217102,0.434838328511
1740,439.129882812,170.145614624,21.8615322113,59.4297943115,0.353715661913
1740,1.36269760132,176.845657349,22.6898899078,62.6192893982,0.320988637395
1740,485.963775635,184.553482056,17.6851444244,45.8292808533,0.188922928646
1740,7.33176422119,130.59135437,18.0541477203,50.0777931213,0.0959493161645
1740,444.864044189,86.7779769897,22.1433544159,57.6153259277,0.0211507489439
1740,468.900482178,32.9200592041,32.5858230591,79.7412796021,3.30420810712e-06
1770,49.5764045715,133.555099487,116.50592041,243.724014282,99.7080266476
1770,408.426055908,175.277450562,26.1663455963,65.5341262817,88.7423038483
1770,112.108909607,137.38230896,38.0344009399,95.1794204712,14.9161666632
1770,332.839813232,173.820785522,16.9671630859,48.7640647888,6.81619569659
1770,344.013061523,175.559448242,20.8670558929,53.8284301758,5.05102351308
1770,493.708404541,160.760070801,22.101480484,64.0098953247,4.7772731632
1770,57.3304138184,230.081832886,50.9523162842,143.769622803,4.4596619904
1770,454.870147705,158.864364624,25.5388946533,72.5414505005,3.90754975379
1770,472.776245117,156.678359985,22.5404205322,65.5545272827,0.999967381358
1770,448.053375244,149.49546814,18.7541732788,56.3217124939,0.695100985467
1770,425.471069336,175.004760742,21.6282501221,60.153049469,0.640026899055
1770,68.5989608765,310.897705078,25.2778644562,60.8339080811,0.586459878832
1770,66.3915328979,144.508865356,56.8394126892,126.728431702,0.442457338795
1770,392.072174072,165.489700317,18.7847728729,61.6109466553,0.388683169149
1770,618.773132324,197.736160278,20.4385871887,65.141784668,0.325897103176
1770,89.4965591431,233.557174683,51.8847160339,130.408737183,0.301857083105
1770,432.497802734,143.881546021,26.3001708984,76.6706390381,0.199110899121
1770,402.964508057,178.348922729,15.5343551636,56.4239311218,0.191269163042
1770,57.1686248779,218.30406189,26.0801925659,76.8316345215,0.121904700063
1770,120.221008301,216.726867676,43.3405265808,110.404754639,0.0343216524925
1770,37.2265434265,151.694152832,56.5394592285,132.220367432,0.0270903052296
1770,8.557305336,125.064476013,22.6237239838,65.6663360596,0.0181780866114
1770,135.853607178,136.821029663,21.6217784882,60.1095542908,0.0164979530382
1770,445.431152344,86.0555648804,21.4620056152,58.4004821777,0.0153796412633
1770,146.276473999,131.865112305,23.9515380859,56.0412902832,0.00656803676975
1770,467.376068115,27.9159393311,32.9902992249,81.9903945923,1.15272165147e-05
1770,485.301727295,27.9145812988,23.8691101074,59.403881073,3.94523391734e-07
1800,212.606521606,140.5362854,140.347976685,240.170761108,99.4568586349
1800,29.9440059662,188.727920532,26.7418651581,58.8013191223,99.2411971092
1800,54.6383247375,142.11529541,94.802772522,211.312332153,98.8092839718
1800,204.325363159,184.616775513,25.3518276215,61.1257476807,95.2962815762
1800,8.69333362579,191.425292969,16.041639328,52.4480934143,50.7321059704
1800,26.9649658203,147.848770142,59.2400016785,203.562805176,8.71762931347
1800,66.5580749512,152.511520386,45.8171195984,114.941833496,5.92374019325
1800,223.930953979,153.555221558,53.2980308533,168.594039917,3.65758538246
1800,100.877075195,213.846496582,42.5880393982,135.620529175,2.41206269711
1800,63.7310600281,288.167236328,25.0347290039,60.7995414734,0.732526276261
1800,62.9590644836,167.005569458,20.5577602386,68.8048324585,0.686315959319
1800,90.3032836914,133.20300293,47.0852928162,133.055328369,0.667872279882
1800,617.440856934,229.95715332,15.6115074158,46.7251396179,0.2362271538
1800,277.215057373,149.907943726,59.5887451172,138.638504028,0.178730476182
1800,237.712158203,293.912078857,31.3502426147,82.1789779663,0.164608529303
1800,51.5957756042,179.110061646,17.5888996124,57.5795631409,0.164279469755
1800,116.837432861,135.350662231,26.2743988037,79.1658554077,0.0515431456733
1800,288.027435303,222.946350098,58.8018035889,142.202102661,0.0476556742797
1800,10.3750534058,135.218399048,21.5787639618,66.4459457397,0.0409509812016
1800,445.740875244,91.7990722656,20.6387271881,61.6872749329,0.0360900594387
1800,475.104217529,30.0490627289,35.9647293091,100.593269348,0.00153854307428
1830,204.272033691,133.161941528,91.119392395,223.622390747,99.1796195507
1830,390.861236572,150.194595337,140.062210083,219.112503052,97.8028357029
1830,318.696777344,184.129394531,29.1240463257,56.9595298767,97.270065546
1830,1.73281478882,185.904800415,19.7290592194,58.8777160645,92.9677784443
1830,80.3089981079,142.015274048,66.5049972534,135.135543823,81.1350524426
1830,46.0003852844,194.962768555,19.817609787,47.9858207703,78.5047233105
1830,392.422698975,143.641159058,52.4902000427,174.213760376,53.9563179016
1830,62.2406311035,192.485275269,16.7131443024,45.968662262,33.541560173
1830,454.565093994,211.619674683,58.8400688171,153.219421387,21.708509326
1830,122.340423584,154.679077148,25.8832530975,80.0755996704,11.4714853466
1830,252.573043823,182.762069702,33.5264816284,82.8349227905,10.3284575045
1830,449.735443115,123.814292908,53.3413848877,163.257156372,9.22416374087
1830,403.792724609,166.037857056,30.0353603363,81.0092849731,8.08651000261
1830,44.9935760498,171.882263184,60.0818977356,92.5101242065,7.89398923516
1830,204.522689819,165.603286743,28.3248996735,83.0595169067,6.913972646
1830,428.788574219,234.83946228,50.3529243469,139.479476929,3.44220325351
1830,310.143463135,187.439682007,18.6625862122,51.6081581116,3.2707631588
1830,13.0257844925,185.289428711,18.4424533844,51.0226249695,1.64685957134
1830,209.05645752,244.144241333,32.5514411926,107.407989502,1.43670234829
1830,526.10357666,155.677185059,19.5788497925,54.3573722839,1.33888451383
1830,73.2544784546,171.227737427,18.9096641541,58.1385650635,1.10492790118
1830,419.538330078,127.056129456,30.0480651855,101.58682251,0.954300072044
1830,34.4602203369,156.181945801,33.9084434509,73.979888916,0.674750423059
1830,14.5839223862,135.252090454,21.5237407684,65.9888381958,0.497611658648
1830,377.881011963,164.675842285,33.7748794556,85.2769699097,0.442398618907
1830,224.545730591,147.599411011,43.7823829651,117.873512268,0.365947093815
1830,100.434532166,145.131530762,31.6084957123,71.8292770386,0.26429311838
1830,459.784393311,302.342010498,23.6210098267,63.4220161438,0.239365478046
1830,484.304840088,188.697433472,29.4539794922,66.7321777344,0.220233458094
1830,256.768127441,214.132324219,52.5371055603,132.234329224,0.138242403045
1830,25.6262149811,177.583694458,19.072467804,54.2874908447,0.121700635646
1830,446.316558838,85.7476425171,20.713136673,53.7876586914,0.0998823205009
1830,272.781951904,188.278823853,20.7277984619,53.3487091064,0.0827636569738
1830,433.241729736,139.241851807,35.7220878601,116.461204529,0.00531742480234
1830,431.992523193,82.5884780884,28.1372146606,79.2900314331,0.00359705227311
1830,466.017944336,29.4673862457,32.5527076721,95.7408447266,1.03174798483e-05
1830,484.34753418,29.8346424103,23.8072109222,63.2567596436,1.57194577355e-06
