30,157.140609741,48.1783485413,22.0405445099,56.6243782043,21.6315805912
30,439.503082275,90.4109115601,21.6629867554,56.8119392395,4.69336882234
30,606.33782959,109.71697998,25.5870723724,61.7207145691,3.44785004854
30,431.432098389,110.960609436,19.8377742767,60.0561828613,2.27766670287
30,393.322021484,172.978149414,23.4625301361,62.3414916992,2.1433994174
30,488.382415771,151.432662964,20.6700382233,50.3071250916,2.05611363053
30,609.039733887,244.782241821,22.9320087433,61.9761505127,1.87650993466
30,475.837432861,74.5749588013,22.8935928345,59.5453300476,1.25931408256
30,407.321075439,182.862228394,19.4377613068,49.8670082092,0.950034800917
30,445.307373047,64.6754379272,20.5479640961,51.7510986328,0.924258027226
30,445.348266602,116.428894043,20.7978057861,47.9975242615,0.716902781278
30,460.693206787,131.834335327,22.3909511566,50.8572731018,0.696358270943
30,504.665618896,147.994430542,20.1096496582,54.4836158752,0.55121970363
30,461.672515869,81.2642593384,22.6500988007,56.4640197754,0.540613615885
30,456.389678955,109.248634338,20.6005134583,48.8292045593,0.498164119199
30,614.820251465,84.1918411255,24.6737670898,63.2598419189,0.425457116216
30,477.607757568,144.498764038,20.9159069061,49.0943183899,0.362467835657
30,486.855804443,58.2372703552,21.6907043457,55.2595100403,0.353837385774
30,462.867584229,32.3493537903,28.6672821045,64.650428772,0.300727318972
30,376.338226318,78.5081939697,20.8326225281,63.2964363098,0.28393259272
30,540.465576172,17.8227939606,24.3597812653,57.9612922668,0.244952668436
30,433.829101562,126.843811035,30.0089740753,78.1707382202,0.219664000906
30,524.072387695,22.3926372528,22.7724590302,62.3090362549,0.165563111659
30,514.762207031,141.405563354,31.1276073456,64.592628479,0.147783430293
30,471.416015625,123.585693359,21.8195018768,48.6102638245,0.140349066351
30,449.400848389,137.634735107,22.2508029938,50.3915672302,0.111603608821
30,532.052062988,145.013809204,29.186340332,59.7013893127,0.0870641495567
30,390.092071533,73.6322555542,30.422826767,83.1647033691,0.0810048833955
30,504.993255615,107.014625549,33.2762680054,69.1421813965,0.0782334129326
30,169.39213562,53.7448730469,23.0159320831,56.2670898438,0.017048123118
30,557.426574707,20.994720459,32.2092018127,60.4102783203,0.00181857667485
60,156.609512329,51.4816551208,22.6531200409,54.1664924622,9.98345986009
60,444.815093994,92.0930709839,21.4147949219,55.2102050781,1.72192305326
60,83.2171859741,151.329269409,17.5655765533,62.4481086731,1.50203621015
60,293.055633545,76.7177200317,18.8589553833,47.5356788635,0.633257860318
60,480.663970947,75.7666244507,23.12849617,67.6622085571,0.321025867015
60,456.594482422,87.9033584595,21.0643444061,57.5676231384,0.282475561835
60,524.771911621,26.7618770599,22.69921875,60.3179512024,0.192349543795
60,378.53894043,79.4759521484,21.126291275,70.2595901489,0.141520495526
60,456.025146484,44.1266746521,25.9135456085,70.3157348633,0.132937927265
60,440.870147705,25.9407405853,19.8742618561,53.0398139954,0.0981558929197
60,140.7603302,46.4446411133,20.6696434021,48.8258018494,0.0975067319814
60,424.362457275,33.557674408,31.0855255127,82.7054748535,0.0735258974601
60,493.554534912,65.8485794067,30.6150226593,70.4176483154,0.0496664841194
60,232.374710083,84.6061706543,29.4551258087,68.8881072998,0.00728610466467
60,535.686218262,27.323091507,34.8115463257,70.9641876221,0.000398723022954
90,396.984619141,186.179855347,21.7333831787,53.8278617859,3.35752628744
90,485.715209961,62.8160514832,27.6455535889,61.61460495,1.73440631479
90,446.328094482,91.6499404907,20.4307632446,50.405506134,1.04123326018
90,617.112854004,45.7947692871,18.0449886322,53.5200538635,0.866869743913
90,468.166168213,71.8139266968,30.8032913208,78.084487915,0.613396707922
90,466.23538208,148.69480896,21.8155975342,51.4741859436,0.374936196022
90,459.409576416,47.1013374329,27.4374752045,61.7938995361,0.344471819699
90,513.454284668,156.362045288,20.9234657288,54.5714111328,0.327118788846
90,484.640533447,153.440979004,33.0232772827,70.976020813,0.280647957698
90,78.0491638184,154.324081421,20.5917301178,63.8570747375,0.276336492971
90,475.813720703,157.581039429,23.1145801544,54.1477203369,0.26502404362
90,416.108551025,190.500106812,25.0441761017,50.977481842,0.241668289527
90,445.191986084,139.781692505,20.9316310883,48.6120300293,0.200795498677
90,434.483154297,55.8916931152,30.927400589,75.3980865479,0.200304901227
90,377.721099854,79.198600769,21.1297969818,70.5436325073,0.16252247151
90,505.456390381,183.025344849,27.997636795,66.7968215942,0.145106157288
90,348.4090271,126.102226257,20.4574279785,73.1770858765,0.101901765447
90,498.846923828,83.8017272949,20.2215518951,51.3347206116,0.0831851444673
90,537.763366699,29.6359882355,36.6356925964,73.0348129272,0.0633747084066
90,362.453613281,72.7511825562,18.555015564,55.306438446,0.0532143632881
90,561.368530273,23.7156581879,22.676733017,53.4545478821,0.0518627639394
90,235.615737915,97.4443969727,21.5879039764,51.436706543,0.0134854781209
90,159.074417114,64.6026535034,24.4309825897,64.4784927368,0.0132022731123
90,540.225769043,146.420547485,31.9525279999,66.3663864136,0.00813507285784
90,442.968383789,23.5593261719,29.4254684448,58.0300292969,0.00151718422785
120,394.321014404,188.019271851,25.7176837921,59.5910949707,5.89064769447
120,382.49710083,72.1024475098,32.1162452698,73.4425888062,2.4946436286
120,489.153686523,158.300857544,29.0687122345,74.7759552002,2.19900906086
120,616.899291992,99.9195556641,16.2451457977,51.7858734131,1.84762198478
120,482.497192383,64.4179916382,22.7721157074,51.5866661072,1.19524458423
120,471.404510498,162.707595825,21.6454696655,56.5177001953,0.902183540165
120,509.269775391,153.861068726,20.4568653107,54.9708061218,0.705081503838
120,440.305175781,102.692382812,28.3144683838,67.6037521362,0.524067040533
120,530.238586426,170.839828491,21.0629768372,53.2050476074,0.520923594013
120,416.418670654,192.384963989,24.2572250366,50.637512207,0.457172840834
120,193.728225708,176.538375854,18.5365772247,42.1671829224,0.373627291992
120,293.336700439,79.0770492554,19.2977676392,47.5194244385,0.287740933709
120,460.297241211,149.040420532,22.4357357025,50.7174987793,0.258486927487
120,78.4318313599,156.714767456,20.8169021606,63.3153991699,0.21362316329
120,555.911437988,129.278961182,22.5000629425,55.3969688416,0.208239676431
120,456.403167725,74.5880203247,20.435174942,47.9606666565,0.183037633542
120,382.967926025,173.260696411,18.6937427521,51.6288757324,0.170197803527
120,468.729370117,127.867713928,29.0092525482,62.885181427,0.162563321646
120,374.813812256,81.8197555542,19.6031208038,65.1740493774,0.156783161219
120,613.328918457,27.8201274872,26.671081543,67.5683822632,0.133295194246
120,467.155517578,33.5630683899,27.0892696381,62.969959259,0.118805211969
120,479.067901611,82.2861709595,33.5241279602,75.0390625,0.108847406227
120,535.043395996,29.2462844849,34.5846939087,79.6499786377,0.104700692464
120,439.363922119,142.889816284,21.4916324615,55.05027771,0.0949734880123
120,502.043334961,206.832138062,25.4091968536,51.3451690674,0.0579658953939
120,508.388671875,176.817123413,31.9560718536,69.492225647,0.0498125504237
120,561.903564453,21.4687519073,22.6941051483,49.2407684326,0.013102235971
120,540.677185059,146.656051636,32.2001609802,67.8418045044,0.0130439773784
120,518.830383301,20.235458374,32.3863792419,67.0230789185,0.00458577924292
120,502.468170166,18.5627593994,24.4145107269,55.2337036133,0.000989802265394
120,605.297973633,17.644739151,21.5801925659,52.9000968933,0.000764302330936
150,396.425292969,184.047805786,23.957075119,62.1993675232,4.29336950183
150,490.096405029,160.955795288,27.2613964081,70.8951339722,2.08717733622
150,444.713043213,91.3691177368,21.6094379425,55.065776825,1.95037424564
150,617.604064941,109.048095703,17.2895565033,49.7828521729,1.53932208195
150,317.757049561,77.1166610718,37.6944694519,95.1373672485,0.990024674684
150,470.511383057,163.461532593,22.5926742554,52.7907218933,0.978402327746
150,413.450469971,196.590194702,19.5344562531,47.7254600525,0.948111526668
150,380.518676758,70.8895187378,34.5705070496,81.8892364502,0.836320128292
150,617.88861084,47.081829071,17.9597587585,50.3889923096,0.783809181303
150,438.811859131,136.092575073,20.8423366547,54.2583885193,0.650657014921
150,78.7626113892,159.856201172,20.8468112946,59.2443962097,0.641935411841
150,481.991973877,72.2407836914,23.501531601,57.3836479187,0.499704200774
150,482.510284424,154.315994263,22.0034503937,54.9475746155,0.327231385745
150,383.324188232,173.360275269,17.9344158173,51.3607788086,0.308025931008
150,459.86730957,147.953689575,22.6917324066,51.6505622864,0.299868220463
150,293.180908203,77.0445709229,19.3911876678,48.0760803223,0.276665366255
150,506.389648438,153.401992798,27.8157901764,63.1451377869,0.254689296708
150,445.784057617,218.191207886,28.4983615875,51.24659729,0.235822517425
150,538.140441895,121.059326172,28.5515670776,65.0305709839,0.212324503809
150,556.096435547,129.80430603,22.354429245,56.8077964783,0.204862211831
150,153.478164673,51.8381347656,29.1207408905,72.8095474243,0.168576824944
150,450.0519104,141.591934204,21.2513771057,47.4340667725,0.158425664995
150,456.202636719,118.929969788,21.0485858917,47.384475708,0.130800704937
150,525.70135498,155.084243774,31.0282459259,65.2266998291,0.121333485004
150,375.016357422,81.0138015747,19.1915206909,66.7274551392,0.108342966996
150,524.787475586,26.0755710602,22.3926448822,56.4423027039,0.10712959338
150,562.061523438,22.9009532928,21.9370937347,51.5239219666,0.0792967912275
150,536.410827637,29.8320236206,35.0192947388,84.1932525635,0.0413757981732
150,502.277618408,18.6541996002,24.0494594574,55.2010383606,0.00077049335232
150,191.911453247,25.3562545776,23.1253490448,53.6010780334,1.99948985369e-05
180,610.978515625,104.209724426,18.9084835052,48.3264732361,8.96817445755
180,160.615112305,182.302124023,22.2322216034,40.571018219,2.80956700444
180,397.255249023,187.833969116,25.4192523956,58.0304374695,2.65953298658
180,79.0537338257,158.760513306,21.7218151093,62.9440307617,1.05026960373
180,617.121887207,125.481811523,17.7476596832,50.8069572449,0.933999102563
180,488.678009033,154.633056641,28.9063129425,64.3230056763,0.640146248043
180,416.093292236,196.035705566,25.1230449677,49.7030754089,0.515930633992
180,379.283172607,71.3468856812,34.6256217957,88.857208252,0.345630059019
180,477.506744385,150.678527832,21.6747722626,51.1689796448,0.326947052963
180,153.231536865,61.8238334656,21.4001865387,57.4499778748,0.312900426798
180,460.509124756,149.91734314,22.6371517181,50.0160064697,0.285367318429
180,488.156860352,68.3967056274,23.1874980927,55.3476142883,0.241047749296
180,388.880615234,176.870483398,20.8250026703,57.7144317627,0.23609152995
180,438.753662109,143.383834839,21.5876865387,52.7235069275,0.227177282795
180,553.667602539,116.285766602,29.6733112335,69.0777664185,0.215706997551
180,457.012664795,80.1203384399,20.8246135712,46.7710113525,0.178165186662
180,508.232940674,158.434402466,25.2689495087,64.2682571411,0.158784410451
180,292.726348877,82.4136276245,19.3979759216,48.113155365,0.147621787619
180,612.466125488,28.7218933105,27.5338745117,66.5296325684,0.127717875876
180,550.65234375,24.8362808228,22.7228488922,49.4973907471,0.121145206504
180,464.030670166,97.8699035645,26.9179897308,60.5461845398,0.1143949572
180,373.919433594,83.0055160522,19.7838096619,64.5959091187,0.0956200761721
180,568.062438965,23.1664485931,20.8895587921,50.4684867859,0.0722463533748
180,522.959716797,179.318725586,27.966840744,62.413105011,0.0581935921218
180,539.776855469,145.741500854,32.6645927429,69.5755844116,0.0106789819256
180,36.209312439,142.207199097,22.1661319733,54.1243133545,0.0105041719507
180,532.436706543,23.4868984222,29.3116817474,68.1413955688,0.00359062651114
180,605.561828613,19.1640548706,21.8492565155,52.6196556091,0.000383742872145
180,502.515655518,19.9307556152,25.0266094208,52.3255004883,6.19611398633e-05
210,616.387207031,102.926841736,16.8741855621,52.1499519348,1.78684853017
210,513.544494629,309.173278809,30.9572048187,69.3503875732,1.44831510261
210,377.954101562,85.1807937622,20.9106521606,71.7584838867,0.97586447373
210,394.161773682,71.983757019,23.6853923798,67.3561935425,0.853160209954
210,78.8270645142,160.625900269,20.2652454376,59.4548339844,0.79844025895
210,393.854980469,170.345855713,23.3897304535,67.291519165,0.793831888586
210,151.061264038,55.8210945129,25.5383434296,71.6371383667,0.353458267637
210,450.425628662,89.69115448,20.9879245758,53.6948509216,0.342305446975
210,440.692504883,72.717956543,19.8569469452,55.7617835999,0.31149040442
210,439.25289917,143.82119751,20.9633045197,53.8072662354,0.269231945276
210,293.736724854,78.0085983276,19.0337142944,46.6578407288,0.246432237327
210,477.322509766,162.031845093,22.0045337677,57.3060150146,0.218881852925
210,483.04977417,66.2719345093,30.3317718506,73.2889785767,0.188769120723
210,465.022003174,97.8153076172,25.4342212677,57.7170906067,0.153643195517
210,540.105163574,32.172454834,34.1116600037,77.9343261719,0.126822502352
210,530.70526123,25.8189411163,21.4686069489,60.8401641846,0.120544293895
210,408.991455078,188.857849121,24.661781311,55.6821746826,0.119531503879
210,233.564315796,86.4475402832,27.8234348297,67.4602203369,0.0286652473733
210,549.237304688,127.951538086,30.2131118774,72.102180481,0.0212593527976
210,556.234558105,22.956659317,23.3248348236,49.4080314636,0.0181454423
210,618.073913574,21.2970333099,21.9260864258,66.9905471802,0.0149574960233
210,506.815887451,21.4984874725,37.5006446838,74.0924301147,0.00165316687344
240,18.5778198242,120.523529053,96.0358963013,266.439422607,98.361569643
240,79.569732666,244.853637695,32.9110336304,121.706703186,26.6373932362
240,16.6551303864,247.032287598,59.1112480164,132.529830933,18.4006199241
240,6.13444137573,270.080078125,31.5319232941,102.937507629,16.8683573604
240,616.089172363,100.678764343,16.6988315582,51.0585670471,4.40039820969
240,397.123321533,189.741226196,20.7566928864,53.140789032,4.27427142859
240,394.591644287,70.9973754883,23.453704834,65.7959213257,1.09213972464
240,141.32359314,184.043258667,18.1271076202,43.7216758728,0.899838469923
240,378.0519104,86.7207946777,20.2490253448,66.7835235596,0.695271138102
240,293.994415283,79.0278396606,18.8070812225,45.7805023193,0.430875318125
240,29.6487674713,141.811569214,59.7841911316,119.823554993,0.319752027281
240,485.507904053,157.090362549,29.6205883026,66.2440719604,0.29948593583
240,477.257232666,153.808547974,22.2857227325,52.7919464111,0.245673186146
240,539.495788574,27.0156116486,35.9560661316,80.9445953369,0.155671546236
240,449.899414062,146.053024292,21.4340515137,48.254825592,0.130530854221
240,567.67401123,22.318069458,20.7207984924,52.0079154968,0.125688069966
240,409.99911499,188.107833862,23.7706012726,54.9783782959,0.114334560931
240,468.079620361,44.1434516907,28.2946300507,65.4491424561,0.111335911788
240,460.776947021,141.966110229,29.7247486115,59.6600074768,0.109480589163
240,483.369995117,132.815765381,20.9432430267,48.5416603088,0.091652921401
240,452.112701416,71.7980117798,27.1504001617,64.7911605835,0.0888590875547
240,477.049591064,66.8628845215,32.8770370483,75.3180084229,0.0848487659823
240,88.0477676392,151.056777954,19.6600971222,62.8580589294,0.0592381635215
240,74.5944213867,135.826919556,26.0777759552,107.127632141,0.035216571996
240,49.2123718262,274.491912842,42.2393951416,97.3816452026,0.0270133692538
240,549.039367676,129.525268555,29.8701953888,63.6417121887,0.023025018163
240,617.113952637,21.9981231689,19.9047889709,57.8465576172,0.0156646885443
240,232.098373413,83.3266601562,29.6457500458,69.9912643433,0.0136319606099
240,523.661865234,24.3453903198,30.0820217133,66.6983413696,0.0015588981114
240,503.264892578,19.4428005219,24.3609390259,54.3727111816,0.0013797623069
240,154.32510376,62.2362976074,32.0062217712,79.2474746704,0.000592403648625
270,226.150314331,132.589828491,96.9347915649,253.887374878,96.7306852341
270,160.178268433,274.89465332,57.185962677,116.344688416,21.6278746724
270,279.793243408,248.788452148,50.6307029724,132.547592163,11.4125996828
270,153.369033813,198.847457886,115.824707031,193.989120483,5.53074255586
270,177.304550171,281.260284424,24.2986011505,72.7595901489,3.38895469904
270,492.889678955,164.528518677,29.0034656525,65.7899551392,2.55509968847
270,145.285690308,183.97694397,16.874994278,40.2711029053,1.9059067592
270,611.728515625,103.440834045,18.7563400269,50.0836524963,1.84092745185
270,240.856491089,141.529403687,54.0392799377,115.888885498,1.82284153998
270,444.810089111,88.7939834595,21.1808261871,52.5513191223,1.58678218722
270,193.90032959,267.702423096,43.6468772888,116.18927002,0.920710433275
270,468.998931885,89.3262329102,27.6008548737,68.7787094116,0.691154180095
270,487.206634521,66.2364578247,23.1063327789,51.8277282715,0.642090430483
270,465.365722656,150.236999512,22.4102458954,51.0760154724,0.620379345492
270,377.791290283,80.7998046875,21.0918216705,72.0022201538,0.577885331586
270,476.036224365,158.695968628,22.102935791,53.1773376465,0.501933135092
270,617.523254395,154.945663452,17.4572048187,48.8478507996,0.457438733429
270,394.252807617,172.509109497,23.736907959,66.3803253174,0.432797288522
270,510.017364502,157.696228027,20.470708847,52.5254249573,0.428067613393
270,429.85446167,46.7321472168,28.2609386444,74.2425765991,0.404476234689
270,535.510803223,162.991165161,20.7703075409,55.9719963074,0.371179520153
270,439.682037354,145.405685425,20.7167015076,51.5998649597,0.249823066406
270,258.809906006,279.173431396,35.9892616272,92.2478256226,0.23954694625
270,550.535827637,138.460220337,23.0800457001,53.8088111877,0.20874904003
270,544.648620605,34.9008674622,24.1091098785,58.7828369141,0.180771411397
270,546.114929199,108.889770508,26.9901065826,56.7059364319,0.171571527608
270,453.366943359,73.4315872192,25.9404735565,62.4905700684,0.167407421395
270,457.162689209,162.583358765,20.6991615295,52.9336128235,0.151098135393
270,518.013061523,153.01335144,27.6256942749,68.5373458862,0.14951719204
270,173.195007324,180.868286133,17.4370212555,41.122341156,0.114124629181
270,440.650115967,32.4221382141,19.900308609,50.4458732605,0.0977434567176
270,524.150695801,185.115783691,27.3105220795,64.4939956665,0.0732280721422
270,362.234222412,79.9091110229,18.4387989044,53.2628936768,0.0642001221422
270,506.658233643,187.634475708,28.3304615021,66.7497329712,0.0638536992483
270,278.507049561,306.549499512,24.4551010132,74.1456451416,0.0564500282053
270,389.771209717,66.2673950195,25.9323596954,80.9538345337,0.0539088330697
270,493.389556885,93.6326904297,30.5949783325,62.1992645264,0.0434806308476
270,523.473999023,31.0750198364,24.3317337036,58.7420806885,0.0344981934177
270,612.977050781,31.9839382172,27.0229492188,68.4770736694,0.015507779608
270,33.3903083801,148.28187561,21.2102985382,48.2164764404,0.00772609564592
270,159.163833618,67.5178451538,25.3407802582,67.5325012207,0.00698453877703
270,454.798706055,35.1600914001,34.9801597595,70.2406845093,0.000723186758478
270,560.572570801,30.0476913452,24.5190982819,54.4339332581,0.000149432696617
300,14.5009841919,148.580490112,75.846031189,213.708618164,99.09927845
300,413.430084229,118.601554871,104.312438965,263.305358887,98.2393562794
300,11.6786766052,245.131515503,33.6091651917,103.809448242,20.0490936637
300,351.481658936,221.289916992,84.5541992188,163.039825439,19.1657081246
300,406.161621094,253.864379883,43.7758674622,111.272209167,15.7555669546
300,54.7137756348,211.969848633,53.2283477783,139.254730225,13.5096266866
300,495.706207275,227.000839233,27.4676437378,72.25806427,8.24066400528
300,337.593902588,272.137969971,53.3349342346,108.731880188,7.03941583633
300,304.362182617,115.296165466,150.62159729,318.412231445,6.5679743886
300,395.559051514,179.780273438,24.9291763306,64.3343658447,4.29638549685
300,447.642181396,127.281799316,55.0664100647,123.884773254,3.47672142088
300,23.140838623,169.550369263,41.6997489929,89.5291748047,2.88789458573
300,609.63067627,116.049705505,23.1176605225,57.9196662903,2.58414745331
300,468.318878174,172.717300415,58.7612953186,155.382843018,2.28840969503
300,419.04788208,167.97744751,22.0584049225,79.1981430054,1.50082856417
300,394.44442749,70.4533691406,23.4701690674,68.2941818237,1.33537380025
300,379.996307373,81.5171890259,21.5079936981,68.7191238403,0.742124812678
300,488.984100342,159.766555786,29.0582637787,76.0615386963,0.719662522897
300,318.236877441,76.944984436,36.733291626,92.6177597046,0.512754870579
300,561.983398438,116.017333984,22.2364635468,56.131275177,0.470838043839
300,509.340057373,156.497009277,21.3143920898,50.7358360291,0.411716848612
300,152.76991272,55.6672859192,22.5809383392,53.7789344788,0.348263117485
300,550.782653809,25.3062973022,22.0908889771,52.7782020569,0.318295089528
300,459.753417969,35.212474823,26.9398193359,63.9097557068,0.313540664501
300,162.862228394,175.398757935,18.1001739502,42.484752655,0.280102272518
300,524.812683105,158.689056396,21.928106308,53.0293617249,0.275245285593
300,292.731109619,78.5147323608,19.9749164581,47.6586608887,0.2328901086
300,552.478210449,127.487571716,21.410867691,54.8946838379,0.217983336188
300,524.087585449,25.6399402618,22.4172306061,59.6428375244,0.217102793977
300,487.7550354,66.0487365723,22.8597183228,52.7760009766,0.204619718716
300,8.15034770966,139.459716797,15.2878370285,48.577999115,0.198883912526
300,427.81942749,153.515213013,32.0673942566,112.756462097,0.137341406662
300,612.146972656,25.8640003204,27.8530273438,67.3596343994,0.114679266699
300,85.213142395,159.937973022,21.6836395264,65.4439239502,0.100713246502
300,568.215026855,23.3097782135,21.0514774323,47.4775276184,0.0708735315129
300,511.389190674,109.302490234,30.6328907013,68.9303283691,0.0655389449093
300,545.026550293,171.59992981,21.8003292084,49.460647583,0.059515866451
300,433.199737549,243.817321777,53.026889801,127.796714783,0.0455423432868
300,584.110351562,166.373809814,23.3819141388,52.5600852966,0.0398181757191
300,532.967407227,32.4228248596,31.4966106415,77.2505950928,0.0333732576109
300,161.822891235,65.483581543,30.7689819336,64.1217422485,0.0204779105843
300,511.879760742,207.014389038,26.7618560791,58.4272155762,0.0184113363503
300,14.2194662094,138.772415161,26.1856613159,60.7133216858,0.00971038316493
330,157.800186157,151.398376465,78.0372848511,207.326248169,98.831820488
330,519.145263672,116.180969238,88.0121841431,240.18522644,96.7467963696
330,119.311096191,244.422912598,41.7690162659,98.7200546265,80.5084466934
330,599.779724121,208.72203064,23.4176807404,56.3647499084,33.4749102592
330,501.300567627,237.044998169,55.7972068787,132.162353516,23.3315393329
330,470.827026367,261.865264893,33.101146698,93.9609985352,17.2021582723
330,611.635070801,103.441688538,18.1628990173,48.4117774963,6.50325641036
330,141.326538086,264.349121094,40.7721061707,81.6584854126,5.9013530612
330,547.262207031,220.883056641,45.628036499,125.165428162,5.69027736783
330,152.899765015,173.792984009,17.3288497925,51.3002815247,4.77244853973
330,167.808792114,158.226501465,44.1304359436,102.380767822,4.14403378963
330,491.375030518,161.801757812,25.8564147949,65.3097000122,3.52447777987
330,394.134490967,181.470779419,20.8166618347,55.7430534363,2.33218129724
330,580.098571777,135.260925293,46.1858825684,127.701171875,1.6168218106
330,444.971679688,87.8401260376,21.2353725433,54.6950836182,1.52955008671
330,517.940856934,291.832763672,23.4298019409,63.950176239,1.04025248438
330,380.642913818,72.5501708984,34.5097694397,85.1993179321,0.90802218765
330,434.8934021,48.3345451355,19.2138004303,61.5960693359,0.899281911552
330,439.638549805,111.382591248,28.4468669891,71.7819213867,0.626226281747
330,466.351074219,154.826339722,21.6782894135,49.1937713623,0.529192620888
330,461.528686523,48.5062255859,22.1817455292,53.510925293,0.524901878089
330,600.051086426,101.76385498,20.4415969849,55.0030174255,0.485581113026
330,455.37890625,149.193435669,21.9267578125,48.1777191162,0.453099654987
330,487.228027344,66.3006820679,22.8938922882,53.5204048157,0.449426891282
330,615.653625488,202.126358032,16.6927471161,50.7123756409,0.437111640349
330,457.219024658,79.4588928223,20.3980350494,46.8380699158,0.412777159363
330,476.812133789,168.525405884,21.9761791229,55.0067405701,0.411745486781
330,187.930374146,258.564910889,34.2116889954,91.239112854,0.369152519852
330,508.872589111,156.178131104,20.2402458191,59.0143089294,0.292875012383
330,467.385864258,79.8992614746,30.5320587158,74.6945571899,0.17488343874
330,531.031555176,253.440139771,36.544757843,92.6314468384,0.150775979273
330,373.627441406,83.3254318237,19.9142932892,63.8224601746,0.140990794171
330,444.078582764,153.156005859,22.4550266266,53.3633308411,0.135785783641
330,478.490753174,132.464660645,31.0800609589,62.4199180603,0.121826631948
330,345.15914917,178.28855896,20.2795219421,44.2624397278,0.114889186807
330,502.757324219,142.911148071,57.8606300354,157.903030396,0.106963375583
330,408.981292725,189.622238159,26.4336166382,55.0393371582,0.0770788523369
330,354.647094727,111.290405273,20.8569374084,65.5044021606,0.0670840323437
330,528.147155762,124.871452332,53.1216239929,111.961975098,0.0642960309051
330,608.57598877,32.5461235046,28.543718338,59.1617012024,0.0489471596666
330,362.289306641,86.3775939941,18.1295948029,51.6624794006,0.0449026090791
330,208.623001099,226.67414856,47.1346626282,89.0431137085,0.0135243622935
330,515.190124512,195.674423218,24.6190814972,73.5232009888,0.002790885992
330,551.691345215,36.8872871399,32.8954925537,67.759437561,0.00257459651039
330,523.461547852,29.4413814545,24.2494277954,58.5921325684,0.000623245250608
330,152.040359497,64.5738601685,36.7581787109,94.5293960571,0.000208163646676
360,297.64743042,147.02130127,79.306312561,204.044311523,99.4493663311
360,577.926513672,121.982826233,62.0734863281,203.415527344,98.4901845455
360,545.937438965,236.230667114,36.3010215759,83.0177230835,81.2477767467
360,521.289855957,192.976608276,102.420036316,135.964797974,22.8852584958
360,265.225646973,241.949020386,37.0378990173,102.430541992,17.1989127994
360,395.129852295,181.58833313,25.0027217865,64.7169418335,4.04809564352
360,591.167053223,230.239746094,40.5361213684,90.7151794434,2.16781552881
360,471.808349609,100.593009949,21.2315692902,54.2350006104,1.5139054507
360,380.05368042,77.1711425781,23.2202472687,66.5089492798,1.33071765304
360,440.592926025,84.994178772,29.2645950317,76.8314590454,1.23664755374
360,486.242523193,157.706924438,29.6103878021,73.2777938843,1.17755169049
360,456.077270508,91.2690963745,21.4366989136,51.2076759338,0.901414547116
360,487.968505859,83.0328369141,20.8305225372,53.8165092468,0.812192168087
360,465.803131104,149.320053101,22.7745571136,52.3448181152,0.733524654061
360,477.230255127,73.9095153809,21.8301391602,54.211025238,0.659468676895
360,513.048461914,159.166564941,23.0131282806,53.2776756287,0.581878703088
360,362.797851562,163.50163269,19.9685726166,59.2780456543,0.573108997196
360,545.369873047,27.8888721466,22.9201526642,56.5406761169,0.571625353768
360,519.247131348,118.325752258,29.2713222504,60.1216392517,0.460792519152
360,536.86529541,259.108734131,23.8813858032,66.3124389648,0.458654947579
360,477.325469971,167.854202271,21.9832382202,58.7735557556,0.458389427513
360,477.699798584,132.439956665,21.2678813934,51.0004272461,0.457254890352
360,461.720550537,113.473632812,20.0921154022,49.2732810974,0.452982960269
360,521.54296875,94.8656845093,19.7403812408,49.3864631653,0.381187209859
360,536.141540527,94.6429443359,21.9818954468,51.7842903137,0.351656740531
360,508.563598633,105.195793152,21.9102478027,54.1292304993,0.335381343029
360,486.144866943,115.632087708,26.520942688,62.4534492493,0.320538436063
360,156.30770874,53.2506904602,22.1104068756,57.6273231506,0.312184053473
360,450.144134521,127.160865784,21.1027393341,48.1035919189,0.311679625884
360,466.827148438,35.6406593323,27.9097118378,65.9365081787,0.301045016386
360,612.956176758,23.93501091,25.5629806519,58.8066368103,0.26911708992
360,338.472991943,155.159317017,41.7430343628,97.9150924683,0.220571644604
360,527.022521973,149.8775177,29.8712768555,66.8637084961,0.177956942935
360,439.634857178,143.895904541,21.3254566193,53.6146087646,0.134331907611
360,498.633422852,88.3683242798,20.7990512848,54.7778511047,0.130909751169
360,577.27923584,200.077774048,21.8586483002,73.6850509644,0.129280402325
360,408.834228516,187.323913574,25.1598758698,57.8329315186,0.125341548119
360,283.988922119,262.471466064,34.3270454407,77.9944992065,0.123588123824
360,562.612548828,24.0205860138,22.0546340942,48.5524864197,0.11922318954
360,447.725219727,59.9123039246,28.3660907745,63.660610199,0.0873472949024
360,514.63885498,178.999938965,31.5904483795,64.2605667114,0.083599059144
360,612.620300293,141.37739563,26.111749649,120.934593201,0.0675433024298
360,317.281066895,254.70161438,36.6589851379,87.3460464478,0.0670240959153
360,627.533691406,163.919937134,12.4487810135,51.3422584534,0.0558586092666
360,587.366821289,30.7176380157,25.6820201874,62.7017059326,0.0537815212738
360,62.914276123,181.447799683,18.1597423553,59.9360389709,0.0436460541096
360,562.978271484,128.897384644,45.4193878174,112.849510193,0.0412517896621
360,359.500335693,92.2449111938,19.3264141083,52.7173881531,0.0297296035569
360,233.141983032,86.678276062,30.1798229218,66.5248641968,0.0176151312189
360,518.107666016,295.667266846,34.0451087952,68.3285598755,0.0129403022584
360,524.042785645,23.9537639618,31.5256633759,68.6984329224,0.00262963421847
390,434.054534912,152.495910645,81.3207168579,195.894607544,99.4118273258
390,600.473205566,243.449829102,28.9194564819,75.3148651123,80.2720546722
390,365.417724609,195.149398804,83.6600341797,150.070541382,56.7885875702
390,395.162994385,173.864242554,20.1665725708,60.9425697327,7.83359780908
390,499.265380859,164.829315186,26.8436603546,76.7719955444,7.24833384156
390,389.499053955,73.4770812988,29.8908634186,80.1063308716,4.89657819271
390,155.993087769,50.556438446,23.2034320831,61.3354949951,4.59389984608
390,611.278259277,101.290382385,18.3198204041,48.5870857239,3.26531864703
390,525.26940918,132.306228638,20.481420517,50.7930183411,2.33455244452
390,514.976135254,173.577026367,20.9230060577,59.3217658997,1.64888910949
390,573.431152344,115.64566803,22.1332874298,56.6827354431,1.35854091495
390,545.696289062,25.9832820892,22.6875,60.5687980652,0.97672175616
390,510.001312256,156.128250122,20.1139793396,50.4621543884,0.963796768337
390,535.330383301,162.490585327,21.1984672546,53.7836875916,0.956302788109
390,403.14453125,195.977859497,20.6178035736,48.4239463806,0.926450639963
390,493.584991455,65.1570739746,21.232591629,55.3894844055,0.797870755196
390,448.203857422,269.433105469,23.3703250885,64.4780197144,0.778336403891
390,379.595336914,86.437171936,22.5695171356,92.6503372192,0.763066438958
390,568.315307617,28.2416687012,20.4107456207,47.7096977234,0.731863919646
390,444.646820068,167.69821167,55.8307762146,81.429145813,0.695380195975
390,467.310760498,34.5029182434,28.9475727081,59.2854766846,0.695046130568
390,617.720153809,32.7431144714,17.229139328,45.261264801,0.548804458231
390,484.751617432,151.995803833,22.9698543549,92.022895813,0.523861404508
390,561.254699707,128.972167969,22.8873653412,57.9627876282,0.509136961773
390,530.369934082,23.6928081512,22.0496120453,59.7664642334,0.4848215729
390,540.702941895,132.226989746,21.9595394135,52.6728553772,0.456751324236
390,363.470245361,166.11706543,20.7447605133,57.1794929504,0.451936526224
390,292.586608887,77.841293335,19.3882007599,46.4188957214,0.416998704895
390,450.107940674,74.5870895386,20.7700977325,49.2684326172,0.370915792882
390,470.203948975,255.40461731,29.829328537,84.6834869385,0.341180176474
390,545.543884277,169.193267822,22.6340923309,53.4498100281,0.304859504104
390,552.919921875,71.930015564,33.6323776245,77.8496170044,0.268920068629
390,382.749145508,168.421463013,18.4829044342,57.1114654541,0.247910618782
390,516.520263672,100.741981506,29.0265884399,62.6296424866,0.198166607879
390,419.381958008,191.412963867,46.3389549255,151.111953735,0.174535182305
390,432.620239258,164.594528198,31.0028362274,88.7871398926,0.157984555699
390,511.254486084,212.823654175,19.0788631439,51.4421424866,0.124040537048
390,433.437744141,27.1812763214,21.9652690887,56.900844574,0.109600625001
390,500.027923584,88.9030456543,28.2582683563,67.3631210327,0.0815759063698
390,476.864959717,69.372795105,32.1123924255,78.5480117798,0.0772197556216
390,573.090087891,43.8649749756,32.5203285217,64.690574646,0.0702369143255
390,577.764099121,164.208236694,22.9397678375,48.1173286438,0.0565883237869
390,556.852600098,18.8770008087,21.8715076447,50.7506561279,0.0492255727295
390,461.104400635,78.465965271,21.7378292084,49.383808136,0.0379644130589
390,166.368469238,58.3756370544,28.1108093262,64.7207107544,0.0222529852181
390,578.197875977,20.8644351959,21.6749362946,46.3407173157,0.0121109093016
420,589.187805176,142.153884888,50.8121948242,226.775817871,80.7379066944
420,544.504760742,251.795211792,51.0965881348,120.223869324,41.9493198395
420,596.842468262,249.642028809,31.7947845459,101.011100769,31.5558999777
420,614.18963623,289.034423828,20.0028896332,56.796787262,28.1913220882
420,582.123962402,294.447174072,22.6412258148,61.4348106384,12.4866887927
420,377.172027588,82.9627151489,25.3003158569,88.0472335815,6.20719306171
420,396.674163818,176.626602173,26.8908824921,70.4503479004,3.5052023828
420,503.088165283,60.0642814636,21.9520359039,56.7884559631,2.64699663967
420,445.301300049,81.2307052612,30.648765564,69.43724823,1.20277265087
420,395.407836914,64.3585662842,27.8406124115,88.3115768433,0.756963947788
420,411.737030029,198.296310425,20.9499263763,50.9891700745,0.741833308712
420,443.983917236,140.541793823,20.2924842834,58.5459289551,0.730878952891
420,364.282012939,175.165176392,20.7090301514,55.2121925354,0.541019625962
420,617.342529297,30.0536441803,17.4616794586,49.1341362,0.443069962785
420,472.968414307,116.881080627,19.7451457977,49.2969779968,0.420695310459
420,483.01574707,110.282897949,18.902009964,46.2641716003,0.394673785195
420,477.582397461,128.400497437,30.1633777618,63.2615509033,0.313226878643
420,387.435913086,172.34954834,20.9163246155,57.9418983459,0.285114720464
420,498.781707764,127.341552734,21.0884094238,48.6717414856,0.253187771887
420,461.277618408,79.5086593628,21.140417099,48.6268119812,0.174602877814
420,489.943695068,153.027450562,28.5604782104,75.2213821411,0.164534896612
420,571.759277344,22.3999233246,22.0869731903,51.8113822937,0.152564863674
420,476.462005615,32.0121498108,32.5955505371,73.2372360229,0.152516213711
420,523.418640137,144.50920105,36.9411582947,86.2908325195,0.127091631293
420,509.040679932,71.7818069458,27.9741306305,71.7226409912,0.096473278245
420,33.7344856262,129.789260864,29.8664550781,80.6501159668,0.0737321912311
420,354.591461182,112.231941223,21.3010959625,64.1266860962,0.0669460045174
420,583.912536621,20.1145839691,21.1530609131,48.7391471863,0.0279375730315
420,314.80947876,79.506690979,40.7293434143,91.2006149292,0.0247855728958
420,547.57598877,146.389938354,33.7171630859,82.3418502808,0.0173329972313
420,559.480285645,137.391860962,47.2572822571,118.611045837,0.0131425709696
420,439.100860596,23.6632022858,21.3118114471,52.3303108215,0.0085819112428
420,554.977905273,19.1464824677,26.0058345795,62.4402809143,0.0016676784071
450,429.157073975,189.843444824,28.5067996979,72.4661941528,21.2413907051
450,13.6769552231,311.972808838,28.6661205292,85.9286193848,18.8762113452
450,431.994476318,116.6042099,25.2562484741,72.3122024536,7.23684132099
450,0.0,172.731201172,43.2758827209,161.291641235,4.68503050506
450,553.756530762,163.900436401,31.3280124664,76.7239227295,3.99286821485
450,403.557983398,57.1786499023,28.9468479156,83.750038147,3.2931599766
450,482.239349365,59.0695838928,29.919965744,73.83568573,2.41117663682
450,479.137359619,132.170120239,19.1919326782,59.5178527832,1.54417268932
450,378.87991333,182.492904663,25.3380298615,49.308757782,1.42533769831
450,617.675292969,217.950561523,16.9094543457,46.8182220459,1.22529938817
450,556.068786621,42.9033050537,22.4192714691,55.9099731445,1.05869639665
450,164.783782959,50.2019844055,33.4550666809,73.1583023071,0.930787529796
450,2.08041763306,180.925064087,23.4565181732,68.5523834229,0.896423589438
450,529.528259277,146.478927612,22.656496048,55.3991737366,0.544812716544
450,30.1471157074,143.776702881,26.2340183258,77.5369338989,0.482205674052
450,608.461730957,233.078857422,21.7833099365,46.1243629456,0.449610874057
450,79.901260376,162.549118042,27.113494873,63.3066825867,0.409946357831
450,478.201690674,43.2852897644,21.7368106842,58.7048301697,0.401046685874
450,389.605834961,54.2372436523,23.9342784882,73.9068832397,0.392202567309
450,577.70916748,181.166519165,27.1237773895,83.9295501709,0.362327997573
450,370.970489502,115.161956787,21.1259460449,61.539730072,0.305742048658
450,491.90612793,128.865158081,20.7541370392,54.0617408752,0.234749936499
450,499.704833984,60.8221740723,29.3349094391,65.5108032227,0.213320949115
450,417.971069336,173.344528198,27.2183208466,62.249584198,0.183241988998
450,571.887756348,169.77532959,22.8382263184,58.4842948914,0.171122001484
450,593.541137695,205.008377075,27.8542022705,64.7052383423,0.158261996694
450,14.0150823593,185.629898071,27.3436145782,71.4458007812,0.104856165126
450,602.622253418,69.4663925171,26.1189746857,54.3685188293,0.0977384392172
450,536.598571777,38.7291984558,29.9779987335,67.8807907104,0.0713917776011
450,12.7151021957,148.032852173,26.3143901825,58.0065498352,0.0686389044859
450,381.2550354,137.3853302,19.5029850006,60.1846809387,0.0614570337348
450,597.867248535,27.575843811,32.3139343262,73.5826797485,0.00724184792489
450,616.315979004,24.1860179901,18.5581932068,50.1169166565,0.00359380355803
480,552.241394043,112.708251953,21.1257019043,56.3561515808,26.2420296669
480,75.414680481,244.155395508,38.8854370117,107.75717926,15.2640685439
480,515.671569824,89.2786865234,21.904914856,52.6273918152,8.73627588153
480,500.258789062,83.3509902954,26.0481739044,66.0275878906,8.23725163937
480,561.099182129,103.667106628,29.53565979,67.050819397,6.6617757082
480,547.049499512,221.87272644,20.1255550385,53.5309753418,4.41854074597
480,412.102539062,181.93572998,19.4439067841,47.6183509827,1.36235998943
480,524.223571777,213.075546265,26.2367324829,57.1569023132,0.736360670999
480,497.014404297,173.406417847,30.9383182526,76.9547729492,0.649661244825
480,546.882446289,179.15246582,20.5527477264,56.1797637939,0.611055409536
480,579.901916504,111.647941589,18.7297973633,53.9848022461,0.53495480679
480,446.631225586,187.631118774,18.2057857513,50.8417167664,0.419658981264
480,616.749572754,113.87701416,17.6471309662,45.042263031,0.410543894395
480,458.605987549,174.548400879,26.5362014771,69.1156692505,0.396092748269
480,553.499023438,129.093826294,31.6910076141,89.541633606,0.345284421928
480,69.8278503418,232.677734375,24.6401309967,68.020980835,0.334940548055
480,173.913253784,41.9203834534,24.1019382477,55.6510314941,0.191183865536
480,536.990661621,198.118606567,20.4968318939,57.735748291,0.183148437645
480,134.916870117,184.432327271,32.4741401672,86.561958313,0.166410417296
480,521.277404785,182.54750061,18.9079151154,53.553768158,0.156146369409
480,546.650512695,38.9163169861,20.7750701904,57.714099884,0.155856297351
480,145.754486084,38.0906448364,22.4126110077,54.0610618591,0.125141849276
480,556.377868652,186.44480896,21.7608966827,61.146987915,0.105180952232
480,193.878952026,42.9754486084,19.0355701447,56.9163818359,0.0269485346507
480,481.959716797,59.2894744873,24.0664596558,83.8016281128,0.00974439826678
510,610.63494873,276.132720947,21.1040325165,59.6377983093,9.95072722435
510,195.629714966,177.986099243,25.2075901031,64.4880447388,3.00431605428
510,425.212982178,178.846923828,25.677980423,54.5156440735,2.74535361677
510,356.902740479,161.933685303,17.6524066925,46.8428382874,1.31520312279
510,166.848526001,43.0238227844,20.216047287,57.9612464905,1.17833828554
510,468.951782227,184.388778687,26.9288578033,50.2351837158,1.05929672718
510,539.872253418,327.581207275,34.9547309875,69.2359085083,0.62683369033
510,320.371520996,58.6032829285,18.1740512848,46.4932899475,0.611128378659
510,450.365386963,178.897277832,19.3216323853,53.6140785217,0.558156613261
510,143.195281982,196.011795044,35.1228523254,81.6669158936,0.523148151115
510,11.0938339233,97.6290359497,25.3570041656,76.4703598022,0.491707306355
510,350.143066406,295.575592041,35.1694717407,76.2896194458,0.302764074877
510,1.39099252224,157.297607422,19.1078643799,56.7248077393,0.225348910317
510,578.034851074,339.566314697,23.5845928192,52.13722229,0.221500219777
510,211.991577148,178.92124939,16.8370990753,42.8660469055,0.157613260671
510,178.39855957,44.4242248535,20.7488384247,51.6202087402,0.0631585135125
510,613.499816895,19.7416000366,23.5709228516,65.8860092163,0.000163806419096
510,115.256813049,26.5847415924,29.4496974945,60.1087150574,1.16560405772e-07
540,531.991760254,326.071777344,25.051240921,55.0922813416,2.85298544914
540,573.312072754,162.358352661,22.229642868,56.6956939697,2.09765955806
540,521.45892334,62.0171508789,18.2804584503,51.132610321,1.76993608475
540,326.349151611,51.1838569641,18.963306427,49.6307411194,0.58095366694
540,494.757781982,297.0965271,27.829126358,63.3980712891,0.547214504331
540,461.62890625,193.288406372,22.1345882416,53.9820976257,0.063129334012
540,253.838485718,80.7191085815,28.8313217163,68.3256530762,0.0233235143241
570,325.305206299,40.606628418,27.985502243,60.1446342468,0.562184816226
570,350.258087158,167.161819458,19.3872051239,50.6402015686,0.280271423981
570,550.47088623,217.215820312,23.6627826691,56.5221366882,0.0784313480835
570,311.938720703,42.8441467285,26.4365615845,50.1938743591,0.0699537922628
570,67.9388504028,28.469575882,35.9827690125,82.2024307251,2.99621802924e-06
600,552.108825684,204.858627319,19.7816295624,50.610824585,4.18447554111
600,422.513641357,188.39680481,20.9801750183,50.9115409851,3.0803501606
600,350.411834717,162.886199951,18.235786438,50.2919273376,1.04336971417
600,435.965454102,198.960952759,19.6251544952,49.2227516174,0.565714621916
600,399.660614014,166.022232056,19.4749889374,56.0415153503,0.421905424446
600,414.209869385,174.490127563,18.8623390198,52.2860832214,0.339677836746
600,447.818237305,203.894165039,17.0263824463,44.7613716125,0.315836793743
600,362.156341553,165.624511719,18.3354415894,50.1558074951,0.172701582778
600,7.36796188354,32.7110862732,18.3214893341,55.1707115173,0.12520882301
630,53.5775299072,198.054611206,26.1368579865,57.7519264221,20.8562940359
630,173.566329956,192.263427734,17.4706783295,42.7201118469,8.75798985362
630,350.628204346,161.758590698,20.7713413239,58.8352928162,5.03067299724
630,521.187927246,218.339065552,18.153717041,56.2008552551,4.97606247663
630,611.804870605,237.366500854,17.3950252533,50.9717826843,3.16285304725
630,435.730987549,183.820877075,17.3620204926,43.3666267395,1.68738756329
630,587.047180176,223.495178223,20.3051586151,57.5211486816,1.6806717962
630,425.3515625,179.43296814,18.5898952484,43.628692627,0.790719781071
630,599.950683594,233.330749512,19.9968662262,55.2038917542,0.732289347798
630,576.105957031,226.888046265,18.5995922089,54.6925163269,0.479666702449
630,77.0146560669,204.317428589,19.3014087677,45.5459136963,0.456010783091
630,447.680206299,176.431350708,16.8553752899,45.4592781067,0.317791104317
630,536.696166992,213.24772644,30.2870082855,62.2371482849,0.196471950039
630,366.2605896,168.345657349,17.2325820923,49.8713951111,0.145082245581
630,478.019622803,182.894332886,29.5995178223,69.7282180786,0.0836298975628
630,84.7193145752,187.774673462,18.9804019928,50.6381187439,0.0408117834013
630,95.3011169434,162.700027466,23.2035446167,70.3547973633,0.0104715632915
660,464.631744385,182.148239136,20.6583461761,47.7466583252,21.3736206293
660,434.026000977,174.588562012,20.4138622284,48.888759613,2.42232978344
660,478.104827881,186.204879761,18.3089923859,47.481842041,2.14239731431
660,494.182891846,183.329452515,18.796957016,48.1391296387,1.58108435571
660,547.851501465,149.428619385,23.7196903229,79.7439117432,1.1317810975
660,526.678466797,167.852432251,25.6934680939,61.8463478088,0.878227874637
660,357.514282227,159.700622559,21.8601531982,54.6375236511,0.605929549783
660,617.053466797,50.3503608704,16.631483078,46.9335594177,0.451477244496
660,379.686767578,88.5814437866,27.3746089935,86.200592041,0.298277358525
660,446.263916016,175.229904175,23.075761795,47.932636261,0.285061169416
690,530.869445801,187.838562012,22.7263774872,55.9483070374,65.4058814049
690,551.376037598,182.41267395,20.5036849976,55.2138252258,11.9642473757
690,590.168823242,170.878829956,28.9692516327,67.2447738647,3.09362951666
690,366.759429932,181.856124878,18.5495204926,39.1703186035,1.17511125281
690,572.468383789,177.190292358,25.9056224823,69.779510498,0.633151317015
690,562.116333008,188.50718689,19.2340755463,56.957195282,0.263787177391
690,617.575195312,26.4170303345,17.7233943939,44.0272865295,0.00126789382193
720,121.183746338,185.776351929,27.4197406769,60.0518951416,0.977626163512
720,503.755645752,202.634765625,20.6345653534,55.0684204102,0.406916672364
720,466.547973633,282.13961792,21.8838863373,51.7355766296,0.13762768358
720,433.230194092,266.15222168,33.338596344,57.9144859314,0.0534477818292
720,463.42074585,179.309936523,18.5651607513,54.2134132385,0.0379172182875
750,56.6586875916,174.859817505,23.2582931519,55.4244499207,4.1524656117
750,622.134643555,178.59614563,17.8653564453,92.5255661011,0.782708078623
750,41.8161506653,155.937179565,24.0913524628,65.5758743286,0.434576626867
750,258.832611084,45.7695198059,19.9723205566,52.0697975159,0.396848702803
750,159.997451782,198.429733276,26.1657238007,57.8531150818,0.249188579619
750,21.4704456329,204.755187988,18.3734951019,45.0853767395,0.238686590455
750,72.5040817261,164.511642456,21.2515506744,57.1403770447,0.197949213907
750,153.406173706,181.068344116,19.089849472,50.0077972412,0.0532678386662
750,68.4358901978,200.664962769,25.4478302002,55.7505340576,0.0532072037458
750,458.841217041,182.389572144,20.0645427704,47.7429008484,0.0362840859452
780,44.6741523743,234.116333008,20.5467414856,56.6992607117,2.01592668891
780,534.462402344,173.532165527,24.693819046,74.9738311768,1.04936799034
780,417.749755859,186.606063843,19.6444644928,56.280506134,0.651010544971
780,134.469619751,171.414169312,22.9457874298,54.0918769836,0.459643406793
780,518.312561035,174.993515015,27.8392658234,70.7253417969,0.335034704767
780,165.917739868,185.737426758,24.7428302765,45.7154655457,0.108605611604
780,553.258544922,194.321212769,19.0303249359,51.9062805176,0.0323284039041
810,111.506568909,186.532028198,29.1935176849,48.8149871826,0.21869589109
810,66.0250167847,34.5258522034,19.9223423004,49.8822441101,0.0177950059879
810,78.7060241699,50.7607841492,20.3359622955,46.1074676514,0.00606060748396
840,386.351043701,164.346115112,23.3262634277,64.0844345093,0.533382827416
840,12.1966056824,191.288619995,28.9485301971,54.8437919617,0.513655692339
840,618.404968262,221.879989624,15.3161649704,48.037525177,0.479074753821
840,205.353759766,183.116943359,17.3668632507,41.9920845032,0.0931251677684
840,61.0784111023,170.413101196,20.6512203217,62.0848274231,0.0391864770791
870,164.279251099,180.24055481,22.2555065155,51.2497406006,10.5429515243
870,501.446563721,178.999740601,23.458524704,64.9368667603,0.289430003613
870,187.151779175,33.8356513977,21.4427433014,53.6433677673,0.263169337995
870,470.801971436,172.708694458,23.9963302612,65.3106460571,0.261024083011
870,182.82484436,183.378341675,19.2320594788,46.6623039246,0.246675312519
870,475.43069458,93.8665390015,22.7105026245,74.3898391724,0.147598248441
870,42.7019195557,142.623123169,25.9899673462,67.4730453491,0.121116172522
870,488.29675293,109.916984558,20.9531154633,61.2089996338,0.0132834233227
900,619.674621582,125.752624512,15.9326934814,63.1927223206,10.329105705
900,169.158248901,184.940383911,19.5898265839,47.7308998108,3.76813262701
900,133.121154785,175.06439209,22.3467254639,55.7926445007,1.5759171918
900,183.491394043,192.225769043,20.2323665619,44.7941627502,0.485339993611
900,12.4251852036,154.380355835,21.6523571014,47.8809318542,0.450013717636
900,187.367141724,41.5019187927,22.265630722,54.0516357422,0.205026543699
900,35.3990440369,143.308502197,32.6566429138,84.497215271,0.0203261879506
900,22.2547473907,154.652175903,26.688867569,58.7924346924,0.0192862920812
900,204.417358398,72.2094116211,35.7407722473,80.0429000854,0.0114769369247
930,610.111755371,37.6623802185,22.6156787872,63.4766807556,8.08783769608
930,159.250915527,52.1226005554,18.7231845856,61.6776008606,4.06095720828
930,167.806259155,64.544128418,22.3031692505,59.2851295471,2.38161310554
930,595.985656738,52.372882843,31.0249423981,75.2932510376,0.675746100023
930,186.424057007,78.8298721313,30.8542327881,64.903717041,0.335420225747
930,587.887268066,45.0098571777,21.3677501678,62.1210899353,0.31575455796
960,136.240707397,175.220077515,19.0611476898,51.8138427734,25.6178975105
960,357.142608643,156.688430786,24.6569671631,64.446647644,7.52988681197
960,146.370117188,29.2230243683,21.7302761078,58.2136383057,4.18134182692
960,11.8444709778,214.004135132,24.4532032013,57.0818595886,2.22101062536
960,372.545166016,153.242950439,19.2967910767,58.7018890381,0.695172697306
960,182.068496704,54.4661560059,25.738401413,68.74193573,0.413512252271
960,5.77974319458,195.635360718,18.8665370941,51.6596794128,0.230704667047
960,317.888519287,91.7155761719,20.650800705,43.3468475342,0.216510868631
960,404.503082275,172.011230469,19.9741764069,53.3420219421,0.148397043813
960,160.440109253,48.2927360535,23.6594982147,55.1928062439,0.058820733102
990,433.96786499,164.572250366,24.7526302338,68.3571243286,61.8969023228
990,421.364379883,173.134658813,23.1444568634,56.5893249512,4.35460209846
990,402.779083252,151.868392944,23.6615543365,68.9515457153,4.06501814723
990,354.961090088,149.366836548,23.9748210907,56.0242462158,0.639232853428
990,162.114700317,25.245880127,34.7998352051,98.6784896851,0.457166787237
990,102.268981934,29.4731750488,74.213432312,202.900222778,0.0611461116932
990,126.01638031,17.419670105,21.1467170715,67.3691558838,0.0603868800681
1020,461.875701904,152.493118286,22.7690753937,83.8149108887,48.0725377798
1020,424.309967041,169.802230835,23.022195816,58.1962280273,26.1190891266
1020,477.119873047,198.652206421,21.3761749268,60.6885032654,3.62021438777
1020,451.516876221,164.005355835,20.3268680573,66.2144851685,3.3983245492
1020,437.920318604,169.39074707,23.4934444427,60.0728797913,2.30720695108
1020,408.499053955,163.431350708,21.2317485809,58.4380531311,1.29643678665
1020,100.591651917,155.914489746,25.8325901031,60.9971885681,0.461618835106
1020,479.159759521,159.616622925,16.9176387787,64.070854187,0.217617326416
1020,40.4366416931,167.240158081,21.1806869507,55.880065918,0.0392636109609
1020,496.256225586,114.847343445,38.3172912598,76.8882217407,0.0291143602226
1020,103.935371399,46.037689209,22.382566452,62.3142852783,0.00489735175506
1020,73.4603271484,27.4344730377,40.2169151306,91.9362869263,3.07792991094e-07
1050,481.378509521,149.005767822,37.963054657,91.8709106445,73.0397343636
1050,451.7706604,172.664855957,24.1459636688,66.9021682739,62.8221750259
1050,520.132202148,204.294509888,29.2040882111,58.7927131653,20.1464146376
1050,473.198577881,160.571548462,24.4213237762,71.3037338257,5.91419152915
1050,441.91519165,166.380401611,19.3820743561,68.3635940552,5.41257597506
1050,37.0683135986,163.630554199,26.3463439941,61.5484161377,4.87997420132
1050,9.59474277496,168.670394897,19.0706634521,52.6106414795,2.25762408227
1050,67.6834335327,180.500106812,19.0460891724,48.9328193665,1.60305798054
1050,506.035430908,186.758895874,24.5351314545,62.6353874207,1.44436061382
1050,52.5316581726,181.107681274,18.9704990387,46.804523468,0.835857633501
1050,109.52166748,165.561447144,20.4064102173,48.9574317932,0.710914004594
1050,564.570007324,99.354637146,30.2257480621,73.8405227661,0.483543192968
1050,608.997497559,61.914932251,22.3683071136,79.1644592285,0.429410301149
1050,71.2278060913,151.702484131,26.8419723511,65.8970718384,0.373345636763
1050,602.252563477,104.65838623,20.8366508484,61.1845588684,0.166134268511
1050,94.0765304565,171.817214966,19.3735923767,47.9190483093,0.13169151498
1050,21.8210124969,162.645095825,23.8330631256,60.2778892517,0.105101487134
1050,523.973815918,130.646835327,28.1875095367,77.857093811,0.0725758494809
1050,126.96862793,59.2033233643,33.1953010559,64.6650085449,0.0225090960157
1050,542.56072998,124.771789551,19.8266353607,58.6335601807,0.00410717038903
1050,138.939056396,26.22615242,25.0964183807,64.4953765869,0.000264592972599
1050,90.0423965454,39.193321228,31.8875675201,68.2282943726,1.86113808809e-05
1080,499.676513672,143.028198242,33.9050254822,111.520423889,92.8075969219
1080,614.550048828,219.832809448,24.3974704742,66.1228103638,51.7474591732
1080,434.677246094,146.417419434,54.6429710388,112.2889328,46.8907535076
1080,486.066314697,150.517196655,28.9406147003,88.0093917847,27.0655691624
1080,557.464172363,197.15045166,19.6021671295,57.8927497864,10.2795369923
1080,562.547241211,65.9187240601,31.5116977692,102.508018494,5.48618994653
1080,13.5162229538,163.76550293,23.5818119049,60.94739151,3.58345583081
1080,519.590454102,183.5859375,24.6819534302,65.6638717651,2.31317691505
1080,72.7467498779,158.514099121,21.3978748322,54.4333496094,1.95234213024
1080,477.068878174,148.837463379,21.1456451416,63.291217804,1.89284142107
1080,467.103424072,173.653335571,32.2491340637,77.5077667236,1.2136856094
1080,56.663433075,166.263000488,19.5577106476,49.0533485413,1.17837470025
1080,465.166870117,140.452850342,21.9415988922,70.4309310913,0.773961981758
1080,43.8072814941,161.077011108,21.7690944672,57.7738990784,0.645628431812
1080,26.945306778,161.043899536,23.2963027954,62.4802055359,0.317122950219
1080,402.462310791,148.379180908,20.7306861877,65.2475814819,0.292410235852
1080,627.772949219,91.8018417358,12.2270507812,52.2102775574,0.290037621744
1080,532.405334473,162.392074585,27.8155517578,89.9923477173,0.275522610173
1080,552.529052734,71.4393310547,21.3089389801,62.1249542236,0.151786510833
1080,585.389221191,86.2283554077,27.6425457001,75.771446228,0.107574614231
1080,108.402809143,46.5594673157,22.1541156769,57.2310523987,0.0436928850831
1080,123.463813782,48.4660835266,29.029624939,54.244052887,0.00977173622232
1080,593.70526123,45.250995636,32.7035446167,71.5541305542,1.2043447839e-05
1110,429.470367432,135.582824707,59.5376396179,151.046829224,90.457457304
1110,486.691497803,157.456497192,21.2116031647,62.8975524902,38.5611325502
1110,359.758422852,139.389144897,65.3857498169,147.050308228,34.3092352152
1110,505.800994873,137.948410034,24.7245845795,106.731773376,28.3294826746
1110,395.136444092,157.558578491,34.9405899048,98.0065536499,23.4405130148
1110,414.987213135,146.061691284,24.3461322784,68.243522644,7.10222423077
1110,468.433380127,145.261581421,31.1218318939,93.5432052612,5.10202869773
1110,499.965454102,147.561782837,19.6699333191,57.1682929993,4.70324456692
1110,427.784210205,140.470703125,27.0212478638,80.3899230957,4.05011624098
1110,351.041137695,207.043502808,42.8920021057,90.2695541382,3.49322855473
1110,70.764793396,160.457397461,18.5065155029,49.2743339539,1.47423548624
1110,481.508087158,165.276016235,44.9213905334,108.74105835,1.02409040555
1110,437.237335205,201.547409058,24.9241695404,81.1107788086,0.913070514798
1110,52.6567840576,169.822860718,18.7608337402,49.4122467041,0.73833828792
1110,380.693115234,174.389785767,29.4720478058,83.4303359985,0.725263217464
1110,7.48546981812,165.811737061,23.1244220734,59.1251373291,0.634955428541
1110,341.379852295,134.137069702,26.3566207886,64.2177047729,0.410413974896
1110,40.4030189514,164.003219604,19.205280304,53.6760864258,0.374265131541
1110,442.895721436,139.136413574,25.295873642,74.1690216064,0.231280340813
1110,135.574981689,44.4149475098,23.3981342316,60.4992523193,0.181993097067
1110,24.181678772,142.607772827,26.4764766693,77.6965255737,0.174176192377
1110,571.828491211,175.983505249,21.3208370209,63.9729919434,0.137343327515
1110,607.031188965,113.549415588,23.8224506378,70.1283950806,0.110333354678
1110,497.322021484,220.720214844,27.9177951813,61.0435295105,0.0608452770393
1110,518.671447754,155.95854187,20.6970939636,59.9895324707,0.0415104324929
1110,470.416625977,74.0452957153,33.1283416748,81.4440994263,0.00506903270434
1140,302.042907715,139.0834198,78.6305618286,166.765411377,87.1638655663
1140,592.849182129,152.28968811,35.1823158264,91.8662490845,45.2485322952
1140,231.612060547,175.859848022,64.9309692383,105.387901306,35.6338560581
1140,345.062866211,140.855117798,72.6339645386,190.06803894,33.013188839
1140,496.170776367,153.846038818,27.1598339081,71.301864624,24.9961420894
1140,516.185302734,172.92199707,19.2941818237,54.9205284119,18.7825679779
1140,209.60508728,225.012329102,40.5823516846,80.043006897,13.6331900954
1140,442.406036377,152.57611084,19.7297363281,56.1905097961,9.42865610123
1140,57.1217002869,162.815505981,19.6474475861,51.9267997742,7.39436820149
1140,29.9096431732,161.79524231,19.483549118,54.5160217285,6.18749111891
1140,573.805725098,150.203399658,34.1398048401,82.1413726807,1.99306793511
1140,317.333648682,130.230407715,47.529296875,91.1421585083,1.41976298764
1140,524.676025391,180.116256714,21.3322162628,63.4526557922,1.30929015577
1140,307.666748047,204.27355957,35.4920921326,97.1545181274,1.23675977811
1140,431.477386475,152.804519653,20.2178058624,66.8857574463,1.13106491044
1140,337.292358398,193.171875,40.055973053,93.204826355,0.848887022585
1140,15.2840070724,169.738082886,22.4557342529,58.1674232483,0.677062943578
1140,41.2256698608,171.335403442,18.8901634216,49.0409965515,0.534080294892
1140,475.392700195,253.012191772,26.3387680054,55.9495506287,0.476980023086
1140,617.530639648,217.597702026,17.1778125763,50.0766181946,0.341878412291
1140,535.237365723,189.648910522,25.8017654419,78.8215713501,0.313556846231
1140,118.675231934,40.4517974854,34.7615318298,72.4998855591,0.267845857888
1140,349.077850342,143.263076782,20.2006168365,54.1556549072,0.110193097498
1140,96.8816299438,38.6035995483,21.9546432495,65.3286895752,0.0109361440991
1140,527.358764648,40.684879303,24.566947937,76.2700958252,0.00684714323143
1170,140.733291626,126.673370361,85.290397644,208.762756348,98.5530555248
1170,76.279800415,175.981811523,50.7341003418,138.278335571,71.5486228466
1170,32.855670929,206.906478882,53.8946990967,120.174964905,25.0269085169
1170,595.396789551,158.39302063,33.8473091125,99.7563858032,23.7807840109
1170,53.0137786865,120.594291687,118.941642761,209.06993103,14.2428740859
1170,197.718338013,247.295333862,31.1292648315,72.4412307739,5.45493997633
1170,446.770355225,145.475631714,20.6126251221,68.2244262695,4.59647662938
1170,44.5244293213,177.614181519,25.4903964996,54.7142944336,1.9050244242
1170,522.768798828,176.078018188,22.0137329102,62.011932373,1.60921756178
1170,9.65883159637,172.762710571,20.3047084808,56.6944923401,1.12690115348
1170,561.975280762,196.199829102,23.2141284943,82.9286575317,0.86659360677
1170,616.66784668,153.255340576,17.3375225067,64.1143569946,0.622742203996
1170,541.016784668,170.411026001,20.3455562592,77.2638626099,0.580286793411
1170,509.756958008,171.965713501,19.5804691315,57.2504119873,0.538664171472
1170,602.774291992,119.423431396,31.8590564728,72.6945266724,0.392756285146
1170,24.6470031738,173.178222656,21.6723423004,51.8864746094,0.377405714244
1170,486.492553711,265.449005127,28.7345733643,59.903842926,0.357633782551
1170,61.9553833008,172.568649292,21.6899871826,52.2570610046,0.108700268902
1170,103.08392334,44.6411437988,31.3709278107,76.0764007568,0.108172511682
1170,69.3639450073,190.790527344,31.1712551117,84.4067764282,0.10628439486
1170,455.638061523,127.158256531,21.2601966858,63.0377998352,0.0873137556482
1170,94.169921875,49.0238456726,21.3263530731,63.1336021423,0.0654134375509
1170,131.049972534,127.059288025,47.989944458,113.582695007,0.0429719162639
1170,75.9228591919,30.2235412598,29.7356243134,76.1589736938,0.035924295662
1170,579.889465332,184.271987915,32.3693962097,77.1477279663,0.0166068697581
1170,111.59677887,179.747848511,37.8812675476,95.4594116211,0.011602644372
1170,120.437744141,40.8856773376,29.8496704102,59.6193733215,0.00892887328519
1200,0.0,149.150421143,46.6787528992,180.531234741,47.4851459265
1200,510.276245117,161.401626587,24.6715373993,72.8315811157,37.0095670223
1200,526.166564941,164.295227051,24.2149219513,83.630241394,5.69436624646
1200,5.59663391113,143.064041138,24.5332355499,83.6153945923,3.46699208021
1200,492.817474365,276.117828369,28.8910369873,57.6587982178,2.22232658416
1200,82.1134414673,36.2164115906,20.1749000549,59.6310119629,2.00280025601
1200,448.200836182,158.974777222,19.1312637329,66.8079452515,1.71037130058
1200,600.669433594,194.591262817,27.4978466034,73.685043335,1.01804370061
1200,616.802368164,176.152755737,23.1976318359,66.0056381226,0.690577691421
1200,615.600891113,110.842430115,17.7609176636,52.0979652405,0.478089647368
1200,607.631408691,233.287475586,17.2157268524,43.1008415222,0.347652891651
1200,428.93359375,156.103286743,20.2495880127,61.2835121155,0.331084150821
1200,542.526245117,172.787216187,24.6706790924,71.174156189,0.262170610949
1200,601.210327148,111.527046204,27.4803256989,83.3723602295,0.241338368505
1200,25.6286563873,151.788909912,24.7384471893,80.5815582275,0.235042348504
1200,626.827575684,51.0111083984,13.1724243164,57.5370788574,0.227179983631
1200,9.45196437836,286.445037842,22.2850322723,53.9494171143,0.220415205695
1200,15.8330430984,102.982551575,97.9136734009,210.940689087,0.157577428035
1200,103.045249939,49.0042076111,27.3455276489,71.5260620117,0.133963825647
1200,499.016723633,160.409927368,21.9248733521,61.1656608582,0.10882942006
1200,175.373916626,179.083877563,25.8753566742,47.6031227112,0.0916800345294
1200,40.6654014587,171.748397827,22.5683422089,53.2655334473,0.07769203512
1200,452.641357422,124.656974792,19.8617572784,65.8910140991,0.0688853615429
1230,510.612915039,165.407348633,19.8763027191,67.1809158325,15.0283575058
1230,604.100341797,159.986968994,30.5622425079,93.1736831665,3.71385775506
1230,451.108032227,156.282546997,20.2221298218,72.8269042969,2.20682248473
1230,526.670593262,162.029373169,24.9832611084,86.4376144409,1.91754605621
1230,622.974731445,159.927322388,17.0252685547,73.4092636108,1.47547191009
1230,626.662231445,55.1634521484,13.3377685547,53.4362792969,1.08527261764
1230,418.56137085,153.739532471,24.0963535309,68.4236526489,0.928196404129
1230,600.891357422,116.705940247,27.9558544159,80.2066040039,0.83136735484
1230,144.494400024,178.831253052,24.6016178131,52.6990814209,0.545483082533
1230,113.596244812,32.3289375305,22.8864917755,64.0564346313,0.521339988336
1230,442.024780273,186.570022583,20.391834259,49.1388969421,0.395100796595
1230,80.4955368042,34.2519035339,26.0742797852,70.2463607788,0.230061099865
1230,545.516845703,176.055603027,21.1623306274,61.6634254456,0.196179794148
1230,615.815002441,115.623435974,18.3382987976,49.74741745,0.140278821345
1230,95.3173828125,37.0433921814,26.4188861847,77.6603851318,0.125127262436
1230,589.518676758,206.449356079,29.8379135132,67.6117019653,0.0420442636823
1230,5.14450407028,170.923522949,19.2760219574,50.5684700012,0.0115909344458
1260,509.948883057,165.602859497,20.5586242676,72.2775421143,46.7931985855
1260,613.643371582,162.203598022,19.8983516693,61.8556022644,12.3240098357
1260,451.215454102,149.686355591,25.3928985596,80.7338790894,11.1738204956
1260,426.582641602,140.016433716,23.267539978,85.4909973145,9.43129509687
1260,524.371398926,168.815292358,26.7891235352,81.5714111328,7.67901837826
1260,491.215301514,278.220855713,28.5980396271,60.5108032227,3.24014499784
1260,447.059814453,188.418273926,19.4326877594,50.5397224426,1.55618768185
1260,442.134246826,144.099197388,19.1552028656,62.621181488,1.11988987774
1260,47.552532196,173.184265137,20.3400020599,57.9411735535,0.986088626087
1260,114.223136902,34.7977409363,22.5988845825,59.2468070984,0.970027875155
1260,625.657165527,179.631469727,14.3428344727,57.9250335693,0.768656516448
1260,615.512145996,50.5683174133,23.9067707062,60.0838661194,0.523297023028
1260,541.165588379,190.197753906,19.8926258087,60.7611351013,0.349436490797
1260,433.98336792,184.178955078,22.0168209076,52.9865570068,0.321683613583
1260,601.852722168,155.588973999,21.4726390839,61.3540039062,0.242899172008
1260,615.867126465,122.517829895,20.3199977875,57.9628295898,0.158148596529
1260,102.324745178,58.0787849426,24.6111812592,61.621383667,0.0827847921755
1260,550.239074707,175.149612427,25.3134937286,81.0527877808,0.0413470406784
1260,70.7945175171,164.964706421,27.279920578,69.1464920044,0.00822086803964
1260,460.588745117,130.893051147,22.0560684204,66.7852401733,0.00685219201841
1260,140.174697876,50.0590248108,19.3912220001,50.764831543,0.000641147926217
1260,52.336315155,26.7305736542,35.647518158,74.0785140991,0.00010794009313
1290,510.278808594,169.23387146,23.9877605438,71.1281051636,64.1748011112
1290,523.357116699,168.068984985,25.1719989777,81.7027053833,6.61439448595
1290,450.00491333,153.53263855,27.5645542145,76.0952682495,4.39877286553
1290,609.804382324,165.967819214,20.8970508575,58.4167175293,3.98030206561
1290,622.179199219,164.97618103,17.8208007812,70.4297943115,2.62249819934
1290,114.51815033,39.4494132996,21.5506725311,59.6942901611,1.00446436554
1290,494.694458008,276.57220459,29.6623077393,56.3285560608,0.451976247132
1290,614.939025879,52.6971435547,20.0792617798,54.016658783,0.437653297558
1290,47.3282470703,185.04359436,19.0610046387,52.4270591736,0.42474376969
1290,539.383178711,181.408630371,23.0116443634,68.2952728271,0.398272415623
1290,596.630310059,132.381820679,28.1447162628,76.1449508667,0.388159346767
1290,88.420135498,42.8791465759,21.4933757782,65.8919143677,0.379255833104
1290,500.970733643,166.362991333,20.5268497467,58.7354736328,0.319943460636
1290,615.664733887,122.722938538,19.5241165161,56.5337257385,0.183477427345
1290,433.336425781,161.360092163,23.975769043,71.497253418,0.138394301757
1290,97.9330978394,60.3763618469,22.9584503174,57.062702179,0.0946829386521
1290,36.2886581421,186.474655151,19.3541927338,53.606502533,0.0811248784885
1290,557.790466309,176.918045044,24.4714260101,78.6097412109,0.0759781920351
1320,508.973175049,166.56060791,23.0424728394,70.498085022,52.5132775307
1320,432.58505249,128.460250854,26.7537136078,103.741783142,5.19781634212
1320,609.981689453,155.872909546,20.384344101,54.0211372375,4.93712872267
1320,102.493530273,45.2130470276,39.0847015381,85.7996292114,3.35906036198
1320,451.932006836,155.748687744,20.9753360748,69.2773208618,1.74650866538
1320,491.595733643,280.879943848,29.4646701813,58.0980567932,1.69987902045
1320,525.653198242,165.365112305,25.1919231415,84.3647842407,1.60300452262
1320,617.662414551,173.66166687,21.8745212555,72.3420715332,1.40629522502
1320,546.004089355,181.131225586,20.6804428101,60.7087135315,0.64929081127
1320,418.450805664,150.805130005,23.6464748383,72.8975982666,0.625129882246
1320,89.1988525391,42.5323982239,22.791809082,67.6629104614,0.501337787136
1320,610.279602051,120.89263916,20.9212360382,61.0090484619,0.362177775241
1320,593.638549805,164.271316528,29.5641918182,77.5930709839,0.215463130735
1320,557.566711426,176.454101562,25.0626296997,77.957359314,0.0936528900638
1320,50.6004371643,33.5695915222,38.9395942688,84.9247665405,0.00037111990423
1350,511.510223389,171.923965454,23.1487140656,68.34740448,12.7593576908
1350,44.9353065491,178.580123901,21.2730026245,52.5520973206,10.1367086172
1350,526.90447998,168.007568359,24.4439601898,85.1700820923,6.08703307807
1350,102.789421082,59.8260345459,23.4979324341,65.1427536011,2.89247538894
1350,545.734802246,180.715026855,21.157995224,60.2765350342,1.2305624783
1350,611.826477051,164.817138672,21.3281555176,68.1514511108,1.11539633945
1350,447.139007568,184.119949341,18.5841846466,53.423248291,0.810966733843
1350,561.815063477,175.674789429,19.6789798737,64.7440338135,0.552791589871
1350,492.341705322,277.647735596,29.6069030762,57.6579856873,0.472330860794
1350,117.007751465,55.5574378967,24.5750179291,65.0856246948,0.460494589061
1350,599.743347168,203.736160278,28.4926757812,73.6390914917,0.421143043786
1350,623.091369629,179.324996948,16.9086303711,76.71118927,0.418960629031
1350,421.542266846,144.051879883,26.4090423584,83.7050094604,0.367612880655
1350,80.8771057129,39.7383460999,25.8933315277,73.0602416992,0.299860234372
1350,593.877502441,166.096206665,28.8347682953,77.0239715576,0.265141669661
1350,603.27557373,122.579856873,27.5011310577,72.9156112671,0.247414549813
1350,35.5982284546,182.352172852,18.6921634674,54.3601837158,0.0639729085378
1350,424.621002197,34.1618385315,34.6798171997,96.5264816284,0.042523216689
1350,499.971893311,165.20463562,21.2420558929,58.9307441711,0.0282415072434
1350,60.9761009216,182.514083862,19.5924015045,48.6057472229,0.000967031883192
1380,510.703399658,168.569992065,23.7661972046,70.2309799194,36.348849535
1380,46.0322608948,176.180786133,21.0226573944,55.7624702454,12.3028308153
1380,526.124328613,167.61807251,24.1445674896,84.3013763428,11.8287019432
1380,604.55682373,121.228820801,27.3773670197,98.9695739746,7.02129304409
1380,424.585479736,134.622207642,24.7523479462,97.3397521973,3.67384701967
1380,618.773681641,175.641952515,20.4284343719,68.7523574829,1.96950994432
1380,452.62121582,153.675735474,20.5222969055,70.7215042114,1.42443813384
1380,545.443054199,180.896972656,21.5653781891,61.6470489502,1.17142163217
1380,448.184967041,185.434570312,18.3418292999,52.8133583069,0.893325544894
1380,494.307250977,278.755584717,30.9775848389,55.8501281738,0.650311121717
1380,433.869293213,183.031021118,21.9785251617,56.4591560364,0.26449514553
1380,103.169258118,56.3977165222,24.0445327759,65.5129547119,0.250188261271
1380,81.4590377808,44.6993522644,24.2106113434,67.8042068481,0.236575538293
1380,598.266296387,208.570236206,29.790555954,71.9002532959,0.137699604966
1380,448.889862061,133.864212036,16.1389598846,62.4514045715,0.124029885046
1380,559.600646973,176.902526855,23.8425884247,82.5730133057,0.0985222519375
1380,117.587654114,61.3265228271,25.933599472,63.7634773254,0.0902291911189
1380,499.952972412,165.303924561,21.5562381744,57.7636528015,0.0899982172996
1380,30.121049881,179.756668091,20.8744754791,60.1617736816,0.0785172334872
1380,592.915710449,163.472503662,30.9006023407,81.7652816772,0.0415653630625
1380,461.277374268,129.201339722,21.6723308563,60.9275779724,0.0119603537314
1380,57.0293769836,32.5227661133,30.4942073822,68.5875473022,0.000285641704068
1380,60.734172821,187.158035278,20.3217182159,46.9488525391,0.000131789374791
1380,38.9883995056,27.9135189056,29.9771194458,82.5729904175,6.8964715183e-05
1410,511.069549561,167.238296509,18.758638382,68.0408859253,41.5607124567
1410,424.948944092,133.889450073,23.9688434601,95.2500991821,8.57237055898
1410,527.090332031,174.821517944,26.8804531097,71.1690673828,4.41856868565
1410,602.960388184,123.639099121,27.4666423798,70.1727371216,3.68265062571
1410,451.575439453,165.751266479,21.0076313019,61.5310325623,1.55799724162
1410,44.6685752869,177.228012085,22.1036148071,53.2232666016,1.42950089648
1410,617.306640625,170.881881714,16.270652771,54.2042388916,1.27842044458
1410,545.106079102,181.862686157,21.919588089,59.8503112793,0.602355739102
1410,494.523925781,278.244018555,30.0929775238,57.3856163025,0.478585297242
1410,614.410705566,53.7819824219,21.5934829712,55.259677887,0.335573311895
1410,597.423706055,164.654342651,29.2277011871,69.6271896362,0.205754302442
1410,102.83581543,63.7592964172,26.0910549164,62.9935455322,0.189807428978
1410,119.213256836,57.832485199,23.8837985992,60.7388420105,0.0625690678135
1410,25.720375061,171.154769897,25.8209533691,70.3638458252,0.0428091210779
1410,75.0888137817,40.7954521179,30.7015285492,75.2025299072,0.0123620935483
1440,510.310272217,172.972061157,19.9101314545,67.7659988403,51.0817170143
1440,526.287902832,177.635574341,22.6539325714,70.6834259033,15.8710673451
1440,597.203369141,157.102554321,33.1809883118,94.2202072144,10.9245970845
1440,615.008728027,168.718856812,17.3189144135,59.3485717773,3.02454438061
1440,436.019073486,137.769836426,26.3089370728,86.3331832886,2.26403754205
1440,452.698028564,155.77684021,21.1651554108,69.7496871948,1.97967682034
1440,94.2370223999,46.0146064758,25.7626895905,75.8688430786,1.51329571381
1440,44.8652458191,174.60345459,22.125579834,60.8082542419,1.43356658518
1440,429.041870117,166.74369812,20.6426105499,60.4218635559,1.18570588529
1440,611.510009766,120.840171814,23.0750274658,65.8165130615,1.00697958842
1440,447.410186768,184.253112793,18.6689548492,55.7861289978,0.896466616541
1440,75.2872695923,42.0377006531,24.5491313934,69.9090957642,0.878903176636
1440,547.710144043,192.651168823,18.8199806213,59.4199180603,0.860907509923
1440,616.113464355,55.5830230713,20.1834716797,53.3466300964,0.528542883694
1440,110.004821777,42.2107276917,31.5870685577,76.8744277954,0.240581133403
1440,29.3709506989,176.190185547,21.9331436157,63.5890846252,0.0255259044934
1440,580.324645996,211.243530273,26.7840061188,70.3177261353,0.0118389187264
1440,53.145275116,35.314868927,33.7397994995,78.5575561523,0.000581830181545
1470,516.105712891,169.240127563,24.6812057495,80.0072402954,24.7248902917
1470,48.3385314941,172.802200317,21.107301712,57.768535614,7.91572257876
1470,450.670379639,154.127868652,22.4598407745,74.8054580688,7.20759481192
1470,529.166320801,185.703857422,20.6401462555,58.391834259,3.70415560901
1470,431.243255615,130.840774536,26.0664520264,98.5187301636,3.27948741615
1470,603.630065918,123.48891449,27.8157119751,73.7522659302,1.60199645907
1470,344.811981201,153.897125244,19.7684993744,52.1290016174,1.09926620498
1470,615.417602539,167.17918396,16.8106822968,60.1552238464,0.914481002837
1470,540.126464844,182.279785156,23.6940631866,70.2076034546,0.867301877588
1470,98.253364563,51.2984619141,33.0758247375,81.6969680786,0.694163516164
1470,82.4995422363,39.6648139954,22.133102417,74.8170776367,0.625171652064
1470,424.766815186,172.641159058,20.9439067841,63.0302886963,0.296686403453
1470,600.286987305,160.157501221,22.6241397858,61.6205444336,0.132747285534
1470,34.952796936,178.709518433,20.4825992584,59.7983703613,0.0851519405842
1470,447.806854248,135.361465454,17.7796497345,59.0961875916,0.058428599732
1470,460.645721436,130.721969604,21.2340755463,60.9753570557,0.0471396313515
1470,6.12171697617,155.599914551,17.8986911774,54.7820549011,0.00235312782024
1470,60.1243400574,180.457138062,20.5316619873,49.3082618713,0.000522527079738
1470,109.663246155,32.8273887634,29.34856987,64.6489334106,1.5592888758e-06
1500,511.059814453,169.313293457,20.1234951019,70.0530929565,38.5976493359
1500,603.684570312,169.234695435,27.7838516235,90.2924728394,15.6962200999
1500,526.067382812,166.553649902,23.3718032837,85.9030685425,11.0381089151
1500,47.8819007874,172.594543457,21.9905719757,59.3554534912,9.62131246924
1500,434.920288086,133.069458008,27.9539871216,90.0388565063,2.89606489241
1500,452.019012451,155.745269775,21.5723590851,70.0931625366,1.87047868967
1500,493.59286499,281.663635254,29.7791919708,56.9856071472,1.85931827873
1500,619.949645996,181.639663696,20.0503540039,71.4576797485,1.33926877752
1500,537.501403809,196.061782837,18.1813716888,56.2281150818,0.777816399932
1500,339.354217529,153.333847046,19.94688797,53.0107917786,0.632502092049
1500,421.273651123,148.859985352,25.4348049164,81.3397140503,0.602797605097
1500,81.7308273315,41.6846160889,25.038848877,73.6348342896,0.55268718861
1500,102.619544983,62.1653633118,24.6466579437,63.7595062256,0.403004465625
1500,435.357666016,191.735839844,21.5551357269,49.9454078674,0.207401555963
1500,560.22265625,176.246170044,24.0552902222,78.9596099854,0.115441798698
1500,29.180437088,178.144180298,24.0915126801,59.9542198181,0.0661171914544
1500,596.498474121,153.171356201,20.851146698,57.4848060608,0.010995658522
1500,6.30595254898,157.659835815,17.4665584564,52.7262611389,0.0102059872006
1500,582.937316895,200.323043823,26.5490398407,71.5295715332,0.00707957296981
1500,490.544586182,83.3608398438,33.2792396545,85.9065322876,0.00189548245544
1500,45.7147865295,33.0303764343,29.5628185272,81.6629714966,2.50543251923e-05
1500,110.956672668,31.0178432465,27.7315387726,63.4554138184,2.11332213951e-06
1530,511.530151367,169.513900757,18.7850894928,69.3937301636,52.6589632034
1530,524.667297363,171.448242188,26.6739635468,84.0582962036,14.8880138993
1530,598.438293457,167.792617798,28.9143619537,75.3324203491,7.87717476487
1530,615.958068848,169.601425171,16.5103473663,58.4650230408,3.03152501583
1530,451.572174072,156.071044922,22.8307323456,69.3012313843,2.02317107469
1530,430.79788208,130.258743286,27.7436389923,98.1700363159,1.84980053455
1530,494.210083008,281.237518311,28.8541736603,58.0380096436,1.07471859083
1530,445.732818604,186.648117065,21.3404388428,54.3081092834,0.980818737298
1530,543.05670166,197.217788696,17.8055076599,56.822933197,0.618696957827
1530,417.703277588,152.762939453,26.8424129486,74.6597976685,0.505998404697
1530,52.3448295593,171.164382935,20.3380947113,54.3042144775,0.451985793188
1530,626.710998535,185.433349609,13.2890014648,58.215259552,0.367677281611
1530,112.753135681,48.3091087341,30.344461441,69.5584716797,0.36453132052
1530,615.067138672,120.416320801,19.8860054016,51.9565429688,0.332093751058
1530,590.819213867,210.186157227,28.310880661,65.6152877808,0.10891223792
1530,94.5631637573,61.4488639832,21.0491809845,59.2411766052,0.0426630023867
1530,27.5313205719,173.595230103,23.541261673,64.6330718994,0.0350209302269
1530,76.3582305908,42.2190361023,29.5141735077,73.7726745605,0.0343389983755
1530,42.7715339661,182.242538452,19.0731697083,59.0244598389,0.0097150237707
1530,46.925365448,34.4933280945,25.7274932861,70.6417922974,1.17949667811e-05
1560,599.120422363,162.397415161,30.6046218872,86.5114059448,10.7741840184
1560,509.225494385,169.257888794,22.2442646027,66.2071075439,7.58608132601
1560,48.585308075,174.587020874,21.1286525726,53.6932220459,4.17505800724
1560,615.958862305,169.368972778,16.7720508575,57.6544342041,3.6798749119
1560,523.928649902,178.943496704,25.403465271,67.4365005493,3.33210043609
1560,425.615966797,147.517974854,26.1529064178,82.3012924194,3.16414833069
1560,447.786407471,166.586410522,18.7482089996,61.5999145508,0.836316589266
1560,97.5743179321,48.2506561279,27.1690273285,77.5518112183,0.793668348342
1560,602.72442627,125.348396301,29.7419261932,77.978263855,0.774303078651
1560,80.6124343872,40.6398658752,26.1391677856,74.9046859741,0.600682059303
1560,559.629821777,175.830200195,18.9894275665,58.0726776123,0.322499335743
1560,538.703613281,181.221450806,23.4027576447,69.294670105,0.238067610189
1560,110.090881348,31.6735992432,23.2493877411,67.3031082153,0.189933693036
1560,569.490966797,212.644302368,23.9036865234,77.2165603638,0.166895100847
1560,433.672698975,188.80317688,22.3143672943,53.1595497131,0.160878803581
1560,33.0800170898,172.137329102,26.3627796173,64.9994430542,0.0256740837358
1560,60.3033714294,181.319625854,20.2265319824,48.3745689392,0.00146021120599
1560,51.7763938904,33.1493377686,36.5015983582,75.0759277344,0.000187998011825
1590,510.081756592,171.910400391,20.4024372101,65.9484558105,19.6286275983
1590,431.064361572,131.509918213,26.5183162689,94.7362670898,7.71697238088
1590,45.2955360413,174.25038147,24.2644939423,61.7601737976,6.71132728457
1590,526.384338379,168.496292114,25.3956203461,84.8595352173,5.27781583369
1590,620.235900879,175.584411621,19.0301074982,60.8678131104,2.64634806663
1590,603.509216309,166.987518311,26.8904781342,71.9836959839,2.60327998549
1590,493.706787109,280.947174072,29.4802474976,59.2306022644,2.36426927149
1590,98.5647506714,65.1045074463,24.7164859772,59.9654045105,2.08763796836
1590,451.963745117,154.729354858,21.5353393555,70.6560134888,1.92123576999
1590,431.749908447,43.3108253479,27.8530673981,72.1780319214,1.66670940816
1590,443.720458984,189.572387695,23.3834934235,51.894367218,0.521354796365
1590,429.530517578,184.085128784,21.4419994354,56.0859260559,0.491479737684
1590,545.353271484,182.185546875,21.6000289917,59.8937339783,0.302759720944
1590,413.012420654,156.413009644,24.4264831543,67.3724212646,0.185888435226
1590,562.095153809,177.152648926,20.8298358917,63.1418304443,0.149908312596
1590,590.970458984,186.843505859,29.300321579,83.9193725586,0.0422558019636
1590,113.556213379,63.297077179,24.9108943939,59.6958808899,0.0286531139864
1590,596.04864502,153.263015747,21.1370735168,58.6444091797,0.0133784749778
1590,6.68876981735,176.917709351,16.1812038422,46.0891532898,0.00894239201443
1590,60.3225517273,177.86769104,21.4339923859,54.4549560547,0.00184063974302
1620,451.141601562,150.410598755,25.7067184448,80.4766998291,19.6820378304
1620,44.3419799805,182.772171021,18.9140148163,49.6168708801,8.05218964815
1620,526.173217773,180.055236816,24.4210834503,66.5642929077,6.60629421473
1620,513.214416504,168.995498657,21.2126464844,72.1954574585,5.56116588414
1620,615.254760742,171.921279907,19.4640636444,57.6950187683,5.55144920945
1620,433.320648193,43.4050598145,25.9125080109,68.4878921509,3.23201864958
1620,548.913146973,178.258239746,24.2655735016,76.3495559692,3.17998826504
1620,431.230834961,138.212814331,25.2711200714,80.8173294067,2.15166769922
1620,446.406585693,184.838562012,18.8309955597,53.5286064148,1.58236287534
1620,86.7211074829,39.4702720642,20.2715263367,61.8935585022,0.820972491056
1620,614.5546875,119.982749939,19.6971073151,53.0480155945,0.482533220202
1620,491.704467773,280.002532959,31.2190265656,63.293598175,0.369004183449
1620,596.73626709,165.52571106,31.8357772827,84.4275512695,0.0973319343757
1620,94.2623214722,45.6708259583,26.2693634033,78.8212356567,0.0749856175389
1620,32.1506309509,179.737121582,20.3295536041,62.3345947266,0.0741934520192
1620,11.2223081589,160.310241699,18.9310703278,56.8042907715,0.0457903050119
1620,107.828315735,63.0602226257,24.9506435394,58.9011039734,0.0121874611068
1620,493.016479492,89.3952407837,31.7629718781,74.9003601074,0.00304996228806
1620,54.9646949768,180.004745483,19.4085159302,50.200592041,0.0020822717488
1650,520.382751465,183.582885742,24.4575748444,67.6563262939,40.8859789371
1650,531.657836914,179.365646362,32.775592804,79.2048339844,6.11141137779
1650,436.242767334,53.5048408508,24.8323898315,60.8881072998,4.68858964741
1650,451.830200195,168.913314819,19.7639102936,58.4288787842,3.93194258213
1650,558.41217041,175.972518921,29.5554332733,81.2479934692,3.75144146383
1650,612.349060059,229.636535645,19.4062480927,59.1750450134,2.74574719369
1650,423.866119385,161.229446411,24.6499023438,73.3117141724,2.69448664039
1650,76.9982376099,53.1272888184,21.7725009918,62.8396263123,1.83412954211
1650,613.74432373,118.084327698,20.5165748596,55.2290039062,0.992431305349
1650,577.360961914,194.564315796,19.3639183044,57.7177009583,0.677097588778
1650,617.437011719,51.2959861755,16.0902271271,46.7842712402,0.580972107127
1650,514.505065918,301.306396484,30.6769542694,66.3256225586,0.41789803654
1650,91.599647522,46.9446716309,27.0903224945,75.5006027222,0.326645211317
1650,504.506195068,180.497680664,21.0224018097,58.9475059509,0.317184603773
1650,65.5867080688,40.4199371338,23.0973491669,61.8586425781,0.292742764577
1650,620.88269043,140.802017212,19.1173095703,70.2890625,0.267898151651
1650,20.3710765839,180.005371094,25.3288650513,65.1847457886,0.220843101852
1650,460.99206543,180.224563599,20.9226722717,58.1821022034,0.216387887485
1650,439.116210938,192.614028931,21.7907009125,57.7579498291,0.213527167216
1650,551.533691406,193.70098877,19.8694458008,61.2872581482,0.120714562945
1650,348.888305664,389.978149414,22.7058238983,51.1611213684,0.0135528083774
1650,104.487312317,186.991394043,20.1340579987,46.3030662537,0.00992961286101
1650,105.963539124,66.3845901489,27.217092514,63.9038505554,0.00692841058481
1650,43.5500183105,31.4894886017,32.3521766663,62.4598045349,0.000246539616455
1680,585.606506348,161.638259888,37.868183136,123.798301697,35.4815095663
1680,546.433776855,168.91192627,30.5328731537,99.1201705933,25.0666201115
1680,599.528259277,212.951171875,19.9814167023,60.2657279968,2.60883532465
1680,432.74206543,184.478393555,22.0809497833,54.3909912109,1.87686868012
1680,611.475280762,123.972412109,17.5488491058,44.0739784241,1.70826278627
1680,452.655853271,34.7815055847,27.4744052887,70.1354446411,1.44237885252
1680,585.319152832,183.647109985,20.9921550751,64.1002883911,1.41078820452
1680,109.01033783,191.029342651,23.8542709351,56.9758758545,1.22441379353
1680,618.320251465,232.760803223,15.1284561157,50.9623756409,1.19725707918
1680,567.996643066,214.887130737,20.7589225769,58.5461540222,0.913282390684
1680,440.921386719,126.281944275,28.1686859131,79.3639678955,0.732095865533
1680,335.2784729,165.253128052,18.8672981262,54.099445343,0.644036335871
1680,467.607055664,207.095626831,19.0055198669,53.5058174133,0.59027611278
1680,442.823242188,189.510025024,23.7248096466,73.8060531616,0.441626226529
1680,41.0550346375,37.5041007996,27.8929042816,96.2060317993,0.426348112524
1680,606.142883301,180.637924194,27.0337581635,82.8558502197,0.366426398978
1680,59.9117012024,48.8417243958,21.9067554474,61.3118629456,0.0984163722023
1680,87.9830093384,65.0012588501,33.1478004456,68.1581802368,0.0758592505008
1680,609.96697998,394.588531494,20.1378059387,50.6065368652,0.0136789793032
1680,72.7384796143,75.385559082,23.4622879028,58.7280426025,0.00962228150456
1680,221.508255005,27.1730575562,21.1703090668,46.7915802002,0.00829163109302
1680,11.900935173,37.9702720642,30.5165405273,74.8835678101,7.10626535394e-07
1680,75.1556854248,28.8788661957,37.7235221863,79.0263061523,6.19817919212e-08
1710,541.842529297,200.132629395,29.8921375275,80.1539230347,11.204443872
1710,505.04208374,118.655578613,20.3525657654,68.2780838013,7.10506662726
1710,604.925354004,99.0698013306,25.4801425934,62.5326576233,5.53966760635
1710,13.5191793442,169.320358276,34.2956962585,81.2965621948,4.76195365191
1710,577.765319824,81.3140563965,35.3714675903,85.1882781982,3.51515337825
1710,507.783905029,171.113327026,21.1483631134,63.2650032043,1.65316201746
1710,511.953399658,201.580078125,30.0561447144,90.753074646,1.21473409235
1710,531.99206543,225.287658691,21.677274704,61.2905845642,1.16729671136
1710,519.887756348,251.472839355,20.6023006439,48.9608192444,0.703695137054
1710,605.795349121,240.328552246,17.7934341431,50.3680877686,0.352559960447
1710,81.1524581909,52.2228088379,30.8747386932,70.6090621948,0.254994584247
1710,563.109375,205.407669067,19.9827041626,60.3223075867,0.226034526713
1710,36.4530487061,31.8301696777,22.2982883453,67.0299453735,0.18827872118
1710,468.101348877,186.947937012,19.3529987335,62.3340644836,0.17178588314
1710,575.277770996,219.282226562,20.1265506744,54.5705833435,0.112059235107
1710,68.3946990967,197.96244812,21.6166992188,55.5554618835,0.103437458165
1710,542.920471191,252.284133911,19.6452732086,46.7424926758,0.100861571264
1710,61.1806221008,70.8495178223,24.1914596558,58.6928977966,0.0997030758299
1710,589.281677246,226.800979614,21.0328388214,52.3976478577,0.0976330193225
1740,62.084197998,30.8018798828,27.7776317596,70.9748001099,12.8612071276
1740,504.571380615,177.885910034,29.2589855194,83.0683288574,7.87430182099
1740,27.3129119873,66.9018630981,20.2147769928,51.9693641663,3.61453145742
1740,34.0343284607,282.144622803,33.698184967,94.1077575684,2.25237049162
1740,0.0,179.231430054,26.4604110718,67.2374801636,1.3914517127
1740,492.63583374,114.953834534,19.8685016632,64.1433639526,1.1023087427
1740,68.0570678711,234.065750122,24.277923584,46.7793273926,0.820967368782
1740,596.98840332,99.813835144,22.2657222748,62.23229599,0.717921834439
1740,526.410583496,183.181991577,20.9487838745,61.7075309753,0.54844324477
1740,544.954589844,206.117248535,31.0791988373,63.3775138855,0.463134935126
1740,610.650939941,84.884979248,18.1503543854,52.9162406921,0.394095154479
1740,37.9943771362,54.2301330566,22.8423309326,61.5012931824,0.109909370076
1740,5.73437356949,184.489624023,37.650478363,122.031097412,0.0688481261022
1740,77.5478363037,30.2185840607,19.7770729065,52.8374061584,0.0605010136496
1740,50.5181922913,58.74477005,20.9574661255,52.9074401855,0.0321500439895
1770,111.812782288,192.966491699,19.668346405,59.743938446,14.634925127
1770,77.2251205444,194.655883789,23.3300247192,55.4140586853,9.23174545169
1770,10.7148590088,297.529846191,37.1123924255,119.768684387,5.40666356683
1770,611.971130371,76.2019119263,18.6782855988,58.3613700867,0.53244670853
1770,210.421325684,186.194778442,23.2581882477,57.1165161133,0.141401716974
1770,12.823387146,23.0688247681,31.8091430664,63.8396034241,0.035015316098
1770,484.021697998,117.075141907,21.1211795807,66.8764266968,0.0265829294221
1770,455.364593506,133.498123169,22.7863330841,69.1457977295,0.00917012730497
1770,5.09915399551,43.8031463623,19.6770706177,53.0238227844,0.00359541118087
1800,596.004699707,65.0133056641,34.4946975708,94.9794540405,39.934489131
1800,140.362228394,194.111312866,25.3047122955,60.7432556152,23.837274313
1800,130.665420532,197.253707886,19.8537063599,51.7613258362,7.47509971261
1800,525.372314453,213.567062378,24.0254764557,59.128452301,4.75439354777
1800,180.551925659,198.055786133,20.0782260895,49.5911254883,1.8385021016
1800,614.878845215,75.6772384644,18.0789356232,63.1352272034,0.839345622808
1800,577.149414062,73.7826461792,22.049156189,57.9965209961,0.6206354592
1800,155.367050171,193.291732788,20.5864276886,55.4314689636,0.476850941777
1800,194.472824097,193.572616577,20.1763553619,50.9234161377,0.253482861444
1800,453.044921875,118.096580505,24.299041748,67.4174575806,0.201956974342
1800,257.797821045,248.637985229,21.794260025,48.9418144226,0.0478999805637
1800,425.863494873,120.848136902,23.5102672577,65.5779876709,0.0396838062443
1830,611.465576172,50.5252799988,22.1089401245,79.0777511597,7.94848129153
1830,351.516479492,142.488388062,29.8081073761,62.6209106445,3.32983136177
1830,213.184829712,87.2181091309,22.576417923,55.8969116211,1.46801602095
1830,481.888397217,186.114089966,29.9475269318,65.2746429443,0.661320006475
1830,406.217407227,184.012207031,20.5414466858,51.5933036804,0.591420195997
1830,188.417175293,188.663757324,20.0841236115,46.2360725403,0.255027925596
1830,511.615142822,184.644882202,27.6654720306,68.1720199585,0.121501414105
