60,548.848449707,176.497756958,31.4316577911,64.7387161255,2.48869657516
60,442.204467773,342.055419922,31.8025379181,68.8614578247,0.0652698916383
90,486.540313721,375.946746826,21.8659610748,52.9852333069,1.09379906207
90,602.966491699,169.007736206,28.7851467133,71.5873947144,0.384372659028
90,504.368011475,367.159667969,29.3793239594,59.1916313171,0.362152373418
90,471.689208984,378.734283447,23.8057250977,44.1759643555,0.199167430401
120,500.220611572,406.489776611,34.2583808899,50.5620689392,2.76838149875
120,311.2293396,94.892791748,18.119512558,51.4280395508,0.202269479632
120,555.30456543,397.874908447,23.8557815552,55.2802734375,0.0768724596128
150,597.694030762,183.76991272,30.754989624,68.6328277588,21.2932392955
180,614.64050293,195.588485718,20.0488452911,50.9388694763,2.63915080577
210,27.243894577,201.223495483,21.3549346924,46.4468193054,14.9950608611
240,29.4036998749,203.88269043,19.3871879578,44.8487358093,44.0904408693
270,23.8007335663,213.875747681,18.3016624451,37.405582428,18.4026360512
330,27.6984615326,212.138549805,16.1883068085,41.1501960754,8.02506580949
360,33.1608123779,203.712356567,18.1595134735,46.8757133484,31.552362442
390,417.815093994,185.004684448,28.8505725861,73.6350784302,25.6724864244
390,33.8283882141,215.744384766,18.630033493,43.95753479,12.8346562386
420,418.204193115,187.022888184,25.9555206299,65.0576171875,98.570895195
420,436.285675049,188.479309082,18.4212779999,60.9372520447,18.6951518059
420,28.1337146759,238.048477173,29.7863521576,87.0579147339,4.60146851838
420,407.073944092,192.308181763,17.7047767639,54.805431366,1.20899584144
420,79.4986114502,199.535507202,20.9647312164,53.2699012756,0.560033833608
420,6.39809751511,237.379653931,16.8406085968,57.2380943298,0.246156356297
420,448.724884033,184.765441895,16.1468524933,56.9163360596,0.0919296348002
450,443.940673828,185.881546021,28.9049396515,72.4842224121,96.2402105331
450,30.6416320801,223.718994141,20.1635971069,41.8685417175,45.0008958578
450,554.773742676,195.65826416,20.5986118317,48.6115608215,38.9441907406
450,374.192474365,199.355361938,21.3166446686,56.611743927,4.22873049974
450,419.890625,206.999649048,21.0799503326,47.4305458069,0.968960672617
450,387.907684326,203.691162109,23.8399982452,51.2770996094,0.79541746527
450,431.971954346,202.140457153,19.2863101959,52.6776161194,0.728289689869
450,478.931152344,375.107788086,33.340461731,65.6436080933,0.456590345129
450,503.677276611,145.597595215,20.3099136353,56.3122520447,0.0750181730837
450,23.3398971558,221.491714478,15.6798706055,40.4276161194,0.0529394485056
450,184.260543823,256.729095459,38.6343955994,84.3580856323,0.0372885668185
450,495.523834229,157.887512207,18.0086154938,59.0610351562,0.0215834021219
480,482.380737305,168.699523926,39.1162376404,97.2860031128,99.1195261478
480,21.7490901947,215.94380188,22.6770401001,46.3572044373,18.3296203613
480,386.375518799,173.294845581,19.5775184631,70.0513839722,4.0431369096
480,467.560272217,177.052932739,32.3543930054,80.8344955444,3.22032235563
480,419.331573486,305.548614502,25.1009464264,53.6121482849,2.26329825819
480,609.092773438,194.738937378,17.0991840363,47.4920768738,1.75683181733
480,397.682281494,181.097839355,18.0205440521,56.6707420349,1.35391429067
480,195.268066406,202.415023804,26.3260498047,66.0544509888,0.697601679713
480,509.76272583,168.894058228,19.0575065613,62.7765769958,0.620853621513
480,371.889862061,196.757766724,17.7898025513,57.5043754578,0.387764489278
480,477.146270752,344.135009766,22.1201477051,65.234413147,0.222621206194
480,527.801330566,149.42515564,19.7223396301,61.0858612061,0.0486445002025
480,339.828582764,134.870117188,24.4363079071,59.515625,0.00282940764009
510,559.800109863,142.829788208,49.4012336731,133.957138062,99.7936785221
510,8.42133712769,218.024795532,19.5624465942,44.0064964294,83.2703769207
510,400.37121582,203.982650757,29.7201251984,60.1757965088,33.6475014687
510,560.548278809,203.835754395,23.6991138458,66.271987915,13.1713673472
510,457.274658203,208.626937866,17.0318546295,36.1295280457,2.89139896631
510,577.759094238,201.967880249,23.818857193,71.189781189,2.15023830533
510,474.498413086,193.275268555,18.1728000641,50.6891517639,1.74266286194
510,587.385437012,156.619735718,26.4049930573,92.9660644531,1.09965084121
510,497.565795898,41.3951835632,22.9803085327,45.5702629089,0.826404709369
510,376.513305664,174.204086304,35.1798019409,77.7055358887,0.287613621913
510,20.908115387,217.191696167,20.4283771515,45.9617614746,0.163729581982
510,596.833435059,150.006713867,25.3067836761,54.7864265442,0.0753340078518
540,353.591796875,199.014404297,23.4437255859,48.9075317383,7.60176107287
540,70.1626663208,187.79083252,23.9867324829,56.9851493835,1.14261684939
540,13.2015352249,221.56262207,20.5208015442,45.7853889465,0.771845737472
540,567.016479492,200.854064941,21.4290866852,55.5185585022,0.293902214617
540,345.888671875,168.057617188,21.4859333038,61.0159950256,0.00205257892958
570,484.977539062,194.70098877,18.5591526031,42.1367759705,40.3910845518
570,443.378875732,178.41418457,16.4194641113,52.7192420959,10.9168641269
570,419.730865479,174.265808105,22.3686141968,60.7213439941,5.08491434157
570,407.67590332,169.039810181,21.2946357727,63.215259552,1.6487935558
570,544.121032715,193.130447388,18.5178318024,44.1651268005,0.364518770948
570,494.318969727,97.3694076538,18.9269332886,58.3374595642,0.357403769158
570,524.964172363,182.264938354,17.1934986115,54.6884765625,0.189588614739
600,342.466064453,198.692306519,20.6893463135,46.309589386,1.71598158777
600,535.20135498,342.151824951,23.3368225098,62.8604278564,0.248752697371
600,523.401306152,105.309844971,21.7302036285,54.7535209656,0.247898115776
600,153.371231079,196.098495483,19.020198822,42.5831413269,0.127134087961
600,356.095458984,195.51600647,19.054069519,59.9008827209,0.102800002787
600,553.655334473,102.604881287,22.0797595978,64.1160964966,0.0218830478843
630,106.250068665,186.552856445,21.9427547455,55.2977638245,66.2998735905
630,458.650268555,172.981155396,18.0983276367,57.2829475403,15.13325423
630,361.266235352,191.732116699,23.0414066315,54.1664619446,1.92482843995
630,520.754394531,192.479568481,22.8529205322,47.7675971985,0.82119340077
630,469.973602295,177.066238403,17.688791275,53.8917121887,0.77239847742
630,605.467224121,165.832687378,22.6140346527,68.262046814,0.507255690172
630,90.2172012329,189.535995483,18.4654521942,44.242313385,0.245771370828
630,530.552429199,77.6646652222,25.0443649292,59.1943092346,0.0435339083197
660,465.062652588,180.403701782,20.5827198029,56.1664123535,69.6884214878
660,359.709381104,197.688919067,21.1166400909,49.1934661865,8.1917271018
660,332.561340332,189.926025391,20.4535884857,57.7935447693,5.64908534288
660,7.47817277908,188.125549316,19.9215660095,58.3484764099,3.02881971002
660,451.105712891,181.663284302,20.1506214142,56.3886070251,1.20289586484
660,343.667236328,182.171981812,21.6017017365,56.1624603271,0.512920692563
660,546.852722168,85.0130386353,26.2729358673,66.1064834595,0.0349009293132
690,467.321868896,174.620651245,21.7194919586,59.6010131836,53.4317374229
690,360.65737915,204.73425293,19.8612575531,49.3457679749,17.1626552939
690,554.745117188,86.1376113892,26.5930938721,69.046257019,9.8852366209
690,578.155700684,192.284851074,19.9313869476,56.5290031433,3.02743222564
690,303.653900146,185.173629761,19.0575351715,52.341217041,1.85114014894
690,332.349914551,197.40776062,19.3608074188,51.0529670715,1.76290851086
690,545.358154297,201.8462677,25.0282344818,45.3672294617,0.459776166826
690,563.541992188,204.638671875,22.3892669678,47.8456306458,0.420637661591
690,347.606933594,110.998085022,19.9760017395,60.9423942566,0.230877450667
690,91.3956298828,184.481201172,16.7640914917,48.0034370422,0.14154483797
720,468.944549561,174.665893555,21.9549255371,59.0555305481,53.295391798
720,578.828430176,190.107955933,20.6791362762,55.3545188904,9.12319049239
720,333.233062744,166.333938599,20.6183986664,56.8344230652,3.17901261151
720,457.355712891,175.331359863,19.7807579041,56.46434021,2.18618493527
720,359.499389648,194.470993042,22.3299007416,53.304309845,2.18142364174
720,304.658905029,187.804824829,21.3444137573,50.3114585876,1.14679643884
720,93.286567688,180.310791016,18.1715946198,45.2295722961,1.08804441988
720,329.344573975,195.606002808,18.8281936646,49.7857666016,1.00798495114
720,557.225463867,83.6476211548,22.0998783112,67.3189620972,0.590437557548
720,523.117919922,183.898193359,24.0435276031,55.0470695496,0.250945799053
720,347.074066162,107.925666809,20.1988353729,61.1298027039,0.235625519417
720,481.411346436,183.459457397,19.4766616821,49.2397193909,0.122687034309
720,79.4776306152,191.793518066,17.432390213,41.3558692932,0.0676113064401
720,319.446594238,185.62159729,18.0973167419,43.7820701599,0.0357211043593
750,468.42590332,174.495101929,21.1237182617,57.7715110779,62.7644836903
750,92.5146560669,181.026138306,17.8308525085,45.1041679382,9.92208197713
750,360.228973389,196.037353516,19.9622974396,49.5380249023,4.91487532854
750,457.981842041,177.502212524,19.5883235931,54.4818077087,3.36127765477
750,579.498535156,194.130447388,22.9050006866,52.1187438965,1.91748589277
750,346.538452148,108.57183075,20.9802131653,54.2341651917,1.38609502465
750,605.243774414,195.873214722,19.3447551727,48.1035652161,0.910582020879
750,524.428833008,185.878952026,23.311668396,54.0132102966,0.797937531024
750,545.408691406,190.103317261,21.076713562,51.0459899902,0.538711436093
750,480.516357422,176.78515625,19.9081096649,52.5994720459,0.30970221851
750,328.475006104,198.114395142,20.3068637848,48.4840507507,0.259851920418
750,81.1951828003,188.810958862,17.2971687317,42.9681358337,0.206658407114
750,568.460449219,192.931808472,20.4083652496,51.9545021057,0.147372914944
780,468.483398438,175.345993042,23.4489765167,58.5902290344,78.5985589027
780,90.4606246948,179.207351685,16.9121646881,45.5343322754,5.97955808043
780,457.18850708,175.190734863,19.897359848,55.7047424316,5.28821311891
780,581.229064941,188.329940796,20.0722312927,56.8755836487,4.18721064925
780,529.030883789,196.042831421,21.8269634247,44.7333564758,3.97239811718
780,359.013336182,189.631393433,24.7027645111,55.2863197327,3.13936546445
780,337.585906982,163.16809082,19.4949703217,55.1741027832,2.24572792649
780,543.45715332,190.461868286,21.9823589325,51.9171905518,0.788468308747
780,347.500640869,109.564704895,21.1645240784,58.2401695251,0.491173379123
780,331.602142334,189.432739258,22.2780017853,56.3885383606,0.284672621638
780,349.688476562,158.264907837,16.3288955688,52.2868347168,0.230645411648
780,80.1219558716,189.764450073,17.6306667328,41.3474311829,0.15638753539
780,68.0004959106,190.920166016,17.5400218964,40.6758003235,0.115734688006
780,484.140167236,56.9495353699,18.5810070038,40.7631874084,0.0541568675544
810,468.326507568,171.676620483,21.0511875153,58.6765899658,70.2027440071
810,359.461212158,195.600265503,20.2411327362,51.4976615906,9.87228453159
810,580.882507324,190.18548584,19.6230392456,56.1564445496,5.07385954261
810,331.249053955,158.832946777,22.3933334351,66.2693557739,2.98191960901
810,346.254669189,110.175132751,20.1626605988,63.3603515625,1.99079923332
810,86.6307907104,181.677352905,16.9927444458,43.0614128113,0.893342867494
810,306.294799805,178.917098999,17.4364051819,46.5623931885,0.672138109803
810,605.756896973,193.786071777,19.8782043457,49.485584259,0.418178224936
810,557.511230469,196.267105103,23.6503505707,47.8714942932,0.396307976916
810,327.341796875,193.258407593,21.3526916504,56.8767547607,0.157092197333
810,68.2115478516,192.003250122,16.5644683838,40.4321556091,0.136613508221
810,316.275695801,175.637695312,24.7680721283,53.1743583679,0.0569964933675
840,470.335662842,172.502212524,20.3312854767,56.6540489197,67.294472456
840,359.662963867,196.056533813,19.3702754974,49.0943031311,26.5102416277
840,332.884552002,164.3072052,22.8090667725,66.4387588501,7.38437324762
840,533.923156738,193.427902222,17.951385498,44.996181488,2.19864137471
840,580.179321289,189.176956177,21.1934528351,54.2678527832,1.89908202738
840,346.474243164,108.845069885,21.1187362671,60.8875427246,0.846713129431
840,455.899139404,170.919815063,20.2830791473,58.6610221863,0.749648548663
840,604.660705566,190.646316528,20.3765392303,51.4270629883,0.484843319282
840,487.947052002,175.127548218,17.6099052429,54.2747077942,0.293697463349
840,326.441894531,185.885879517,18.756816864,57.1008033752,0.154799595475
840,73.8743286133,186.112976074,18.1288070679,42.1428260803,0.122315855697
840,550.779846191,189.12928772,22.5667972565,50.8124275208,0.117881188635
870,464.552337646,176.023803711,22.0814495087,60.3535346985,95.2906191349
870,359.453948975,194.091064453,20.0211143494,52.0822944641,22.7292880416
870,330.330352783,165.055252075,22.5480480194,66.2427902222,4.12843227386
870,581.028747559,194.037185669,20.3721656799,52.2171020508,3.39409783483
870,560.759765625,86.004699707,24.7799987793,70.0906295776,2.01328042895
870,343.888061523,111.022460938,25.1866760254,69.0960388184,1.17611242458
870,85.6021728516,178.58039856,19.2867565155,45.1825752258,1.04249669239
870,603.954956055,192.973510742,20.339548111,51.7761497498,0.868797022849
870,442.238525391,160.384170532,33.2721290588,77.620552063,0.702015729621
870,549.865661621,189.488693237,24.4790897369,50.962802887,0.148131640162
900,469.312988281,172.439819336,20.0604858398,48.2901420593,2.99278013408
900,457.812835693,173.501327515,19.9847698212,43.8104705811,1.43804540858
900,563.632080078,89.4078292847,26.8039474487,60.2673683167,0.795884337276
900,347.016265869,104.076171875,21.5502758026,58.562713623,0.258274259977
900,553.460266113,70.8248291016,22.480386734,61.0496177673,0.0112193862151
900,67.4480514526,185.094772339,17.9932613373,45.703994751,0.00120699278341
930,458.849731445,183.768676758,24.0970001221,54.8960914612,94.4673895836
930,306.962554932,181.200820923,19.0461597443,49.269405365,3.77889983356
930,451.016326904,185.106826782,14.9386930466,49.5564422607,1.82009357959
930,474.460906982,177.250350952,23.9400043488,55.7024726868,1.44227109849
930,359.19241333,193.242004395,22.6447238922,51.1836242676,0.594250392169
930,347.433319092,111.169898987,20.9754505157,55.4668540955,0.324931624345
930,525.276977539,181.985305786,21.9536952972,56.6326293945,0.11120531708
960,307.148040771,187.710189819,19.3029518127,45.9279289246,3.18569205701
960,359.873504639,199.962081909,19.7789497375,51.3561706543,3.15663293004
960,346.492095947,105.159751892,23.685874939,77.2814254761,2.2341998294
960,331.83895874,161.424804688,20.9503822327,56.1927032471,1.62095054984
960,560.790588379,86.1870498657,24.2666778564,64.504119873,0.850355811417
960,317.586517334,179.508712769,21.8138332367,50.6028747559,0.0746229838114
990,446.504669189,181.878585815,21.9397258759,56.3051605225,95.2610492706
990,465.26852417,178.060623169,21.466588974,59.6329536438,13.6329978704
990,332.139862061,157.892501831,21.1970176697,55.9816169739,3.94654199481
990,426.427124023,171.20930481,24.9760456085,66.6394119263,3.40446196496
990,9.26335144043,126.641029358,31.7849636078,58.6222229004,1.29298092797
990,346.664459229,107.759208679,21.3413257599,57.0720024109,0.85958018899
990,555.096984863,71.6954345703,27.8079452515,65.050743103,0.0750909966882
1020,415.738769531,185.279190063,40.7916526794,55.9330101013,91.0521924496
1020,357.550750732,197.39994812,20.6602611542,48.4247589111,14.3961191177
1020,307.248840332,189.504638672,18.6024265289,47.4998817444,5.83111047745
1020,462.555328369,182.691650391,20.9513187408,54.8878479004,3.92172187567
1020,445.131988525,187.190231323,16.7703208923,53.1269340515,1.77331697196
1020,344.25088501,105.81452179,21.0238819122,54.3490028381,1.05837676674
1020,566.60369873,80.7699584961,25.3790988922,58.2364654541,0.979125406593
1020,331.336090088,177.712844849,23.7651500702,62.4986763,0.927835702896
1020,318.19519043,181.041275024,19.0699901581,42.9963378906,0.254253274761
1020,554.202636719,72.9298019409,22.5504455566,60.4506340027,0.0330995710101
1050,387.094238281,185.920761108,20.3071537018,53.4521751404,96.7199742794
1050,412.22744751,189.508666992,19.6190567017,54.8349914551,95.6685483456
1050,466.607757568,169.60609436,26.4753646851,63.3621063232,40.7745629549
1050,305.725250244,185.65612793,18.9124317169,48.0294914246,6.89363330603
1050,372.580963135,187.044570923,19.5716266632,53.8997764587,0.901509355754
1050,337.402984619,157.787155151,19.7150173187,63.1350517273,0.59901047498
1050,345.631622314,104.148368835,22.4398422241,58.3589515686,0.186366832349
1050,328.759765625,184.143173218,20.5708694458,59.1611595154,0.121924362611
1050,421.622314453,164.610092163,27.640871048,75.7360916138,0.0166147670825
1080,392.949493408,190.778259277,19.4540348053,52.3806419373,96.7876255512
1080,375.918670654,184.030014038,19.2247066498,55.342212677,94.6769356728
1080,471.769195557,168.95513916,22.9229507446,62.4906921387,46.8348413706
1080,338.11529541,183.635543823,18.275182724,52.1618652344,25.3458887339
1080,306.501617432,179.458297729,19.0388469696,45.268611908,10.8475357294
1080,360.962249756,186.20072937,21.0191555023,56.2545509338,7.23781660199
1080,451.371704102,145.852539062,32.5364494324,86.4003829956,1.74952801317
1080,347.134033203,185.25012207,22.4583339691,56.4885292053,1.66308563203
1080,581.970153809,192.040878296,18.0268383026,52.0095176697,1.3827200979
1080,325.697570801,177.481033325,18.1128425598,55.1552124023,0.562508963048
1080,405.309112549,182.329345703,22.6005554199,57.3734703064,0.402069976553
1080,346.594512939,106.59903717,21.7108745575,57.2580299377,0.14123453293
1080,554.309143066,70.7730026245,27.818687439,65.0807495117,0.0865269219503
1080,556.084533691,192.556350708,25.5852985382,47.5378074646,0.0519984052517
1110,364.535430908,183.687133789,27.1882457733,60.5240592957,98.38976264
1110,472.283416748,176.135009766,17.3047771454,52.5289497375,64.6091580391
1110,338.32333374,178.226608276,21.0656032562,55.4698371887,14.7651597857
1110,301.49508667,187.309829712,21.0973072052,47.4633674622,3.93357612193
1110,456.809692383,171.242874146,25.6711444855,60.5696220398,1.66287831962
1110,383.777587891,189.258789062,18.7988567352,54.2349891663,0.909921899438
1110,346.169403076,104.84059906,21.9739151001,56.28673172,0.517248269171
1110,579.040100098,189.798965454,21.5263137817,55.0585136414,0.391987524927
1110,325.1902771,182.894470215,19.6107807159,54.1891784668,0.248520378955
1110,554.96295166,71.7579727173,27.5325717926,64.8002166748,0.148108648136
1110,487.240234375,176.150802612,18.0541763306,52.8663902283,0.0976066221483
1110,555.356201172,188.463607788,27.8648052216,50.0291595459,0.0756302208174
1140,368.047119141,187.540206909,25.1467189789,58.4964256287,94.3110466003
1140,475.982025146,173.485595703,20.936378479,56.6759605408,53.4682750702
1140,355.421173096,188.842269897,20.0480422974,54.1809043884,11.2166248262
1140,337.597229004,167.364273071,20.5837993622,58.1986045837,7.60895907879
1140,462.437286377,174.64465332,23.1053066254,57.7839393616,6.17165006697
1140,306.135070801,189.652481079,19.6555709839,49.1237297058,3.4589022398
1140,346.78237915,107.381385803,21.8929653168,60.696472168,1.75593271852
1140,329.398254395,190.370620728,21.8536434174,55.9645652771,0.326886144467
1140,393.688232422,185.767456055,16.8037853241,53.6031913757,0.254784408025
1140,554.789733887,69.8532028198,26.3790111542,63.6443595886,0.0380435114494
1170,334.070709229,178.469436646,22.4275989532,56.885761261,6.26577436924
1170,355.139068604,187.671890259,19.1138000488,40.0457000732,3.23632508516
1170,346.942962646,107.286857605,20.7206382751,58.8689002991,0.659182108939
1200,140.216079712,124.21257782,33.1670188904,77.6702804565,40.2027279139
1200,426.868560791,114.840446472,35.018321991,103.895973206,32.4905544519
1200,134.481063843,222.204910278,25.6066436768,60.1130714417,20.1785206795
1200,559.001342773,84.2314071655,37.6661109924,110.877929688,10.1341016591
1200,355.4168396,196.430496216,29.9840068817,65.5681991577,7.28817433119
1200,162.943984985,220.021774292,20.2563743591,56.5503883362,2.74985227734
1200,125.610931396,144.377578735,60.9655189514,135.238082886,2.06308532506
1200,449.640991211,204.876281738,22.4955043793,57.9297676086,1.97420530021
1200,313.963165283,149.644104004,30.2431411743,50.9053993225,1.77972521633
1200,180.032058716,216.877426147,25.756357193,50.8680267334,0.9909581393
1200,217.362014771,131.150497437,29.1243419647,63.3707923889,0.605507940054
1200,184.892150879,140.399291992,16.8648014069,46.6639099121,0.323887146078
1200,126.332481384,32.1751708984,32.3844604492,60.641254425,1.03466504697e-05
1230,604.996643066,145.138046265,18.2214279175,45.1587562561,0.697614531964
1230,332.389862061,106.555755615,25.4224224091,72.1501846313,0.307639036328
1260,565.951171875,73.1242141724,21.4590778351,61.4796943665,0.0267584837275
1290,473.955108643,184.093551636,20.63646698,58.8018188477,83.4159076214
1290,604.889038086,93.5199813843,19.9354190826,59.3638191223,1.79322231561
1290,566.400756836,70.6152572632,20.9606151581,59.4366340637,0.120836845599
1290,549.363830566,200.625259399,18.7914733887,48.1917304993,0.107166951057
1290,494.156341553,185.248764038,18.2115745544,53.8686943054,0.0919066253118
1290,484.12387085,56.8443603516,18.8719158173,41.1231880188,0.0344975560438
1290,176.37713623,220.737228394,34.7634963989,75.4125061035,0.0298729428323
1320,416.534942627,188.3984375,19.3731002808,57.0176200867,85.9059512615
1320,521.592224121,72.1456680298,27.0312175751,68.3739089966,1.72304678708
1350,250.859191895,100.554107666,22.0425262451,58.4887542725,2.62294840068
1350,550.364196777,194.868087769,26.6477355957,64.1779556274,1.55761903152
1350,98.3487243652,41.7895355225,20.4623241425,45.8484077454,0.734026543796
1350,120.246520996,37.4820899963,19.2638988495,46.4315757751,0.312499352731
1350,66.6995849609,158.546600342,32.2297019958,78.3167495728,0.197183294222
1350,148.348251343,46.1747741699,18.8632888794,41.7488555908,0.0749342609197
1350,541.497680664,221.467453003,19.9860038757,49.1511726379,0.0388616608689
1380,579.210754395,171.843765259,40.8384666443,103.405021667,17.2615632415
1380,497.550048828,123.54662323,25.9621353149,44.9844551086,15.751208365
1380,125.079124451,131.998062134,41.2650718689,102.238800049,8.1298969686
1380,291.602020264,175.294555664,36.6936836243,95.916053772,4.75125275552
1380,337.902923584,109.24294281,40.4341812134,92.5601272583,4.5906253159
1380,125.884361267,172.367980957,21.9093475342,55.5490264893,2.32876967639
1380,514.283691406,118.69834137,18.9450740814,48.3570861816,0.433776248246
1410,53.2613220215,109.27419281,32.5565605164,91.5168151855,20.2764078975
1410,178.772628784,193.157791138,32.4523887634,78.5414657593,16.7244195938
1410,69.4396514893,108.051795959,21.2942523956,53.6061096191,0.253414455801
1410,45.5207939148,179.045791626,21.2681732178,61.5648612976,0.104142958298
1410,568.531738281,195.311416626,27.7710113525,64.5719833374,0.0416196329752
1410,590.440551758,197.185256958,21.5865879059,63.2276649475,0.0239421235165
1440,611.671142578,185.498245239,17.6664714813,50.3941841125,13.8496682048
1440,557.407409668,171.873275757,16.8828544617,47.1515655518,8.90322476625
1440,522.114379883,152.862503052,23.3542308807,82.9111251831,8.27970206738
1440,579.197509766,172.829147339,19.8231143951,54.2085456848,6.66837692261
1440,541.150695801,161.460922241,22.4534378052,65.2555618286,1.53307374567
1440,515.844299316,189.80519104,19.0647354126,52.1762580872,0.969615671784
1440,495.7137146,154.209152222,30.4563293457,74.7000350952,0.534858414903
1440,598.067932129,176.736801147,19.8858547211,50.8508338928,0.292302295566
1440,386.794189453,191.486816406,18.8180770874,50.446762085,0.165226520039
1470,444.106567383,149.433120728,22.0394878387,64.6388778687,34.2551678419
1470,554.50769043,177.791610718,17.6010990143,48.5503387451,13.1483018398
1470,490.18447876,171.149765015,22.1141662598,59.2789001465,3.07692028582
1470,529.726501465,163.115341187,22.8429412842,58.0124816895,2.98118926585
1470,511.53012085,171.712814331,16.9273967743,48.1288719177,1.46834338084
1470,462.260894775,144.898666382,28.8763599396,81.6837158203,1.10307186842
1470,568.898010254,173.733322144,17.6250972748,54.2153968811,0.838810484856
1470,605.667297363,180.053573608,18.7637577057,50.5177497864,0.367070990615
1470,509.896575928,95.7367935181,24.3127994537,59.967792511,0.111229845788
1470,582.518249512,178.731124878,23.7272357941,51.1577453613,0.0705537153408
1470,155.830383301,175.296188354,19.9559993744,52.4680480957,0.055087020155
1470,522.794372559,64.3911514282,31.5173034668,84.0939559937,0.0549646909349
1500,613.021850586,167.839767456,17.0556774139,52.1351928711,53.0858099461
1500,530.074401855,168.897796631,19.5127544403,54.1051635742,40.3213948011
1500,439.67678833,118.548286438,22.60505867,70.5681915283,37.9988461733
1500,546.108581543,151.321548462,22.1747646332,64.0261688232,16.1003798246
1500,463.724212646,118.138549805,21.6722259521,66.8894805908,12.9504561424
1500,385.537872314,166.844436646,21.9487056732,59.6380577087,10.7016310096
1500,497.893280029,167.498733521,20.3280506134,57.6306304932,1.60617306828
1500,515.835998535,138.770004272,27.3295612335,87.741645813,1.43715664744
1500,560.080993652,64.3526000977,25.343629837,56.3665733337,0.876215938479
1500,542.646911621,64.7201843262,22.9676265717,57.2628936768,0.145608244929
1500,493.159637451,103.404846191,29.8838348389,99.070930481,0.117066327948
1500,541.006591797,71.587852478,47.420425415,144.218841553,0.100441777613
1500,582.767028809,59.1151008606,22.4683456421,51.4004096985,0.0166176585481
1500,502.10925293,44.2444458008,43.974029541,92.192527771,1.53349284226e-10
1530,457.16394043,103.546592712,31.4890899658,84.6070327759,52.5270998478
1530,416.48324585,165.667037964,34.5552330017,75.669960022,32.5564146042
1530,560.719116211,153.391799927,22.8798141479,69.0811157227,17.3922479153
1530,580.12286377,144.507980347,20.2928180695,70.6581192017,7.58854225278
1530,47.2039489746,174.663574219,22.7498912811,52.35679245,4.35867533088
1530,558.41217041,193.969787598,26.7129135132,55.8028564453,0.757902534679
1530,592.872741699,152.187332153,22.984916687,65.1110458374,0.613192701712
1530,530.293457031,141.47833252,19.991809845,54.5952033997,0.473347026855
1530,68.6256713867,175.879150391,18.2382068634,44.9265327454,0.299583259039
1530,37.9705657959,179.455444336,18.8556728363,44.4733009338,0.267819873989
1530,540.418762207,152.538040161,19.8632488251,52.2219543457,0.19163765246
1560,506.050323486,138.82043457,64.409576416,154.925338745,90.4093921185
1560,546.726745605,150.169387817,22.1783294678,91.1234817505,39.9015814066
1560,612.797668457,45.1926460266,19.0513896942,52.0732002258,21.8772619963
1560,11.6172742844,179.023864746,19.8246040344,46.1305351257,21.2344884872
1560,587.768493652,150.011962891,21.8764781952,58.8593711853,3.1213240698
1560,498.813201904,90.1984863281,36.1865882874,89.6880569458,3.0205110088
1560,147.43447876,144.274581909,18.8532333374,57.5926971436,1.18450252339
1560,158.239486694,144.943710327,17.0441570282,53.3223686218,1.00441938266
1560,449.606079102,158.855880737,18.6352081299,50.3539009094,0.172148435377
1560,475.135223389,152.665878296,16.9214553833,49.5924949646,0.113589048851
1560,167.229202271,148.843765259,19.2446060181,50.0902099609,0.0618496153038
1560,463.771270752,151.555679321,17.395526886,46.4194068909,0.0338832847774
1590,579.881286621,162.787368774,21.725687027,52.6355628967,20.2321708202
1590,553.391967773,152.997024536,19.8731975555,58.5253562927,15.6735628843
1590,613.362609863,149.875350952,23.5606098175,67.8871078491,3.9811976254
1590,594.221435547,159.432785034,16.9896793365,56.3827972412,3.00655644387
1590,27.2567901611,181.746047974,22.4030132294,46.7202606201,2.3205820471
1590,571.148376465,164.144943237,16.8275699615,51.9435768127,2.17957440764
1590,373.905609131,177.104232788,23.9847183228,71.2201156616,1.9929992035
1590,441.726928711,230.729324341,23.2109546661,44.7155151367,1.94008015096
1590,595.13092041,80.9647903442,26.9242553711,77.758102417,0.909878034145
1590,554.391540527,51.5777702332,20.4890003204,51.5818748474,0.815581716597
1590,137.36831665,155.517288208,23.2967987061,58.4347801208,0.373565522023
1590,361.161865234,147.916488647,26.0143203735,64.9566879272,0.216850196011
1590,563.81829834,39.9663581848,25.7504520416,60.8578529358,0.0280689302599
1590,5.85629796982,41.4322242737,32.733631134,79.3170623779,5.83358321649e-06
1620,137.752624512,132.126098633,17.7194538116,62.102809906,2.99433283508
1620,601.857299805,276.977722168,28.7737426758,70.0259170532,2.80460063368
1620,368.167724609,133.212814331,21.2866859436,64.7324829102,1.90720707178
1620,111.733589172,160.17767334,20.6503276825,49.574962616,0.117505004164
1620,450.000640869,137.927505493,37.251499176,97.8564376831,0.0951525231358
1620,425.682891846,99.284576416,24.7589550018,63.3544921875,0.00905726556084
1650,446.296264648,153.84211731,18.6798725128,50.3002662659,12.4078519642
1650,463.88168335,146.647109985,15.5307970047,50.8090858459,4.1665378958
1650,136.975494385,122.465278625,23.4940471649,73.2629013062,2.52020545304
1650,253.831970215,149.506118774,17.5581817627,46.5501060486,0.882546696812
1650,481.149505615,160.86907959,26.5657138824,56.2656288147,0.56815193966
1650,68.0322265625,167.313400269,18.922410965,44.2190704346,0.344274938107
1650,598.02166748,51.3469352722,29.1863269806,81.1107330322,0.317637831904
1650,158.933486938,140.485549927,20.2400569916,54.9996299744,0.123403768521
1650,472.506958008,149.056289673,16.2731571198,50.7746887207,0.117333594244
1650,112.837135315,133.875823975,27.9571018219,64.1521987915,0.105827383231
1650,468.163085938,60.443359375,36.1180305481,76.8281936646,0.084351276746
1650,21.7109661102,159.934967041,23.4393405914,60.5229759216,0.0675300252624
1650,580.980773926,69.3064956665,28.0686168671,79.8067779541,0.00159344144777
1680,495.787322998,162.874481201,22.7612075806,57.6577758789,40.5264049768
1680,613.390441895,150.824798584,17.9802799225,53.1458129883,26.3172924519
1680,451.8565979,162.951416016,16.4065799713,47.7576599121,15.6045332551
1680,531.884887695,148.724731445,23.6279888153,53.784576416,8.51423367858
1680,88.2421646118,155.797317505,23.711774826,47.3878059387,1.67728532106
1680,574.532653809,143.708358765,17.6548366547,48.5606384277,1.54698295519
1680,549.80456543,36.1907234192,38.0977058411,80.0109024048,1.39933582395
1680,436.144622803,154.679611206,19.5912895203,53.6893119812,0.505442218855
1680,505.990875244,154.148361206,20.7355632782,45.5289955139,0.464644515887
1680,546.694274902,161.835205078,20.3514728546,53.8576545715,0.238176295534
1680,563.184387207,162.278579712,22.2282428741,65.180305481,0.202822405845
1680,318.611450195,151.029403687,20.1671123505,48.3272743225,0.151217216626
1710,587.830078125,177.530578613,25.6098251343,72.4515457153,96.8508303165
1710,14.552230835,179.822692871,19.0957393646,48.3960418701,63.139295578
1710,491.900970459,162.533752441,20.4973831177,57.0835723877,24.1473600268
1710,504.489990234,170.087387085,24.1498279572,57.9740562439,8.6590051651
1710,618.282165527,185.167037964,15.6777839661,56.9915885925,4.96841669083
1710,542.016235352,38.9959144592,20.4918766022,52.9405517578,3.26087772846
1710,541.694396973,151.425735474,19.1429042816,50.5825386047,0.741616869345
1710,320.808929443,165.331192017,20.1754341125,42.1455497742,0.651604775339
1710,442.937713623,171.20072937,16.8618354797,45.5356445312,0.405207416043
1710,480.038116455,170.165740967,18.027261734,50.6104927063,0.0467444187962
1710,338.653747559,160.996551514,18.4771823883,43.2539634705,0.0319990998833
1710,78.65599823,143.352508545,26.4865875244,61.9701118469,0.014222698519
1740,600.347839355,161.359695435,29.9055461884,80.3076400757,5.99857494235
1740,558.910217285,153.150665283,23.6764450073,66.4066772461,2.51097325236
1740,251.620742798,159.758117676,19.556936264,46.3669090271,2.16918420047
1740,346.515655518,154.998184204,20.8019695282,49.1460533142,0.71419570595
1740,324.543426514,157.25881958,17.5178318024,48.2025718689,0.689154677093
1740,334.143371582,147.938369751,21.52094841,52.5980529785,0.21724186372
1740,431.649291992,154.080795288,17.538816452,42.1477851868,0.113454565872
1740,40.179058075,160.820098877,25.098487854,47.719997406,0.0609306734987
1740,580.504455566,102.94858551,30.7039260864,93.9135742188,0.0121316617879
1770,364.926239014,154.866699219,18.0482826233,48.5396270752,18.8068658113
1770,457.491119385,141.557830811,17.2334480286,47.7273292542,2.74210646749
1770,257.42590332,153.710525513,17.8196926117,43.8534202576,2.2470317781
1770,469.122650146,143.152542114,15.6997299194,45.1815910339,1.33072612807
1770,425.117645264,150.072219849,20.6958713531,56.4704399109,0.984214898199
1770,87.5562744141,100.241607666,30.1419582367,80.6005401611,0.709958886728
1770,328.4609375,157.029190063,19.3811168671,46.1076850891,0.541338603944
1770,478.261260986,146.27520752,15.5783586502,42.2554130554,0.2334801713
1770,439.112213135,135.211898804,21.9076538086,59.5420227051,0.226400815882
1770,382.556365967,149.514389038,18.8923969269,47.7292175293,0.0244579889113
1800,395.236419678,159.978927612,23.287651062,57.9269981384,66.7369544506
1800,492.436248779,140.91078186,20.4319419861,63.9384727478,35.993757844
1800,425.171905518,160.875854492,17.4247226715,44.6770019531,21.1506277323
1800,504.701873779,144.072952271,17.9683742523,54.0247802734,7.64329358935
1800,467.943450928,118.971313477,24.0853042603,88.068939209,3.35802696645
1800,515.806091309,146.364608765,17.8071651459,52.9710350037,2.10749581456
1800,411.258300781,159.459121704,23.6795063019,57.1574211121,0.783319678158
1800,332.007659912,151.617294312,17.8202400208,48.815990448,0.397037342191
1800,440.059173584,155.971633911,17.5967845917,48.7571258545,0.296348729171
1800,560.084899902,171.794845581,20.1851577759,49.3502845764,0.149983121082
1800,166.309616089,156.610733032,20.4988212585,51.6533203125,0.146180146839
1800,147.347946167,159.904754639,17.8056907654,46.5857582092,0.0474624946946
1830,591.709777832,164.515609741,29.5071105957,65.2797927856,52.2644162178
1830,494.695587158,151.283462524,18.2285251617,56.8064994812,24.2308303714
1830,469.987579346,134.411331177,19.747095108,62.0169868469,9.62201803923
1830,526.073913574,158.934585571,28.3976802826,64.6475601196,6.79789483547
1830,550.913513184,160.452865601,20.1356506348,52.4210090637,2.18972824514
1830,9.60110569,47.8389472961,26.2855968475,61.2845458984,1.83746293187
1830,610.310974121,179.847244263,17.4332866669,53.7830238342,1.56434029341
1830,517.343200684,157.204391479,20.1922492981,58.0520057678,1.15290684626
1830,65.717124939,162.611831665,20.0037479401,45.3773956299,0.564617291093
1830,153.092880249,169.256637573,24.7894878387,48.7589378357,0.176434707828
1830,410.063354492,150.833862305,17.7495365143,44.3668708801,0.154515297618
1830,567.394836426,164.604049683,20.6491451263,56.9655952454,0.146510545164
