30,387.643096924,190.243041992,20.3864345551,64.4174041748,3.23922559619
30,495.717681885,222.719177246,26.8826217651,64.9931106567,0.0259603955783
30,462.364257812,222.76222229,18.9481220245,46.2151794434,0.00815668026917
30,453.989044189,221.881530762,15.8975439072,44.2624816895,0.00804974479252
60,390.231323242,196.142822266,28.1754627228,62.6333503723,10.3473648429
60,513.250549316,146.930969238,22.9128284454,62.5583839417,7.43316635489
60,405.694335938,189.2212677,26.5195865631,79.4279556274,4.58994656801
60,29.4034404755,201.537887573,19.8177127838,47.2261772156,1.75415240228
60,379.697418213,118.737487793,20.0300369263,66.0703353882,0.711393728852
60,279.80166626,156.614730835,22.734670639,60.0371360779,0.290719466284
60,429.060089111,156.256118774,21.5181331635,70.6137924194,0.275076250546
90,506.148773193,177.557754517,21.2222499847,55.1737709045,52.2123515606
90,452.293121338,201.966552734,35.757648468,98.9296951294,50.8981585503
90,552.979797363,153.278457642,21.3602752686,51.4530487061,49.6543884277
90,535.176025391,159.181854248,21.9663906097,68.1523666382,6.36375248432
90,430.485748291,193.846786499,28.999753952,78.0885696411,6.06261529028
90,418.89755249,182.914840698,20.3649959564,69.3423843384,4.41596321762
90,446.570556641,222.581741333,22.52693367,60.2319526672,3.77840586007
90,10.4559526443,104.524200439,25.0364780426,64.3974990845,2.28274315596
90,566.360595703,232.329269409,20.2440071106,52.2547950745,1.52059588581
90,482.39932251,146.434188843,28.6667194366,85.3288955688,0.905488152057
90,515.600402832,175.303573608,28.9946117401,69.8260726929,0.130767968949
120,565.844909668,179.085159302,64.6410903931,187.409729004,64.5496368408
120,591.272399902,284.692474365,31.9525527954,75.6923141479,20.8458676934
120,415.026611328,63.0741691589,21.4145889282,60.4152641296,7.00489133596
120,414.517089844,177.94934082,18.8334102631,55.686050415,1.04940859601
120,456.416992188,193.41557312,26.3015441895,80.4839553833,0.934987608343
120,615.287902832,151.135437012,17.7079162598,54.3615608215,0.0968128151726
150,445.896697998,185.135070801,21.3991451263,76.8422775269,11.5402117372
150,276.005462646,310.57611084,22.2943706512,60.4097862244,1.92248299718
150,368.265594482,35.5907859802,30.5376186371,81.4513244629,1.83462891728
150,389.618011475,90.6427307129,20.0415878296,56.0566215515,1.21235502884
150,242.373428345,169.066436768,20.5166606903,50.5367279053,0.137534167152
150,473.175445557,160.890258789,32.9156684875,92.1123123169,0.116300908849
150,252.920974731,153.961990356,25.0619449615,58.62758255,0.107624055818
150,565.813293457,246.996688843,30.571023941,78.5000762939,0.0479755370179
180,210.529800415,172.701904297,18.5944671631,47.1984291077,26.2080341578
180,227.566757202,161.706283569,23.3153629303,54.6331748962,0.373948318884
180,611.972839355,291.546661377,19.3213748932,65.1969070435,0.098218920175
210,591.925415039,163.083053589,32.2527275085,85.331993103,96.1339950562
210,592.988952637,247.895141602,39.5812034607,116.434425354,35.2496415377
210,607.590881348,297.059692383,20.1981372833,61.3307952881,1.34279113263
210,570.279052734,169.377166748,30.7890033722,74.1384429932,0.176780764014
210,595.176208496,209.682388306,22.5756015778,66.4052658081,0.0753215746954
240,405.248443604,178.536605835,17.0047283173,46.0936546326,28.9084732533
270,443.67666626,177.611083984,19.0320129395,49.0056190491,84.4194412231
270,103.865905762,200.550460815,18.1045780182,41.4726142883,7.47514665127
270,427.164093018,180.827255249,18.3846645355,42.185382843,1.06533188373
300,496.176269531,177.674819946,23.8564300537,57.3022880554,97.5890100002
300,480.111328125,182.150695801,16.763917923,43.7136878967,3.29359844327
300,451.040283203,184.548706055,19.4541854858,45.8795280457,2.61520072818
300,511.816253662,180.317276001,19.313791275,50.9272460938,0.722457095981
300,469.689208984,179.922653198,17.5549259186,45.6819877625,0.234328163788
300,146.068572998,183.783874512,20.4028987885,52.7882957458,0.177597464062
330,596.935668945,168.994735718,25.6241092682,81.8579711914,99.9052405357
330,536.402038574,179.237167358,20.5008487701,59.9358634949,98.457467556
330,614.70123291,180.825790405,18.2417812347,68.6415634155,0.478444900364
330,500.900665283,173.0806427,26.0347614288,69.1167831421,0.240732985549
330,491.256134033,186.542312622,21.2725219727,58.7891807556,0.0869169307407
330,551.795715332,163.523849487,30.582036972,75.2180099487,0.00374868286599
360,578.097961426,164.174926758,23.7089824677,69.6411209106,97.9257583618
360,567.688537598,165.205383301,20.1004600525,61.3768196106,5.46014346182
360,599.290161133,160.873275757,23.6033687592,68.940032959,0.0460907962406
390,415.969970703,193.478012085,17.6750259399,44.2312011719,3.822876513
390,13.8780374527,164.429946899,27.9367694855,90.2550735474,1.42264040187
390,276.435913086,166.556213379,16.467010498,43.980304718,1.21851526201
390,371.623046875,175.130355835,19.2730808258,44.0818748474,1.04756327346
390,428.499603271,188.121902466,19.1125087738,47.7250671387,0.559236388654
390,152.650543213,169.173995972,18.8569202423,47.7570610046,0.391424214467
390,467.353790283,177.641418457,22.146528244,51.7921562195,0.162520306185
390,404.382171631,180.762069702,20.8355312347,51.5863037109,0.116127880756
420,109.693275452,142.099502563,21.100736618,59.7552070618,20.1660469174
420,71.7957992554,169.848617554,17.7766132355,40.5066795349,8.10777619481
420,98.1604385376,143.879379272,18.5989646912,69.2884140015,5.92935457826
420,457.075561523,190.796188354,37.474155426,76.5120925903,5.01321181655
420,436.964447021,194.564559937,17.9494171143,49.1415901184,0.794997718185
420,445.919952393,200.288513184,24.3404788971,56.8163909912,0.462188571692
420,83.7788314819,170.581466675,17.4599914551,43.1635284424,0.309575721622
420,122.810081482,143.348861694,20.6452083588,63.6058197021,0.152833061293
450,307.984527588,164.121017456,20.4231777191,45.1068763733,37.3049288988
450,515.387268066,192.033874512,26.532661438,98.9493942261,15.8030390739
450,486.886505127,202.768188477,22.2950820923,64.2851333618,14.6175831556
450,119.85458374,165.271606445,29.5762615204,68.1181259155,8.39267373085
450,595.742614746,331.073944092,27.9081802368,50.1594696045,2.14800164104
450,31.8838043213,131.656723022,19.1455669403,67.3682937622,1.73390433192
450,276.744049072,167.447494507,19.4644794464,43.5815544128,0.15187531244
450,400.573974609,41.8739967346,26.4545497894,52.8325195312,6.77456840625e-09
480,168.494491577,166.534011841,25.8487987518,42.0696907043,11.9687445462
480,400.305389404,210.254943848,18.0224189758,44.8072662354,10.7214652002
480,421.028198242,42.6337623596,19.3402080536,57.3462638855,5.18409349024
480,547.863220215,319.584228516,39.5293235779,82.5585098267,0.65639722161
480,486.865478516,27.4265193939,23.2963466644,53.0057373047,0.237390911207
480,509.606567383,151.569854736,24.5020217896,45.5036468506,0.0958702119533
480,272.849700928,44.6197814941,21.7829151154,56.1842498779,0.046107856906
480,117.536987305,145.231674194,20.1470737457,48.2210044861,0.00745559082134
510,368.753417969,151.161087036,22.2062911987,53.8955383301,97.9942977428
510,341.609649658,155.545806885,20.6305046082,52.8170433044,13.7997165322
510,268.759246826,159.959014893,25.6494064331,51.6533470154,6.4698971808
510,330.141113281,161.435684204,18.7635593414,49.0458259583,4.20228540897
510,558.855041504,84.3179397583,23.1148986816,69.5543212891,3.02684828639
510,4.94136667252,269.626403809,23.7343959808,79.5438766479,0.740683916956
510,0.0,129.277404785,20.9410991669,63.4152946472,0.320857553743
510,595.905456543,367.774414062,29.2632579803,68.256980896,0.202720193192
540,547.588684082,160.782699585,20.2744884491,51.5894927979,60.3789150715
540,557.025085449,153.729751587,19.8539848328,47.0988273621,21.0675433278
540,469.203369141,125.598670959,26.2232875824,68.0425720215,12.6733452082
540,325.935028076,163.919708252,22.1868438721,56.8845062256,0.177285203245
540,62.0582885742,174.167068481,20.5973243713,49.6933097839,0.0427877821494
540,338.788421631,166.980239868,24.9999485016,54.7502937317,0.0314665812766
540,135.017807007,154.225845337,27.796289444,55.5436248779,0.00308090020553
570,600.22857666,107.467964172,20.2948703766,60.7608032227,8.58640894294
570,516.840087891,167.749160767,25.3349323273,67.3210220337,0.112276943401
570,587.009216309,22.2470016479,21.4905548096,55.3286705017,0.00126849809021
600,356.835693359,164.611404419,21.7909488678,65.5375137329,96.2564885616
600,474.746063232,169.37147522,26.9104995728,53.7112007141,93.7277793884
600,401.871124268,162.721862793,27.8986282349,60.3111572266,71.1834788322
600,453.990386963,156.773971558,27.354095459,61.1687164307,1.59012973309
600,549.627929688,185.818054199,20.3768596649,37.0897789001,0.243281992152
630,325.790344238,164.420883179,27.6591930389,73.5851821899,98.4196603298
630,262.659759521,184.709716797,21.0894603729,54.9574012756,97.6029276848
630,285.954437256,182.712158203,19.8475017548,55.3714904785,94.19490695
630,418.837768555,171.489807129,24.576675415,56.1866607666,91.4509773254
630,434.778076172,169.016098022,24.2727203369,60.6254768372,86.0882759094
630,191.108261108,207.613571167,20.2947368622,42.2700386047,3.20705026388
630,199.890060425,277.502166748,21.7559261322,47.0642204285,0.42765182443
630,35.9698066711,182.287109375,19.2459583282,48.3738594055,0.388521910645
630,44.5851860046,174.471618652,24.7733631134,51.0316886902,0.0221980561037
660,160.994003296,189.658859253,27.0506439209,65.5602645874,99.5198667049
660,229.34576416,175.029251099,23.9322109222,70.3114395142,98.1923878193
660,189.296020508,189.231613159,21.1441555023,60.8153343201,97.6689577103
660,383.452667236,176.508163452,24.4125423431,57.3411445618,97.511023283
660,322.019836426,178.350204468,22.5884723663,63.3540534973,93.6388373375
660,302.973876953,179.294128418,23.6021881104,62.5116615295,93.5892820358
660,114.953857422,159.063949585,21.0111713409,65.5173110962,14.7914275527
660,163.520278931,62.5059394836,23.4200153351,61.0899658203,1.24012809247
660,442.990875244,201.258285522,23.3136348724,40.3206748962,0.635513383895
660,146.940261841,189.787857056,26.4507312775,59.5670814514,0.554317329079
660,338.6144104,167.404708862,28.127035141,72.5405807495,0.348543026485
660,211.569747925,181.790817261,29.5218276978,65.0030899048,0.324395229109
690,78.1257629395,189.502075195,29.8593196869,69.3086700439,99.6180772781
690,54.6887321472,192.234329224,25.958147049,66.0943756104,99.3556261063
690,211.778625488,188.607406616,24.609708786,52.823474884,85.8227372169
690,288.799743652,118.624015808,29.7056064606,75.5421524048,6.98827579618
690,176.641403198,201.578613281,18.3700275421,44.0451164246,0.2887992654
690,229.495315552,195.698547363,22.6274871826,54.351146698,0.235924334265
720,432.894683838,180.499740601,30.5509490967,45.9354095459,1.79321859032
750,488.194488525,135.291137695,136.187316895,289.236541748,37.87304461
750,7.79656934738,210.540786743,20.421049118,44.7821159363,6.68994188309
750,132.720077515,213.260543823,18.6237888336,41.673084259,4.45385724306
750,146.131546021,212.367614746,16.4575252533,44.0291442871,0.348313478753
750,17.9850387573,206.759094238,24.212015152,52.1163215637,0.24602424819
750,617.325317383,202.540344238,16.4988250732,45.3657569885,0.198993925005
780,503.429168701,192.705688477,21.2236919403,45.2409934998,4.03172820807
780,574.846740723,208.284851074,20.2778530121,50.656036377,0.971947330981
810,522.132995605,186.566345215,20.8090248108,52.7651252747,91.1010205746
810,491.108001709,195.281860352,20.8314418793,48.4226264954,43.3277785778
810,512.552062988,186.548873901,17.6687583923,54.2923240662,4.59245331585
810,617.173217773,163.998291016,17.7483291626,48.7254676819,1.63785349578
810,522.519348145,53.6690368652,29.4252376556,90.0737533569,1.14335268736
810,466.150024414,190.698471069,18.6605129242,47.1728782654,0.324016576633
810,455.294769287,187.428207397,18.7574958801,49.1143760681,0.257750623859
810,419.23046875,188.393966675,19.2252540588,50.2786407471,0.0847859831993
810,441.513458252,184.200439453,18.8100776672,55.6234397888,0.0194910477148
810,479.939727783,190.324417114,18.3747844696,49.7892875671,0.0120789904031
840,606.327087402,175.561599731,22.1234340668,71.0497207642,97.1837222576
840,548.106750488,187.372207642,21.9545974731,55.1928138733,93.1911408901
840,468.022125244,175.79826355,22.9981212616,53.2517852783,30.2726268768
840,438.624237061,178.971069336,18.0652866364,53.8251342773,17.51511693
840,524.126403809,34.4751319885,19.5474720001,51.7087860107,13.6375188828
840,610.443786621,59.7250061035,24.0548706055,78.990196228,9.64200943708
840,617.017883301,102.075317383,18.9962882996,55.1243476868,5.31689412892
840,481.491333008,181.54864502,20.4256877899,49.1751213074,3.51738482714
840,494.789398193,180.493240356,18.1978130341,49.0784301758,2.61873882264
840,628.550964355,97.7601623535,11.4490356445,46.9118995667,1.53297865763
840,620.867431641,167.78187561,18.9125995636,65.4935531616,1.26822311431
840,593.734619141,180.736694336,17.3880271912,62.1272697449,1.01178027689
840,627.897583008,128.605102539,12.1024169922,48.0070838928,0.982191134244
840,425.59765625,173.460647583,17.3847408295,53.9756317139,0.782740674913
840,532.383728027,181.437179565,22.9267520905,54.3572273254,0.3474365687
840,611.339538574,131.81098938,25.9708805084,74.33203125,0.249770144001
840,457.228881836,185.507324219,19.055803299,47.3148155212,0.232250266708
840,508.267242432,40.960144043,30.04022789,62.3078308105,0.000181849463843
870,352.703277588,166.486251831,17.2137584686,55.4740409851,62.7354860306
870,491.632049561,164.319198608,28.4713287354,70.1442718506,55.1349401474
870,553.056274414,171.054138184,23.799156189,61.5948486328,44.4537013769
870,466.778594971,175.479293823,18.6755104065,53.2488441467,11.4583782852
870,509.072784424,184.539001465,19.2224788666,53.4518585205,2.3236528039
870,474.581329346,160.280288696,28.7005767822,76.7305221558,1.66080631316
870,445.948394775,177.950881958,17.7873878479,45.0392608643,0.837792549282
870,339.504180908,154.351776123,23.430185318,64.65574646,0.334705831483
870,504.332427979,128.888412476,27.7981395721,83.3003158569,0.319436378777
870,433.070709229,181.440078735,17.2217597961,45.1182098389,0.198375061154
870,453.456756592,164.165374756,23.0016651154,53.914855957,0.169182440732
900,613.84576416,156.795944214,23.8355636597,96.6906433105,84.2256903648
900,408.134002686,150.332305908,24.7577190399,72.7468032837,2.24650558084
900,398.582397461,164.387268066,18.9938030243,63.0102653503,0.0038514019252
930,83.9422302246,37.2796783447,27.1814346313,67.1276855469,8.34805234717e-05
960,516.405944824,207.385070801,20.4082355499,44.3697967529,0.700625497848
960,12.3769264221,57.530040741,23.4854202271,61.475276947,0.120874738786
990,488.968505859,145.13873291,20.9803371429,62.7615470886,66.1019682884
990,473.014190674,147.08454895,19.0006122589,59.0458526611,3.84993031621
990,328.227111816,142.520736694,17.6375961304,44.4761314392,0.367623264901
990,504.785400391,130.709777832,28.6536617279,72.8159561157,0.176831136923
990,514.343811035,101.276390076,29.9082241058,73.1975250244,0.0582072942052
990,501.191894531,180.34425354,31.7007465363,85.8820724487,0.0526304706
1020,326.456176758,140.651504517,18.4565639496,44.2343559265,1.78137272596
1020,340.490325928,141.819198608,17.2703456879,42.1454162598,0.144581904169
1050,588.354797363,259.281921387,51.6452026367,163.718948364,42.1601891518
1050,372.078704834,137.772094727,17.9995765686,48.6360359192,3.97860780358
1050,4.89569473267,141.87399292,14.5366134644,49.8772926331,2.66649741679
1050,290.896636963,138.090438843,16.920835495,43.1034812927,1.64130609483
1050,534.91595459,147.636383057,20.3460121155,48.3003997803,1.51804005727
1050,258.37210083,146.097000122,21.7694568634,44.37266922,1.51372104883
1050,523.358886719,148.32434082,18.9920063019,46.1718330383,0.85733179003
1050,52.1969947815,137.464523315,22.7125034332,44.1243858337,0.503683183342
1050,309.894439697,131.516067505,19.6855449677,50.9462280273,0.354520860128
1050,550.306945801,145.58757019,19.6908893585,59.2614402771,0.14924883144
1050,338.834014893,143.996337891,19.7117137909,45.473323822,0.00587935901422
1080,287.83694458,145.05229187,21.5244979858,54.5448722839,36.228710413
1080,199.099121094,146.981582642,16.7141990662,46.6962852478,21.6172531247
1080,231.849685669,149.268569946,24.303445816,53.522808075,3.88224311173
1080,7.54456663132,152.896560669,16.5160045624,44.4343605042,2.70462222397
1080,464.070587158,147.366958618,26.6929168701,54.4135093689,2.00747661293
1080,217.09538269,145.637374878,20.9282512665,55.8785514832,0.996413361281
1080,274.058074951,152.416152954,17.7794284821,47.583694458,0.356637127697
1080,602.946716309,144.243331909,25.2071361542,58.9904632568,0.327502330765
1080,246.382080078,135.612930298,22.9617366791,57.6828956604,0.149580475409
1080,302.950042725,134.017333984,28.0813674927,64.9092330933,0.0962414487731
1110,210.465042114,159.60118103,20.9716014862,53.9203987122,97.1573233604
1110,307.495727539,148.456985474,19.09466362,50.9620628357,25.1630008221
1110,454.114227295,149.900863647,27.743560791,64.8614578247,5.52778877318
1110,224.373550415,165.460708618,18.5399951935,49.4013824463,1.64256896824
1110,233.637374878,152.93170166,20.3179645538,53.9396247864,1.63534879684
1110,320.195831299,146.267654419,21.8156986237,58.5158691406,1.62397660315
1110,280.280181885,162.5131073,20.3600177765,51.5253791809,1.29505768418
1110,190.666519165,157.314224243,17.8695545197,44.2976531982,0.922871101648
1110,331.201538086,128.530410767,27.5805664062,65.1329345703,0.334535958245
1110,350.331512451,130.896713257,19.2993812561,50.1616859436,0.0651323236525
1140,194.287109375,177.419326782,20.495223999,48.6292991638,90.7283782959
1140,275.851654053,166.750198364,23.6318283081,54.1280326843,74.5308637619
1140,234.03729248,164.490371704,18.8733253479,44.0115089417,27.3448586464
1140,336.50982666,156.474121094,20.280008316,54.4373474121,5.8374080807
1140,348.891571045,151.557800293,21.7306442261,62.437122345,4.80453521013
1140,263.803924561,163.888656616,19.2083644867,51.3690032959,2.84882038832
1140,6.01965522766,170.757568359,15.2812891006,46.7366790771,2.03136913478
1140,326.520294189,154.834182739,18.3501262665,52.7873344421,0.914597511292
1140,249.095870972,156.652557373,19.6804943085,49.3919830322,0.42421752587
1140,224.39263916,164.962936401,17.3450050354,43.1032371521,0.284822448157
1140,211.398010254,165.754806519,19.3150653839,46.0242042542,0.141965958755
1140,344.254852295,83.3441696167,32.5648078918,89.0419616699,0.0309535098495
1170,151.992858887,174.823486328,22.5071392059,58.4638023376,13.1037667394
1170,333.639801025,164.590896606,25.2223358154,58.0140380859,0.48028123565
1170,305.436157227,196.632949829,22.251581192,43.5417366028,0.255963299423
1170,375.107635498,153.861129761,18.9545230865,46.0116424561,0.132450135425
1200,112.056335449,188.765213013,19.4915676117,49.2970924377,63.8832092285
1200,98.8932189941,176.695739746,22.780916214,59.5763893127,10.9689876437
1200,558.933532715,191.738174438,26.2952518463,39.4549064636,2.49810796231
1200,70.3074417114,181.420852661,26.7969684601,62.3399047852,1.27190994099
1200,483.580352783,190.467041016,20.2781181335,48.080871582,0.428594043478
1230,440.490356445,189.495742798,22.7269668579,51.7493476868,4.78397198021
1230,559.935852051,193.347763062,24.9284992218,41.1806526184,3.51236574352
1230,452.550201416,193.471450806,22.6649417877,40.0012207031,2.55450066179
1230,473.891845703,194.916992188,25.974187851,42.7562561035,1.76666490734
1260,269.943756104,163.77897644,19.1486492157,48.8631782532,20.4727306962
1260,232.132034302,177.404556274,25.2339878082,56.0391349792,0.920822005719
1260,344.823760986,153.887313843,20.8872509003,50.6455726624,0.163321977016
1290,8.6923494339,200.43157959,17.4604587555,43.2791481018,58.6540102959
1290,108.33605957,193.502487183,21.9444274902,44.9589729309,57.9565703869
1290,235.22996521,173.231765747,24.3759059906,45.1858024597,29.9335807562
1290,455.482543945,193.753234863,20.0148296356,45.9843254089,9.71580445766
1290,442.981231689,187.745498657,18.954580307,44.7265167236,7.0638269186
1290,369.491119385,158.756637573,19.3192081451,61.082485199,2.97380629927
1290,335.594329834,161.068222046,25.8050613403,53.3368988037,0.496030645445
1290,355.685516357,164.437667847,22.1433334351,60.0180549622,0.190394651145
1320,335.25592041,169.832839966,22.9839992523,49.5322265625,6.00167475641
1320,314.833953857,184.340805054,30.8875751495,57.8951148987,1.77119169384
1320,462.176544189,185.409194946,20.634431839,47.85754776,0.1720367698
1350,159.535507202,179.651779175,27.1659488678,65.4439926147,12.6742973924
1350,11.3906164169,215.895645142,27.9014110565,74.9114608765,0.720247533172
1380,306.010192871,194.326309204,33.1731071472,67.560798645,32.5732707977
1380,222.149185181,200.191467285,19.7501277924,58.5952186584,18.4397533536
1380,250.411880493,197.590652466,27.3358230591,59.864818573,7.60852992535
1380,286.867462158,196.097610474,34.1783027649,58.5360069275,2.1827403456
1380,89.9791488647,190.805374146,27.515378952,64.8285598755,0.94217536971
1380,464.202911377,134.85105896,16.9660701752,49.5209960938,0.534596061334
1380,266.587127686,187.599563599,25.1942806244,71.1036911011,0.44343713671
1380,28.6540222168,132.842971802,50.2659301758,129.667221069,0.163255352527
1380,108.805488586,207.671951294,21.1801128387,52.1562042236,0.146951479837
1410,5.68790817261,195.377548218,17.7722244263,43.7738342285,50.9880900383
1410,306.468994141,155.527633667,32.5658760071,92.3735427856,9.99258309603
1410,108.952148438,194.098526001,20.2299728394,44.8898925781,2.2891163826
1410,342.546966553,208.944015503,20.9487800598,49.7150230408,0.497095612809
1410,202.871383667,181.51159668,19.1199970245,42.938495636,0.0255609746091
1440,611.678283691,195.686019897,16.4955310822,44.0574836731,15.2153432369
1440,353.362213135,137.306655884,20.3891143799,50.5105323792,0.360296200961
1440,477.499023438,163.692703247,26.5414447784,69.1113586426,0.122587184887
1470,370.597381592,193.4921875,27.4262771606,53.8215484619,0.805845297873
1500,559.271057129,192.167098999,26.8690052032,45.7632637024,13.8927549124
1500,7.15200948715,197.246871948,15.1073274612,39.4040336609,10.7374951243
1500,12.5400648117,178.966079712,20.1827869415,48.7947883606,0.419623684138
1530,0.0,215.108276367,43.7036590576,166.940109253,68.3857858181
1530,481.173065186,197.507553101,19.8517513275,42.8103027344,3.07303592563
1530,446.514770508,191.045028687,22.937746048,42.6363067627,2.7871420607
1530,559.303283691,195.23614502,25.0849819183,43.6927833557,1.68731603771
1530,6.98204565048,231.232955933,26.1068325043,81.1328887939,1.46281607449
1530,462.41418457,196.88041687,17.9099292755,42.5307426453,0.626305770129
1530,354.390167236,195.123580933,19.7103748322,50.4940185547,0.587948272005
1530,387.546386719,183.110671997,18.4114284515,46.4200286865,0.378335407004
1530,375.923675537,171.43611145,20.3628826141,54.0414428711,0.364531599917
1530,24.5077114105,148.400604248,92.7243118286,202.293319702,0.014399929205
1560,114.543708801,116.213905334,141.859359741,337.60546875,97.679823637
1560,383.711303711,183.080078125,22.1685028076,50.5620880127,91.267824173
1560,40.5759277344,120.163063049,127.688720703,328.70211792,88.7671887875
1560,162.228775024,118.515052795,68.6119308472,143.490081787,21.6528922319
1560,115.852935791,137.687820435,64.8458480835,167.439620972,15.980912745
1560,124.484680176,197.090393066,25.4301662445,68.8299102783,7.37506821752
1560,441.730560303,188.924636841,18.0748157501,44.0134468079,6.19704090059
1560,474.254302979,198.535293579,25.7789287567,40.5353050232,5.54885677993
1560,368.456695557,176.82194519,23.2316303253,53.8438529968,2.7211682871
1560,190.541015625,169.174575806,63.454864502,150.42767334,0.954367220402
1560,204.261108398,172.870925903,29.1441287994,82.1066970825,0.939509272575
1560,461.410919189,193.684509277,18.4458179474,40.2540435791,0.72547243908
1560,19.6982975006,174.00340271,55.5132865906,168.728988647,0.714657083154
1560,282.323547363,160.86895752,21.4908752441,61.8376502991,0.600763363764
1560,135.241043091,180.756912231,24.3978729248,61.9635162354,0.526054902002
1560,77.4776229858,141.768447876,69.5149154663,175.977157593,0.482513057068
1560,125.592247009,227.228164673,29.5501422882,104.992271423,0.368931121193
1560,332.768463135,164.876312256,20.2111988068,53.8869476318,0.265475059859
1560,148.580688477,182.932373047,29.0177288055,70.1429519653,0.110957096331
1560,136.782058716,199.286239624,30.972694397,98.8909835815,0.0713531451765
1560,125.995018005,231.01159668,68.0359420776,201.775390625,0.0599778722972
1560,230.647521973,159.00944519,60.5413551331,95.2471694946,0.0264894450083
1560,72.981086731,297.979522705,35.3801765442,113.120903015,0.0129743668367
1560,74.6337509155,234.145278931,36.1482086182,112.542533875,0.00645455656922
1560,160.500442505,286.382049561,58.7314033508,146.17364502,0.0034655797208
1590,396.900665283,115.706565857,122.828460693,342.311889648,98.4313726425
1590,282.860107422,109.20715332,134.944076538,325.501464844,89.1609847546
1590,369.357574463,156.797485352,51.2918968201,198.497314453,52.2156715393
1590,427.780029297,112.8543396,65.302696228,176.526428223,41.7884647846
1590,225.133728027,201.747879028,46.7665672302,117.521575928,20.8736807108
1590,332.875213623,232.038314819,46.4795265198,134.594650269,16.5656790137
1590,401.360626221,134.244735718,56.3032684326,176.999526978,11.5678742528
1590,267.231964111,153.096176147,71.7601776123,209.207702637,9.46027636528
1590,270.469329834,177.994628906,33.2120513916,87.9031066895,8.91348496079
1590,327.817382812,125.785346985,61.051410675,182.971984863,3.66095602512
1590,204.063247681,216.474349976,39.6890602112,86.0459365845,3.41650731862
1590,371.577545166,172.953552246,33.2347984314,81.8452529907,3.18478159606
1590,239.602478027,188.664611816,28.2482738495,67.3628616333,1.3956005685
1590,362.471801758,185.560806274,19.2956180573,62.1837005615,0.790103897452
1590,391.76171875,172.691772461,32.6769828796,105.780143738,0.40230951272
1590,302.089416504,225.944580078,51.9865989685,139.337905884,0.244788359851
1590,367.210449219,280.173492432,29.8933200836,88.342414856,0.0919060548767
1590,368.629241943,211.401626587,25.5336170197,71.4496154785,0.0756500987336
1590,333.505584717,241.972122192,23.9125671387,72.0004119873,0.057820341317
1590,386.762969971,275.152587891,31.8213653564,82.9197616577,0.0508180004545
1590,414.222198486,174.55015564,23.9786815643,87.8349227905,0.0485992321046
1590,474.201568604,171.251113892,22.703836441,68.8443527222,0.0445401587058
1590,232.104629517,210.17956543,21.7939472198,61.6751861572,0.0317662081216
1590,392.293243408,262.580718994,70.384513855,170.64805603,0.0149430255988
1590,270.40612793,168.020446777,21.5394496918,51.1832618713,0.0123931880808
1590,458.149414062,161.242660522,30.3272228241,94.7603988647,0.00555528895347
1620,497.198944092,106.504966736,140.741485596,373.495025635,96.5392053127
1620,392.45980835,181.929138184,20.8723869324,52.6270256042,90.0108754635
1620,476.52444458,187.764938354,49.0539741516,131.283065796,32.82725811
1620,587.338928223,166.867172241,44.7640686035,158.357376099,30.5970788002
1620,569.971374512,257.573883057,55.5786933899,173.93132019,21.0096865892
1620,603.34979248,294.406219482,26.9387531281,76.7423477173,9.2541500926
1620,601.195007324,181.431396484,24.7421646118,68.5141220093,8.53860899806
1620,599.090820312,332.196990967,31.0217876434,103.970405579,5.35218119621
1620,501.246246338,169.233108521,54.5544624329,171.755752563,4.73432093859
1620,543.950561523,133.027938843,67.7695388794,207.269348145,2.52952668816
1620,250.167785645,183.248474121,23.7814178467,53.4135475159,2.22660452127
1620,267.155181885,168.247879028,18.3503055573,55.4571723938,0.63923294656
1620,527.089904785,215.489135742,20.9231681824,73.5745773315,0.414952309802
1620,356.200561523,177.928604126,24.3027553558,50.5328102112,0.343443686143
1620,383.701019287,176.550765991,18.0082073212,52.3822441101,0.238981703296
1620,490.365234375,232.475387573,23.5271911621,77.3277359009,0.213767820969
1620,236.601364136,175.547805786,24.8678226471,58.8692054749,0.202814745717
1620,599.867675781,254.211471558,24.1319904327,82.4996185303,0.0865017354954
1620,329.910064697,181.198181152,27.7864513397,57.5988502502,0.084391166456
1620,443.932037354,190.767593384,19.7633190155,45.7423210144,0.0617830723058
1620,537.031433105,197.876220703,30.8710479736,101.835960388,0.0532768317498
1620,567.813415527,223.603149414,26.9470882416,94.3122329712,0.0190395279787
1650,391.916229248,176.27331543,21.5670871735,58.6966514587,63.834130764
1650,202.93006897,199.096969604,27.438085556,49.2860908508,4.10574227571
1650,358.384155273,177.004348755,22.6582107544,53.3225097656,1.04303872213
1650,247.076477051,188.870315552,23.7304935455,46.7684440613,0.738261267543
1650,334.802032471,164.542953491,20.5033168793,52.8513793945,0.459386175498
1650,259.717376709,169.78704834,18.1249752045,51.1390037537,0.198667147197
1650,232.397872925,171.713668823,24.8305606842,56.6560516357,0.137002463453
1680,394.025177002,181.188400269,19.003162384,52.2217445374,77.1526098251
1680,547.966430664,195.424240112,20.9342842102,41.6742591858,3.66371423006
1680,613.460754395,194.402206421,18.2024402618,44.5178375244,3.59714962542
1680,560.47845459,191.959838867,26.0026016235,41.5939979553,3.2560814172
1680,359.405761719,165.906616211,25.0360012054,60.4798698425,2.62374132872
1680,195.325271606,210.011886597,25.1922988892,42.3183097839,0.707681570202
1680,378.265594482,171.077102661,17.5785331726,53.2613945007,0.344633730128
1680,350.261138916,185.554519653,24.5136203766,53.5013618469,0.210189633071
1680,329.833587646,166.921203613,20.0990066528,46.5610466003,0.091243541101
1680,405.466644287,182.443847656,21.4509220123,48.5570487976,0.0880454143044
1680,200.856185913,127.391113281,26.3028106689,50.4076423645,0.0109091466584
1710,394.673675537,179.990249634,17.3813762665,54.2020721436,75.2430379391
1710,329.62689209,165.892196655,20.6873893738,52.0550270081,3.29014137387
1710,557.190429688,194.794311523,19.3481044769,41.5111885071,2.88313478231
1710,354.710296631,191.079910278,20.561006546,45.2486076355,2.13522743434
1710,184.816055298,209.28352356,27.4730701447,49.6648254395,1.27034420148
1710,241.689834595,188.770462036,24.719247818,53.2054595947,0.781035190448
1710,378.657501221,177.114868164,17.0870399475,50.3635444641,0.729761179537
1710,403.551177979,185.836257935,18.9913539886,50.1927032471,0.497837783769
1710,264.366088867,158.376358032,20.7698841095,59.3079795837,0.249682855792
1710,220.246231079,159.928634644,19.4305019379,66.729888916,0.209149415605
1740,392.71975708,180.402389526,20.4348087311,55.8992729187,89.701372385
1740,553.172424316,195.332015991,19.2233181,44.1650733948,3.70939560235
1740,577.811706543,192.339782715,20.5037136078,40.9660301208,3.23066338897
1740,231.091018677,191.985122681,23.9706516266,52.1904716492,3.21810357273
1740,404.859405518,179.698074341,18.8015480042,49.8484687805,2.40878537297
1740,181.585098267,199.551208496,24.3171367645,57.5200996399,1.74615029246
1740,352.534790039,152.336593628,28.23736763,72.6856002808,1.50772659108
1740,565.174255371,197.450912476,19.4352779388,37.2028160095,1.41480797902
1740,258.477020264,160.466445923,21.8707370758,57.5465660095,1.28658302128
1740,218.717605591,183.618652344,19.3932857513,48.9818305969,0.49574514851
1740,244.031784058,175.381790161,18.2621459961,54.7273406982,0.454043457285
1740,327.860076904,160.158279419,20.9524936676,55.9416809082,0.452773040161
1740,378.958618164,176.499801636,17.31498909,52.6200141907,0.408261548728
1740,335.597076416,135.202590942,31.4833583832,81.2776794434,0.28942048084
1770,392.68661499,185.032409668,21.781873703,51.6501159668,87.9055261612
1770,222.679885864,186.259033203,30.2890529633,62.8489570618,3.36586497724
1770,169.599685669,177.946212769,31.5174541473,88.1212692261,0.564955873415
1770,451.841308594,189.785720825,19.494726181,41.1743545532,0.476704491302
1770,338.921813965,153.899581909,22.3211574554,64.1644897461,0.265031610616
1770,323.433258057,167.890640259,21.7873382568,53.7366142273,0.243261852302
1770,407.39151001,189.973129272,21.9696350098,48.565120697,0.15091097448
1770,245.366226196,175.410568237,17.6425743103,50.5812034607,0.0530574296135
1800,394.063079834,178.164840698,18.4861068726,57.0216178894,38.6257350445
1800,191.449661255,184.46673584,25.8928318024,63.1320495605,5.38706593215
1800,162.428970337,192.719924927,29.503326416,77.2454452515,3.42791676521
1800,321.975860596,173.752426147,21.0202884674,54.96326828,1.12653076649
1800,348.821136475,146.869827271,30.0413036346,74.900062561,0.507611967623
1800,376.745697021,158.322845459,29.7378025055,71.2980804443,0.191856839228
1800,18.9097805023,169.7525177,18.7350177765,50.0813713074,0.0317087426083
1830,292.093475342,186.611984253,23.8364486694,56.4402160645,90.2807176113
1830,580.944396973,198.594284058,19.9412784576,44.6855354309,10.6692254543
1830,241.000015259,189.222229004,18.9928188324,46.33984375,3.42607423663
1830,482.608978271,209.477294922,22.0520572662,46.7478523254,1.99510976672
1830,212.840499878,179.717697144,25.352312088,57.8754692078,1.89889091998
1830,249.12059021,166.015884399,24.25025177,64.1402511597,0.795645266771
1830,311.883453369,176.244796753,24.0134506226,63.6935882568,0.778115866706
1830,153.988571167,218.25982666,27.549949646,52.0265693665,0.618833722547
