60,392.430053711,203.292800903,17.9305038452,51.0919380188,1.441401802
60,409.399780273,202.155456543,23.5505390167,59.8552207947,1.08536500484
60,10.2652320862,196.820266724,20.6570205688,44.5316009521,0.333348475397
60,501.39453125,204.689025879,28.9261627197,64.3871383667,0.184823689051
60,547.843078613,206.688430786,23.6761684418,61.9387779236,0.0380046461942
90,615.112121582,166.42024231,17.6065883636,55.1360588074,7.81136974692
90,413.737640381,196.307510376,25.1022167206,69.3687057495,1.77276320755
90,522.204162598,200.019714355,38.0858650208,73.6129226685,1.13840196282
90,570.163757324,228.035232544,18.0587310791,53.4178619385,0.011376405746
120,450.980133057,196.412460327,35.2501602173,81.1965713501,3.42693142593
120,576.665527344,185.662231445,22.7075901031,63.9725914001,0.896188151091
150,614.693481445,180.976745605,16.1964149475,53.7139129639,7.4189953506
150,452.370819092,185.376937866,24.4125537872,59.4034843445,3.82994152606
150,580.167663574,247.862792969,28.9526576996,75.5291519165,0.820685457438
150,468.428314209,171.684066772,18.0022449493,57.0845832825,0.109225267079
180,165.777511597,159.800674438,22.0218276978,53.2993965149,5.77811971307
180,615.649230957,175.344177246,15.0936231613,50.2358131409,1.56825166196
180,599.554992676,182.360671997,24.3136386871,46.4919128418,0.208193878643
180,510.003326416,153.284133911,21.2286663055,57.0026702881,0.205903802998
180,521.77154541,152.521972656,22.7038574219,68.4616012573,0.105903774966
180,496.682830811,147.552902222,22.7871990204,57.5665245056,0.0321425759466
210,581.549560547,251.468978882,30.1116046906,60.2741203308,1.48739479482
210,477.184112549,172.333175659,45.1351165771,87.0181655884,0.0445449462859
240,11.0569992065,191.193252563,17.4641704559,44.615146637,1.89608503133
240,144.770065308,149.104141235,22.5494842529,61.5260887146,0.468385405838
270,547.276855469,174.733444214,26.6078796387,73.4061965942,17.5966471434
270,557.075073242,194.642028809,31.8399448395,72.3033752441,0.282170763239
300,584.95892334,183.28565979,39.6435470581,92.4775466919,7.32165649533
330,374.986480713,146.941467285,18.5472927094,71.2072372437,21.0938796401
330,14.0226488113,177.926925659,18.0164031982,47.5582771301,1.5137466602
330,243.771057129,149.856063843,22.9422779083,56.1082038879,0.165498373099
330,10.3767967224,92.6657409668,34.4648017883,81.0743484497,0.0797430460807
330,359.523925781,152.564102173,23.0216751099,57.0276145935,0.0431172957178
360,7.25985956192,183.319015503,14.4999389648,42.7781867981,1.05193043128
390,465.715789795,107.03112793,20.2233791351,60.3340606689,0.101831729989
420,447.042236328,194.266036987,18.7910442352,44.4788780212,0.027167450753
450,462.775299072,196.439224243,31.4244480133,77.886177063,17.9332941771
450,11.1225242615,174.389953613,17.4978923798,38.0046730042,2.1244565025
450,609.101013184,50.104675293,20.3389472961,55.2083320618,1.22061884031
480,434.254119873,155.101593018,16.6755847931,57.9824371338,0.520148873329
510,502.233978271,172.789611816,19.3486614227,51.8969573975,16.9435307384
540,11.9608030319,163.611465454,19.0830135345,46.9492073059,4.96821925044
540,493.984008789,150.684585571,33.073890686,81.731086731,0.275911670178
540,355.645904541,149.267181396,25.4320201874,53.0469017029,0.220025656745
540,346.373687744,152.398620605,18.0547809601,49.5563087463,0.0602230022196
570,378.502166748,153.397781372,21.2981834412,56.1316833496,52.7717113495
570,469.354400635,153.346755981,18.2598400116,60.9618110657,2.10069473833
570,368.901153564,161.545928955,19.8056602478,54.1241264343,0.715028028935
570,5.62999200821,161.031265259,17.6344394684,47.6709938049,0.16923310468
600,32.0559196472,172.898803711,17.7061595917,40.4747123718,2.33246721327
600,401.025421143,170.461929321,17.6783790588,43.842792511,0.624033529311
600,576.567138672,111.826805115,22.3842220306,70.8399963379,0.0960246950854
630,444.05456543,156.520812988,20.1692218781,50.9951171875,40.7667934895
630,510.888580322,175.644088745,19.9474716187,53.2234191895,19.5085644722
630,612.360168457,54.8092460632,21.2542552948,61.4718589783,9.16929394007
630,612.651672363,159.527511597,20.9571475983,63.1003990173,5.93175403774
630,496.820068359,172.783752441,21.9433269501,58.2144889832,0.50986004062
630,565.217834473,127.847206116,28.095993042,52.8419075012,0.484078982845
630,34.9834403992,171.455886841,17.4979743958,42.4784736633,0.313830794767
660,545.430847168,159.775253296,24.4454574585,56.4219779968,63.0969464779
660,24.1437931061,178.527267456,16.35638237,46.4802856445,2.42036078125
690,481.207122803,164.919143677,21.7912006378,60.9257049561,0.0876793114003
690,268.965515137,143.274124146,18.1712818146,50.6494255066,0.0681378412992
690,586.960510254,33.5907363892,30.2644195557,67.1856155396,0.002344036875
720,591.717468262,165.482589722,18.7727146149,56.3964080811,9.63713899255
720,576.942810059,74.6642990112,22.0650310516,55.6657829285,1.43758244812
720,562.776611328,32.2510032654,31.2611179352,86.0784988403,0.0739784969483
720,518.236572266,27.6005325317,25.5828876495,59.6506004333,1.13176305661e-05
750,286.615844727,144.875244141,18.3859214783,50.9290809631,0.0495829968713
780,570.440979004,145.297866821,30.1312789917,76.2656936646,10.000333935
810,614.546691895,172.762878418,16.629119873,48.8083648682,2.3738251999
870,432.491577148,162.064697266,18.4309978485,58.2660827637,13.3035227656
870,443.557861328,165.803207397,19.0823822021,54.0038032532,2.85165514797
870,8.91847515106,160.997894287,15.6179656982,55.8480033875,2.08113864064
870,133.036499023,166.532913208,17.8702526093,46.635345459,0.221224245615
870,179.664596558,165.263214111,16.9043903351,41.6059761047,0.171478814445
870,204.688491821,167.159454346,18.0510215759,46.0475120544,0.143403722905
870,557.011169434,159.5990448,16.3716068268,51.3985557556,0.114695867524
870,191.672683716,163.343307495,17.3782958984,45.1858558655,0.0395173963625
870,216.113632202,166.179992676,17.8754863739,46.945224762,0.00306950205413
900,97.5290603638,157.652603149,19.1266155243,58.8092803955,94.1610813141
900,542.665588379,165.713546753,24.5633449554,72.19115448,20.2203899622
900,73.6146621704,168.717910767,20.682674408,47.8792877197,7.1591630578
900,562.147155762,178.401916504,22.9173278809,61.5575675964,2.49006785452
900,587.766540527,147.232040405,18.0896701813,52.5957794189,2.05368120223
900,184.157180786,156.997879028,16.9138622284,51.4224739075,0.86780814454
900,460.630462646,170.585617065,19.1332607269,46.6609764099,0.125509104691
900,169.012420654,156.650253296,17.6473140717,51.1118812561,0.0455264671473
900,194.486984253,159.054855347,18.282951355,47.840713501,0.00618755948381
930,525.752868652,165.667663574,20.5372695923,47.5393409729,4.60648015141
930,87.1672668457,175.621505737,18.9119319916,53.1618499756,1.70905180275
930,385.895904541,173.029785156,17.6992740631,47.0228462219,1.09022352844
930,315.250335693,158.471359253,20.3811016083,55.5416908264,0.097544217715
930,298.616790771,159.651290894,23.8409633636,52.963092804,0.060051510809
930,176.143493652,154.396026611,17.9890422821,52.3240776062,0.0130161832203
960,3.23253440857,175.176513672,14.4267959595,60.5159034729,17.4143210053
960,418.143280029,156.783828735,27.1839427948,67.9014511108,3.15021425486
960,543.187927246,159.392456055,18.8978061676,46.4397850037,0.419911555946
960,153.520492554,147.432785034,25.2793292999,53.7808227539,0.251057557762
960,594.008850098,160.126281738,19.6521396637,46.0763702393,0.218894612044
990,575.283996582,150.655700684,18.7252883911,47.2064971924,10.7823051512
990,407.688720703,138.548294067,27.584154129,74.5896987915,5.67241162062
990,511.695556641,117.860816956,50.4349021912,124.844779968,4.78276275098
990,587.405761719,154.670394897,26.3335971832,48.6875762939,2.38231346011
990,333.896972656,152.354598999,21.3447952271,52.1720619202,0.197291793302
1020,10.0525903702,167.484741211,20.8669261932,62.3487205505,67.745500803
1020,603.24810791,141.336074829,17.5744495392,52.7593650818,18.3305963874
1020,455.681762695,137.620101929,32.4421005249,79.3828353882,6.17774054408
1020,334.916778564,123.621154785,19.5994606018,71.5827560425,1.47111043334
1020,21.8587188721,154.318664551,24.1452465057,74.3049240112,1.19866617024
1020,89.0925598145,39.4129714966,26.596868515,68.5247116089,0.708347326145
1020,196.286819458,179.325668335,17.632818222,52.1227874756,0.70320898667
1020,8.59386062622,139.707382202,20.2214984894,47.7144889832,0.180029217154
1020,206.710449219,189.214523315,18.3926753998,42.7041625977,0.169977545738
1020,108.978057861,197.275024414,22.515581131,47.3928070068,0.159990147222
1050,348.073699951,134.26411438,22.0107860565,65.6319122314,1.73189304769
1050,172.516891479,183.405441284,28.7343654633,58.5994682312,0.0485187396407
1080,603.592712402,115.752540588,20.8043117523,60.1332855225,1.8125763163
1080,147.11656189,162.827926636,19.7176418304,63.1115150452,1.09582366422
1080,27.4807682037,181.948806763,32.6825447083,80.5478515625,0.992945767939
1080,502.016265869,91.5438766479,28.1136112213,76.7004318237,0.0018090233425
1110,463.761352539,166.414413452,23.6896190643,62.1468696594,8.59683156013
1110,91.8682861328,150.527603149,21.0961589813,78.1921768188,6.52854293585
1110,371.456939697,156.928649902,23.9026470184,59.7648468018,4.56448718905
1110,80.550567627,209.926376343,22.9368438721,70.8961105347,1.51928169653
1140,17.8185596466,229.180984497,28.8123455048,75.6367797852,26.7323970795
1140,23.631111145,141.501464844,30.3827610016,90.6319198608,3.77749055624
1140,47.69190979,184.401916504,26.9929676056,95.5541687012,3.152307868
1140,376.693847656,144.522232056,24.6281738281,74.939781189,2.24829800427
1140,34.7274284363,239.985519409,21.2264328003,63.9466819763,1.32641661912
1140,565.369567871,80.9389266968,22.3096179962,83.7662811279,0.0150080348249
1170,7.21681070328,246.24659729,18.0393772125,67.3251037598,4.02257442474
1170,515.863769531,157.604858398,33.4657325745,96.9449462891,2.66650244594
1200,529.595581055,172.225479126,27.0717163086,83.9532623291,67.7824437618
1230,381.914398193,152.868240356,27.2077007294,78.7935714722,0.426538335159
1260,381.878509521,150.913833618,26.9900760651,82.1904067993,1.70213840902
1290,381.117950439,169.664840698,28.4850254059,63.0958976746,0.435809139162
1320,382.449127197,168.256713867,28.707403183,65.0323410034,0.376367638819
1350,383.780670166,164.885360718,25.1994781494,67.097442627,2.39604227245
1410,383.702789307,164.96534729,25.5929737091,67.1493911743,2.31489725411
1410,2.15838122368,187.753234863,21.6096897125,59.6663780212,0.0295582751278
1440,383.140014648,161.115493774,26.0729923248,69.3570632935,1.44437951967
1440,0.540475189686,187.608444214,24.7227306366,82.9070053101,0.0209402744076
1500,531.876647949,171.37272644,22.5988769531,74.0696487427,1.40205873176
1500,344.245117188,194.494674683,25.6747531891,52.9130058289,0.310118496418
1560,382.7940979,165.151123047,26.604139328,70.2076797485,3.63196916878
1590,382.354217529,161.728561401,26.8998413086,71.9765625,0.65204766579
1680,385.267730713,169.306503296,25.2137050629,66.6676712036,0.296782306395
1770,385.274047852,164.852096558,25.2931442261,72.1920852661,2.30134110898
1800,382.962280273,159.24786377,25.6131439209,72.19947052,6.51701837778
1800,3.68767857552,186.416854858,19.7737617493,61.2746162415,0.00446718659077
1830,382.887084961,167.769165039,24.9574756622,66.4565353394,2.49784998596
