30,70.3620986938,183.134643555,38.0024909973,113.125793457,14.5404458046
30,115.600395203,201.520584106,19.9321537018,49.085308075,10.2335371077
30,97.9387588501,202.049377441,20.6933670044,55.5481872559,0.792144145817
30,10.0874071121,145.342834473,19.6918621063,49.5527076721,0.558019662276
30,137.184371948,184.002151489,18.1816196442,45.7365989685,0.502875633538
30,125.636230469,190.869827271,18.0498638153,44.3201408386,0.470387097448
60,10.5262937546,165.202926636,25.2707767487,93.9869995117,40.4185563326
60,77.1767654419,136.037094116,18.2614421844,53.4088134766,3.99016812444
60,89.1517944336,135.032852173,17.5891914368,47.956653595,1.59560050815
60,104.148399353,174.200180054,32.475566864,95.6538391113,0.712499395013
90,138.541259766,160.059646606,26.2986965179,61.6625976562,3.621943295
90,393.271026611,143.585601807,20.706533432,50.0261688232,3.00969146192
90,369.457855225,138.018814087,18.5532550812,46.9637298584,1.46427489817
90,16.6497936249,131.816314697,17.9563503265,52.0058631897,1.35014951229
90,454.575958252,171.76550293,22.4778957367,51.911819458,0.453737517819
90,401.370025635,126.529319763,21.1121940613,53.1629295349,0.312116509303
90,43.6637535095,195.391799927,21.7438030243,59.1935386658,0.274062342942
120,353.73336792,163.95249939,19.2966518402,49.2100410461,6.16437494755
120,3.34371304512,194.214920044,22.160364151,67.4051742554,5.73853552341
120,71.5686340332,152.9480896,17.9028949738,49.6258392334,0.621898286045
120,387.462280273,124.881095886,25.8215122223,56.2951812744,0.262026488781
120,37.8508033752,113.369895935,24.879907608,76.7093582153,0.109270738903
120,171.561767578,188.720275879,23.0097179413,55.3044891357,0.0404881662689
150,407.619140625,161.402236938,18.3114452362,47.2163085938,0.382265984081
150,170.386062622,117.692146301,20.8639564514,54.6858177185,0.0376497337129
180,23.1804790497,215.988571167,31.8623657227,96.5129699707,2.46050953865
180,453.12991333,73.8249664307,21.820306778,69.2221984863,2.2138632834
180,431.445709229,121.649780273,18.5793190002,64.4184265137,1.88309308141
180,360.420440674,103.678741455,17.4253578186,62.6292991638,1.23678185046
180,19.8132762909,178.06086731,30.0421981812,69.91822052,1.09084453434
180,427.519439697,81.0011672974,26.5687656403,79.3214416504,0.337485503405
210,53.0919532776,173.633544922,32.1139030457,77.8289871216,2.30880156159
210,439.524536133,151.520690918,21.9658412933,66.5976486206,1.29340477288
210,31.5452976227,215.702438354,26.3060779572,72.1293029785,1.14737367257
210,402.039428711,179.71446228,22.9288196564,50.7538604736,0.94129871577
210,517.907226562,91.4928665161,33.5487709045,108.835327148,0.776867894456
210,393.784057617,117.965820312,25.2203197479,72.2189559937,0.365515216254
210,10.3098268509,89.5106887817,28.7934627533,90.1484146118,0.199750671163
210,23.6613407135,156.210830688,22.3472728729,70.490272522,0.021786284924
210,558.004211426,26.4730968475,24.5021839142,64.1701507568,0.000240158374254
240,459.316864014,189.844009399,24.5163936615,63.1146812439,20.7267224789
240,20.4390163422,69.9036865234,43.6842002869,158.522506714,20.6618025899
240,433.955200195,168.714279175,23.6704311371,62.6575965881,8.78146439791
240,17.4133262634,88.7592163086,27.5046405792,70.2392959595,6.81035593152
240,472.441680908,99.0593643188,24.8036174774,71.0343551636,5.42733334005
240,482.593902588,131.698471069,20.0857887268,56.9397163391,1.07353292406
240,78.9263916016,189.27935791,21.0844306946,57.018245697,0.998211465776
240,394.199066162,103.443000793,27.641752243,78.4675369263,0.961236376315
240,492.090545654,123.223121643,24.8545475006,77.4606170654,0.730168726295
240,61.8331718445,250.911331177,35.6227645874,82.8584365845,0.516176549718
240,488.317749023,111.213012695,19.1246623993,53.8734016418,0.506585557014
240,34.1102790833,136.539016724,24.3876171112,78.091758728,0.318789063022
240,8.33710479736,146.240951538,25.2431335449,67.251121521,0.012613699073
270,16.4735622406,224.99230957,38.1076698303,122.937568665,60.0333690643
270,8.89573574066,295.399932861,26.7869796753,71.3600845337,6.88035041094
270,509.379241943,197.731246948,19.6648616791,58.5663108826,6.56396374106
270,53.0392951965,107.516456604,24.2954940796,65.0240249634,5.73379099369
270,493.806640625,197.336486816,21.1956005096,56.829662323,1.50899998844
270,99.7061233521,192.02331543,28.6491909027,69.6023406982,1.29722356796
270,476.386016846,52.5427131653,21.2307071686,75.1272735596,0.595063343644
270,526.606323242,52.647064209,72.7791366577,227.47328186,0.561760226265
270,477.96182251,181.905639648,22.3641338348,61.9410591125,0.50526089035
270,54.0113716125,95.4428100586,40.0646209717,141.110473633,0.205562147312
270,448.360137939,47.2747383118,31.263463974,75.6166763306,0.0469593011076
270,45.5906486511,158.866699219,19.2590427399,66.9500350952,0.0363115745131
270,538.018798828,44.9836616516,37.4680252075,119.437049866,0.00679403019603
270,614.177124023,25.118139267,20.0730953217,54.3358650208,5.87326738355e-06
270,592.503173828,38.0671081543,34.599697113,87.5033569336,3.9737070523e-06
300,51.674030304,200.58039856,39.7301712036,127.104125977,8.200430125
300,443.570037842,181.030654907,21.8127288818,45.6718025208,2.99544520676
300,34.2613220215,150.29095459,30.275604248,108.653076172,2.04374361783
300,108.353721619,232.329284668,29.7114391327,65.4343185425,0.721759628505
300,51.4569664001,160.775009155,32.3296928406,92.4199142456,0.714853499085
300,17.839515686,120.279945374,21.4071445465,71.6968765259,0.712181488052
300,76.1381378174,167.455093384,20.5565662384,64.8849258423,0.213478691876
300,563.173950195,279.771270752,20.2431125641,46.4493904114,0.0586887763347
300,83.6432647705,211.026977539,21.1735496521,72.6120834351,0.0379130855436
330,94.244758606,164.302688599,19.9089374542,60.2341651917,37.8795981407
330,115.170463562,169.156738281,18.0884246826,55.091884613,25.0006526709
330,492.65133667,180.242172241,25.0626850128,59.9346466064,6.82682543993
330,59.9241065979,246.280456543,30.1741867065,50.3485145569,3.09741608799
330,439.823699951,154.921035767,25.0720691681,77.2772521973,1.85376480222
330,515.387817383,184.604232788,20.2430801392,52.3766784668,1.29031520337
330,330.905822754,161.356643677,19.2954959869,56.5776176453,1.03278551251
330,84.1113891602,151.842834473,21.5061893463,54.326335907,0.57658078149
330,39.0985984802,104.623168945,18.7005786896,60.7296638489,0.262717274018
330,518.069091797,50.967590332,23.8680877686,60.9883270264,0.139595696237
330,3.86288642883,93.466583252,17.2252540588,58.9930686951,0.0247928983299
360,605.983825684,191.946090698,19.0834255219,59.0982322693,38.6088401079
360,124.769508362,168.653793335,22.4784488678,71.4192657471,35.9766840935
360,432.994262695,128.766174316,22.692773819,71.6350479126,31.3005954027
360,157.755020142,210.539001465,19.3807830811,56.3779563904,2.31447741389
360,383.219024658,163.201171875,17.9861602783,52.5053253174,1.11360913143
360,141.326156616,179.520874023,19.3593978882,54.5371055603,0.679953116924
360,71.3359909058,113.390014648,22.5732593536,53.7438621521,0.64367740415
360,414.230926514,133.442504883,22.6209659576,63.7081108093,0.597873842344
360,452.213134766,90.0226364136,59.2865753174,142.976669312,0.517398025841
360,447.573272705,61.1642189026,33.6440620422,110.945892334,0.214369292371
360,392.931243896,145.695785522,21.0631542206,55.9107322693,0.0826810137369
390,356.34753418,163.253158569,20.5252170563,58.5027503967,15.8718153834
390,143.754623413,177.463882446,24.681022644,82.7080841064,12.0755061507
390,533.957458496,61.1723518372,25.0187625885,71.6143722534,4.24195341766
390,159.115127563,189.235153198,19.5763244629,70.6411361694,1.19371749461
390,502.972686768,144.726119995,21.7415485382,55.9984588623,1.17385750636
390,346.019775391,170.574386597,17.9893627167,46.3934936523,0.310585112311
390,433.880645752,129.461547852,19.95744133,55.8695373535,0.285376259126
390,112.88809967,162.249328613,24.237197876,53.6481056213,0.275448244065
390,512.78729248,128.837310791,25.1079120636,71.8805618286,0.161157397088
390,335.457977295,166.077529907,19.2481994629,46.7516937256,0.113764451817
390,86.2176742554,126.993713379,29.4149608612,64.7464904785,0.0247887161095
420,561.164611816,175.477783203,28.0522384644,62.3025016785,35.7897311449
420,529.664733887,194.722427368,20.8501720428,49.3256034851,24.9968886375
420,353.771240234,145.836166382,19.9757595062,61.6477355957,9.5540612936
420,380.58291626,146.133621216,29.0249328613,71.4760055542,8.91498252749
420,367.553924561,151.551834106,16.1447620392,54.4603767395,5.19024953246
420,16.6997814178,199.875411987,17.8592243195,49.5224571228,1.71950533986
420,63.6001243591,219.364013672,28.2292575836,59.322265625,1.12202353776
420,432.036834717,109.257148743,30.2092342377,84.1900024414,1.03636253625
420,568.84185791,149.827819824,37.5545310974,75.9894256592,0.996531639248
420,8.08615970612,196.684875488,14.2981081009,51.6798400879,0.864643976092
420,106.724510193,161.702545166,29.5837574005,69.0523071289,0.425757700577
420,420.58996582,125.274269104,24.258649826,63.9007072449,0.220596673898
420,124.145545959,160.833755493,20.324432373,52.7299194336,0.0447908067144
420,160.96673584,176.541030884,27.6321620941,74.1876296997,0.041295713163
450,152.582763672,145.413513184,21.6098937988,64.3763504028,24.8534053564
450,555.303344727,153.541793823,29.0313816071,71.0101242065,6.73426017165
450,574.863464355,162.480484009,21.9371242523,60.0571708679,2.39196475595
450,363.083343506,162.33895874,20.1533145905,55.9177055359,1.77949722856
450,465.618774414,147.573867798,21.4841308594,62.0643959045,1.47123737261
450,587.679504395,158.326858521,28.1032924652,63.367389679,0.493881152943
450,25.3523101807,98.3026733398,29.4810409546,79.5779495239,0.221525598317
480,546.042236328,150.914749146,23.3849086761,62.3641166687,13.0176767707
480,384.740325928,146.530685425,32.0684928894,77.8224716187,2.2635338828
480,514.245117188,111.098976135,24.5594959259,64.9527130127,0.858238525689
480,349.510223389,226.304443359,30.0049800873,55.180141449,0.822455994785
510,383.242553711,142.73210144,24.7453327179,67.8803482056,80.5513381958
510,426.056610107,138.846298218,29.4876403809,76.0686721802,20.0432673097
510,396.839141846,136.813369751,25.3196105957,68.1879653931,3.73114459217
510,514.459411621,152.831100464,20.4465503693,55.1122131348,3.5303838551
510,169.983963013,142.007278442,25.5916213989,72.6775283813,3.18231880665
510,190.821456909,147.597946167,30.3833789825,87.5472183228,3.07597182691
510,316.4324646,173.218429565,27.114900589,59.1068382263,1.79441366345
510,535.520019531,84.3934936523,21.1717433929,57.3010902405,0.990960095078
510,413.872467041,147.540786743,24.6531295776,61.5790405273,0.682672671974
510,9.92055892944,168.081207275,18.7977390289,49.1342582703,0.527740642428
510,501.28503418,85.6127548218,28.362859726,67.4141769409,0.292727095075
540,498.433227539,154.871017456,24.1678066254,66.7844848633,1.68248303235
540,596.221191406,144.84538269,24.80859375,53.0569801331,1.34501196444
540,408.433258057,133.059967041,29.7587223053,77.0277328491,0.442271493375
540,200.153518677,157.342132568,31.6525192261,75.9818649292,0.190648669377
570,596.43182373,177.206497192,23.0387172699,53.9155540466,14.946180582
570,491.335235596,172.340927124,21.2689342499,52.1626777649,2.38258372992
570,432.268157959,106.500915527,44.1685028076,122.171211243,1.16754472256
570,479.810455322,169.097000122,19.242275238,62.1182441711,0.515496637672
570,185.287796021,152.18788147,20.692937851,57.0726013184,0.509744882584
570,583.342224121,75.5688400269,15.9983606339,49.358127594,0.320091494359
570,349.335479736,115.896759033,32.2998161316,104.268432617,0.107778562233
570,503.153961182,167.599533081,19.1360969543,48.297908783,0.0237444139202
600,602.424743652,147.67906189,22.7415027618,61.2166938782,22.5531578064
630,447.96585083,81.9703903198,28.5092334747,98.0707626343,0.249279127456
630,121.27268219,187.039260864,18.7985019684,48.9799842834,0.112176197581
660,393.142425537,143.447662354,22.029050827,72.8076400757,1.07018621638
660,509.058502197,110.321311951,27.0596103668,88.8435592651,0.754964724183
660,379.501556396,162.972076416,20.1301670074,58.5757865906,0.60775782913
660,77.7445907593,189.75352478,22.2494258881,48.4321861267,0.305121438578
660,367.737762451,169.415130615,17.5580921173,47.2953948975,0.0655529671349
660,406.490753174,144.574447632,21.5855636597,64.4469985962,0.0103692807897
660,545.118469238,41.8159179688,38.187953949,63.7661933899,5.7295479472e-08
690,416.902069092,159.6849823,31.1346645355,88.9616317749,16.9939562678
690,10.3664865494,187.194213867,20.8006973267,58.785610199,1.18545815349
690,88.2740097046,178.096817017,25.052444458,54.8750343323,0.716056954116
690,1.71772575378,197.585342407,15.7829504013,49.3104743958,0.380438799039
720,503.85647583,156.959014893,21.1486492157,60.9963531494,6.86328187585
720,509.742401123,190.778030396,19.9468154907,59.2330055237,0.571569241583
720,594.022827148,144.744735718,24.703660965,69.5460968018,0.388951762579
720,514.951965332,147.451126099,21.0256671906,56.0784263611,0.388124329038
720,45.2641563416,167.320480347,23.455411911,62.3758049011,0.317337294109
720,473.419830322,126.467323303,17.7582969666,65.3805465698,0.108583865222
720,25.0588150024,205.703018188,19.7526264191,43.2468605042,0.0738287810236
750,8.83395290375,230.687088013,28.8631515503,107.22580719,12.6910239458
750,366.770019531,156.017044067,20.0296764374,56.5439720154,0.83120893687
750,22.3890991211,272.286224365,19.2940406799,61.1514549255,0.115480879322
750,382.094482422,156.645812988,18.7172260284,54.0402870178,0.0446203164756
780,8.29750823975,215.910934448,57.7030982971,135.701080322,68.8423752785
780,477.005096436,273.854980469,35.1998786926,55.1794242859,9.0097643435
780,39.4565925598,237.527832031,22.9313430786,75.6971740723,3.91958914697
780,334.015869141,164.763412476,22.753660202,55.8393707275,1.77460946143
780,73.9297561646,196.335617065,17.8598880768,44.1872444153,0.622884556651
780,393.339477539,109.884254456,20.6116371155,68.3671646118,0.210362579674
780,30.0911235809,98.9733963013,18.8699169159,50.0480613708,0.0935414922424
780,19.1116085052,103.765708923,20.0972766876,48.3243217468,0.042843085248
780,428.700775146,149.015197754,26.7996959686,59.7750244141,0.0375459349016
810,41.2658233643,217.189025879,44.1387214661,109.527992249,54.2792439461
810,479.522094727,151.757461548,20.0273342133,60.6424369812,12.464030087
810,64.8636016846,226.29826355,21.1381931305,66.3941726685,1.72922667116
810,492.589691162,165.339370728,23.3794956207,66.395690918,1.28889642656
810,97.8328170776,177.334579468,20.4535579681,52.3241424561,0.171589083038
840,76.3161849976,209.496505737,32.8245849609,108.434837341,53.8916885853
840,608.049865723,152.861862183,19.5395431519,63.7741355896,12.2056953609
840,591.971923828,153.749191284,24.1669826508,63.2954444885,0.491431774572
840,581.221374512,174.71723938,25.3884677887,51.1213264465,0.222235755064
840,488.239257812,135.662979126,27.8463973999,79.0098495483,0.140320335049
840,487.814788818,47.0521659851,33.144329071,90.8970565796,0.000311793496621
870,101.28037262,216.093032837,24.1434326172,71.7040481567,31.7101866007
870,546.981750488,131.659591675,23.2161273956,62.9858589172,0.268831057474
900,114.537788391,206.200271606,22.8783435822,75.7183990479,21.5484827757
900,594.77532959,139.401321411,22.4596042633,52.3535118103,0.253984658048
900,610.833068848,141.051742554,17.0055904388,51.7341651917,0.132335769013
930,121.872901917,208.831710815,25.7220630646,74.2854995728,36.2373679876
930,5.93281030655,187.462783813,70.4649353027,174.241500854,1.82140450925
960,4.92315912247,200.31892395,43.1956367493,159.587997437,18.4651657939
960,123.250816345,208.71862793,30.2322788239,76.9503860474,13.5488599539
960,499.737945557,173.375976562,24.2943572998,68.2356185913,0.562224676833
960,402.899291992,116.798057556,36.4912490845,89.6687088013,0.200241105631
960,47.3365745544,91.6804275513,20.662689209,59.7120170593,0.145226763561
960,8.62779998779,86.1838150024,15.0482378006,57.7212486267,0.11010679882
960,257.466461182,172.947738647,15.5991134644,48.5061454773,0.0870734220371
990,116.943748474,210.94758606,23.6017627716,69.1654281616,35.2341234684
990,442.932891846,139.829208374,23.3406219482,81.7643051147,2.14594751596
990,602.708740234,129.441268921,24.1594467163,72.1466903687,1.15890847519
990,236.019821167,169.736434937,21.0076828003,47.7557563782,0.0481836264953
1020,114.524787903,207.911819458,22.3791046143,73.71509552,54.74807024
1020,564.432434082,154.536849976,26.6890735626,79.5760574341,2.28808782995
1020,9.14327716827,236.626098633,20.763130188,70.4326705933,0.891382899135
1020,513.883361816,163.481002808,21.7337722778,55.7928733826,0.242744409479
1020,525.49822998,159.688430786,21.7439250946,55.8117637634,0.207826145925
1020,568.456970215,32.3497772217,38.2195854187,89.8005752563,4.64956599444e-05
1050,114.205230713,209.424926758,25.7912750244,74.8868942261,15.0339871645
1050,605.41583252,185.869689941,24.2834415436,56.5524787903,8.57935100794
1080,105.165710449,211.379074097,24.2299633026,71.7559509277,28.49214077
1080,170.553588867,183.87739563,18.4627761841,46.5055046082,2.5366935879
1080,242.346389771,168.761917114,25.9905948639,61.3710746765,1.41075132415
1110,96.50025177,215.956436157,21.7531108856,73.9526290894,13.8306826353
1140,97.548866272,207.544311523,28.7271518707,79.6800918579,24.0947172046
1140,134.597640991,197.417861938,22.2878246307,44.9206085205,5.37185892463
1140,154.715377808,194.206954956,21.2801914215,46.31300354,0.919826049358
1140,367.205718994,160.656555176,21.8265018463,61.6409416199,0.187588867266
1170,109.354553223,208.754882812,30.1237125397,85.2578582764,15.3074666858
1170,572.35345459,171.465286255,27.3094024658,64.6475296021,1.44421989098
1170,501.87979126,169.990310669,17.6989021301,45.5117988586,0.939777400345
1170,144.098831177,149.222000122,19.0840911865,56.1106452942,0.0282334862277
1200,103.002128601,205.640823364,30.2422618866,100.634010315,48.0370640755
1200,608.683166504,159.222595215,19.3164272308,58.1685333252,14.5951062441
1200,585.611755371,138.685165405,26.3174800873,68.6588516235,0.562755437568
1230,91.3771286011,197.706298828,35.742855072,112.575202942,61.3276302814
1230,376.886566162,174.772964478,26.4995193481,51.8956451416,1.14413974807
1230,479.702545166,121.284065247,30.7437438965,79.3977661133,0.455038622022
1230,82.6621704102,200.138015747,21.1797714233,64.5770339966,0.400810828432
1230,516.666259766,113.207435608,20.7601737976,51.9414672852,0.382107822224
1230,576.812927246,74.5221786499,32.8747520447,81.6621856689,0.359488511458
1230,444.974822998,154.285903931,21.9742202759,53.5501365662,0.299370591529
1230,549.287658691,165.345993042,18.1815872192,52.6288795471,0.149852118921
1230,429.339385986,166.048217773,26.8911571503,59.5243835449,0.0698778021615
1230,460.141143799,153.500198364,20.8047866821,53.4049186707,0.0270119518973
1230,504.364532471,114.534706116,19.4287815094,51.6127586365,0.0269419047982
1230,471.483642578,144.613052368,22.0674972534,61.4198303223,0.00653998722555
1260,67.7680053711,219.26965332,30.9086837769,76.8384933472,65.4892265797
1260,52.3925285339,91.9822387695,22.9007167816,65.5956420898,0.404400750995
1260,26.1970977783,82.628578186,27.2599563599,61.5965080261,0.341373262927
1260,525.333129883,66.5747375488,21.1888809204,64.1956558228,0.0549691496417
1260,477.772094727,73.4477081299,35.889125824,93.2710876465,0.0399774726247
1260,443.917755127,123.969093323,33.5710678101,94.9871826172,0.0283906643745
1290,83.1858596802,210.245666504,36.1174354553,98.5569152832,40.9230172634
1290,563.333557129,92.752281189,63.6279182434,172.867355347,1.6957115382
1290,444.162078857,84.741645813,25.3091449738,80.2040328979,1.68016925454
1290,350.088500977,151.570022583,22.2794322968,60.6185646057,0.897699035704
1290,587.378112793,152.345993042,33.229549408,90.0515441895,0.79143140465
1290,329.241699219,172.220657349,23.0443820953,52.3395576477,0.776603678241
1290,568.005981445,27.6114864349,32.1409416199,126.989860535,0.387418130413
1320,82.7285079956,215.726303101,31.7238311768,79.3912887573,68.1913137436
1320,343.103363037,140.655532837,28.1057281494,76.0486755371,65.0270044804
1320,332.30090332,155.502807617,21.6791152954,61.5191650391,12.5698879361
1320,603.901550293,123.763092041,30.2947788239,79.3247680664,3.5586040467
1320,588.42779541,43.6224403381,41.4932746887,116.248527527,1.74890831113
1320,469.385162354,57.912612915,57.6755409241,151.395401001,1.29334088415
1320,497.775024414,52.6570129395,34.5070381165,83.9993667603,0.172584224492
1320,455.157928467,111.303077698,22.1716823578,57.2387733459,0.0988718238659
1320,511.069458008,37.5091247559,50.0762748718,114.532714844,0.0265626120381
1320,464.52734375,111.349388123,27.4333744049,75.1569747925,0.0201419534278
1320,517.862365723,46.8870353699,23.0050792694,59.7435493469,0.0104281374661
1350,81.2473983765,210.517044067,29.0947113037,75.6518630981,35.1825654507
1350,556.636047363,108.025871277,26.4427719116,72.5595703125,8.32198038697
1350,607.651916504,88.4241104126,20.6674079895,50.0259819031,4.79734539986
1350,587.174133301,102.506156921,19.4945964813,42.1127586365,1.09879579395
1350,356.502410889,131.621688843,31.364068985,89.8750534058,0.642441771924
1350,457.493438721,85.3185043335,29.5613307953,67.2747268677,0.4352316726
1380,80.6798248291,207.359512329,29.9351062775,82.242729187,44.3106800318
1380,454.963104248,77.7918777466,66.0885391235,188.783828735,5.2712906152
1380,325.735992432,167.681213379,18.8431148529,45.6206550598,1.96870863438
1380,503.542388916,97.8073196411,22.4493179321,58.1484642029,0.0897148565855
1410,96.8177566528,200.596923828,32.5345726013,92.2212905884,5.23152239621
1410,510.974243164,167.959213257,25.4988708496,55.20079422,2.8988795355
1410,452.472900391,113.555641174,27.2763271332,74.7727508545,1.57263539732
1410,410.050079346,143.689590454,23.7997131348,60.2831077576,0.734950788319
1410,352.727294922,174.280944824,17.1036071777,43.0989112854,0.598178431392
1410,440.688446045,113.338928223,20.9981784821,56.3314094543,0.419748108834
1410,493.611206055,163.17805481,30.5021762848,56.5520133972,0.318638049066
1410,68.158493042,104.833656311,19.1514282227,55.8733482361,0.19389266381
1440,114.766609192,211.124221802,24.4283924103,70.4703445435,29.8344790936
1440,374.161987305,159.735290527,27.3314037323,63.4785118103,20.1017647982
1440,365.536010742,162.900772095,19.197687149,48.2230949402,2.5495775044
1440,499.953735352,95.6528625488,18.9402694702,51.4281616211,0.153002631851
1440,409.576568604,150.265533447,21.1765918732,50.1738891602,0.066571845673
1470,119.39440918,208.491531372,28.1508464813,74.6264724731,51.0458648205
1470,458.610931396,156.918151855,31.4413280487,88.0029220581,15.7532274723
1470,494.408081055,161.698654175,21.0685901642,54.6963005066,1.55382659286
1470,483.65335083,159.69859314,19.8848705292,55.2910804749,1.40861971304
1470,469.65612793,48.4560585022,30.6751174927,85.5622634888,0.358548527583
1470,445.275390625,167.774047852,24.8661575317,64.0589904785,0.163211941253
1500,2.43906903267,176.916061401,65.53956604,191.811340332,66.5197134018
1500,135.592941284,208.295715332,24.2469768524,71.3833999634,64.9106562138
1500,353.948883057,173.457199097,18.1648540497,47.2830924988,7.66831412911
1500,500.936279297,117.562835693,20.0386943817,54.5610542297,1.85715798289
1500,473.849639893,169.123794556,19.6542949677,47.6845817566,1.8312478438
1500,491.989135742,123.423316956,19.1096839905,67.9119491577,0.510213896632
1500,60.6988563538,96.4069213867,18.8822917938,48.6896247864,0.15573714627
1530,12.9287948608,176.979293823,62.4959869385,190.972366333,58.7094843388
1530,132.316802979,210.102783203,21.9595489502,69.7724533081,19.9210077524
1530,610.003845215,164.408157349,18.3363437653,58.5278320312,14.290420711
1530,537.089294434,82.587638855,21.648399353,70.1562271118,0.146671605762
1560,12.671795845,190.110275269,61.0942344666,168.915252686,37.5291585922
1560,133.644119263,208.375473022,24.734582901,65.5844345093,24.1229385138
1560,514.069641113,80.4117126465,22.0344867706,62.6900291443,0.127159187105
1560,382.483551025,161.292221069,20.2047576904,50.6337738037,0.114200368989
1560,62.032699585,100.097953796,18.4472255707,47.951007843,0.0179585331352
1590,140.09324646,198.717941284,28.8404483795,67.8095169067,39.0655726194
1590,52.2740516663,171.349807739,42.3801193237,156.867294312,12.6349657774
1590,526.276550293,116.790992737,68.0116500854,184.922119141,8.86365324259
1590,572.185241699,157.914077759,23.7036972046,64.8143310547,1.09495315701
1590,416.072113037,143.42414856,22.2794437408,68.5351867676,0.0378073134925
1590,479.578735352,131.555541992,32.0863418579,89.3766784668,0.00248619890044
1620,79.3452148438,195.353775024,43.7364349365,118.796295166,8.04836302996
1620,155.979644775,198.894332886,26.2656497955,65.4325027466,2.65667829663
1620,21.5620880127,211.655288696,24.3942184448,78.0506515503,2.15831510723
1620,464.975982666,141.602890015,26.7931842804,75.8144302368,1.10124116763
1620,419.218597412,130.694488525,26.4153289795,76.451499939,0.714502483606
1620,432.688842773,132.367507935,32.8631286621,77.6995544434,0.608512433246
1620,339.867095947,136.116165161,28.5825023651,78.4923171997,0.514094205573
1620,530.893493652,80.4338150024,34.6849098206,92.1617660522,0.329776993021
1620,588.770568848,27.506652832,44.0185508728,89.4198074341,5.7897204897e-05
1650,184.426040649,201.815628052,21.5042133331,63.1192054749,8.63420218229
1650,467.306884766,113.612945557,24.4055843353,79.1373519897,2.73048933595
1650,353.644165039,155.624801636,27.452287674,72.0174179077,2.07961965352
1650,529.309387207,151.06312561,22.9231643677,57.9110908508,0.273451535031
1650,120.531707764,188.79524231,33.5498313904,101.885559082,0.0548720301595
1650,595.829833984,43.9872093201,31.1036987305,71.1182174683,0.0256383471424
1680,192.021224976,198.950119019,28.580581665,82.68359375,12.0402760804
1680,568.614501953,54.4883728027,42.0614814758,151.845596313,6.55699968338
1680,231.445663452,204.283706665,19.641462326,56.2026367188,3.90863679349
1680,387.19833374,153.920181274,30.8254165649,78.8966674805,1.24414982274
1680,350.21395874,159.348449707,17.5477180481,54.3154296875,0.566485989839
1680,339.119720459,164.847488403,19.8265609741,51.0634803772,0.267509929836
1680,489.302154541,99.9234695435,17.744594574,55.9209938049,0.235816999339
1680,358.402496338,153.443847656,23.7550640106,58.0055236816,0.0586780079175
1680,569.286682129,36.6383323669,17.7030963898,65.6901550293,0.0379135104595
1710,484.016387939,99.2195053101,27.1692714691,73.3269271851,2.57995352149
1710,509.333496094,175.766677856,22.2853488922,40.7532196045,1.57153941691
1710,427.527801514,145.154312134,22.7887248993,72.5361709595,0.884502660483
1710,611.884399414,98.3180160522,15.4791231155,53.1872520447,0.725711556152
1710,468.746734619,97.1618118286,25.0069274902,77.5028305054,0.580141926184
1710,403.736602783,148.426361084,27.588432312,67.5979232788,0.376394018531
1710,373.05368042,158.37979126,30.2736644745,67.0710983276,0.244254246354
1710,240.22883606,225.301834106,23.3005046844,69.1061325073,0.108084257226
1710,20.2350177765,250.140548706,22.0563983917,53.6837768555,0.1078485162
1710,505.109832764,100.648765564,19.0052318573,58.9353065491,0.019012359553
1740,426.907714844,122.695625305,30.885931015,94.153465271,3.20497862995
1740,498.64956665,93.0690689087,25.6876010895,72.5980453491,2.91230734438
1740,600.252685547,160.442840576,23.7853946686,56.6403617859,0.682341959327
1740,452.539459229,112.233642578,30.0433349609,89.1433029175,0.482736900449
1740,379.002410889,158.264450073,21.5695724487,60.6167030334,0.294289295562
1740,388.2918396,148.919677734,31.4682788849,81.2243347168,0.21931771189
1740,480.819793701,115.929992676,28.9832553864,81.8153839111,0.192044128198
1740,357.110321045,146.25592041,29.6383800507,69.5596084595,0.189415586647
1740,522.136474609,93.7800369263,29.2250919342,88.9787216187,0.075006915722
1770,569.613220215,71.5205459595,58.8365783691,174.024673462,19.6856558323
1770,598.590393066,35.0199394226,30.7924938202,91.8381576538,14.7848010063
1770,589.530761719,165.457122803,34.8466300964,75.1523590088,8.0637075007
1770,514.65637207,94.2957458496,23.6922054291,65.9361495972,1.08243571594
1770,263.217224121,186.401977539,15.7659330368,37.50963974,0.613779434934
1770,384.270111084,137.178848267,29.0748519897,83.3657531738,0.599926197901
1770,363.68762207,122.363731384,23.4892425537,61.3067321777,0.186409323942
1770,588.958251953,35.1642150879,21.2094745636,68.0927963257,0.113391864579
1770,527.506591797,106.614006042,21.6116580963,56.6344642639,0.0539369473699
1770,540.331726074,73.0111923218,29.1533908844,83.2161178589,0.0292184849968
1770,610.509643555,27.2908401489,21.2777194977,55.1163978577,0.00264189693553
1770,567.372192383,45.4549255371,33.1006851196,107.163795471,3.001478035e-05
1770,531.21484375,27.447227478,27.8959960938,64.7058944702,2.17751008336e-05
1800,421.557220459,144.28187561,27.0259037018,75.6285629272,19.570992887
1800,350.186065674,140.386398315,23.5266265869,64.8053817749,1.61199979484
1800,597.359313965,125.036193848,30.0306110382,99.6237869263,1.01368762553
1800,524.173828125,151.7396698,24.4594326019,55.6062583923,0.513582490385
1800,447.962860107,68.859992981,29.7809467316,67.8687896729,0.142112886533
1800,251.918411255,176.750915527,17.2843933105,43.2688560486,0.0535687198862
1800,385.180023193,93.4699020386,23.6013965607,64.9687728882,0.0194326625206
1800,370.860717773,44.5882606506,31.3677883148,104.30632782,0.00103787724584
1830,528.448608398,106.792442322,32.9713401794,121.376922607,7.39910751581
1830,609.822937012,81.0327377319,18.2328414917,54.9765930176,6.38100728393
1830,440.483764648,96.5298461914,22.8985080719,60.1334991455,3.69523912668
1830,171.006240845,175.081588745,15.5686941147,50.280582428,1.42324864864
1830,553.684509277,175.322097778,29.5265293121,58.182964325,0.375401251949
1830,544.521118164,177.265258789,19.3638935089,54.9864768982,0.0609224953223
