30,463.828582764,149.639541626,34.8068161011,85.3950805664,98.6877501011
30,259.404083252,23.347486496,25.4833965302,49.9936256409,27.6302427053
30,285.335632324,96.8061523438,29.9317111969,94.1591262817,16.5689110756
30,296.10067749,172.364074707,21.8653087616,57.9734840393,14.6088585258
30,337.606292725,176.008712769,24.7667636871,64.5842895508,10.1898856461
30,450.689300537,155.001190186,21.9398059845,63.5001411438,7.64608308673
30,596.786804199,74.5769577026,28.6850681305,97.2233886719,3.66765409708
30,485.538360596,140.795410156,30.4071025848,78.4949569702,1.4634299092
30,300.917816162,67.9002685547,24.9704055786,69.3364334106,0.152313429862
30,143.130691528,74.3125686646,23.2241725922,68.962020874,0.151207169984
60,349.422088623,166.608596802,27.9037704468,68.8047790527,98.6117839813
60,553.942138672,140.138671875,40.4548377991,105.452278137,96.862578392
60,323.96206665,174.384719849,21.4526729584,63.1526374817,73.7825989723
60,405.419891357,173.551010132,22.3255939484,74.2917404175,63.2429897785
60,494.680908203,174.459487915,19.5484390259,45.1132698059,11.8734546006
60,382.977935791,158.306518555,36.4606208801,95.9168701172,2.88542695343
60,542.044616699,157.763656616,25.139289856,66.8070144653,2.44418326765
60,364.55368042,159.042282104,33.7845306396,89.3373947144,2.05461122096
60,82.8087387085,206.829833984,23.542383194,67.9192047119,0.797313731164
60,320.894927979,43.8800010681,26.8730545044,77.8952865601,0.580660300329
60,360.422332764,79.0624465942,21.1904201508,60.866481781,0.559944752604
60,579.130615234,138.360214233,20.6217784882,56.2176246643,0.158339552581
60,168.139328003,93.0620651245,18.706533432,57.4394073486,0.0638192985207
60,554.673034668,77.8785629272,30.5411148071,81.4524917603,0.0548702606466
60,157.001815796,84.3579483032,20.2776966095,55.6940612793,0.0467976555228
60,314.859710693,88.9606552124,29.7186870575,102.966339111,0.0158528549946
90,432.379730225,157.493942261,34.8839912415,93.8455810547,99.1100430489
90,389.703613281,152.40927124,29.2361278534,98.4081039429,94.7781920433
90,379.427124023,176.602401733,18.7074127197,65.3239212036,31.2651246786
90,409.081787109,159.48109436,18.0584087372,58.3324165344,7.75112211704
90,369.980865479,65.5901565552,24.9029560089,69.8566207886,3.59537377954
90,520.532592773,149.607498169,20.5463848114,58.2465782166,2.31665316969
90,418.9453125,165.332397461,20.8388118744,54.149646759,1.14984586835
90,119.625305176,191.122390747,18.1446266174,54.574016571,0.837156828493
90,615.235046387,37.8102722168,17.2465019226,50.6045951843,0.767442397773
90,457.04208374,159.343093872,25.9724330902,95.333770752,0.369286816567
90,530.871704102,161.315658569,19.3850002289,50.1739654541,0.363992829807
90,348.650512695,92.5706176758,23.6693058014,66.4638824463,0.290111545473
90,15.0506715775,199.473327637,28.2387294769,57.9127540588,0.165434437804
90,383.70425415,79.6377944946,22.5770015717,67.5559768677,0.068466673838
90,174.231079102,70.7386169434,21.8362197876,58.934753418,0.0425365695264
90,131.022140503,183.428390503,23.488861084,42.8063201904,0.0122882047435
90,190.758743286,70.9247055054,17.9445476532,60.2067451477,0.0115037211799
120,473.441741943,137.332992554,61.0044670105,143.097549438,87.1057093143
120,509.491851807,144.606948853,44.0490150452,126.175239563,68.1770026684
120,458.912811279,169.154556274,27.1270008087,98.4889144897,40.523186326
120,588.472351074,140.350326538,24.4335174561,76.4309158325,18.5066968203
120,459.278594971,45.3716239929,31.2548084259,83.1610336304,15.6500011683
120,495.883087158,194.602645874,25.2492828369,84.7585983276,3.78246940672
120,473.843658447,147.052886963,21.7027950287,81.8369827271,3.76787334681
120,491.665161133,141.32661438,28.1741027832,84.2840042114,1.9779831171
120,402.034515381,66.7094802856,29.2788829803,72.0761947632,1.9199648872
120,533.17767334,163.124008179,24.2079868317,73.0322952271,1.7721215263
120,512.094787598,145.069534302,22.5365600586,64.2027206421,1.62701625377
120,452.89541626,179.289840698,19.0002746582,52.1061096191,0.807756278664
120,197.813186646,63.9705924988,24.1394481659,68.936630249,0.637551350519
120,482.934356689,198.148681641,23.631811142,74.1427230835,0.233263173141
120,244.848999023,132.644546509,32.2665519714,76.1454086304,0.121354416478
120,474.558197021,33.2546958923,21.9047832489,63.7870979309,0.0969716697
120,551.690063477,180.645675659,19.167049408,48.3018302917,0.0374714232748
120,182.638442993,63.3921165466,25.2977848053,65.4482116699,0.00751397165004
150,461.407684326,60.4819908142,21.3566226959,56.9362678528,1.6445774585
150,495.567657471,203.374069214,18.2655067444,51.607875824,0.290965638123
150,594.901855469,180.863769531,18.1649284363,53.0117530823,0.169892073609
150,568.602233887,25.1999721527,31.2012634277,95.5699462891,0.0336309341947
150,468.810394287,66.4028549194,27.2458438873,91.8176574707,0.0272053701337
150,562.18560791,21.6894931793,22.5692977905,62.2521972656,0.000232234901887
180,610.520019531,79.6579666138,18.9659175873,61.963558197,20.355951786
180,435.442016602,166.485900879,20.2565956116,53.6133918762,3.99272404611
180,557.839782715,163.674545288,19.6928501129,56.6123504639,1.26484744251
180,228.48979187,68.3869857788,17.1672840118,51.0663566589,0.110534962732
180,595.532226562,79.9920196533,19.1510066986,56.7026863098,0.0583909743
180,565.813110352,38.2747573853,36.1578712463,77.2267608643,3.41997274944e-07
210,407.75302124,163.199569702,21.0727767944,56.7936668396,10.392549634
210,438.21762085,163.500518799,20.0103397369,59.6856536865,2.6632649824
210,462.649261475,160.255630493,18.8248939514,56.0762023926,0.362362596206
210,450.783721924,155.858352661,21.100851059,62.4781761169,0.308366212994
210,172.693786621,31.8335018158,18.9497070312,61.8621406555,0.192246679217
240,612.058898926,100.508514404,22.8298358917,77.05418396,35.6106996536
240,342.674438477,148.509017944,20.2016105652,56.2962036133,13.7374952435
240,79.0216598511,128.753219604,21.5827178955,59.4241523743,13.0253538489
240,607.114074707,195.909805298,17.7615947723,53.8974609375,8.8169939816
240,388.704345703,151.261779785,25.3012866974,60.7725715637,4.64233122766
240,404.62902832,149.141036987,19.5455093384,59.8058280945,1.38830821961
240,594.29498291,187.080810547,24.3234195709,80.6147766113,1.25483972952
240,574.446228027,42.8111610413,32.8552322388,72.9756240845,0.964177772403
240,587.959777832,111.730957031,23.1882610321,83.4412918091,0.885816477239
240,30.7169475555,32.2125358582,29.2987117767,105.388496399,0.32668383792
240,30.7239131927,134.44342041,20.940202713,55.1743621826,0.119895581156
240,18.4929141998,133.346878052,19.0468959808,57.3549461365,0.0678951095324
240,607.636047363,59.3815307617,23.6892223358,60.796421051,0.0639839156065
270,184.671081543,150.09727478,24.2819309235,59.5956687927,29.7491163015
270,238.652877808,178.687606812,19.0590419769,44.6437072754,10.2803327143
270,600.110168457,31.3239746094,19.2318630219,52.695476532,8.53484943509
270,258.160522461,136.398880005,26.89336586,78.7666549683,3.0216820538
270,224.190200806,172.134643555,17.7722740173,53.4947662354,2.68898531795
270,377.371124268,154.801528931,18.7492046356,51.839641571,2.62042041868
270,534.140686035,67.5087738037,26.190580368,72.4618453979,2.35127434134
270,614.370788574,36.3957023621,18.8806934357,61.5885658264,0.796841271222
300,82.4948043823,183.637451172,19.579668045,47.1969337463,64.6436035633
300,534.532104492,182.008010864,19.2798366547,56.3451194763,31.7493051291
300,571.93536377,220.095840454,46.5885047913,97.9983215332,18.7581822276
300,516.799621582,201.517684937,20.6967563629,54.7351417542,10.7619695365
300,550.34173584,151.097351074,23.3034954071,63.826625824,7.23659396172
300,108.290130615,158.175369263,24.532951355,63.1551628113,6.33907020092
300,568.982910156,156.330764771,18.3836612701,72.251159668,5.70660084486
300,69.8666610718,185.729690552,16.0952320099,44.7677650452,2.41970326751
300,240.89491272,161.696624756,18.8930034637,49.4010276794,2.26339250803
300,588.743408203,169.465255737,27.0858612061,63.5437049866,1.38482227921
300,404.529510498,151.04864502,20.0246067047,53.5967712402,0.774886691943
300,576.929626465,147.627487183,26.324256897,76.0391464233,0.689396401867
300,615.283630371,124.555847168,19.359287262,55.78175354,0.475929724053
300,101.061035156,175.825683594,17.5554218292,48.8787841797,0.398369738832
300,8.99600791931,139.261550903,21.1695690155,50.7744560242,0.316230254248
300,147.696334839,51.9615974426,21.9395904541,58.4238777161,0.287505378947
300,526.72064209,43.6468849182,27.2007656097,82.9473495483,0.266315788031
300,485.999481201,114.881645203,25.1164016724,70.2378158569,0.247383024544
300,421.00378418,53.9012451172,26.3371944427,71.2108535767,0.225189724006
300,21.8147945404,143.311340332,22.5449886322,52.6639900208,0.198042206466
300,104.24684906,105.502174377,24.140619278,89.5101547241,0.185391388368
330,549.934448242,198.294555664,26.3410339355,57.0130157471,73.0386853218
330,16.1768474579,160.292312622,22.5064926147,60.570766449,10.4033350945
330,485.086791992,38.7335929871,19.5319004059,57.1952629089,6.62463456392
330,591.275756836,175.018783569,27.4355239868,65.9407730103,1.84917338192
330,76.9210205078,174.064529419,22.902589798,56.7243461609,1.59469693899
330,559.356750488,144.962219238,28.8358135223,88.5334777832,1.26880556345
330,29.8256855011,101.435882568,24.2121486664,76.9086227417,0.436123134568
330,550.665466309,159.013809204,19.3058795929,57.4013366699,0.402514124289
330,542.552124023,131.814819336,18.7612857819,59.5518455505,0.285113975406
330,579.236877441,184.376220703,19.8003559113,55.1170959473,0.260290992446
330,12.419503212,121.693870544,23.7502765656,69.9846725464,0.0886863272171
330,100.951599121,170.757034302,17.9197845459,45.9971961975,0.0455880130176
330,376.909454346,42.0952224731,21.1554584503,73.4393844604,0.0398439238779
360,25.5153598785,175.083053589,19.3729934692,48.6097755432,58.692330122
360,67.8339233398,165.399658203,18.9495735168,50.7821846008,3.43559272587
360,201.070602417,157.383422852,17.1969776154,46.2428283691,0.510273315012
360,83.3470001221,164.932754517,18.2797145844,47.7841300964,0.32449089922
360,185.229537964,151.661346436,20.5245838165,52.5615081787,0.188512413297
360,39.4197273254,175.802322388,16.7714805603,43.9528198242,0.095187878469
360,6.47279405594,108.747886658,15.0809011459,61.1310920715,0.0556320126634
360,398.797515869,29.8644199371,36.2149162292,93.2681808472,1.0588581123e-07
390,6.2091255188,166.206954956,16.1019592285,45.4469146729,2.86696515977
390,39.2961769104,147.299468994,21.2486000061,63.6099586487,1.43206287175
390,25.1523227692,173.201599121,19.5315551758,43.0573883057,1.09619311988
390,317.529388428,120.630187988,20.4907341003,46.3785896301,0.437556020916
420,16.5688724518,165.832702637,20.5264911652,53.8328742981,14.0313014388
420,379.286743164,179.679000854,17.7126941681,45.0413398743,1.57170016319
420,9.10568904877,165.323745728,14.2805566788,56.1595497131,0.559848360717
420,330.472442627,131.58253479,19.5504817963,49.8134002686,0.334348413162
450,454.833892822,186.702880859,22.0069961548,57.3592948914,11.6120122373
450,498.581268311,178.559509277,24.4967937469,62.0032653809,7.5603812933
450,588.85369873,101.83530426,22.3015842438,74.1218185425,5.1968768239
450,443.206665039,187.19543457,22.1086483002,48.3814964294,2.98050940037
450,1.84299278259,188.202651978,15.3306388855,54.3951721191,1.21338944882
450,27.578168869,181.090652466,18.3008670807,53.635269165,1.05779636651
450,393.849822998,178.873916626,19.2275676727,48.3848228455,0.258284597658
450,479.163238525,185.317428589,18.07513237,48.2007904053,0.221142172813
450,409.315063477,129.872238159,32.491027832,83.7615585327,0.0037179543142
480,517.863037109,188.979537964,25.9314804077,70.0268936157,15.656863153
480,488.212524414,196.167419434,18.4088916779,49.5937194824,13.8680666685
480,340.098876953,205.529312134,20.5775661469,56.5219230652,2.87220142782
480,455.225372314,133.382736206,26.3755187988,92.6530227661,2.5482872501
480,434.304290771,181.269714355,22.8569030762,57.0263671875,1.75092332065
480,533.086730957,187.56211853,21.2213230133,66.529548645,1.3323109597
480,14.6036520004,173.862319946,24.6599254608,64.5712509155,1.15947313607
480,503.677398682,189.309005737,23.1278629303,57.4339790344,0.983872730285
480,574.697692871,171.976791382,18.0404281616,55.5009269714,0.435746088624
480,347.60055542,147.392745972,19.9322910309,55.378036499,0.0310814299155
480,422.968170166,148.297683716,28.2626552582,72.4280166626,0.00463321484858
510,532.473144531,186.388504028,22.3244113922,60.2916374207,81.0609042645
510,617.012878418,140.946121216,17.8285388947,58.770401001,0.864412263036
510,515.96685791,185.694763184,21.7990550995,57.3695983887,0.426171487197
510,602.098815918,145.154678345,24.823846817,64.9923553467,0.320439203642
510,488.581176758,119.432701111,36.9962272644,95.2611999512,0.00850829746923
510,573.816467285,26.474199295,35.7405586243,62.0245399475,4.49596313956e-05
510,523.928466797,40.4634590149,39.9599838257,63.5412101746,1.47974992259e-06
510,608.881774902,23.3860111237,23.064573288,49.6162223816,6.61647792111e-08
570,535.295471191,173.519851685,38.5535430908,90.4569625854,2.40500643849
570,78.2096328735,40.0326728821,46.5712776184,85.1991348267,3.10675374315e-09
600,189.761657715,166.79234314,19.2354297638,54.7008056641,0.386467482895
600,540.316040039,191.092758179,24.3220691681,56.0194129944,0.239630276337
600,394.282196045,135.52041626,25.4602565765,63.1047019958,0.00103549018604
630,199.966873169,182.713180542,21.9269943237,42.1629486084,20.6104621291
630,578.347229004,82.890953064,27.5740566254,73.3699874878,0.157028180547
630,610.741271973,53.6127815247,18.5294685364,54.8026695251,0.069176137913
630,596.209228516,188.756469727,27.4273586273,66.4254837036,0.0684222672135
660,244.097595215,168.108795166,18.7396621704,49.7353782654,14.4957751036
660,258.430999756,169.820266724,19.8756408691,54.4615898132,0.869361776859
660,613.90826416,222.923751831,18.9615249634,59.9023284912,0.403945380822
690,290.992706299,184.884750366,19.2440128326,45.7323875427,68.6997592449
690,243.961746216,161.244766235,20.3124408722,51.1583824158,19.6086004376
690,263.602233887,157.416046143,19.8141117096,59.8470191956,0.262212543748
720,279.341308594,183.79675293,19.2956924438,47.0752220154,95.8523631096
720,351.024291992,180.992477417,19.7988243103,46.2117576599,7.94856324792
720,603.044372559,205.01512146,25.7507038116,60.5182800293,2.77654994279
720,258.665557861,177.921951294,18.1020889282,48.4009437561,1.41371833161
720,390.640228271,193.690689087,23.7371883392,56.0842704773,0.809672661126
720,101.076881409,197.45664978,22.6044902802,58.5754127502,0.532242795452
720,110.807685852,182.327255249,18.972410202,49.0955657959,0.100208818913
720,217.352233887,166.444961548,19.9902210236,55.2137870789,0.0555989390705
750,252.291732788,187.030151367,17.2102336884,47.7208404541,70.5174386501
750,166.906478882,166.467391968,20.5207881927,57.2783355713,16.2697643042
750,613.774230957,137.404647827,19.5673103333,48.7276878357,11.6505153477
750,189.929397583,168.579971313,20.0385093689,51.6823997498,0.0698907591868
780,353.541259766,178.956863403,25.6124782562,59.5319633484,78.2581627369
780,133.129302979,283.36541748,34.207824707,67.0378112793,0.643561733887
780,481.135406494,159.924377441,23.0755825043,58.6569519043,0.417168717831
810,449.671661377,173.248352051,30.4079723358,71.0288085938,91.4853513241
810,263.038604736,179.665588379,26.9957485199,64.7180328369,85.5553388596
810,370.796539307,181.9193573,25.058347702,62.7251548767,61.3276958466
810,438.334838867,172.947143555,18.2260017395,61.975818634,10.0395329297
810,239.775100708,183.891342163,22.2705402374,55.5816497803,7.16725438833
810,464.80557251,188.516738892,26.5548324585,51.3607635498,4.53231073916
810,79.5528030396,186.1665802,18.5972080231,57.1940193176,2.72792391479
810,279.820465088,188.897079468,17.277387619,55.6788825989,1.83578003198
840,468.037109375,173.672790527,45.2994537354,73.296333313,96.2182343006
840,578.321228027,164.571640015,41.7407188416,88.0655136108,94.9769377708
840,221.004074097,175.300216675,25.8359699249,71.6054458618,93.9106583595
840,236.169815063,174.48046875,27.9594783783,71.7788009644,87.9087090492
840,185.005249023,174.966842651,26.3858013153,63.0244140625,79.5753359795
840,159.538116455,164.350662231,35.0675201416,87.029838562,6.94623813033
840,564.838684082,166.873748779,28.0127792358,78.8096389771,1.97386071086
840,607.564758301,172.896484375,18.9453754425,60.2547798157,1.86513513327
840,70.7654037476,170.435699463,20.328874588,55.0065307617,0.79926867038
840,204.970809937,177.914260864,19.6848659515,55.3796348572,0.743890134618
870,578.865600586,163.190917969,41.8224601746,94.9622421265,98.6349642277
870,115.771720886,160.061843872,51.4542198181,97.3928756714,94.8862612247
870,25.002532959,164.549850464,39.6941452026,79.2315139771,81.5308868885
870,148.281433105,182.511276245,28.5015850067,71.0915298462,42.2212094069
870,46.9623832703,172.909042358,34.2012062073,73.0135192871,18.5827150941
870,142.526473999,163.689346313,21.7788925171,65.6499404907,13.4455651045
870,122.630828857,156.898025513,20.7500133514,68.8212432861,7.92481079698
870,128.732894897,194.925430298,23.1053390503,64.0292282104,6.74499645829
870,158.179702759,162.781509399,22.876783371,58.5649833679,2.89522893727
870,603.757507324,168.901641846,20.2370281219,60.7078285217,2.26239301264
870,132.952438354,156.114761353,21.7376785278,55.7978515625,0.808142591268
870,12.5731687546,163.361984253,24.9671230316,78.2054519653,0.751965958625
870,61.942440033,159.842025757,75.6734695435,93.8833312988,0.434564054012
930,119.681762695,163.712387085,19.5808734894,44.2604484558,9.17931422591
960,41.7860984802,168.908798218,17.6826076508,45.8840179443,2.87288296968
960,8.39658260345,174.886032104,16.1004619598,49.370136261,0.84032472223
960,92.5981674194,170.3074646,23.4072551727,40.9076499939,0.514521589503
960,32.8798522949,174.064208984,16.1410923004,44.8275909424,0.311055686325
990,90.9890136719,146.993347168,22.0568141937,62.6441192627,4.58357818425
990,49.2767066956,171.005081177,22.4920864105,43.9270210266,2.00329385698
1020,608.122619629,182.659347534,18.1114826202,48.97838974,35.0055724382
1050,43.4036979675,185.285568237,17.5349082947,44.3073158264,4.95813339949
1050,56.64295578,186.775222778,17.9746246338,41.4651756287,1.08273606747
1050,609.791442871,189.518432617,16.6930904388,45.9933357239,0.716341659427
1050,13.1766691208,183.240341187,18.5184497833,50.2804718018,0.622586812824
1080,609.76348877,192.376098633,19.5355415344,45.6598320007,50.6298899651
1080,600.158630371,195.320251465,17.9276371002,43.3868408203,2.22790334374
1080,40.5263938904,191.126037598,16.6815509796,44.0954627991,2.06331424415
1080,50.5784339905,185.54133606,18.7094917297,42.627910614,0.840895716101
1080,10.6594934464,188.067062378,19.0498867035,50.2624702454,0.45445561409
1110,42.6059989929,190.637710571,18.8861618042,46.2956886292,3.85738648474
1110,57.2930717468,191.962020874,17.3842105865,40.1458358765,0.740593811497
1110,90.5582046509,171.91847229,18.7760868073,52.2471656799,0.438883015886
1110,67.4908828735,190.641647339,16.1077079773,41.0446357727,0.100120098796
1140,37.6512832642,190.380859375,17.1052284241,46.2720031738,1.31152793765
1140,50.4441261292,187.381698608,18.0058917999,46.0246887207,0.602305075154
1140,61.4711647034,189.715820312,16.9923305511,41.806930542,0.0509331119247
1170,44.9552459717,191.381118774,17.8465671539,44.6748542786,6.18089176714
1170,18.6291866302,190.797546387,17.1495990753,47.5936012268,0.117158459034
1170,60.8114318848,190.325027466,15.6514425278,40.8215293884,0.032911580638
1200,93.7785263062,180.671707153,18.7855529785,46.8225288391,1.05102602392
1200,32.0187835693,194.069152832,17.1195640564,44.6505432129,0.641167443246
1200,13.8595457077,189.938232422,17.9941425323,48.8105583191,0.552299898118
1230,37.1712226868,198.983657837,18.1642589569,41.8993682861,1.45404804498
1230,46.7874641418,187.954574585,17.6416454315,47.5825042725,0.809341017157
1230,14.1414308548,188.818862915,18.5135593414,49.1364746094,0.188102968968
1230,26.8988571167,193.901657104,18.1562099457,44.771987915,0.0875142868608
1260,12.1210784912,191.44140625,17.020160675,46.8131408691,10.9336972237
1260,605.575866699,193.811645508,22.0168762207,45.5754585266,1.75018105656
1260,44.1459159851,192.749130249,16.3207054138,41.6877174377,0.681852642447
1290,14.2775392532,191.774734497,16.2431201935,46.3792877197,41.5037631989
1290,605.484802246,199.821411133,18.5901184082,40.0495491028,19.9781477451
1290,37.2652626038,193.836196899,18.22315979,46.0288200378,1.10529717058
1290,24.3827762604,194.284057617,16.4913978577,43.4418373108,0.661307899281
1290,51.1372261047,187.950942993,18.1907215118,45.6053161621,0.27707896661
1320,10.492855072,192.866226196,18.617647171,45.2846031189,45.0400710106
1320,609.103210449,196.036437988,16.9013614655,44.1274719238,7.43721351027
1320,45.6087226868,191.047485352,16.5499534607,43.9087257385,4.03844602406
1320,56.4549446106,191.588699341,17.8565120697,39.5323295593,0.597071880475
1320,21.5493679047,194.603012085,18.0311851501,42.7929115295,0.301632727496
1320,71.6146697998,182.997360229,19.4482479095,46.7005882263,0.0396057701437
1350,12.9873151779,192.681015015,17.2474517822,47.1174888611,12.119165808
1350,607.723205566,198.265304565,19.2190685272,41.7968101501,9.39045324922
1350,47.9168548584,190.090393066,16.6441326141,44.7997741699,2.66117192805
1350,56.2902946472,188.197387695,20.1952095032,42.6736907959,1.12861553207
1350,25.2417125702,189.836303711,18.1587772369,45.8235168457,0.171881378628
1380,606.861755371,200.235092163,19.8795948029,41.6340141296,40.0288581848
1380,42.8802032471,188.098922729,18.424489975,40.3193778992,2.45124269277
1410,606.144592285,201.681686401,18.5923538208,42.2509651184,66.4587199688
1410,43.8843345642,189.6978302,18.8654518127,47.7331237793,6.64035528898
1410,54.1691551208,188.577011108,18.7714748383,43.9299659729,4.31290268898
1410,10.4307956696,191.787841797,18.5552845001,46.5664215088,3.8775857538
1410,67.5765533447,192.227294922,17.4568748474,39.6564903259,0.0340666563716
1440,609.060241699,201.384048462,16.6379680634,41.0011100769,25.6168842316
1440,43.5037384033,192.108520508,17.9563465118,43.6598320007,1.73842329532
1440,12.9649858475,190.424316406,18.2857208252,50.3720855713,0.732377497479
1440,57.9350128174,192.534744263,17.3173484802,39.3932800293,0.120422337204
1440,68.8283538818,188.841186523,16.9938831329,43.6102294922,0.0920182268601
1470,45.5849609375,191.786010742,16.6449356079,44.0655326843,4.24754433334
1470,13.4008331299,191.034896851,16.3004341125,50.0790290833,2.27032974362
1470,55.8153381348,192.469100952,19.0104370117,42.1705169678,0.593497091904
1470,533.38470459,171.893630981,23.2510700226,57.6325263977,0.160692154896
1500,604.692687988,205.206237793,17.8455848694,41.283744812,45.3313797712
1500,46.6049346924,194.439804077,18.1059379578,46.6103630066,4.19170409441
1500,12.0560836792,194.295700073,19.4029350281,48.1769866943,2.26947236806
1500,616.188903809,196.688354492,13.9404916763,47.4445991516,1.67085491121
1500,62.7675361633,198.232009888,17.3404521942,41.1470222473,1.02212596685
1500,425.50869751,173.053329468,22.5626811981,45.4020576477,0.0305287045194
1530,97.9165267944,199.341918945,33.3927879333,70.0443344116,97.3557114601
1530,608.505432129,209.289245605,19.0295372009,41.1277503967,67.4021184444
1530,10.7249908447,199.535339355,18.1486721039,51.2632293701,4.01945076883
1530,40.9800834656,199.001846313,18.9927310944,45.4534263611,0.363846658729
1530,55.9894599915,198.7734375,18.9523506165,45.2555999756,0.152173417155
1530,436.044708252,178.67980957,26.6615619659,54.0187492371,0.113378744572
1530,420.472686768,181.98059082,19.2563362122,45.0469398499,0.0272466277238
1560,7.71279096603,200.776260376,16.7450313568,48.4574394226,1.12459268421
1560,31.8436412811,201.406860352,17.6794719696,48.940246582,0.704044569284
1560,609.617980957,129.513793945,18.2977638245,56.0323829651,0.220022769645
1590,611.584899902,209.094711304,15.7853574753,37.4119758606,34.0237021446
1590,420.246673584,169.926376343,24.6623821259,53.3446235657,0.635603908449
1590,7.58519029617,211.569595337,15.1479482651,48.6938171387,0.394909549505
1590,175.789932251,192.959915161,26.1608142853,66.8456344604,0.143885414582
1620,611.505737305,203.285339355,17.3524646759,42.7622184753,9.36409085989
1620,10.4180860519,198.310852051,17.2676258087,43.6146965027,0.933742523193
1620,3.66584467888,195.771850586,13.0799102783,47.7594299316,0.617721537128
1620,35.4235801697,194.51348877,16.8034172058,43.3486061096,0.0409328815294
1620,416.997772217,169.462112427,22.9963512421,53.4413299561,0.0239085886278
1650,46.9160575867,178.631591797,29.970281601,72.9839477539,1.04829091579
1650,472.112335205,172.690750122,21.2529602051,54.8417854309,0.828211568296
1680,11.5791521072,209.835494995,34.2907295227,96.2706680298,25.6931185722
1680,396.839447021,183.477310181,18.3317775726,47.0115699768,0.101985980291
1710,54.0553588867,197.706771851,33.0219688416,93.8607254028,1.14146014675
1740,8.2598028183,193.997879028,13.8233995438,49.0286865234,0.380898499861
1770,5.84096288681,182.103439331,24.81731987,54.9543113708,1.66738145053
1770,526.3671875,205.641433716,19.4705715179,33.3158493042,0.39731208235
1830,528.163757324,199.199462891,17.8817882538,40.4621658325,0.259346608073
