30,387.65524292,190.145019531,20.3977050781,64.7272567749,3.20640280843
30,495.707733154,222.377975464,26.9770355225,65.3561782837,0.026385782985
30,462.369171143,222.690505981,18.9941101074,46.299697876,0.00771291888668
30,453.979156494,221.777893066,15.9053735733,44.3896446228,0.00760383481975
60,390.240936279,195.965438843,28.2438411713,63.063243866,10.0623771548
60,513.24798584,146.903274536,22.9377574921,62.6999549866,7.01006799936
60,405.689300537,189.024032593,26.6120147705,79.9695358276,4.5536082238
60,29.3675689697,201.546920776,19.8742160797,47.2794380188,1.75237562507
60,379.687774658,118.653938293,20.0494995117,66.3145599365,0.69116987288
60,429.036529541,156.211105347,21.5692615509,70.8150100708,0.273437728174
90,452.339935303,201.511642456,35.7835693359,99.3258132935,50.9381651878
90,552.972595215,153.317901611,21.3469676971,51.5017700195,49.5085656643
90,504.294433594,181.361587524,20.3901042938,57.8315162659,43.7319070101
90,535.076599121,159.117233276,22.0862789154,68.5428390503,6.16407692432
90,430.482421875,193.669876099,29.0487384796,78.3362808228,6.06563128531
90,418.890014648,182.82270813,20.392988205,69.4695892334,4.28042672575
90,516.056640625,166.374420166,21.4285182953,65.2713012695,3.89165952802
90,446.555175781,222.401672363,22.556388855,60.3370018005,3.74218411744
90,10.4676580429,104.297477722,25.068479538,64.9126968384,2.27299463004
90,566.314758301,232.224868774,20.2638130188,52.3268890381,1.60864051431
90,482.357147217,146.036941528,28.7306060791,85.7679138184,0.910129770637
120,565.822021484,179.1353302,64.6361160278,187.382873535,64.9959981441
120,591.254455566,284.542266846,31.9600887299,75.9306030273,20.8693936467
120,415.018066406,63.0585174561,21.4290332794,60.4716682434,6.75977021456
120,414.51651001,177.811813354,18.8632030487,55.8836708069,1.01788649336
120,456.347045898,193.173950195,26.3628063202,80.9130020142,0.910116918385
120,615.28302002,151.098937988,17.6883430481,54.3518562317,0.0936226395424
150,445.894439697,184.883743286,21.4248657227,77.2790603638,11.2408600748
150,275.989654541,310.543487549,22.3034381866,60.4339256287,1.94290783256
150,368.236968994,35.3003158569,30.6076335907,81.8384933472,1.84066854417
150,389.628631592,90.6135940552,20.0301780701,56.1499214172,1.1754530482
150,242.37336731,168.974914551,20.4840106964,50.6353645325,0.140805228148
150,473.155731201,160.740219116,32.95154953,92.374671936,0.113162340131
150,252.918228149,153.743911743,25.065536499,58.809261322,0.105439079925
150,565.751342773,246.689987183,30.6973361969,78.8352584839,0.047207280295
180,210.586715698,172.631530762,18.5476779938,47.2223014832,26.2621611357
180,227.564926147,161.633331299,23.3099880219,54.6481361389,0.367327244021
180,611.971740723,291.17086792,19.3064365387,65.4601516724,0.0986221595667
210,591.872558594,162.964797974,32.3091697693,85.8779983521,96.1699664593
210,592.968200684,247.230102539,39.583404541,117.022987366,34.878847003
210,607.58203125,297.073913574,20.2207355499,61.3185462952,1.32014146075
210,570.312561035,169.325134277,30.734834671,74.1844558716,0.175366969779
210,595.166259766,209.470565796,22.6498718262,66.5441818237,0.0745554047171
240,405.237060547,178.470321655,17.0209674835,46.1700706482,28.528636694
270,443.924835205,179.303878784,18.5025424957,47.5800628662,81.3397347927
270,103.869567871,200.45375061,18.0801811218,41.4354248047,7.3314756155
270,432.919158936,176.395736694,16.1316623688,49.5268440247,1.48475533351
300,496.163116455,177.541915894,23.8649139404,57.4455909729,97.6221978664
300,480.157806396,182.071487427,16.7196292877,43.7441673279,3.26705612242
300,451.016143799,184.371383667,19.4605293274,45.9911079407,2.56727226079
300,511.815917969,180.160400391,19.3125572205,51.0633087158,0.711844302714
300,469.708587646,179.952407837,17.4877510071,45.602142334,0.229986337945
300,146.027648926,183.692306519,20.4339694977,52.9303283691,0.163835380226
330,596.932006836,169.951461792,25.5022258759,81.533706665,99.8653113842
330,536.383972168,179.212356567,20.5343990326,60.0270996094,98.506206274
330,612.545349121,176.706115723,22.6820774078,76.7834091187,0.487788766623
330,500.874359131,172.825119019,25.9880657196,69.4066696167,0.248183589429
330,491.264801025,186.401306152,21.2982311249,58.9094352722,0.0865694892127
330,551.816040039,163.385299683,30.5152263641,75.2340774536,0.00378689510399
360,578.176635742,164.1381073,23.631439209,69.7002410889,97.9578495026
360,566.384460449,167.076919556,18.2632160187,54.9448547363,3.06081771851
360,599.290588379,160.677719116,23.5909194946,69.1105422974,0.0467858684715
390,415.961151123,193.360549927,17.7177124023,44.3288536072,3.95033732057
390,13.8027925491,164.065933228,28.0005893707,90.7449569702,1.43667543307
390,276.465942383,166.522415161,16.4496212006,44.0258331299,1.15784453228
390,371.634796143,174.995483398,19.2788295746,44.2041625977,1.04234404862
390,428.49697876,187.973007202,19.0650920868,47.8282928467,0.568862073123
390,152.692504883,168.927505493,18.821969986,47.9242286682,0.368447392248
390,467.322357178,177.468154907,22.1647644043,52.0216560364,0.160473957658
390,404.379516602,180.782028198,20.8835945129,51.6424446106,0.11452937033
420,109.686523438,142.058776855,21.1426639557,60.0041160583,19.9419885874
420,71.810798645,169.837814331,17.7694892883,40.6059951782,7.78999999166
420,98.1520309448,143.717346191,18.5643100739,69.6342697144,5.79398311675
420,457.092285156,190.535583496,37.4049873352,77.0123672485,5.20398244262
420,436.971343994,194.517715454,17.9459095001,49.2210044861,0.788818486035
420,445.891357422,200.031494141,24.4197235107,57.166217804,0.462522218004
420,83.8419265747,170.504653931,17.4216194153,43.1901550293,0.295399967581
420,122.815917969,143.189971924,20.643196106,63.8712806702,0.160633726045
450,307.998565674,164.014099121,20.3902721405,45.1000061035,37.067002058
450,515.31451416,191.540390015,26.6633548737,99.5326004028,15.9151792526
450,486.837677002,202.763198853,22.3580150604,64.498550415,15.3332993388
450,119.815910339,165.181274414,29.6297931671,68.4368972778,8.33279043436
450,595.696044922,330.835113525,27.951002121,50.4071540833,2.16383002698
450,31.8980770111,131.574783325,19.109790802,67.3852462769,1.69678572565
450,276.738616943,167.362976074,19.4401454926,43.6190681458,0.143434503116
450,400.590087891,41.7757949829,26.4813690186,53.0468406677,6.17253401169e-09
480,168.48487854,166.369674683,25.9091777802,42.1526298523,11.7365896702
480,400.314453125,210.253112793,18.0155715942,44.9058036804,10.1042829454
480,421.03012085,42.6102104187,19.3372535706,57.5040855408,5.10510765016
480,547.836608887,319.407531738,39.6650505066,82.9013290405,0.627283519134
480,486.851531982,27.4253826141,23.3247585297,53.1368675232,0.23343602661
480,519.663513184,148.349380493,20.2053279877,41.7119407654,0.102907791734
480,272.871429443,44.512928009,21.7621173859,56.3211021423,0.0420398719143
480,117.505981445,145.101425171,20.172334671,48.3562202454,0.00694813425071
510,368.732391357,151.057601929,22.2261753082,54.0086669922,98.067176342
510,341.625946045,155.579238892,20.5823879242,52.8733825684,13.8640001416
510,274.302398682,160.16293335,19.4766693115,52.2227935791,4.8571780324
510,330.159576416,161.326675415,18.7598972321,49.152545929,4.32960763574
510,558.829284668,84.1849441528,23.2142734528,69.9011993408,2.87461411208
510,5.01767730713,270.258514404,23.6053619385,78.9370117188,0.892827287316
510,0.0,129.252914429,20.9170780182,63.6309700012,0.309206941165
510,595.818115234,367.397369385,29.3807048798,68.5823135376,0.203881505877
540,547.573181152,160.665298462,20.288312912,51.6530189514,60.4132711887
540,557.028503418,153.711257935,19.8493862152,47.1102638245,20.9314003587
540,469.169952393,125.36126709,26.2810878754,68.5059585571,12.6869902015
540,325.96963501,163.734848022,22.2145385742,57.1276817322,0.175048550591
540,62.0627861023,173.965011597,20.611410141,49.7993164062,0.0400062068366
540,338.719390869,166.80645752,25.065284729,55.0628700256,0.0310021394398
540,134.972122192,153.980636597,27.8177127838,55.71326828,0.00283223525912
570,600.210083008,107.469535828,20.3195590973,60.8067588806,8.65597650409
570,516.774108887,167.374969482,25.3848361969,67.7127151489,0.115492765326
570,586.994873047,22.0855922699,21.5007801056,55.6003608704,0.00126114555314
600,355.858001709,163.086196899,24.6823215485,65.0414276123,95.6913113594
600,474.78793335,169.256362915,26.8095989227,53.801525116,93.8244581223
600,401.872406006,162.475830078,27.9448852539,60.7372550964,71.6842830181
600,453.867340088,156.406661987,27.3350543976,61.4717216492,1.62698384374
600,549.583007812,185.723403931,20.3678379059,37.1177940369,0.234788516536
630,325.345794678,164.29083252,27.3309650421,73.5495529175,98.0805039406
630,262.628204346,184.578323364,21.1422138214,55.0956382751,97.6747214794
630,286.051513672,183.668334961,19.3262271881,55.4067802429,95.3074991703
630,418.774200439,171.243148804,24.6598434448,56.4980049133,91.5501356125
630,434.767608643,168.922958374,24.2799606323,60.7705841064,86.186093092
630,191.095077515,207.519210815,20.3077507019,42.3039665222,3.09975426644
630,199.877120972,277.476898193,21.7678527832,47.0510597229,0.42733498849
630,35.947933197,182.055236816,19.2753372192,48.564540863,0.36442282144
630,44.5144538879,174.282226562,24.8505020142,51.2681465149,0.0207784803933
660,161.711257935,194.108703613,25.5952854156,61.2796516418,99.4401633739
660,229.331863403,174.920913696,23.9570522308,70.3416519165,98.2289016247
660,189.307266235,189.042053223,21.1307621002,61.0118560791,97.726893425
660,381.763061523,176.678726196,23.8140926361,59.2288322449,97.5295543671
660,322.003540039,178.281173706,22.6124362946,63.547088623,93.7201082706
660,303.077331543,180.440307617,23.4719753265,61.68907547,93.442940712
660,114.940010071,158.957351685,20.9989566803,65.7728347778,14.7217944264
660,163.524627686,62.5197944641,23.4091186523,61.1195106506,1.21618304402
660,442.964080811,201.114501953,23.3215389252,40.3820075989,0.616920087487
660,146.933868408,189.688858032,26.5024623871,59.7962989807,0.54324506782
660,338.582489014,166.90385437,28.1396389008,72.9229507446,0.350384390913
660,211.59236145,181.629043579,29.4912319183,65.1421661377,0.319708115421
690,78.0845108032,189.325744629,29.9636516571,69.6328048706,99.6235311031
690,54.6472129822,192.057479858,26.0902175903,66.5577850342,99.3740737438
690,211.77331543,188.550186157,24.647851944,52.8857841492,86.0694408417
690,288.817901611,118.551521301,29.7102909088,75.8614578247,7.15363174677
690,176.62322998,201.507614136,18.3931331635,44.0280723572,0.271911569871
720,432.869995117,180.295593262,30.6648197174,46.1311454773,1.7441291362
750,488.298797607,134.915405273,136.128829956,289.307861328,37.9034906626
750,7.7767829895,210.408126831,20.4349975586,44.9121246338,6.54947832227
750,132.701263428,213.163131714,18.6097393036,41.7003288269,4.28875312209
750,146.169052124,212.351867676,16.4094810486,44.0574455261,0.321636418812
750,17.9956188202,206.697143555,24.1995601654,52.2184753418,0.241168471985
750,617.344299316,202.453186035,16.4961643219,45.4363441467,0.193996867165
780,503.431549072,192.575973511,21.2123622894,45.3125305176,3.86427007616
780,574.777404785,208.388549805,20.1929035187,50.4669456482,0.764830550179
810,522.095397949,186.433898926,20.7579059601,52.8069419861,91.1709964275
810,491.156097412,195.044418335,20.7933559418,48.5589294434,43.2668328285
810,512.583312988,186.53553772,17.6826572418,54.2831306458,4.60574887693
810,617.176208496,164.001480103,17.7298660278,48.7299385071,1.63576584309
810,522.442810059,53.3370323181,29.5832004547,90.7788009644,1.13390693441
810,466.134796143,190.722610474,18.647233963,47.2247047424,0.310376752168
810,455.298309326,187.426498413,18.7354869843,49.1670722961,0.250682025217
810,419.21484375,188.294616699,19.2347164154,50.3850593567,0.082406582078
810,479.943328857,190.284683228,18.3504562378,49.8125114441,0.0113930203952
840,606.272399902,175.363388062,22.2079391479,71.4125900269,97.2130417824
840,548.11505127,187.270263672,21.9829387665,55.3148498535,93.2922661304
840,467.815093994,180.943405151,19.6761188507,46.1434211731,30.279019475
840,438.632049561,178.855895996,18.0399398804,53.9126548767,16.9015645981
840,524.086975098,34.4130630493,19.5580005646,51.6699066162,13.0690574646
840,610.474060059,59.6687507629,24.0137634277,79.1821212769,9.79964584112
840,616.983215332,102.132476807,19.0083179474,55.010799408,5.37569820881
840,481.529876709,181.404342651,20.3934078217,49.2893676758,3.46280261874
840,497.984649658,180.154785156,20.5509090424,50.8271141052,1.91442258656
840,628.556518555,97.717918396,11.4434814453,46.9616546631,1.49898640811
840,620.87701416,167.753448486,18.8911094666,65.6571731567,1.28319840878
840,593.708251953,180.521972656,17.4168319702,62.3316764832,1.02722346783
840,627.891235352,128.584350586,12.1087646484,48.0426483154,0.965117197484
840,425.572509766,173.154708862,17.4274349213,54.3502922058,0.75844572857
840,532.375427246,181.268325806,22.9749546051,54.6049346924,0.353529071435
840,611.35546875,131.810165405,25.9136753082,74.2959136963,0.256790150888
840,457.231567383,185.39440918,19.0830631256,47.4201164246,0.234789890237
840,506.592193604,49.8014030457,32.0165939331,61.9881477356,7.3043687765e-08
870,354.519012451,163.132049561,18.6773090363,57.7569770813,66.5424346924
870,491.565582275,164.25479126,28.492269516,70.3087844849,55.3916871548
870,553.114440918,170.867202759,23.7587146759,61.7349853516,45.5042272806
870,466.822845459,175.367843628,18.6891670227,53.509021759,11.3692827523
870,509.099578857,184.423538208,19.2050552368,53.4686012268,2.35850196332
870,474.536651611,160.142776489,28.7798175812,77.1285629272,1.78767815232
870,445.961669922,177.982040405,17.7718391418,45.0705833435,0.824386440217
870,339.495025635,153.988815308,23.5060062408,65.0408935547,0.329944794066
870,504.365814209,128.638305664,27.8188686371,83.7100143433,0.321976980194
870,433.046539307,181.366043091,17.2665233612,45.272277832,0.192681129556
870,453.493408203,164.11932373,22.9563598633,54.0050468445,0.16715178499
900,613.934265137,156.7240448,23.7358837128,96.7612533569,84.5316469669
900,408.138671875,150.168380737,24.7929058075,73.079750061,2.12113168091
900,398.60534668,164.272644043,18.9903011322,63.2218322754,0.00378794611606
930,83.9004745483,37.1988716125,27.3165435791,67.5129013062,7.84841915902e-05
960,516.383666992,207.268569946,20.4422969818,44.4324378967,0.65672439523
960,12.3154115677,57.5897712708,23.5006103516,61.4828338623,0.116790353786
990,488.970092773,145.046340942,20.9536151886,62.9454498291,66.165971756
990,473.052490234,146.947067261,19.0229072571,59.3091545105,3.77660766244
990,328.231323242,142.371414185,17.6144733429,44.5675811768,0.340017513372
990,504.716156006,130.38293457,28.7091579437,73.228263855,0.171091430821
990,514.329650879,100.862159729,29.9317150116,73.5814590454,0.0576546764933
990,501.125701904,180.127868652,31.7544155121,86.3852233887,0.0504741095938
1020,326.497344971,140.551086426,18.4202728271,44.2419166565,1.67067777365
1020,340.520233154,141.669113159,17.257019043,42.1988449097,0.137026840821
1050,588.166442871,259.350799561,51.8335571289,163.751144409,41.9129908085
1050,372.066741943,137.592178345,17.9716243744,48.8262176514,3.83321233094
1050,4.89808130264,141.856338501,14.5054931641,49.9396209717,2.66459677368
1050,290.889678955,138.023132324,16.9140224457,43.1854133606,1.51512250304
1050,534.878051758,147.545578003,20.3630752563,48.3377685547,1.45782381296
1050,258.339660645,145.876266479,21.833738327,44.449924469,1.41929350793
1050,523.367004395,148.086044312,19.0282859802,46.2607536316,0.840257201344
1050,52.2597007751,137.362106323,22.6330795288,44.2267456055,0.475610373542
1050,309.921661377,131.305480957,19.7622413635,51.1692466736,0.349643523805
1050,550.359069824,145.56980896,19.700296402,59.5491790771,0.140279054176
1050,338.830291748,143.878479004,19.7063503265,45.555896759,0.0056691467762
1080,287.815673828,144.903060913,21.5041980743,54.7203941345,35.6928795576
1080,199.098449707,146.923873901,16.7109928131,46.7586708069,21.2418571115
1080,231.829574585,149.025466919,24.3014278412,53.682598114,3.84040512145
1080,7.55237960815,152.807449341,16.4888000488,44.4656677246,2.67671905458
1080,464.049224854,147.024871826,26.7635707855,54.7463569641,1.98225416243
1080,217.127441406,145.464828491,20.9606609344,56.072555542,0.997316744179
1080,602.89440918,143.926651001,25.2516956329,59.3162078857,0.315785198472
1080,246.407714844,135.439926147,22.9557743073,58.0375022888,0.14893716434
1080,302.888153076,133.752716064,28.1419200897,65.1834487915,0.0906606321223
1110,210.473403931,159.56413269,20.9612827301,53.9966278076,97.2202181816
1110,307.493469238,148.287445068,19.1073246002,51.1403160095,24.7537314892
1110,454.069793701,149.668319702,27.7800521851,65.1011734009,5.51778003573
1110,229.063705444,153.928955078,17.8623046875,53.870891571,1.73024665564
1110,320.168792725,146.312850952,21.8300609589,58.4433403015,1.59832835197
1110,280.249603271,162.412704468,20.3675689697,51.5349845886,1.26026105136
1110,190.683898926,157.013656616,17.8449726105,44.3880004883,0.887628272176
1110,331.218963623,128.467529297,27.5591983795,65.3763961792,0.32602022402
1110,350.344482422,130.780807495,19.2838153839,50.2729225159,0.0626363209449
1140,194.284835815,177.307678223,20.4955692291,48.6689147949,90.932071209
1140,276.358306885,165.796661377,22.9476394653,54.1012992859,71.6665744781
1140,234.042312622,164.351135254,18.8591861725,44.0293388367,26.418414712
1140,333.74710083,157.907852173,18.7381210327,48.9858894348,5.11263944209
1140,348.763580322,151.590820312,21.5617389679,62.2429161072,3.535310179
1140,263.882049561,163.719863892,19.2263374329,51.5853233337,2.89040375501
1140,6.00133323669,170.543548584,15.2629737854,46.8579750061,1.98570024222
1140,249.108627319,156.511901855,19.7055015564,49.5263557434,0.413488410413
1140,224.386428833,164.877685547,17.3365688324,43.1217155457,0.266699120402
1140,211.378479004,165.65222168,19.3572559357,46.0508918762,0.134559476282
1140,344.263061523,83.3109207153,32.6009407043,89.2777709961,0.0304484827211
1170,151.978775024,174.661972046,22.505903244,58.6655273438,13.0102559924
1170,333.630859375,164.317642212,25.2550525665,58.3580513,0.457736849785
1170,305.408111572,196.51109314,22.2785491943,43.5830955505,0.241596065462
1170,375.150238037,153.798156738,18.9108047485,46.0431404114,0.128405063879
1200,112.020904541,188.565231323,19.4953899384,49.4636497498,64.1225516796
1200,98.8710327148,176.646530151,22.8672962189,59.7234764099,10.8364619315
1200,558.913574219,191.667800903,26.3040294647,39.4904518127,2.42186896503
1200,70.3068618774,180.988449097,26.8782978058,62.7500419617,1.20825041085
1200,483.594696045,190.299697876,20.2762489319,48.2522926331,0.417483970523
1230,440.520782471,189.28175354,22.7649364471,51.9484863281,4.71274890006
1230,559.919494629,193.29119873,24.9500522614,41.2496795654,3.45551371574
1230,452.515167236,193.349777222,22.6860027313,40.0199241638,2.44650561363
1230,473.88583374,194.792282104,26.006105423,42.8152732849,1.70985329896
1260,269.919830322,163.687469482,19.2039737701,49.0223197937,20.7224175334
1260,232.128097534,177.434005737,25.2675991058,56.2055854797,0.874915067106
1260,344.789703369,153.931472778,20.8917636871,50.6103515625,0.157134293113
1290,8.68570899963,200.396530151,17.4236621857,43.2970924377,58.6215436459
1290,108.309944153,193.223434448,21.9790172577,45.1158790588,58.4094107151
1290,235.257141113,173.149490356,24.4209079742,45.3121032715,29.9628287554
1290,455.46383667,193.691894531,20.0288448334,46.0508613586,9.47017744184
1290,442.970245361,187.661743164,18.9697799683,44.7598152161,6.94264173508
1290,369.457885742,158.609207153,19.3648548126,61.3894386292,2.94192042202
1290,335.564361572,161.059082031,25.8311290741,53.5387687683,0.484107201919
1290,355.703643799,164.38999939,22.1491012573,60.1661376953,0.187250168528
1320,335.268218994,169.715591431,22.9797286987,49.6144752502,5.82845918834
1320,314.833007812,184.234558105,30.978811264,58.1458396912,1.769111678
1320,462.158843994,185.267929077,20.6691894531,47.9750709534,0.167968659662
1350,159.490524292,179.479568481,27.2437572479,65.8504333496,12.8509104252
1350,11.3662605286,215.804855347,27.8835983276,75.1185531616,0.712300883606
1380,306.040039062,194.216629028,33.1539497375,67.6261520386,32.2173297405
1380,222.099746704,200.177612305,19.8207683563,58.9052391052,18.2519480586
1380,250.347732544,197.280715942,27.4843158722,60.2625160217,7.32889398932
1380,286.856719971,195.963638306,34.2305793762,58.7438316345,2.14237049222
1380,89.9566574097,190.584228516,27.6022319794,65.0893249512,0.905816815794
1380,464.189208984,134.809402466,16.9550704956,49.5761375427,0.513698440045
1380,266.585693359,187.257980347,25.2085399628,71.5014190674,0.429998338223
1380,28.7716274261,132.327438354,50.2216796875,130.31350708,0.168077636044
1380,108.815284729,207.464523315,21.1841068268,52.2770500183,0.144185952377
1410,5.7208442688,198.717910767,17.0941257477,41.3265113831,36.5202903748
1410,306.40335083,155.13659668,32.6230621338,92.6919631958,10.1956613362
1410,108.938209534,193.99659729,20.2157039642,44.9592437744,2.26961243898
1410,343.027862549,209.288757324,20.1195163727,49.7070350647,0.345633644611
1410,202.887756348,181.370010376,19.1410388947,42.9709014893,0.024556479184
1440,611.703063965,195.601501465,16.4736003876,44.1028747559,14.8880317807
1440,353.337249756,137.293426514,20.3744525909,50.6175384521,0.361879216507
1440,477.477996826,163.538711548,26.5902767181,69.4247817993,0.12577555608
1470,370.586395264,193.239700317,27.4319381714,54.1094207764,0.801689177752
1500,559.268493652,191.986557007,26.8737716675,45.9354896545,13.7919962406
1500,7.14575386047,197.183227539,15.0904169083,39.3980331421,10.4494415224
1530,0.0,215.022277832,43.7886962891,167.261444092,68.5647189617
1530,481.163848877,197.411560059,19.8605327606,42.8240089417,3.05391233414
1530,446.424530029,190.966598511,22.962266922,42.659702301,2.78726108372
1530,559.328186035,195.124679565,25.0240764618,43.7066192627,1.66121870279
1530,462.407073975,196.864242554,17.892332077,42.5368118286,0.610271515325
1530,354.368377686,194.981277466,19.7509975433,50.5761756897,0.580526841804
1530,387.559539795,183.016540527,18.4346847534,46.4493675232,0.363297411241
1530,375.901397705,171.104797363,20.4023151398,54.2782783508,0.360346888192
1530,6.99668359756,196.464157104,33.8567352295,86.4456863403,0.130950124003
1530,24.5020656586,148.172836304,92.5910339355,202.15397644,0.0141626805998
1560,114.367675781,116.013153076,142.064743042,337.862365723,97.6819217205
1560,383.687042236,183.057189941,22.1745223999,50.542552948,91.3315653801
1560,40.6446990967,119.960639954,127.878349304,328.69619751,88.7648701668
1560,162.346817017,118.466400146,68.6098327637,143.560287476,21.6949895024
1560,115.789550781,137.537948608,64.9295959473,167.80796814,15.8053278923
1560,124.470237732,197.017211914,25.4854660034,68.9698562622,7.16202482581
1560,441.687744141,188.858886719,18.1190776825,44.0470314026,6.50662630796
1560,474.266571045,198.398147583,25.846572876,40.6669197083,5.58325462043
1560,368.45223999,176.731079102,23.2861232758,53.9496574402,2.67506223172
1560,190.55682373,168.902832031,63.492855072,150.468887329,0.940551236272
1560,204.198547363,172.692459106,29.245557785,82.4233093262,0.91165099293
1560,461.425445557,193.619186401,18.4403057098,40.2407875061,0.710114836693
1560,19.7687149048,173.968185425,55.5054779053,168.632385254,0.709798187017
1560,282.321166992,160.740310669,21.4935455322,61.9986000061,0.60311704874
1560,135.20904541,180.62701416,24.449300766,62.2453346252,0.507650664076
1560,125.595329285,226.99949646,29.6070995331,105.35785675,0.361761823297
1560,332.740020752,164.79347229,20.2471599579,54.1181030273,0.256708660163
1560,148.56892395,183.963363647,28.9312591553,69.2552337646,0.125169847161
1560,191.725784302,240.746383667,67.1508026123,210.987045288,0.0830112083349
1560,136.770095825,199.04725647,31.050195694,99.1689147949,0.0696725328453
1560,125.972930908,230.770401001,68.1583862305,202.058059692,0.0590328301769
1560,77.254737854,216.262649536,39.98620224,126.850975037,0.038270369987
1560,230.729003906,158.956924438,60.4152641296,95.1133117676,0.0261257810052
1560,72.9158248901,297.787597656,35.5092124939,113.386161804,0.0125960053992
1560,160.459945679,285.970825195,58.8849639893,146.662124634,0.00319634273183
1590,396.695892334,115.487854004,123.090209961,342.713012695,98.4317004681
1590,282.573028564,109.171470642,135.122406006,325.698364258,89.1828596592
1590,369.338378906,156.654342651,51.3405723572,198.70362854,52.3623585701
1590,427.973144531,112.848823547,65.1007843018,176.954696655,41.7272299528
1590,225.00177002,201.475219727,47.013961792,118.104637146,20.3878983855
1590,332.850067139,231.690261841,46.520778656,134.935684204,16.4317920804
1590,401.325958252,134.096359253,56.3448524475,177.661743164,11.3230004907
1590,267.214019775,153.078872681,71.8061218262,209.168991089,9.45924669504
1590,270.456390381,177.774536133,33.2690010071,88.3885498047,8.70280787349
1590,327.796173096,125.882446289,61.0649375916,183.387573242,3.56036014855
1590,204.067428589,216.287918091,39.7448692322,86.3058242798,3.35070379078
1590,371.547851562,172.751296997,33.2899742126,82.2405014038,3.04799433798
1590,239.610916138,188.52961731,28.3090457916,67.5794448853,1.36972060427
1590,362.485107422,185.493286133,19.319984436,62.3141326904,0.756605248898
1590,391.772735596,172.408691406,32.7507514954,106.20388031,0.390501413494
1590,301.971160889,225.549987793,52.1842536926,139.956268311,0.232389685698
1590,367.234985352,279.826934814,29.8759994507,88.7386856079,0.0876714242622
1590,368.618133545,211.266311646,25.5498428345,71.6595535278,0.0728226150386
1590,333.471679688,241.871826172,23.9728164673,72.1275863647,0.0557946797926
1590,386.693115234,274.777801514,31.9529266357,83.3871383667,0.0479052076116
1590,414.19418335,174.400314331,24.0311584473,88.0489273071,0.0476312095998
1590,474.216094971,171.140182495,22.6961536407,68.8217468262,0.0442121527158
1590,232.084671021,210.139144897,21.7986602783,61.742099762,0.0311587849865
1590,392.379180908,262.157501221,70.4442520142,171.134109497,0.0142180273542
1590,270.398071289,167.956848145,21.522310257,51.3107414246,0.0122693541925
1590,458.169219971,160.878036499,30.2851772308,95.226234436,0.00540659893886
1620,495.75680542,109.809791565,140.585372925,370.190216064,96.7010974884
1620,392.462158203,181.896606445,20.8751907349,52.6326713562,90.13646245
1620,476.508666992,187.247756958,49.1284065247,131.867507935,32.0931136608
1620,587.412353516,166.72227478,44.7157402039,159.059768677,30.3088068962
1620,569.995056152,257.200592041,55.5889129639,174.302139282,20.7521006465
1620,603.360107422,294.124237061,26.9326019287,77.06640625,9.22749787569
1620,601.206726074,181.266738892,24.7349452972,68.7002487183,8.29893574119
1620,598.960876465,331.998626709,31.1592464447,104.24054718,5.21117262542
1620,501.6796875,170.110916138,54.259349823,175.223205566,3.89969982207
1620,544.014770508,133.100128174,67.6544799805,207.635879517,2.49001998454
1620,250.152236938,183.039550781,23.8211688995,53.6222953796,2.15371511877
1620,267.179107666,168.193649292,18.3648815155,55.5814933777,0.642116134986
1620,527.066650391,215.31300354,20.9341144562,73.8645401001,0.396591890603
1620,359.251434326,167.256240845,22.4948711395,57.4153594971,0.304337916896
1620,383.676361084,176.651306152,18.0556545258,52.3700714111,0.231819669716
1620,490.337768555,232.40473938,23.5902938843,77.4946899414,0.210782885551
1620,236.554016113,175.142959595,24.9359817505,59.3693199158,0.203458382748
1620,330.143280029,183.180419922,26.9826641083,56.1661682129,0.0753214524593
1620,599.615844727,253.201950073,24.4528198242,84.3077316284,0.0716756214388
1620,443.909912109,190.686279297,19.7691822052,45.8175773621,0.0603257387411
1620,537.115112305,197.582565308,30.9091930389,102.401695251,0.0510187528562
1620,567.849121094,223.176025391,27.0413074493,95.6291427612,0.0155934103532
1650,391.894927979,176.206970215,21.5863418579,58.7544517517,64.0613913536
1650,202.909469604,198.916137695,27.471944809,49.5091514587,4.07150015235
1650,358.448516846,176.979736328,22.6103668213,53.4015655518,1.04550160468
1650,246.632339478,188.179946899,24.618719101,48.2148132324,0.740236742422
1650,334.781097412,164.460037231,20.5163841248,53.0544586182,0.453561777249
1650,259.708190918,169.722290039,18.1364707947,51.2081794739,0.19236872904
1650,232.377365112,171.446609497,24.8818187714,56.9922523499,0.137145374902
1680,394.017333984,181.168502808,18.9963970184,52.2103881836,77.1559476852
1680,613.43939209,194.35798645,18.1823444366,44.530544281,3.58872264624
1680,547.960876465,195.258346558,20.9289264679,41.7442092896,3.57702113688
1680,562.354125977,191.830154419,25.007484436,42.1344947815,2.77485493571
1680,359.380096436,165.866012573,25.0960617065,60.6952171326,2.58180927485
1680,195.291809082,209.791732788,25.2295398712,42.4292144775,0.683731026947
1680,378.298828125,171.01121521,17.5626468658,53.2755088806,0.330567499623
1680,350.320800781,185.469497681,24.4606533051,53.5544319153,0.205035577528
1680,329.821624756,166.921203613,20.1325473785,46.6540565491,0.089517730521
1680,405.470489502,182.262405396,21.4318637848,48.708404541,0.0853292585816
1680,200.866043091,127.268157959,26.348192215,50.5152854919,0.0109190244984
1710,394.671783447,179.9609375,17.3519458771,54.2139129639,76.2326776981
1710,329.615631104,165.790679932,20.699842453,52.2142601013,3.21208201349
1710,557.190368652,194.725234985,19.3393516541,41.4463233948,2.81821172684
1710,354.702972412,190.910964966,20.5812091827,45.2871894836,2.13784854859
1710,184.76725769,208.99180603,27.5483875275,49.91223526,1.24132968485
1710,241.675552368,188.666748047,24.7190685272,53.3386421204,0.765999173746
1710,378.702728271,177.002639771,17.0617847443,50.4022789001,0.708044786006
1710,403.539093018,185.749801636,18.9803600311,50.2092094421,0.491549819708
1710,264.347076416,158.307723999,20.8142337799,59.4970207214,0.247410614975
1710,220.222488403,159.742355347,19.4419384003,66.9155349731,0.214190292172
1740,392.691314697,180.451553345,20.453081131,55.8389396667,89.9284482002
1740,553.175109863,195.275100708,19.2218418121,44.1790657043,3.56969200075
1740,231.074523926,191.830764771,23.9932327271,52.2929191589,3.22097279131
1740,572.270507812,193.550216675,25.1911315918,43.4322166443,2.75167264044
1740,404.869049072,179.647171021,18.7949771881,49.9156303406,2.32667326927
1740,181.544387817,199.253707886,24.3710842133,57.8304786682,1.72245968133
1740,352.447143555,152.140762329,28.3042812347,73.055267334,1.48486737162
1740,260.258483887,158.04057312,22.4114933014,66.7734222412,1.25777078792
1740,218.732254028,183.38218689,19.4057598114,49.100189209,0.499912071973
1740,327.835662842,159.998672485,20.9763393402,56.1073913574,0.447709718719
1740,244.037857056,175.389770508,18.264585495,54.8387031555,0.433020014316
1740,378.981567383,176.406616211,17.3067836761,52.6614112854,0.400618417189
1740,335.541564941,135.151397705,31.5733718872,81.5506820679,0.283068581484
1770,392.6484375,185.022949219,21.807390213,51.6607933044,88.0476891994
1770,222.613235474,185.957778931,30.3956775665,63.1888999939,3.28165069222
1770,169.613937378,177.750564575,31.4792766571,88.2621841431,0.575880194083
1770,451.849121094,189.768753052,19.5147209167,41.1994667053,0.456851674244
1770,323.413452148,167.770446777,21.8123645782,53.8450889587,0.240451446734
1770,407.383392334,189.786376953,21.9677181244,48.7214241028,0.14529164182
1770,337.724029541,148.48298645,23.4948101044,65.1703338623,0.117743178271
1770,245.421859741,175.387069702,17.6173686981,50.5576324463,0.0511605583597
1800,394.036895752,178.03163147,18.4693717957,57.1179656982,38.8149559498
1800,191.454879761,184.202377319,25.9949951172,63.4935264587,5.47807663679
1800,162.428543091,192.487304688,29.4476642609,77.3815383911,3.42073217034
1800,321.946807861,173.593322754,21.0543060303,55.1421966553,1.09043130651
1800,348.79800415,146.584350586,30.0591888428,75.2831954956,0.500575080514
1800,18.8909225464,169.670913696,18.7642917633,50.1787147522,0.0310994510073
1830,292.063720703,186.414840698,23.9138698578,56.6938209534,90.3354287148
1830,580.953552246,198.555007935,19.9423141479,44.7183494568,10.5508692563
1830,240.990844727,189.228637695,18.9977722168,46.3634910583,3.30749228597
1830,482.620239258,209.420089722,22.066286087,46.7501792908,1.94581057876
1830,212.855636597,179.531936646,25.3501987457,58.0859985352,1.89056675881
1830,311.85824585,176.088928223,24.0597610474,64.0825653076,0.792798772454
1830,249.112609863,165.768280029,24.3366851807,64.5298919678,0.763144297525
1830,153.956710815,217.972976685,27.6293029785,52.2970733643,0.59806262143
