30,333.437652588,166.726013184,21.4274520874,56.7155761719,0.0134261485073
60,180.103515625,182.804000854,22.952413559,51.9212303162,93.0436253548
60,41.0517158508,186.968994141,23.5494632721,59.3851737976,90.517437458
60,109.534706116,193.285476685,22.6313762665,56.1951255798,89.6344602108
60,195.531738281,185.05430603,20.9125537872,61.04895401,2.29577943683
60,94.6679382324,194.225875854,18.2650165558,46.3313865662,0.968116614968
90,561.907653809,176.689147949,19.3046741486,41.9560203552,0.383479706943
90,102.192451477,234.576034546,26.5142536163,54.9665870667,0.177192571573
120,33.7822418213,185.02532959,23.802116394,58.798992157,85.0576162338
120,70.5845947266,195.109741211,24.0339508057,51.2533569336,56.8001747131
120,111.863456726,180.721679688,25.4002628326,61.9983520508,36.6908729076
120,164.660140991,181.181091309,23.4728908539,53.0226173401,22.488167882
120,153.231323242,189.928604126,23.2247467041,50.8522644043,9.61433425546
120,55.6334037781,191.786117554,17.5003299713,54.4515686035,3.51279638708
120,124.135162354,198.770263672,20.4559726715,51.9196472168,0.785878486931
120,94.0467224121,186.659500122,22.7476959229,53.844619751,0.0866867194418
150,98.2081222534,182.547241211,25.8460865021,61.6048927307,97.9987859726
150,141.033798218,186.554031372,23.1434955597,55.889667511,88.2259130478
150,15.864405632,188.435714722,21.5887508392,60.575466156,78.6745965481
150,69.0566558838,192.71723938,23.5281963348,53.5981178284,69.498193264
150,39.3436584473,186.950881958,19.4431972504,63.4716835022,52.420437336
150,131.103317261,187.896347046,18.612241745,54.4824981689,16.5325686336
150,84.6056442261,186.851028442,16.6591129303,55.0254516602,4.99370992184
150,51.3775444031,197.132064819,18.3247585297,53.8276824951,2.29876898229
150,115.904602051,186.772598267,16.8469429016,58.5787620544,1.67862139642
150,122.427131653,207.057052612,18.2067623138,45.2348937988,1.20321661234
150,561.490478516,175.463943481,19.6111507416,43.1738243103,0.489386962727
150,333.803039551,166.771133423,24.1090145111,61.8343086243,0.119275716133
180,96.9122314453,180.041366577,28.3031368256,68.4120559692,94.6739017963
180,129.018173218,188.124267578,22.6694564819,56.4656715393,93.2089328766
180,71.71459198,195.462341309,21.5541095734,52.1982154846,80.8640837669
180,36.5811729431,184.375411987,26.3607387543,63.3236808777,75.2364397049
180,56.2907066345,189.984313965,16.5721035004,58.02186203,9.2935346067
180,116.533210754,185.31980896,17.4300365448,62.9796028137,7.3262758553
180,85.3005447388,187.294967651,16.2189464569,58.6324462891,4.74575273693
180,16.3026218414,185.590377808,29.9932613373,62.7490386963,0.901073683053
180,334.021148682,169.572616577,25.7640972137,59.7642974854,0.0380700890673
210,35.2791748047,185.251022339,25.267747879,63.4554405212,90.0300204754
210,97.2803421021,186.650878906,21.064535141,63.8258476257,87.3888373375
210,71.9002304077,199.004501343,19.8002147675,50.5157470703,64.0212118626
210,116.646354675,186.878005981,21.0900478363,59.2435112,56.6214025021
210,84.1815185547,188.870315552,19.6949253082,59.7996635437,22.2817912698
210,57.0710639954,190.342773438,20.2748661041,59.4824333191,7.85536020994
210,561.689941406,181.45135498,19.5057697296,39.6458854675,3.44118997455
210,249.472595215,156.307266235,20.7442474365,65.6054992676,0.271469377913
210,335.691741943,168.522338867,22.784784317,59.4450263977,0.0169860155438
240,90.9458007812,185.213790894,22.5440578461,62.0013465881,70.1047182083
240,34.4218521118,186.708740234,28.5606231689,62.6507911682,47.6553797722
240,109.326622009,185.904006958,24.6031951904,63.8164100647,39.9290502071
240,73.8642044067,198.984130859,21.0782871246,51.7795715332,24.8945206404
240,54.4285583496,190.227615356,26.7881259918,57.4203147888,5.0656247884
240,18.2147083282,192.593078613,24.0899486542,56.7856864929,1.07682459056
240,246.248123169,155.237030029,16.9764194489,47.9556312561,0.864275824279
270,91.2669372559,188.141479492,27.3473110199,64.3121261597,88.4715735912
270,37.3007583618,186.67616272,22.3103275299,64.2340240479,60.0057840347
270,67.180847168,190.672668457,21.0521183014,60.9611549377,37.4079316854
270,114.736236572,187.13104248,19.5453720093,61.7123985291,31.6275477409
270,81.9095916748,193.145584106,19.8676872253,59.6796379089,8.12117904425
270,18.8120517731,189.047729492,28.9984111786,63.3866844177,1.53459180146
270,57.7010383606,198.624893188,18.3040904999,52.00548172,1.10003519803
270,244.702026367,155.183410645,21.7099285126,52.5328826904,0.693267723545
300,80.7539901733,185.943496704,36.1522102356,67.0532073975,95.6188499928
300,25.2684230804,187.970092773,29.180398941,66.9078979492,92.157047987
300,126.767173767,189.867553711,24.1236190796,61.3628692627,54.2141139507
300,60.0550041199,195.530349731,18.7424793243,53.078754425,14.0596061945
300,14.5903539658,196.997268677,21.7138957977,57.7449607849,4.51502539217
300,331.796936035,164.322952271,22.2948856354,63.9708976746,1.81519165635
300,40.5649833679,208.457107544,20.0314884186,50.0822944641,1.14799197763
300,245.065109253,155.342590332,25.0920772552,63.4925880432,0.788622628897
300,105.932472229,188.156265259,18.3611869812,60.6212158203,0.493763992563
300,116.173278809,200.932373047,22.4967632294,54.6421852112,0.240640994161
300,342.867584229,172.208816528,23.6967334747,63.6954345703,0.00841031651362
330,13.4100570679,185.988586426,24.8588466644,65.5065078735,94.5155441761
330,72.0577774048,186.502609253,27.5914306641,62.1288719177,90.2382314205
330,121.373497009,192.644638062,25.1678771973,55.7256278992,76.1928319931
330,48.6988525391,192.513870239,21.0368747711,57.7925262451,75.1258194447
330,35.6996879578,190.249771118,21.6907787323,60.8779563904,7.43651390076
330,106.48500824,207.120376587,17.998752594,47.587436676,2.0179355517
330,244.958877563,152.158615112,18.4737815857,60.3049926758,0.348243792541
330,329.143890381,167.50163269,20.565032959,59.7165718079,0.118769193068
360,58.0583190918,185.795166016,30.3047332764,69.2932815552,95.595741272
360,100.210090637,193.865905762,23.0443725586,59.920791626,93.4525668621
360,34.3167686462,195.015487671,22.8437099457,60.7423744202,65.603864193
360,10.4516401291,194.911056519,19.4905967712,60.7296104431,37.7981036901
360,21.5685062408,197.15637207,19.4421768188,57.7993507385,13.6597409844
360,90.0134353638,196.504211426,19.4615898132,58.3616218567,1.16403950378
360,237.440719604,152.615982056,20.3093242645,58.3104705811,0.91237463057
360,611.755493164,149.534423828,14.2584886551,58.1127471924,0.224074488506
360,114.478004456,202.309265137,19.1967029572,52.7875480652,0.201515271328
360,335.107849121,170.189208984,26.0168228149,63.3277168274,0.0885855522938
390,39.9228858948,189.680374146,28.7963409424,69.5094223022,93.8409566879
390,79.8936157227,189.633865356,23.8034420013,68.7427825928,88.8738155365
390,15.104675293,194.767501831,23.2625980377,58.7939414978,72.9164659977
390,31.0986022949,204.819503784,22.4218921661,59.0644378662,8.61671790481
390,65.6840896606,189.317199707,18.8538551331,65.5127334595,8.43309387565
390,8.61733627319,203.279724121,16.3918323517,54.9386787415,5.55188469589
390,229.443099976,151.491897583,21.6911487579,60.3414611816,1.75454523414
390,55.0244255066,212.897018433,21.0559997559,49.1965827942,0.559357833117
390,323.492523193,161.771743774,21.01820755,64.8988876343,0.350478710607
390,99.3469314575,203.377380371,19.537530899,54.3284454346,0.144390016794
420,27.7327861786,184.442749023,29.3285064697,75.5040054321,95.7648813725
420,66.2128295898,185.376358032,25.2011699677,69.6736679077,92.1248674393
420,10.095957756,199.375137329,19.7160549164,57.2594490051,30.6043148041
420,49.2144927979,186.91166687,17.6906261444,69.7594146729,8.54731053114
420,223.081665039,148.144287109,21.8190002441,55.0918388367,2.84601822495
420,323.051544189,164.086593628,20.3322486877,59.3937225342,1.00052487105
420,614.991210938,143.113510132,15.8035202026,57.0671806335,0.594200473279
420,57.5177192688,205.996276855,19.8484745026,54.8229484558,0.158631219529
450,6.66285705566,180.671096802,29.3950748444,84.1093521118,95.3173100948
450,47.8631019592,184.23677063,25.2818508148,75.5844345093,91.5582954884
450,25.7268924713,183.512863159,22.5291423798,67.6714477539,6.20120055974
450,323.28994751,161.512771606,24.94597435,64.5473175049,4.60805594921
450,499.755340576,160.977249146,18.0844631195,57.0717277527,0.507101463154
450,617.796203613,147.719589233,13.2118301392,51.5123710632,0.212669675238
450,7.18900871277,224.111495972,18.9079093933,51.7179985046,0.0607780355494
450,336.892364502,157.490844727,20.8243350983,55.9425926208,0.0100742341601
480,35.0028343201,177.345809937,23.824098587,82.1875991821,85.7818186283
480,1.34429419041,178.333450317,23.8174571991,82.7707595825,85.375636816
480,19.585603714,181.70324707,18.4012317657,71.3287582397,3.83941940963
480,210.208572388,141.161880493,21.715139389,70.1538696289,1.4495276846
480,500.460296631,161.241271973,16.922952652,53.4635009766,0.232851156034
480,45.9912109375,220.524520874,19.980298996,43.6075553894,0.016574790061
510,168.394577026,133.884140015,24.3181819916,62.7992706299,4.52031865716
510,406.651763916,166.255691528,21.0923671722,57.2337303162,1.13959312439
510,294.109344482,142.84928894,28.1858463287,75.6754684448,1.03336246684
510,182.63482666,124.392425537,27.0905666351,65.3337173462,0.546478154138
510,372.515350342,161.056350708,23.555891037,59.2174530029,0.317539740354
510,493.868560791,151.619216919,19.1015911102,57.6286125183,0.232828874141
510,208.353744507,186.640579224,33.5467796326,84.8120040894,0.120719627012
540,24.2331314087,177.868728638,20.9902076721,76.9441146851,95.1490700245
540,257.423492432,151.670394897,23.3309345245,67.0118408203,4.49282303452
540,134.179504395,133.790298462,22.7886962891,78.2018966675,1.57626885921
540,146.75567627,141.787704468,26.813041687,81.8980026245,0.83563234657
540,483.81930542,155.770431519,19.3479938507,55.9561920166,0.463846791536
540,11.2854385376,207.411453247,19.6484088898,51.3297538757,0.332183111459
570,17.363275528,176.570266724,27.7068881989,83.6798706055,92.6325023174
570,578.916503906,164.755996704,19.4620075226,47.1485481262,4.11318540573
570,396.380828857,166.310531616,18.6840629578,61.2427368164,4.02314476669
570,198.989517212,148.645980835,28.1005706787,66.3833847046,1.81855726987
570,483.564300537,153.48399353,19.6412563324,56.3669090271,0.732322223485
570,605.301574707,153.472717285,19.6205291748,47.7402038574,0.298350001685
570,29.756986618,215.352294922,20.2004184723,47.9186859131,0.142564240377
600,133.015686035,153.986022949,22.9677257538,59.0824699402,12.4502189457
600,434.280548096,158.618591309,20.3737277985,63.4594230652,0.79141529277
600,9.12611103058,183.010498047,27.2091064453,65.1225662231,0.639463262632
600,182.844970703,209.869522095,20.174741745,55.7393341064,0.62828687951
600,605.09942627,153.395767212,18.3261737823,45.350894928,0.335483439267
600,258.660308838,192.905899048,19.0392913818,50.5233573914,0.28403843753
600,8.34982204437,135.390213013,33.9728012085,79.3404006958,0.182665756438
600,362.01574707,178.993515015,19.9962444305,55.2771339417,0.161769462284
600,117.945213318,143.770767212,25.4985370636,72.279045105,0.0367031927453
600,145.273117065,150.486297607,21.4188518524,55.3430366516,0.00639073114144
630,221.845031738,204.847229004,19.8712348938,50.1372489929,12.6042962074
630,338.277191162,186.112808228,21.059677124,55.3025169373,12.5967115164
630,415.144744873,158.134689331,27.2213191986,68.1981735229,3.7493031472
630,74.0997314453,153.385299683,23.5276241302,63.7460441589,3.3389121294
660,195.354980469,205.332702637,16.8632526398,53.3065185547,5.01630343497
660,42.7057609558,154.394744873,21.735376358,55.8611488342,0.739728054032
660,17.9027576447,163.097213745,31.6336803436,60.5578308105,0.0748215534259
690,172.23765564,202.871994019,18.1547966003,49.9662742615,4.11500111222
690,605.041015625,153.693435669,19.2931213379,47.564453125,2.06896662712
690,6.49548482895,147.682739258,21.7990570068,66.5232620239,1.10619701445
690,383.075439453,151.226959229,28.4891662598,81.7360610962,0.253972830251
720,282.684173584,186.676696777,17.9255161285,51.3037757874,3.19124870002
720,12.0252532959,126.020713806,21.15666008,60.551990509,1.01069724187
720,247.033081055,175.53767395,21.3600826263,64.4826202393,0.472986651585
750,36.1697998047,201.21081543,20.517660141,51.5960960388,53.0220389366
750,19.0276985168,194.062454224,27.3142166138,61.1789703369,3.4528747201
750,51.0093078613,201.017227173,17.2585735321,49.6755943298,0.369705539197
750,97.2490768433,131.285522461,23.9742107391,55.4067802429,0.152843585238
780,187.361740112,197.798706055,18.2556285858,44.9555091858,71.1093306541
780,71.2200393677,134.221694946,19.821641922,60.833530426,0.325845833868
780,605.547912598,142.767990112,19.5303726196,47.4680976868,0.204320228659
810,92.6605148315,207.432998657,24.6493854523,48.178237915,72.9406654835
810,126.162986755,206.358505249,20.5311965942,47.6112060547,1.58203653991
810,111.712730408,208.727416992,16.9509334564,47.4722709656,0.892220064998
810,84.0260543823,205.911270142,13.1128854752,49.4369163513,0.684934109449
810,605.23223877,147.820022583,19.9649829865,47.0780334473,0.15457427362
840,7.10340738297,216.1146698,14.5681562424,51.8574256897,1.52590870857
840,605.600036621,152.330795288,19.3671741486,47.2068367004,0.400956114754
900,11.6201601028,233.139038086,17.160572052,41.3081703186,0.711188372225
900,8.58844470978,63.5332946777,18.1136951447,65.4860687256,0.0782217655797
930,6.93971633911,221.606750488,16.4125347137,51.0232429504,7.76352509856
930,11.0095033646,62.315196991,16.2301654816,59.8463554382,0.619855057448
960,8.00197219849,210.867263794,16.3501434326,63.3640098572,3.79127524793
960,20.0217285156,234.388717651,17.558298111,43.053314209,0.0790176563896
990,8.17797279358,230.014770508,15.2412881851,46.0075263977,1.25934612006
990,20.3495197296,235.870239258,17.9626865387,41.7605857849,0.0513449951541
1020,7.63379526138,229.665344238,15.5863418579,49.0687103271,1.66729260236
1020,617.843933105,178.468582153,16.7617282867,57.3538169861,0.784037355334
1020,468.552459717,176.736160278,18.8238506317,50.7148323059,0.189328531269
1050,82.5555725098,190.851867676,32.7253456116,86.9091110229,94.2028462887
1050,100.453430176,220.835861206,19.0599575043,57.8470420837,0.625631026924
1050,110.032287598,241.412582397,17.6294364929,43.5847206116,0.0647461507469
1050,615.48034668,29.1827754974,18.7140293121,44.1134643555,0.0027071677323
1080,9.90481567383,187.714172363,44.9392967224,125.027587891,99.4932770729
1080,368.115142822,180.748031616,38.5896759033,102.574028015,98.4412610531
1080,124.706077576,182.487472534,39.6178855896,128.65071106,94.8774516582
1080,180.648498535,174.938278198,45.7158241272,132.705581665,92.5062060356
1080,100.34979248,219.945144653,24.563577652,73.2602233887,46.9150334597
1080,32.7683563232,244.97013855,22.3533535004,60.7284545898,18.8673645258
1080,163.654708862,200.029159546,32.561252594,106.89956665,13.3502170444
1080,17.8404445648,249.694290161,21.8779773712,59.3387031555,12.7930805087
1080,203.138809204,201.020004272,38.925365448,93.4018936157,8.08174982667
1080,214.395812988,253.979507446,24.351644516,55.9528923035,2.59362291545
1080,147.523147583,239.278610229,27.960855484,70.1503829956,2.10914313793
1080,187.369552612,228.344848633,24.6966876984,67.135597229,1.90838035196
1080,388.578491211,225.519485474,19.5129013062,58.6407318115,1.86669770628
1080,120.480293274,251.845214844,24.1026077271,57.8720207214,1.75658222288
1080,134.888763428,256.230316162,23.3514194489,53.1536598206,0.972152780741
1080,397.94430542,240.039611816,18.9677753448,47.5893974304,0.218698754907
1080,36.7367897034,206.428222656,58.3448753357,101.506622314,0.0764202442952
1110,293.896850586,168.43637085,62.454574585,155.639831543,99.3935465813
1110,506.218841553,161.953613281,96.7042922974,172.982910156,93.6519145966
1110,448.936645508,162.916259766,55.1231651306,175.595046997,93.1852638721
1110,533.867492676,216.474594116,32.0773506165,100.931365967,18.4999957681
1110,452.845733643,245.288345337,33.4600563049,80.7365875244,16.9489040971
1110,420.584564209,229.495101929,31.80402565,86.7365722656,9.58393886685
1110,530.018859863,164.212280273,49.2643013,89.4481887817,7.51985013485
1110,320.318572998,230.877243042,23.9030075073,90.0755691528,6.55061677098
1110,560.217895508,218.574768066,40.6809272766,116.145782471,5.27286790311
1110,306.747528076,254.045654297,24.4978046417,65.3075332642,4.4675655663
1110,512.506469727,218.934616089,34.6656188965,91.889793396,2.84333191812
1110,470.028411865,280.774597168,22.2950153351,50.8526153564,2.27887425572
1110,439.456817627,235.340454102,21.5439662933,59.8855438232,2.19019055367
1110,219.157836914,243.041366577,27.2373867035,72.0298156738,1.83985941112
1110,549.579345703,255.665649414,31.564163208,75.0041732788,1.72084569931
1110,479.570678711,172.217575073,53.2165679932,159.005187988,1.59640423954
1110,574.183044434,292.908599854,21.1897029877,46.543712616,0.659248745069
1110,319.915588379,188.39112854,27.8946590424,82.4144821167,0.41911280714
1110,285.541900635,188.532516479,34.6331214905,112.379943848,0.25861361064
1110,333.896575928,228.885055542,40.9716529846,88.9589004517,0.148468033876
1110,201.130981445,261.199859619,20.0549945831,46.6178741455,0.0939459307119
1110,246.616653442,25.6890258789,30.8626918793,68.8987808228,0.000380406527256
1170,73.9692306519,145.928283691,27.7925434113,78.2322616577,5.99654279649
1170,572.938476562,306.293731689,40.2596435547,90.8214111328,3.92835363746
1170,72.3300247192,20.4128627777,28.598947525,98.8530502319,2.83433180302
1170,537.299621582,237.802841187,79.9800109863,151.407394409,1.08850654215
1170,94.5841293335,183.184738159,20.0307712555,54.6366577148,0.738353282213
1170,67.0282745361,176.141769409,20.189207077,56.2194862366,0.204487680458
1170,502.839569092,210.597717285,81.4070358276,138.450912476,0.0632664421573
1200,207.385253906,164.426269531,18.1007270813,48.9520988464,7.29359090328
1200,342.719268799,75.5499649048,86.4068832397,178.124923706,4.27737683058
1200,268.517242432,164.322677612,17.9680137634,59.0102729797,3.80884595215
1200,275.320770264,187.683425903,19.4068927765,49.0474853516,0.815939437598
1200,251.862731934,124.540809631,29.8940830231,96.3090286255,0.721433898434
1230,385.838409424,102.677452087,40.540473938,124.042144775,43.8425809145
1230,570.423034668,194.526412964,48.2749290466,99.1367797852,29.7203809023
1230,577.06439209,235.256820679,24.2399120331,65.091506958,14.8398712277
1230,349.108856201,161.831588745,31.686006546,59.071346283,8.23149755597
1230,559.576416016,87.9049301147,73.125541687,230.227096558,1.77593175322
1230,600.618041992,235.576370239,26.0582675934,54.4996299744,1.54350968078
1230,424.552947998,178.702270508,20.7013988495,60.3730659485,0.111280218698
1230,408.155517578,157.516372681,26.1039505005,70.8740768433,0.0856905535329
1230,323.586639404,84.7981338501,27.9071426392,69.7586975098,0.00620423597866
1230,357.038818359,41.363407135,44.6967506409,103.665153503,9.59285006985e-07
1260,462.844726562,82.9964675903,53.527130127,157.439758301,83.195656538
1260,383.15737915,156.216598511,20.6903781891,54.778301239,8.84054377675
1260,497.997894287,149.25050354,21.6340789795,72.3359451294,4.13990914822
1260,490.805053711,95.4870910645,28.6426830292,85.2735214233,2.09124013782
1260,395.480377197,160.974105835,20.139673233,54.8643989563,0.541975535452
1260,270.463897705,150.770950317,19.6699237823,48.518825531,0.372100062668
1260,615.117553711,291.781860352,16.8566894531,47.086101532,0.187652208842
1260,421.609222412,178.62739563,29.1453018188,67.228187561,0.0979481614195
1260,509.539581299,152.18371582,18.7480945587,56.2541809082,0.0914305681363
1260,379.39050293,49.0279388428,27.5510025024,76.3580856323,0.0158153954544
1290,518.206237793,58.3789863586,69.679901123,200.688308716,47.9047745466
1290,418.047851562,169.421768188,22.4224720001,51.2725257874,4.54704836011
1290,7.55407571793,191.666137695,16.0929946899,63.8349876404,0.107638631016
1290,444.093780518,160.516860962,15.6745834351,41.1439056396,0.0758883543313
1320,547.567199707,137.969039917,20.5570049286,58.2324409485,74.3201076984
1320,93.5941390991,187.239089966,20.8504695892,56.2877540588,11.127410084
1320,553.21472168,114.389526367,61.8600006104,153.701782227,3.64662259817
1320,18.952299118,153.723464966,25.3180847168,79.0201339722,2.06682104617
1320,534.632385254,121.091247559,41.4792823792,104.016815186,0.664579309523
1350,535.469909668,143.425170898,28.9660873413,61.5045661926,88.8389587402
1350,510.630340576,132.260665894,52.0153961182,115.959289551,10.853599757
1350,42.5988578796,162.859512329,23.5528564453,69.1542053223,0.195145700127
1350,12.8407173157,161.616729736,29.0524215698,69.9477767944,0.0273052050034
1350,615.30645752,26.1140193939,19.0079040527,58.8364677429,0.0224233401241
1380,514.333557129,154.061599731,24.4337692261,69.4871139526,89.4642829895
1380,510.707611084,137.011810303,52.6749420166,128.130477905,6.82489275932
1380,58.7326469421,184.700500488,16.9488945007,48.2098236084,0.453322147951
1380,605.90814209,281.744659424,25.9079990387,61.3196983337,0.408173212782
1410,493.986968994,157.536361694,27.7376842499,68.8200912476,99.5130956173
1410,547.093261719,77.0716323853,62.1495704651,199.984939575,10.7215151191
1410,609.780517578,68.319152832,19.7511425018,52.0136871338,3.6529969424
1410,487.672576904,164.198181152,15.6976594925,60.0887908936,1.42491552979
1410,615.557556152,126.92339325,17.9210605621,47.22838974,0.422423891723
1410,521.467834473,152.030349731,32.4294509888,68.8689041138,0.0419666583184
1440,627.521118164,35.7565879822,12.4788818359,47.251247406,0.823002588004
1440,474.011474609,30.033782959,30.1090602875,93.3474121094,0.147657631896
1470,467.124145508,155.20262146,26.6739063263,65.8777694702,97.1986413002
1500,453.329559326,179.557067871,21.9168395996,69.0226364136,6.94565176964
1500,465.732421875,169.898513794,21.7377624512,60.4379615784,0.750619312748
1500,7.6509437561,178.723190308,31.7410144806,88.3886947632,0.00686466446496
1500,520.78314209,20.3345775604,28.4055938721,70.0734024048,0.00338159006787
1530,545.074523926,177.827377319,21.2983932495,61.2958068848,2.55455821753
1530,466.643188477,124.421806335,19.23320961,49.5081443787,0.220069941133
1530,478.114624023,132.925704956,19.0006389618,48.495388031,0.0598413986154
1530,237.915878296,156.431747437,26.0775928497,59.8721122742,0.0570337462705
1530,7.08502531052,203.024765015,17.4662075043,62.8253211975,0.0385273131542
1530,488.46887207,125.396087646,20.0422496796,54.0858764648,0.0292067183182
1560,456.205352783,143.57460022,20.4222164154,50.158000946,2.42123529315
1560,450.464111328,165.603347778,21.7360916138,54.4079933167,1.67673043907
1560,466.479522705,159.379211426,20.291305542,49.887008667,0.565575016662
1560,605.726013184,127.691612244,20.571969986,53.1754951477,0.21305938717
1560,562.788391113,122.278663635,21.1654186249,63.9870300293,0.0999422860332
1560,616.547851562,271.101654053,17.6594142914,47.925075531,0.036031237687
1560,576.686340332,121.83341217,23.6043949127,60.3917579651,0.0293046818115
1590,512.260864258,281.2059021,21.3152446747,59.2574462891,13.1797477603
1590,616.394104004,235.770309448,16.7174015045,45.3571624756,0.78349551186
1590,482.611480713,285.328094482,20.4398021698,52.417804718,0.440939934924
1590,257.03036499,157.358108521,29.1346721649,68.0593795776,0.0989224645309
1590,525.624694824,232.35168457,27.8056583405,76.224571228,0.018988987722
1620,614.576599121,287.936584473,19.0585632324,59.238861084,13.2487714291
1620,553.952453613,212.351821899,19.3442745209,50.7312431335,0.692184362561
1620,572.906555176,209.389846802,23.1564807892,52.9264373779,0.0907120469492
1620,323.158508301,151.677902222,25.3897724152,62.4381217957,0.0524127623066
1650,423.985015869,146.438522339,25.0184402466,66.7407989502,0.202645082027
1650,202.089279175,29.8813381195,20.5944538116,48.8400154114,0.0520339934155
1680,413.579559326,186.988891602,23.0307159424,48.2523803711,8.2883797586
1680,598.065124512,139.756103516,29.6077423096,71.229888916,1.61940976977
1680,435.765991211,184.290969849,18.9976539612,51.6262207031,1.52774583548
1710,445.794158936,179.813308716,19.9863986969,60.0283317566,43.10528934
1710,408.04586792,188.890609741,21.3881893158,58.5142097473,23.273062706
1710,611.145629883,178.551589966,20.0701389313,52.7650642395,1.49692418054
1710,589.418640137,84.7230606079,20.9242229462,62.1811676025,1.11362440512
1710,456.080047607,175.735717773,22.2942504883,60.3092384338,0.438111741096
1710,433.078399658,187.126586914,17.3715381622,51.8983459473,0.415884051472
1710,39.8265647888,204.730834961,22.141740799,50.818271637,0.235343072563
1710,56.9816741943,213.842330933,17.6307964325,38.9833374023,0.0813777558506
1740,409.681274414,191.453613281,24.5410289764,61.839630127,63.2595658302
1740,369.723510742,201.700317383,20.1912155151,57.4877128601,19.2726045847
1740,40.2555809021,223.538528442,18.6761302948,42.805557251,3.063262254
1740,395.382049561,199.529296875,17.6913604736,54.8399391174,1.47045850754
1740,423.998016357,201.923904419,18.6329917908,49.1743774414,0.996311102062
1740,8.5995054245,216.269714355,15.858757019,51.3539772034,0.866611115634
1740,56.6390113831,222.583938599,18.8314647675,44.1019859314,0.796465110034
1740,533.425842285,100.649810791,20.7020606995,60.7871131897,0.31355409883
1740,486.190826416,208.030944824,25.9427318573,44.4488372803,0.143634085543
1740,67.6455154419,225.268798828,17.9582157135,40.1770973206,0.139207497705
1740,592.425354004,194.091674805,25.2933578491,51.5945129395,0.096439832123
1740,78.4777603149,224.383422852,17.7181167603,43.6170959473,0.0576045946218
1740,564.280334473,97.578338623,22.6371002197,62.6458892822,0.0547009811271
1770,286.824951172,194.427856445,24.227722168,66.8944168091,66.7933881283
1770,251.485092163,215.190048218,19.8394412994,53.4312858582,43.5443550348
1770,604.669433594,87.8661880493,26.6317882538,63.8797149658,8.85489210486
1770,278.12890625,203.755783081,17.6319160461,56.2477684021,6.32272958755
1770,418.231689453,93.9577636719,21.6523952484,67.9971618652,1.39157101512
1770,301.278594971,211.444717407,17.5988521576,47.929309845,0.987280998379
1770,376.591064453,208.778030396,20.5602016449,47.924282074,0.112577574328
1800,205.191696167,81.6939163208,26.8221435547,87.4519424438,15.2040779591
1800,33.7104072571,212.726242065,21.1408672333,51.701007843,13.8716697693
1800,62.8185424805,201.031860352,22.7928180695,66.4910049438,8.46466943622
1800,18.0956821442,203.15663147,28.4346294403,73.1120681763,4.19691465795
1800,77.8038711548,214.310562134,18.919801712,51.5722694397,3.61909754574
1800,88.3458175659,222.161453247,18.5646743774,44.8475151062,0.707607669756
1800,52.6488189697,209.926269531,19.3187618256,53.6653251648,0.576799968258
1800,99.5731430054,220.679077148,18.8665943146,44.7163963318,0.463481014594
1800,162.858139038,222.755737305,20.9207992554,43.3270835876,0.387117336504
1800,245.56602478,96.8578109741,20.8653087616,53.5005340576,0.0700574310031
1830,555.643005371,129.81187439,22.359495163,60.234752655,0.482255453244
1830,243.283569336,23.2467041016,21.2786655426,57.1213264465,0.000736717038308
