30,606.375061035,146.436843872,24.053024292,72.8657608032,2.51880120486
30,616.947570801,189.06388855,18.2577953339,52.5398750305,1.44545054063
30,38.5779533386,171.682907104,20.783411026,72.9266967773,1.41201931983
30,121.908409119,152.61680603,21.9845352173,65.4475326538,0.376744195819
60,38.1011657715,170.393890381,20.3633747101,60.6741371155,14.5378947258
60,303.082855225,100.907623291,40.2572479248,85.9555664062,4.01567518711
60,616.506469727,175.750320435,18.3817768097,58.139465332,2.2651527077
60,604.313171387,137.074432373,25.6282367706,78.7718734741,0.857218913734
60,125.090919495,152.863204956,20.4903240204,66.7551269531,0.225713197142
60,576.530334473,179.972885132,25.074640274,66.2259368896,0.219521601684
90,122.51197052,148.191970825,19.8998126984,61.3863334656,3.44633422792
90,309.643371582,97.5251998901,38.50963974,85.8275375366,2.73953322321
90,594.568481445,108.287025452,29.0212078094,88.6315917969,2.36654113978
90,610.84954834,167.083755493,20.6177845001,58.4825782776,0.936415139586
90,38.7054100037,167.56817627,19.6821880341,72.2485733032,0.176932918839
90,492.169342041,172.184341431,21.4578151703,64.9658279419,0.0164217562997
120,35.6094245911,167.916061401,24.0368728638,73.172958374,30.6082636118
120,609.851867676,153.258926392,23.3192996979,66.3216781616,1.48650305346
120,312.600891113,99.2102050781,35.4442253113,82.7118682861,0.679613137618
150,40.5532798767,167.165420532,21.679933548,71.2907104492,13.2300212979
150,616.929321289,174.059753418,17.0850696564,53.9958229065,1.07671683654
150,606.717102051,141.91468811,23.9641628265,73.5930786133,0.370474834926
180,37.0549697876,166.683898926,22.0436553955,73.2473220825,13.3018895984
180,616.882873535,185.351211548,18.0493030548,50.674331665,2.67098397017
180,475.526367188,161.506774902,21.5405979156,53.5097351074,1.53559306636
180,611.413757324,144.43560791,18.5599002838,63.7015724182,0.705012772232
210,39.9991455078,177.326065063,19.4321403503,76.1531066895,19.4501444697
210,481.684204102,176.002075195,20.1531448364,48.8889007568,18.0081635714
210,617.624694824,195.223892212,17.1159496307,49.6017341614,1.23029472306
210,491.00479126,172.046676636,24.437494278,67.2464675903,0.111685600132
240,27.0042877197,179.904983521,26.4970016479,80.9823532104,28.7536084652
240,614.880615234,179.346603394,18.2173366547,53.7374534607,15.2599722147
240,503.470336914,94.1262512207,17.6300945282,60.961101532,0.843315012753
240,601.233581543,180.887680054,18.186706543,50.0698394775,0.618305243552
240,559.316223145,177.712280273,30.0102519989,76.5903549194,0.383515027352
240,590.737304688,185.233963013,17.4348735809,51.8058776855,0.307371793315
240,117.382904053,164.680160522,28.3047618866,81.5800933838,0.273536588065
240,509.068481445,138.800521851,22.1700592041,71.1533889771,0.0776833971031
270,586.468688965,185.561477661,33.7373542786,85.0250701904,49.3103057146
270,616.513244629,183.628189087,17.0308685303,52.6660270691,3.53873409331
270,7.77918815613,167.183425903,17.8440341949,70.6500930786,0.259372312576
270,509.9921875,188.353378296,20.6654644012,66.9601669312,0.0310368632199
300,550.490783691,144.356185913,30.7333984375,83.7553634644,7.77272731066
330,50.2921180725,151.047805786,24.7662734985,80.9430618286,3.99158187211
330,62.19373703,141.099136353,18.1071910858,63.2395439148,0.127651623916
330,199.770217896,181.267074585,19.6940975189,45.6850090027,0.0857033999637
360,8.50713157654,122.699043274,19.123506546,57.7055244446,3.7691347301
360,527.202514648,172.17741394,23.6503543854,58.1150779724,0.751406652853
360,9.83734035492,184.740234375,17.7700176239,59.5521392822,0.399626186118
360,19.6423969269,158.430847168,32.1131057739,91.3583602905,0.232130102813
390,503.188323975,104.457740784,18.8151130676,52.7796669006,1.87152232975
390,184.934707642,176.049972534,21.8058452606,46.7842140198,0.970360543579
390,32.6296691895,139.702453613,21.7330188751,55.0299339294,0.268393708393
390,21.8106536865,193.57093811,24.5575256348,54.770236969,0.0670886714943
420,78.1508102417,198.873901367,17.5684928894,45.5462989807,2.12872028351
420,537.164001465,84.1738891602,19.8752002716,54.0734863281,0.276899710298
420,179.799545288,172.945236206,20.5667171478,49.6389122009,0.0146156686242
450,603.267089844,57.2500114441,18.8444042206,54.0465698242,13.6995568871
450,611.689208984,172.138473511,19.1420917511,66.8632049561,7.50703960657
450,20.0992202759,194.310897827,20.6425991058,53.3464202881,6.90383911133
450,568.628723145,137.003555298,28.5979404449,100.183189392,3.89471389353
450,576.068054199,75.3485794067,16.7132034302,68.8611526489,1.04479407892
450,577.763977051,122.919342041,20.6179733276,59.2579689026,0.541870109737
450,583.623718262,56.5769615173,19.3127403259,58.3127326965,0.357831432484
450,152.172729492,168.20489502,21.340057373,51.9444084167,0.042986808694
480,134.255325317,162.187438965,23.5191726685,67.1365127563,17.4067735672
510,517.24041748,178.194412231,56.2212409973,75.6852035522,7.53104314208
510,135.599517822,174.519515991,20.1443977356,56.3532829285,0.635022902861
510,125.957000732,177.368148804,18.1395053864,56.1536369324,0.429291184992
540,116.282493591,164.670730591,22.232717514,62.2205467224,1.11524108797
540,128.938781738,160.652542114,19.2333240509,63.2066078186,0.00605837740295
570,416.020996094,172.203018188,21.3110656738,57.3169403076,38.5816723108
570,222.139404297,164.748794556,21.0778713226,59.1229286194,17.9414361715
570,10.4487333298,205.115371704,18.1042480469,51.2635803223,5.15681095421
570,561.349853516,58.7823295593,18.9653682709,57.6657562256,4.62478399277
600,63.3837280273,147.601104736,31.1769237518,81.5702896118,59.7554266453
600,55.2545623779,171.768600464,22.5921649933,66.4259567261,1.72560270876
600,433.449462891,169.781936646,24.9599018097,57.2908058167,1.07147721574
600,544.764099121,171.65675354,21.3151111603,54.3697967529,0.809420086443
600,209.71875,170.395996094,20.9752025604,52.2187919617,0.585056934506
600,155.199203491,164.203979492,22.2123165131,52.5914421082,0.531089538708
600,610.846740723,177.421447754,17.811498642,50.2607460022,0.463881576434
600,583.713562012,168.813064575,26.7081756592,53.5869789124,0.367199233733
600,570.447875977,171.626602173,18.5738334656,53.5867500305,0.0453257438494
630,602.402709961,139.503128052,24.5364074707,108.107643127,9.7730435431
630,5.20236063004,195.244995117,25.4838027954,91.4566268921,8.72376561165
630,613.925231934,136.555679321,17.9864711761,58.1230926514,1.35602513328
630,188.655700684,146.52897644,21.1741390228,61.7785644531,1.19642782956
630,70.6824569702,184.29876709,22.1318492889,52.9185523987,0.517916027457
630,595.838745117,220.421203613,26.9621582031,47.5276794434,0.425985176116
630,40.8885421753,167.715393066,19.080915451,53.4370613098,0.346662127413
630,549.175415039,111.851806641,31.262468338,101.1043396,0.0548762909602
630,585.540588379,42.1029663086,37.5005645752,75.0754165649,2.88252005598e-08
720,92.2428512573,149.624252319,24.6422348022,70.9059448242,0.297711626627
720,75.6505661011,156.958557129,25.0986557007,59.6620178223,0.04415930307
720,138.480239868,172.98991394,18.2567081451,43.1545677185,0.00951375841396
750,522.214355469,160.642318726,21.752702713,50.8183250427,1.15436669439
750,93.5815505981,176.042037964,15.5300292969,45.6278266907,0.396405719221
780,157.793411255,179.109680176,16.1930961609,44.9537353516,0.0950187793933
810,89.2338180542,191.919128418,23.5237674713,52.9111824036,0.855026580393
810,20.5605182648,186.570007324,21.299949646,56.8242225647,0.661755492911
810,213.947036743,161.68888855,22.1590747833,51.6169166565,0.581118930131
810,8.76277542114,204.67350769,20.1625347137,47.6803321838,0.254314788617
810,141.839920044,179.248092651,23.4838790894,49.0597686768,0.133346708026
810,34.9695167542,200.269332886,18.8684844971,46.1162986755,0.0580698018894
840,195.835067749,156.232467651,19.0664310455,53.2286682129,0.912121124566
840,182.305114746,157.420913696,21.9667491913,56.0999946594,0.326475384645
870,32.2612724304,41.0200157166,22.2530765533,92.463508606,5.8085501194
870,9.23338413239,155.201309204,20.9996242523,53.9443092346,5.0652705133
870,18.1974582672,109.594245911,27.7822475433,87.6743774414,1.30136571825
870,152.577911377,102.36315918,31.659570694,86.0466537476,0.315360934474
870,11.2090950012,102.269920349,18.0963420868,60.984954834,0.252922228537
870,118.820549011,149.83631897,32.1739120483,67.5565872192,0.133192690555
900,602.611083984,128.868606567,32.0150489807,91.4953842163,5.69638647139
900,54.2617797852,144.786727905,33.1744842529,79.6131210327,1.09691461548
900,426.843261719,170.235458374,24.786026001,66.8252792358,0.740896444768
900,16.9278736115,53.232257843,29.5223712921,71.0862579346,0.362240406685
930,590.886901855,192.133666992,32.7050285339,111.829719543,84.6392095089
930,533.829345703,187.614212036,33.7458877563,89.3204727173,4.08002659678
930,523.622680664,201.295516968,20.375535965,63.3857765198,0.397349335253
930,548.490905762,169.807266235,30.244058609,80.9920349121,0.00235050356423
960,37.6894989014,141.418167114,18.7650737762,48.3875389099,1.35555006564
960,18.7236499786,151.670089722,20.9646625519,49.2131500244,0.34342801664
960,142.373458862,100.238929749,29.2802639008,77.120513916,0.30143999029
990,11.1418237686,89.1550064087,31.6673259735,81.6737365723,4.42749857903
990,142.502670288,77.4369430542,21.8893146515,60.9041290283,4.39878888428
990,30.1717376709,142.253982544,19.8519763947,63.6682167053,0.837389659137
990,45.5947570801,88.1528625488,31.3821926117,117.413841248,0.133771821856
1050,602.737609863,159.709823608,20.1112308502,48.2267799377,14.8602023721
1050,567.21282959,161.068710327,18.0801105499,50.4319763184,0.953958649188
1050,614.344482422,165.516921997,17.7584285736,45.6155586243,0.699222972617
1050,425.193603516,140.678634644,25.5037326813,65.6640853882,0.29349126853
1080,614.087097168,123.02154541,20.4628620148,60.581943512,1.03180119768
1110,195.930862427,150.244857788,19.5031509399,44.5788002014,0.257408525795
1110,175.03527832,152.998886108,21.7781295776,42.7833900452,0.172592536546
1140,116.080589294,142.083908081,23.7697525024,68.0274353027,1.26960547641
1140,83.5879898071,153.929946899,17.6151866913,56.4885864258,0.429516844451
1140,26.8785648346,91.6518936157,27.2458629608,58.6444587708,0.422251224518
1140,90.7704238892,146.266677856,27.8535003662,62.7188110352,0.273239123635
1140,438.531341553,174.198562622,23.8001270294,47.5667419434,0.16873232089
1140,567.123474121,144.601119995,20.2514266968,52.9258880615,0.162130512763
1140,156.758605957,165.835647583,21.2478218079,40.5258140564,0.0911087263376
1140,472.614898682,60.7832984924,30.0817012787,109.482902527,0.0343591469573
1140,589.769897461,134.792831421,20.9010715485,51.3005218506,0.0287783303065
1170,88.4122238159,155.591079712,25.8911724091,59.7905731201,5.3110551089
1170,12.8278856277,135.302566528,31.7499389648,84.5506591797,2.72801704705
1170,116.401123047,166.894943237,18.7936534882,47.9780731201,2.72211264819
1170,102.459190369,170.149124146,20.1095867157,48.8089256287,0.634939875454
1170,9.12457275391,172.204879761,21.673576355,54.6279907227,0.362112536095
1200,535.508605957,136.983383179,30.7985248566,79.8596496582,1.16729959846
1200,516.720031738,139.714538574,21.7538833618,65.7096786499,0.17061176477
1200,567.654846191,53.2215766907,26.1819534302,80.7742156982,0.0266989605734
1260,499.577911377,144.685882568,20.2902050018,61.9620628357,3.84863130748
1260,488.779754639,91.3426589966,20.9129180908,65.7759933472,0.282285641879
1260,460.686004639,93.8926925659,19.7599582672,64.0186843872,0.158563826699
1290,427.308380127,159.623580933,19.6303272247,48.9848937988,22.5092306733
1290,521.126525879,47.517375946,37.0136070251,89.0287094116,5.00265024602
1290,605.888671875,122.995857239,21.7979736328,60.6237220764,1.87467839569
1380,73.2835769653,133.192062378,17.658788681,56.1376838684,0.152568833437
1410,15.4174156189,137.660232544,28.0868453979,61.8217811584,47.824960947
1410,606.971252441,152.565750122,27.3172206879,78.5620574951,13.3557811379
1410,30.7527160645,148.715820312,22.5298233032,52.6094665527,2.80447863042
1410,481.10559082,103.902915955,30.5831775665,65.8324356079,0.598197663203
1410,44.6164741516,151.047836304,18.5909366608,48.3384361267,0.272794719785
1410,407.255981445,167.325363159,23.4781246185,56.2884788513,0.121440866496
1410,497.270782471,91.8560180664,20.6126155853,51.2291564941,0.0514554209076
1440,612.480651855,111.530090332,21.5869064331,56.4264411926,9.3330770731
1440,551.892944336,189.375076294,33.7509002686,96.4632797241,0.245514535345
1440,10.8801527023,128.903274536,16.8216915131,48.4100532532,0.14165895991
1470,604.821960449,217.149276733,32.841342926,93.1529159546,8.49765315652
1500,480.328857422,150.463775635,24.3840637207,50.2017211914,6.17493465543
1530,522.440673828,207.656112671,26.2818813324,65.5331268311,0.438423641026
1530,511.918457031,205.183883667,18.5430984497,52.8521080017,0.207930407487
1560,574.969177246,165.187530518,62.9852256775,176.722305298,37.2266680002
1560,535.785095215,217.194534302,39.2354240417,85.6161422729,0.861783325672
1620,586.719787598,165.929977417,30.4863529205,92.0709915161,20.3847587109
1710,523.967224121,166.178604126,19.5515861511,56.5057182312,6.87609687448
1740,55.9734230042,180.610534668,31.8764743805,63.948513031,13.2539883256
1740,555.658874512,146.499984741,27.9354114532,82.9586715698,4.47182096541
1740,571.168945312,149.605178833,18.740901947,56.087600708,0.618220679462
1740,539.585632324,150.702316284,26.6862335205,68.6480407715,0.566109176725
1770,597.863037109,133.554260254,31.915895462,102.804695129,42.7332907915
1770,5.08220243454,73.0198364258,18.5894451141,64.6101303101,18.6886548996
1770,497.803131104,194.479980469,26.0989303589,67.1778182983,12.7164185047
1770,565.90447998,123.403961182,55.362411499,139.673034668,8.43529179692
1770,551.331848145,185.112792969,23.6110858917,63.3388404846,2.296474576
1770,538.96472168,196.301528931,24.6174087524,57.0582771301,1.39514347538
1770,15.9403810501,91.3813247681,26.8982486725,105.314277649,0.819920189679
1770,566.566223145,197.63923645,19.5929965973,52.5195960999,0.544613832608
1770,7.79561567307,187.06578064,14.0549993515,50.1080970764,0.20292152185
1770,404.300262451,182.566970825,18.0143375397,50.3464241028,0.0463534204755
1800,520.079406738,142.817855835,19.4333877563,49.634552002,8.80903452635
1800,605.932495117,107.008201599,24.5269031525,80.7332382202,1.40307676047
1800,6.34645652771,151.205825806,16.2637004852,58.2998771667,0.724511221051
1800,570.940734863,112.309997559,31.9496135712,80.5848617554,0.230495305732
1800,6.70866012573,63.7597045898,15.8734922409,67.030456543,0.210602022707
1800,588.726257324,162.234161377,33.1956748962,82.8776702881,0.0425178150181
1830,615.700866699,61.3726387024,16.4318256378,55.7555809021,2.80801039189
1830,613.806396484,156.253768921,18.8109035492,53.4319419861,0.690013263375
1830,573.627990723,134.044662476,28.7905902863,69.4191360474,0.490341940895
