30,502.941802979,171.563354492,19.9420509338,45.922794342,0.893250759691
30,397.225250244,126.47353363,24.1049785614,63.2043037415,0.0884781882633
60,482.55456543,191.209289551,27.8411922455,41.5673484802,14.3696635962
60,8.43561077118,173.746841431,18.580488205,44.4952278137,10.5126909912
60,565.596862793,170.848022461,21.8662891388,55.0455513,2.97239869833
60,510.89831543,188.238525391,20.7567710876,46.6283607483,1.81655455381
60,183.389968872,158.427536011,22.3320388794,49.6162452698,0.338215427473
60,452.504760742,149.140304565,26.3683490753,63.8908500671,0.250634038821
90,7.01311445236,182.58354187,18.7693080902,49.5095863342,7.94255658984
90,537.952636719,200.423202515,27.2783031464,49.1569519043,0.952790956944
90,476.732177734,99.8687973022,36.6448860168,108.792655945,0.414654891938
120,610.946960449,138.25831604,17.7168674469,49.448059082,3.02719585598
120,491.166534424,98.5528640747,34.1559104919,96.9618148804,2.69922539592
120,597.914794922,91.9392929077,31.793258667,97.9027175903,1.76134184003
120,598.631164551,200.637039185,24.2688655853,58.0069885254,1.46830566227
120,424.049530029,126.026222229,26.5961055756,83.2335968018,0.384404719807
120,586.962646484,216.859786987,18.7269077301,46.3953971863,0.33005066216
150,611.371398926,106.020812988,17.9653987885,55.4644470215,13.5863378644
180,601.572692871,175.462097168,22.2209777832,58.9877967834,9.93983596563
180,616.231750488,178.543960571,16.8355197906,50.9399147034,3.98630425334
180,584.198059082,116.484130859,19.4868011475,53.6245613098,0.170226418413
210,18.8158779144,180.371932983,26.1482906342,47.7002868652,0.972809642553
210,90.064666748,179.8177948,17.2830791473,41.4469795227,0.0854585377965
210,8.64473628998,168.535507202,19.9341678619,53.0245475769,0.0542079040315
240,5.78165245056,187.093811035,16.9015140533,42.8622322083,0.535835837945
240,189.38243103,157.268051147,18.3532085419,48.2659187317,0.40738042444
240,199.973220825,155.590408325,17.7528457642,45.9470405579,0.030487094773
270,477.110870361,100.286064148,24.1730251312,66.200920105,28.2445073128
270,497.807037354,99.8772201538,23.4613018036,70.5457687378,8.07975009084
270,69.5104370117,176.928085327,18.4219646454,45.928981781,1.154764276
270,77.448097229,171.907546997,23.1243057251,42.4972190857,0.0427866732934
270,310.249084473,152.261154175,22.6883163452,55.2250862122,0.0348057568772
270,518.002624512,101.032279968,20.0611400604,57.6976776123,0.0272821256658
300,604.23840332,133.643630981,20.5789089203,48.2012481689,0.292729120702
330,615.030212402,97.385383606,16.9678840637,56.3376617432,1.64123307914
330,412.827392578,156.108825684,27.5770435333,59.1665344238,0.687342369929
330,476.003204346,72.7534713745,27.6841125488,71.8908996582,0.318599655293
330,90.356300354,169.646331787,20.0331668854,56.2540092468,0.0405313301599
360,605.988830566,34.3537597656,24.9595870972,82.970161438,7.44284838438
360,117.164031982,164.929580688,23.8628482819,53.4068260193,1.91813688725
360,487.224517822,64.9091720581,38.1779098511,76.1959609985,0.649885041639
360,14.4602613449,176.848098755,23.7416629791,53.0526542664,0.383556238376
360,555.106140137,63.5899238586,30.9709033966,71.5052947998,0.0291779404506
390,534.107971191,192.522201538,32.0875205994,53.1450996399,61.0753238201
390,13.1617698669,164.152297974,24.5245132446,63.6963539124,23.3647987247
390,597.445129395,172.910598755,19.5163631439,44.9068145752,15.9995734692
390,606.677307129,155.350631714,20.917131424,63.0702018738,8.98343920708
390,3.71951174736,164.512878418,14.8278017044,62.3224754333,1.89302563667
390,555.399597168,193.711074829,19.8609600067,49.3075752258,1.45994992927
390,594.618408203,59.0201835632,26.4395847321,69.7366867065,0.799699313939
390,35.233745575,182.494888306,19.3230495453,42.8126182556,0.131501629949
390,408.07510376,153.041442871,20.1919307709,54.0098419189,0.12463668827
390,499.89453125,167.623001099,17.3676376343,48.0434417725,0.101548503153
390,385.518585205,153.063873291,18.1170825958,43.386013031,0.0986387371086
390,329.128265381,158.336166382,27.5936946869,55.7391242981,0.0576134887524
390,43.9122962952,176.532104492,22.9328899384,43.7524681091,0.0533695914783
390,369.449188232,149.338668823,18.7269496918,49.524105072,0.0184172953595
420,572.448608398,133.759567261,21.5154933929,52.1364746094,1.78080871701
420,6.15170526505,175.74079895,17.6092624664,49.2742614746,1.06227668002
420,483.4402771,170.046585083,20.2338466644,46.5582771301,0.243806699291
420,499.375640869,167.691162109,20.1740837097,47.1536369324,0.0905020046048
420,587.276916504,137.459991455,21.4562473297,52.3354072571,0.0739604525734
420,537.137023926,156.472167969,19.2648029327,47.1154327393,0.0576887163334
450,447.250732422,154.310638428,24.5027866364,60.7785835266,8.98396968842
450,433.023529053,155.117828369,18.129983902,54.6859703064,2.35920250416
450,604.085388184,140.058547974,22.2411823273,55.0781517029,2.02681366354
450,233.380249023,156.825332642,19.8430538177,52.1784210205,0.97235031426
450,577.887145996,18.0631351471,42.2199935913,111.750732422,0.270911678672
450,587.890808105,136.95249939,22.7186584473,65.912727356,0.0562320172321
480,488.277099609,157.642456055,26.3256988525,68.9929580688,6.04733042419
480,232.640365601,155.193222046,20.0280380249,52.7126579285,0.710176397115
480,462.218536377,160.55506897,20.4121189117,52.1667785645,0.0696842966136
480,21.5445652008,163.813781738,25.1966781616,49.4546318054,0.0619903614279
480,36.244052887,157.913406372,23.7958278656,56.9650535583,0.0458292401163
510,551.055847168,161.646621704,22.052734375,70.9028549194,2.94056348503
510,515.37701416,168.410385132,25.4361171722,58.9022712708,1.71471331269
510,8.66822719574,148.039230347,17.4743709564,53.462978363,1.01414062083
510,538.508361816,172.548828125,18.9420375824,61.4248809814,0.77502951026
540,545.217590332,170.204116821,27.695394516,61.5248908997,6.72986730933
540,118.630241394,175.95262146,18.0972061157,47.8105888367,3.33818793297
540,614.066711426,138.855606079,17.2882022858,58.2443237305,1.7241794616
540,483.734832764,170.45993042,20.1307735443,45.0693969727,0.372360972688
570,85.7751083374,170.411437988,20.1425094604,54.6311912537,7.88731575012
570,482.421966553,132.060440063,28.2776031494,74.9384689331,2.75159440935
570,72.5657577515,168.660308838,19.9368038177,52.8940620422,0.720056146383
570,475.286529541,151.452713013,16.9173488617,62.224193573,0.330975861289
570,604.45111084,149.526046753,18.2085056305,53.782535553,0.182584905997
600,122.71975708,175.012390137,18.9055557251,39.32554245,3.02430316806
600,596.372619629,137.49206543,27.0253734589,68.0965042114,1.94462630898
600,531.807434082,155.218704224,20.4854164124,44.3343505859,1.02607924491
600,58.3242988586,171.745223999,26.1190414429,55.965587616,0.990759208798
600,145.572280884,164.196929932,18.5419445038,42.9136009216,0.633330037817
600,505.1171875,157.54574585,21.2113132477,57.0718803406,0.445592682809
600,571.072753906,130.088607788,18.1184215546,52.0982933044,0.386448320933
600,484.875732422,158.031509399,23.404417038,52.3872680664,0.179184507579
630,27.4820098877,176.136550903,19.3982791901,48.4893951416,29.1200309992
630,38.5167655945,168.960372925,18.9939479828,50.8816947937,3.73299866915
630,615.540710449,160.479476929,17.522901535,50.8881072998,1.56602095813
630,519.409729004,167.385848999,21.4507427216,49.5846710205,1.20917698368
630,12.4862260818,170.968704224,22.709274292,46.1769866943,1.20743373409
630,47.5230522156,159.099319458,24.7386455536,56.2001075745,0.680392934009
630,603.332702637,131.547790527,26.0357151031,68.6349868774,0.541357602924
630,502.072418213,163.502456665,22.6714630127,47.8239173889,0.217592110857
630,138.073745728,165.19619751,18.1151409149,51.4827270508,0.127464695834
660,78.3529434204,135.652145386,26.4873428345,69.958732605,8.17682445049
660,392.542755127,138.689697266,19.5351638794,58.3683624268,0.949256587774
660,605.236083984,111.683044434,20.8587226868,61.3532218933,0.37928824313
660,93.2816162109,136.592849731,22.1256198883,61.2187461853,0.193304545246
660,592.993835449,121.017822266,24.1899967194,69.1452331543,0.16504075611
690,66.1463546753,163.870040894,21.3184700012,48.1177215576,9.85455289483
690,533.69732666,158.253829956,19.2799968719,57.9297180176,8.51208791137
690,8.47570133209,156.04699707,14.7806520462,51.6094093323,2.7742324397
690,390.395874023,140.324295044,19.8973999023,52.524307251,2.69735381007
690,544.805053711,155.338577271,18.6016941071,41.5471878052,1.00785531104
690,186.685531616,130.40234375,22.6949977875,58.1034393311,0.891232304275
720,532.892700195,151.073471069,22.7779521942,63.7185096741,4.96416017413
720,604.541564941,119.086250305,18.8884849548,50.2711029053,3.67315635085
720,59.4807243347,164.389083862,20.5174121857,47.7722015381,3.55363599956
720,182.640319824,132.842880249,23.2355289459,49.7900886536,1.54321556911
720,11.0071325302,156.296829224,23.3844432831,55.809387207,0.241476856172
750,186.579467773,138.939025879,19.9142208099,49.9548606873,15.9518450499
750,535.019348145,164.852401733,20.4800930023,55.4002113342,11.1551783979
750,20.5057926178,357.668579102,31.3101882935,64.7343902588,5.08605651557
750,598.463195801,122.826927185,23.8591327667,56.7210998535,2.17075217515
750,489.490814209,164.210952759,23.3993911743,45.5837249756,0.9043417871
750,616.807800293,117.940002441,16.1851234436,52.2240180969,0.563379004598
750,547.03527832,163.589859009,18.485534668,46.7442054749,0.177922728471
780,534.524963379,164.828994751,19.9796009064,58.4027137756,20.2351868153
780,604.330993652,127.4739151,18.3150615692,54.3818244934,4.07483354211
780,57.4403686523,182.08265686,18.9341621399,44.9974632263,0.873928889632
780,523.058410645,164.876846313,18.3065700531,54.3528900146,0.437345867977
780,19.8174610138,365.850219727,32.7627105713,67.4170379639,0.267083616927
810,534.965637207,167.138961792,19.3933124542,61.007724762,21.0115253925
810,604.319458008,130.972198486,18.8660182953,50.0537757874,2.98005733639
810,19.2238788605,370.431304932,31.3817596436,64.6338424683,2.27526184171
810,615.656677246,133.155029297,16.422334671,51.6507263184,0.381034146994
840,528.02947998,160.719238281,24.6529712677,69.2679443359,12.3559206724
840,23.1425628662,371.984649658,22.958152771,59.5006561279,1.41354454681
840,604.171264648,133.35055542,18.2641811371,53.8897666931,0.913596618921
840,541.804199219,161.335113525,19.7371845245,51.7823295593,0.739745423198
840,101.200744629,180.710525513,17.8234100342,42.9034233093,0.00624101739959
870,534.494262695,172.499862671,20.2310905457,56.3561706543,32.5323164463
870,609.90447998,145.829177856,18.1534729004,54.0781745911,3.3153872937
870,22.7828464508,376.013458252,23.3374404907,62.9022979736,1.64718665183
870,485.987640381,170.903305054,24.9276447296,49.7183990479,0.110531493556
900,528.48626709,164.822631836,23.4715976715,67.4707870483,38.6707007885
900,18.5682830811,373.820068359,24.2373905182,58.4689826965,3.67757901549
900,182.729385376,150.641784668,22.1570644379,49.1607170105,2.74133868515
900,611.181335449,135.892868042,18.4489898682,57.9669799805,1.03519968688
900,544.347717285,172.237365723,20.211730957,48.8442268372,0.559436529875
930,534.376403809,174.677185059,20.1510906219,59.0963172913,40.832105279
930,610.676330566,149.237136841,17.2124137878,56.7197151184,2.7309814468
930,386.913909912,162.560195923,17.374502182,54.9521179199,1.54675683007
960,528.506652832,172.973129272,24.0557117462,64.8773727417,17.5242260098
960,610.853210449,151.334945679,18.0355873108,59.4896697998,2.06112805754
960,485.0496521,181.7212677,20.8394031525,43.1805725098,0.65449886024
960,545.387390137,175.199996948,20.5977287292,51.8150215149,0.615836959332
960,381.214691162,173.35218811,20.3128318787,51.3944664001,0.315964478068
960,20.1955604553,377.115753174,30.6695728302,58.6222076416,0.209886021912
960,48.8455085754,200.632827759,20.311384201,52.9094963074,0.0388389831642
990,530.538513184,174.167114258,22.2800045013,63.0521697998,37.2640728951
990,604.167480469,138.94758606,19.3529586792,49.6593284607,4.03936132789
990,545.848693848,177.542922974,18.8333797455,46.553691864,2.42342799902
990,516.769287109,177.810012817,18.2164649963,47.8246574402,1.88649818301
990,8.22744369507,184.111022949,14.3981428146,50.1086540222,1.14061748609
990,14.0738868713,374.976715088,32.9501838684,68.7736740112,0.921279285103
990,615.582519531,143.244613647,17.2978515625,55.1103858948,0.610723020509
990,374.921478271,186.811355591,22.6065673828,50.1975746155,0.271318969317
990,62.3640289307,196.074356079,19.9146652222,49.1061592102,0.141485547647
1020,533.018371582,170.717529297,21.3575305939,63.898525238,49.3669688702
1020,383.84487915,163.606262207,19.3940734863,59.6304893494,14.6734908223
1020,609.687072754,154.530532837,19.8730831146,56.4307060242,1.83505807072
1020,181.215682983,155.508499146,26.5796203613,64.634727478,1.2259199284
1020,616.242492676,215.799026489,17.8562221527,48.3552818298,1.14760110155
1020,6.44976091385,184.251358032,17.2161598206,52.6074333191,0.726704532281
1020,542.117004395,159.564285278,24.2422943115,60.109462738,0.690723769367
1020,45.8208274841,189.905761719,20.8759403229,47.0210990906,0.317085790448
1020,579.263366699,184.994812012,20.2763843536,48.3007354736,0.133597955573
1050,612.912536621,140.00213623,17.6996765137,48.772151947,41.3239568472
1050,544.85345459,183.857894897,22.9812221527,58.8755760193,0.841251853853
1050,611.991516113,180.013900757,18.8637046814,53.367313385,0.380676123314
1080,564.45135498,184.504699707,21.7152347565,58.2450065613,4.58052605391
1080,613.730041504,188.445632935,16.8678684235,42.6002922058,4.1916642338
1080,50.8305053711,337.152404785,20.425195694,52.2020301819,0.392750930041
1110,180.31803894,161.608215332,21.9048099518,60.4055938721,52.4281740189
1110,368.453582764,163.698471069,24.7092971802,62.4800758362,1.54738305137
1110,586.783752441,195.919311523,19.0644321442,54.3375434875,0.62618884258
1110,388.326873779,167.042129517,18.982755661,58.7032356262,0.607095845044
1110,18.4638805389,181.234329224,25.0939006805,59.1826820374,0.0491043436341
1140,537.94329834,184.356872559,20.8535137177,46.7246894836,6.99266716838
1140,385.743041992,171.085998535,20.8596305847,56.248790741,2.24119629711
1140,169.567672729,160.060897827,25.351272583,67.0579605103,1.91627219319
1170,161.746627808,157.654159546,27.0527019501,70.7718734741,65.5988633633
1170,614.413146973,142.967971802,19.9105072021,51.3514518738,8.21098610759
1170,123.45085907,192.888671875,21.952917099,45.541519165,1.22233750299
1170,50.8090667725,160.918411255,28.0240345001,71.3576049805,1.06880115345
1170,578.260742188,174.829162598,23.5362854004,54.7141990662,0.66318269819
1200,162.049621582,156.954910278,23.7034931183,69.212852478,22.2214713693
1200,381.102386475,169.984161377,23.3165493011,62.3433265686,1.89833082259
1200,136.050506592,294.422058105,20.8660011292,47.167766571,0.222322088666
1200,56.0274925232,155.208786011,28.8669433594,70.6812820435,0.0648605753668
1230,401.893218994,168.649032593,19.7549037933,65.8656463623,2.76088993996
1230,61.1374702454,149.71546936,30.7732448578,77.8866577148,0.181338842958
1260,148.915634155,150.095153809,26.6500682831,76.997795105,12.0397813618
1260,5.18956565857,200.239364624,16.9744358063,49.7025604248,1.87919121236
1260,13.570895195,192.09777832,18.6985340118,48.4165916443,1.77904590964
1260,419.400115967,178.517211914,19.9567890167,55.4843177795,0.217934837565
1260,408.108184814,170.862915039,19.8410301208,58.7119140625,0.188278616406
1260,57.7347831726,159.114181519,24.1704502106,60.6005821228,0.034241087269
1290,141.391677856,143.678344727,29.6790981293,83.0003662109,42.5690561533
1290,67.8276596069,173.288192749,21.662405014,60.6243629456,6.34910911322
1290,443.925262451,176.615783691,22.1394119263,63.3893470764,1.15253673866
1290,444.262084961,83.3850021362,20.7030124664,50.2321662903,0.23460611701
1290,60.8237266541,206.430892944,24.2854404449,60.7480964661,0.0908811751287
1290,41.8999977112,162.395431519,26.1314620972,74.5807723999,0.0426471640822
1320,126.210243225,136.418045044,32.1782951355,86.8394165039,55.5779397488
1320,478.192840576,183.680358887,25.6019649506,68.0629959106,0.469362270087
1320,127.680854797,177.741836548,17.8865032196,47.5803108215,0.165481865406
1320,496.155609131,40.2447738647,21.0238838196,56.5743980408,0.147532159463
1320,482.327301025,39.8488006592,20.1110496521,57.8390808105,0.0116563118354
1350,600.363891602,214.9140625,20.1306781769,45.4522247314,22.8231742978
1380,610.91973877,216.073104858,20.1919879913,42.2727241516,9.06474366784
1380,482.265838623,151.232711792,19.2131652832,58.188293457,7.20448717475
1380,598.564147949,216.544967651,21.5724925995,46.1847724915,0.486665545031
1380,466.868011475,143.563400269,24.6903934479,63.446346283,0.124074367341
1380,76.3228683472,155.660858154,23.1376571655,70.5435638428,0.103160110302
1380,94.0192184448,125.833770752,29.4549732208,68.0123977661,0.0526272633579
1410,77.8074264526,155.023635864,31.6968517303,73.3024978638,1.67800057679
1410,5.08926534653,203.204940796,19.1633434296,39.2770729065,1.60926301032
1410,601.690368652,222.318710327,22.0521335602,48.2157554626,0.961175281554
1410,515.797912598,155.974975586,19.1530895233,49.1786766052,0.858017802238
1410,528.393798828,153.064559937,27.5371685028,75.4808883667,0.602482212707
1410,570.624755859,148.547866821,20.0880126953,54.7772827148,0.178879813757
1410,183.129135132,165.236251831,21.2348995209,54.0624847412,0.108720222488
1440,58.4668083191,116.73311615,47.4517059326,111.649375916,92.8215384483
1440,63.5730781555,181.763427734,24.9205093384,49.9079093933,2.03341413289
1440,34.3830223083,186.10723877,21.5579299927,53.6005859375,0.66598970443
1440,46.896396637,190.663619995,18.9584217072,47.0040588379,0.533059239388
1440,589.627746582,141.874359131,17.9243526459,54.7099189758,0.394753972068
1440,601.026184082,142.297836304,20.0622444153,55.2426757812,0.258098659106
1440,90.2104797363,154.486068726,26.9769229889,69.4521560669,0.146581686568
1470,36.3749504089,110.643486023,52.0069770813,120.232276917,30.0265938044
1470,405.99911499,180.738052368,21.0045452118,58.6780586243,0.124322087504
1500,415.811065674,181.418258667,22.4093379974,50.8643074036,54.5649826527
1500,7.38849878311,100.242774963,43.0354003906,135.232345581,32.8052163124
1500,9.44067668915,195.955307007,18.7690525055,41.7582092285,0.568238180131
1500,5.60030794144,96.4801864624,19.0292797089,76.5986099243,0.533315120265
1500,429.008911133,182.697998047,17.7801799774,60.7846946716,0.453856540844
1500,406.357940674,178.28666687,17.1256122589,46.4020576477,0.391782959923
1500,579.083435059,106.909240723,22.7688655853,55.0388031006,0.189463188872
1500,590.914794922,103.157661438,21.4872570038,50.7480049133,0.126517482568
1500,448.482818604,197.082763672,25.11967659,70.6260681152,0.0324482185533
1530,427.850616455,186.461975098,22.9243068695,54.8895835876,99.2980599403
1530,84.8976974487,179.927078247,21.7847290039,57.6850395203,22.7552190423
1530,588.514709473,246.619918823,34.5552825928,91.0313110352,8.09923186898
1530,615.588562012,233.249221802,21.2749671936,86.6372680664,2.29798611253
1530,419.435058594,88.2871322632,29.4169387817,93.0857849121,1.18993194774
1530,10.1174840927,186.241775513,18.4683551788,48.1494941711,0.821357220411
1530,441.581298828,186.464981079,21.7394561768,54.775806427,0.430996436626
1530,458.389648438,187.286499023,21.5628890991,52.7456817627,0.0930086767767
1530,521.441467285,229.308822632,20.4632129669,54.7781867981,0.0543011701666
1560,476.939422607,176.74432373,23.9124393463,65.8794250488,99.0436911583
1560,529.795349121,170.477493286,29.4365158081,86.8970336914,49.9731570482
1560,578.62890625,52.3847045898,22.759393692,75.9878692627,21.575345099
1560,496.476196289,178.39100647,16.9077205658,69.3936538696,4.21226583421
1560,456.755279541,48.1247520447,47.5989723206,123.578742981,4.00966741145
1560,5.43904495239,184.607849121,19.8184814453,62.6290779114,2.25824955851
1560,618.41986084,186.268753052,14.4888029099,45.5079154968,1.44528225064
1560,500.724487305,175.076309204,36.2011947632,79.6295700073,1.15089956671
1560,548.929504395,202.458618164,20.8039112091,52.7318458557,0.682860147208
1560,142.812332153,193.44921875,18.6759471893,40.5482521057,0.494554126635
1560,590.711975098,54.429271698,28.4667205811,90.5754165649,0.162602809723
1590,590.732055664,173.712783813,37.9023475647,103.227119446,99.8690664768
1590,607.362243652,232.448776245,19.8636894226,46.5181007385,13.5439276695
1590,607.870788574,63.7228851318,20.0210895538,62.9794425964,8.26058462262
1590,573.628845215,180.903427124,24.295797348,71.5533294678,6.67183473706
1590,541.256652832,316.468658447,21.3842391968,48.6186523438,2.37381570041
1590,551.832580566,325.677398682,20.9898872375,48.3763542175,1.04288076982
1590,93.4324874878,154.117340088,23.9952106476,66.3613433838,0.546905677766
1590,619.749450684,184.623580933,19.5152511597,92.1185913086,0.519130099565
1590,573.189575195,339.012634277,21.7624263763,50.0468330383,0.366460345685
1590,582.583312988,46.1745262146,41.4776611328,118.903961182,0.0930570298806
1590,530.809082031,36.9853935242,55.4382629395,136.380661011,0.00657790005789
1620,98.218132019,172.130203247,20.8514766693,52.2938690186,35.126054287
1620,551.194335938,41.8724975586,21.7158298492,51.2632255554,17.2981262207
1620,538.226257324,131.125610352,24.7308444977,63.6573181152,7.77030736208
1620,81.60181427,172.740905762,19.1900806427,53.7698402405,3.34013216197
1620,552.369445801,132.018234253,21.4345188141,55.9903717041,1.08119221404
1650,21.3458003998,163.890548706,30.6241073608,68.8944320679,33.3854824305
1650,197.284561157,158.148956299,22.7866573334,55.6720123291,0.263254228048
1650,460.14932251,200.447097778,17.5291366577,51.1796875,0.0172134896275
1650,416.265106201,168.330978394,22.7164554596,62.3863868713,0.00443053795607
1650,449.200286865,205.96937561,19.2465209961,46.0988769531,0.00111511535579
1680,178.812850952,160.529800415,19.5202484131,54.8997306824,20.2202811837
1680,462.700286865,141.105514526,31.0427780151,80.2513656616,2.96552628279
1680,77.8742141724,188.195755005,19.3315067291,43.4244842529,1.12195117399
1680,403.581298828,125.800621033,22.0621337891,58.6082267761,0.419841846451
1680,88.6784133911,181.733261108,18.3244724274,48.8529090881,0.154141231906
1680,547.898498535,60.4498100281,28.613111496,71.1498031616,0.00709909581929
1680,477.805084229,198.234695435,19.5702037811,51.8854370117,0.00280971162283
1710,14.5774259567,184.741378784,20.9304771423,48.6124000549,55.5260002613
1710,29.8373184204,160.065048218,20.8094959259,60.15001297,22.755818069
1710,176.685623169,167.456878662,23.5240955353,51.772277832,3.11658531427
1710,5.75883340836,168.46723938,18.7279720306,56.5127449036,1.19483880699
1710,188.847793579,160.031646729,20.0765514374,49.7878570557,0.281926593743
1710,428.970245361,98.0935668945,23.7973384857,79.0664291382,0.0481560447952
1740,159.428115845,154.294052124,28.5292282104,56.4605751038,2.81584784389
1740,507.557373047,177.98274231,20.5111217499,58.5647163391,0.250195153058
1770,609.153503418,171.53944397,23.6051712036,65.302116394,6.51782527566
1770,536.461730957,28.7517528534,30.7804489136,54.8087921143,1.4265535242e-05
1800,358.904754639,168.853591919,22.3669986725,48.6320610046,67.056119442
1800,156.111404419,155.908477783,22.5829296112,52.4887886047,0.456296792254
1800,408.28616333,164.077575684,24.2381000519,49.5451316833,0.29745164793
1800,397.069854736,172.173660278,22.0917053223,44.1899528503,0.0696101342328
1830,248.153091431,160.809066772,25.1553516388,58.5090942383,93.5826420784
1830,38.2469596863,141.531524658,28.5720596313,60.2839164734,1.67146679014
1830,404.472900391,166.702697754,19.1006069183,44.9094238281,1.20215890929
1830,312.080352783,164.909317017,26.2973194122,52.6517181396,0.352603103966
