30,596.656311035,209.489089966,30.1133899689,65.6441421509,24.6800914407
30,10.4115934372,213.763977051,17.6416988373,42.2642059326,0.800014380366
30,74.454864502,71.8197097778,25.0004253387,68.1718215942,0.54743164219
30,20.3454990387,208.49357605,17.0960254669,43.7956237793,0.151724927127
30,45.1445579529,166.578414917,26.8710918427,61.7441825867,0.0696471368428
60,434.546905518,184.086380005,27.0909938812,62.1819572449,0.00343163192156
90,7.47882127762,186.424667358,17.6926174164,45.6812896729,1.112665236
90,470.512939453,188.614440918,22.4232254028,61.9909973145,0.540241971612
90,156.421554565,125.29083252,21.2897624969,66.4110641479,0.100933213253
120,174.140563965,159.129959106,27.6041126251,62.6663627625,40.4499053955
120,188.774703979,153.406448364,22.5411529541,55.3423728943,0.638722069561
120,119.551216125,129.567214966,32.2082252502,86.5864944458,0.5951912608
120,119.244621277,190.878295898,19.6805000305,41.9781532288,0.155025464483
120,586.37878418,161.065078735,27.2994995117,85.8313369751,0.0563449750189
150,74.1545181274,176.940063477,19.8690738678,54.2611579895,27.686342597
150,152.185028076,156.091262817,30.3081684113,64.3479232788,15.4014468193
150,11.1355781555,157.669189453,27.8067798615,85.7613143921,1.52153205127
150,94.7384719849,183.632202148,16.5014972687,42.7132759094,0.753792701289
150,469.576141357,144.977615356,20.1506481171,52.383731842,0.732646789402
150,616.681213379,63.2929496765,17.3927555084,52.6444282532,0.651629501954
150,50.9653320312,200.971740723,19.7972259521,40.2795829773,0.187738158274
150,173.80116272,157.651443481,21.7803592682,54.8880805969,0.13950963039
150,63.6125068665,192.95111084,19.2886180878,50.9099998474,0.059108925052
150,72.1466369629,74.0587463379,30.1232242584,82.1630935669,0.0105903651274
150,552.711425781,25.7452602386,26.3096446991,64.7483139038,6.93399615503e-08
180,122.038856506,173.764144897,23.8098449707,53.8725585938,7.95106142759
180,156.485916138,154.489135742,25.1170101166,62.0940437317,1.10068302602
180,62.8051147461,176.222961426,24.6519527435,52.7227363586,0.553969666362
180,203.585861206,95.6430435181,20.4485187531,52.4333534241,0.255260057747
180,497.195922852,149.161758423,19.4376564026,63.6147460938,0.115136208478
180,11.2155408859,201.559921265,17.5429935455,43.1579322815,0.103248504456
180,563.714172363,194.004257202,28.7271270752,65.0064544678,0.0202915849513
210,514.102844238,137.408950806,19.9250335693,64.2561416626,33.2738786936
210,129.77796936,151.776580811,28.1307468414,63.9284858704,19.4745317101
210,63.9521026611,174.218505859,25.1573314667,61.237247467,5.18015362322
210,435.696899414,159.154983521,23.6546611786,63.1155052185,2.1921640262
210,117.119544983,155.56628418,20.9590549469,54.5774383545,1.78457219154
210,15.4030160904,166.985183716,23.1109085083,57.9233093262,1.36683695018
210,93.5124435425,166.782745361,19.8735542297,51.7873268127,0.302459066734
210,36.6696510315,175.43951416,21.6448898315,54.5398101807,0.23886077106
210,253.700317383,176.444869995,20.7393856049,44.0728569031,0.207694736309
210,19.429517746,52.3147087097,19.1802310944,46.5617828369,0.18341219984
210,526.406860352,158.553085327,17.8921699524,58.8439903259,0.0273908197414
210,535.778198242,71.4209213257,20.4430770874,58.6056480408,0.0179988448508
240,9.42123126984,165.634170532,23.5013790131,65.9338378906,10.5318449438
240,538.528381348,136.740768433,23.167963028,58.6196022034,3.11289094388
240,104.974479675,139.878799438,30.7029781342,74.8938293457,3.01504544914
240,14.1043777466,196.416992188,27.9182281494,50.3576393127,0.702778436244
240,49.1258964539,165.912658691,24.7725887299,51.2893791199,0.403888523579
240,445.330322266,154.374633789,21.9547100067,53.0748405457,0.327501702122
240,7.12259435654,42.5767173767,15.1091566086,45.9310340881,0.170634372625
270,574.667785645,125.93170929,20.4749011993,53.7146873474,0.930129922926
270,14.3275213242,148.256790161,26.6353435516,63.3107147217,0.745898252353
270,57.838394165,151.224380493,27.8480205536,55.9654808044,0.0851896998938
300,589.556640625,124.795166016,29.274597168,75.2198104858,2.77061276138
300,484.439331055,174.154495239,18.6371860504,43.2414093018,1.28448866308
300,593.563537598,75.7789230347,21.4361171722,56.2495765686,0.406385865062
300,51.3608703613,162.493026733,29.5723285675,60.9188575745,0.352143985219
300,99.2442092896,197.254882812,20.1686592102,40.4989776611,0.0589524046518
300,41.2089195251,179.587036133,19.0901165009,42.2962036133,0.0266066868789
330,600.358520508,148.231842041,21.4156646729,51.6109008789,3.93071472645
330,585.789855957,127.637237549,27.8819961548,72.2406845093,0.886906310916
330,38.4464530945,164.523757935,28.8611984253,65.0886459351,0.729066971689
330,82.9740982056,193.121658325,20.5124378204,43.1083526611,0.406042393297
330,226.871902466,173.330932617,21.1940288544,42.6941986084,0.242505897768
330,109.317481995,99.5484695435,22.4457530975,55.2179756165,0.0834975624457
330,26.6724567413,170.558959961,24.2996311188,49.9594764709,0.0600220519118
360,595.450500488,145.329681396,30.1117687225,59.7631645203,3.99516820908
360,615.192626953,151.137588501,17.168214798,42.2981834412,1.73591468483
360,482.598236084,169.880828857,26.0670261383,48.6585083008,1.69503297657
360,27.9984073639,164.138626099,27.866355896,59.3564147949,1.07316644862
360,217.36907959,81.9585037231,22.3195114136,50.9183006287,0.0543064379599
390,472.463775635,169.313964844,24.9226665497,52.9478034973,5.24482168257
390,497.434082031,170.062545776,23.9613285065,47.497303009,4.21183742583
390,78.5654907227,194.668075562,20.8188896179,41.311214447,0.171609257814
390,34.6132087708,159.805496216,28.6039943695,66.2485733032,0.107011152431
420,607.819091797,155.110427856,18.8528671265,45.9422264099,1.47258285433
420,163.990020752,183.288650513,23.8360748291,47.8168830872,1.45340999588
420,227.609420776,179.670593262,23.9676895142,45.6524009705,0.747762015089
420,591.847473145,134.430557251,29.3388977051,71.6147613525,0.609442172572
420,78.8603286743,199.862731934,19.7641162872,43.3011436462,0.288656097837
420,33.8729515076,166.624923706,30.177110672,64.5991897583,0.10547839338
450,603.619140625,153.224304199,24.9829959869,72.136932373,3.34125459194
450,479.402435303,176.737228394,27.2709369659,45.4275512695,3.211466223
450,23.143163681,169.568649292,28.1795063019,54.6517028809,0.754780927673
480,614.782958984,157.19859314,16.9472370148,42.0901794434,1.01428469643
480,78.4385375977,194.239364624,19.653547287,42.9473838806,0.171012070496
480,49.2923126221,178.805038452,21.0055522919,55.5828437805,0.130410480779
480,230.979629517,181.652954102,21.3467025757,39.7902946472,0.103593454696
510,497.306488037,173.135665894,25.1334400177,48.6898231506,1.68850757182
510,614.762695312,157.349746704,17.5266456604,42.372631073,1.17602292448
510,601.996520996,149.495651245,21.9743881226,53.997177124,0.65452628769
540,382.270294189,39.2779426575,24.9098377228,59.8258628845,1.74502227455
540,614.390014648,158.472457886,17.8705615997,41.8393211365,1.23869925737
540,161.797698975,170.723678589,26.5979557037,55.7814941406,1.10294418409
540,27.4748535156,167.185958862,27.8936481476,63.658405304,0.21345121786
540,21.0377025604,180.756591797,18.5363044739,44.4017944336,0.0571126525756
570,500.244384766,168.854232788,19.7814941406,49.6109733582,2.54391375929
570,615.133361816,157.137374878,17.0503063202,42.402759552,1.09653742984
570,602.306030273,149.114593506,22.0307102203,52.0315208435,0.833426602185
570,232.1822052,182.534729004,23.2881183624,41.4188194275,0.307024409994
600,167.119979858,178.297912598,20.2295265198,49.7563781738,1.99463628232
600,26.4377346039,166.041946411,25.3623828888,59.9634399414,1.06863444671
600,598.625183105,145.477737427,27.4111881256,57.9278259277,0.816914625466
600,83.7916946411,199.511520386,19.8763809204,43.8050880432,0.126088317484
600,231.469833374,185.257461548,23.9845142365,39.2343788147,0.0675832328852
600,214.158248901,96.8475723267,24.9486179352,48.251499176,0.0274579651887
630,160.903427124,178.818237305,23.262140274,52.9835548401,5.65460622311
630,598.185302734,145.628005981,26.5896472931,58.8175354004,1.67383477092
630,32.1689720154,169.651260376,29.3341999054,63.7137908936,0.410672044381
630,21.7980861664,177.017868042,18.3146533966,48.4867553711,0.150543043856
660,162.054718018,179.63710022,22.1097564697,50.9005432129,8.82711708546
660,503.3855896,167.410812378,20.0723686218,51.306350708,2.8137229383
660,601.97088623,154.522323608,23.3232440948,53.729095459,0.345023185946
660,25.7062454224,162.844039917,26.9593353271,61.983997345,0.255883764476
660,223.582290649,182.129318237,20.2713184357,40.7709236145,0.0268469913863
690,463.245025635,167.611831665,21.2230548859,53.7910881042,7.97420889139
690,498.888214111,161.15826416,19.7338733673,59.961025238,6.24538585544
690,161.676757812,173.013549805,21.9422130585,55.1020050049,3.5403188318
690,615.134399414,156.718200684,17.1911296844,43.4326667786,1.26627832651
690,602.313903809,149.469177246,22.2856998444,53.01745224,0.374212069437
690,224.194656372,181.415328979,19.0685005188,40.7080535889,0.0192310995772
720,597.040771484,148.169372559,25.5527267456,55.3824157715,0.470297271386
720,27.8653564453,161.388259888,27.6293048859,67.617149353,0.151665112935
750,462.201660156,167.818603516,21.9167957306,55.1549949646,5.02224639058
750,160.958084106,177.452636719,22.9937610626,53.9478569031,3.50298509002
750,598.160888672,146.223983765,27.3094558716,57.5472564697,1.82813443244
750,475.53817749,181.625961304,27.0454463959,42.9603004456,1.6758326441
750,500.148406982,173.21156311,19.3296337128,46.9951324463,0.388121046126
750,384.376342773,41.8175010681,26.8617782593,59.5355987549,0.21315976046
750,27.6268978119,162.82649231,28.1295337677,64.4549026489,0.194912112784
750,45.1205596924,174.104629517,20.868894577,57.2326774597,0.0950757821556
780,499.058135986,173.914016724,24.832201004,51.149433136,2.96611841768
780,241.757217407,182.971069336,24.6928634644,41.7122993469,1.05467764661
780,615.648376465,156.403427124,17.3094120026,43.5601043701,1.02667361498
780,162.728927612,165.06187439,20.6891689301,62.3424186707,0.724757835269
780,597.591491699,134.502838135,28.8836898804,71.5562362671,0.534502975643
780,78.90965271,199.530288696,19.3774929047,44.3052864075,0.408832309768
810,476.156982422,180.812316895,27.2023677826,45.2352256775,3.45521047711
810,615.071472168,155.743743896,17.3255691528,43.926410675,1.36730922386
810,601.365966797,149.004837036,23.2674636841,51.574420929,0.551668787375
810,28.7662906647,162.851913452,27.50689888,64.2939758301,0.534017430618
810,21.0182476044,181.169723511,18.4094009399,46.3392791748,0.0872230739333
810,376.556365967,39.9622459412,38.377166748,63.429523468,2.38109024053e-05
840,498.21081543,174.382278442,22.7048511505,48.3901329041,3.54606471956
840,419.129150391,156.1615448,20.0876483917,71.2968292236,1.56148765236
840,597.432373047,135.694625854,29.0695037842,69.3584823608,0.823069550097
840,171.761306763,170.412445068,20.1603507996,55.0346946716,0.0901997904293
840,31.7604732513,158.557907104,26.0933456421,68.0422058105,0.0475352688227
870,472.446777344,174.271240234,28.2207584381,54.5684394836,9.92472693324
870,22.7483119965,181.422012329,21.9115314484,52.4067382812,3.70059348643
870,614.521789551,158.571105957,17.9836959839,48.2114372253,2.50456109643
870,26.6714782715,150.424179077,31.2984790802,66.2670440674,1.25982239842
870,414.928985596,147.089187622,26.1499176025,82.0753860474,0.971918739378
870,599.121826172,145.899597168,23.3618488312,63.781829834,0.721583887935
870,211.148880005,88.8278121948,22.3681716919,50.7912864685,0.0308112124912
870,381.039703369,47.5578308105,42.5901603699,59.3605499268,0.00238328339037
900,612.11907959,170.257095337,17.2997226715,50.7687263489,32.6992183924
900,11.1106119156,180.48236084,24.5974407196,65.9496002197,10.0718855858
900,418.903320312,156.109313965,27.5867671967,75.2667617798,5.64505495131
900,149.092575073,176.094177246,23.0854930878,60.368686676,2.89168376476
900,381.86416626,36.2727775574,34.0267105103,65.4352340698,1.36498585343
900,536.540100098,189.545043945,19.1712589264,41.5550727844,1.03366663679
900,219.791809082,190.275497437,19.8205165863,39.204875946,0.0681072764564
930,10.443236351,200.729904175,22.1626911163,67.6855545044,20.6983864307
930,92.5635681152,200.40447998,21.3498325348,48.2516593933,4.44085560739
930,424.006958008,156.39201355,28.2512111664,80.2439041138,2.91616562754
930,70.5556259155,205.429992676,26.6959381104,45.0732574463,2.23543904722
930,417.883636475,208.211669922,22.9739398956,43.885761261,1.24413315207
930,25.5556240082,201.830581665,16.0545902252,44.1503334045,0.228740507737
930,64.5408401489,101.224067688,30.8304195404,66.4930267334,0.19246613374
960,60.3090209961,202.557449341,21.3946056366,47.9928474426,27.9796242714
960,603.331237793,202.850875854,24.2935428619,53.364074707,10.3208839893
960,29.129404068,216.067611694,25.9365692139,44.159412384,4.4094234705
960,43.9515228271,218.949081421,22.3165149689,44.3952674866,1.92475691438
960,14.0924377441,195.465103149,23.4940280914,59.3856163025,1.75049956888
960,567.44317627,220.866516113,21.8521060944,44.0251121521,1.49115631357
960,465.938354492,120.008857727,24.6818332672,78.5658340454,0.340235023759
960,428.939361572,138.024902344,32.5781059265,83.5399169922,0.0710686959792
990,13.0145950317,196.665328979,20.573266983,59.5800514221,15.1656970382
990,24.6913909912,185.337783813,30.2961330414,70.9242477417,9.14305523038
990,42.1130065918,125.494178772,59.0637207031,135.732757568,4.00151312351
990,611.398864746,250.793899536,16.6452636719,48.6543693542,1.71045847237
990,173.072265625,204.028793335,21.9567623138,56.980381012,1.0025523603
990,412.937011719,216.654373169,20.7272853851,54.3748168945,0.472464691848
990,449.312164307,163.668960571,28.1416416168,68.8095932007,0.41313143447
990,510.478057861,221.27961731,19.4530391693,51.7882080078,0.366770173423
990,286.579650879,393.537017822,21.6130084991,59.8843841553,0.306892278604
990,409.765411377,92.3355407715,28.7556400299,61.1904029846,0.00298832674162
1020,611.354187012,25.0290546417,18.2373504639,50.8629493713,17.1613484621
1020,175.989212036,177.593139648,21.9818878174,57.0306282043,9.55743864179
1020,535.047424316,96.9390029907,22.3842849731,65.5930252075,4.58759181201
1020,77.0854110718,214.608474731,22.925994873,54.4791374207,0.916726421565
1020,493.801879883,247.025100708,26.4096088409,47.0591278076,0.533178355545
1020,567.797302246,91.0645141602,26.081407547,60.1861305237,0.507192546502
1020,66.1605911255,230.244827271,22.4763889313,46.9576148987,0.321876630187
1020,475.885467529,185.752075195,30.5595397949,88.0459518433,0.277777481824
1020,538.769348145,29.1207733154,18.4082736969,64.6328048706,0.170405837707
1020,533.63482666,181.470275879,26.5263843536,74.6534042358,0.149155838881
1020,67.7459106445,69.7389450073,20.5722255707,54.2578125,0.0523898750544
1020,149.939346313,167.046722412,36.3315658569,75.5214691162,0.00419685566158
1050,10.0373077393,221.023376465,19.6644973755,48.5501594543,41.9591367245
1050,161.764556885,155.736358643,23.9608440399,59.860622406,27.8516441584
1050,539.862243652,144.462356567,81.4581680298,135.918319702,17.914326489
1050,30.5918331146,216.319030762,19.276058197,51.3234596252,1.43718495965
1050,419.770782471,163.403381348,19.5787296295,50.5159797668,0.925995502621
1050,408.993743896,155.289611816,20.543012619,48.6248435974,0.145411479753
1050,129.409408569,33.9294929504,20.4565143585,44.2236671448,0.142841367051
1080,467.643707275,135.374557495,20.5005645752,58.2392578125,0.982524361461
1080,117.967582703,142.486053467,19.5676822662,54.7940254211,0.279847206548
1080,83.0548171997,169.951812744,19.4717350006,55.700302124,0.0233080732869
1110,517.566223145,54.4975280762,21.3180122375,68.5438919067,20.1053142548
1110,22.9827213287,70.7986068726,32.8749389648,85.4842910767,8.14862251282
1110,552.459472656,54.5270690918,72.068145752,178.953201294,3.27287465334
1110,565.94720459,118.51385498,36.3350563049,87.7487716675,0.595343066379
1110,495.779998779,108.943092346,17.5783882141,49.465221405,0.11724466458
1110,37.7080116272,115.789794922,18.1824550629,51.7525901794,0.0449406885309
1140,570.352600098,60.8021240234,24.1995410919,88.6889419556,28.1994998455
1140,549.056091309,73.8324890137,30.3489780426,77.0539550781,3.70440594852
1140,456.503204346,60.88722229,18.2906799316,59.4111442566,0.0778560643084
1170,504.703277588,119.491333008,17.9992084503,44.9612922668,9.87369567156
1170,491.506103516,107.521430969,19.5850734711,54.6736297607,1.80895514786
1170,505.65927124,37.3217735291,20.5208759308,60.8322944641,0.404056394473
1200,606.342468262,152.367599487,20.7686920166,54.3250389099,69.7783529758
1200,114.484161377,86.3576660156,19.7003574371,64.4504318237,0.22912886925
1200,489.138183594,150.670166016,16.8465061188,47.9875450134,0.0108766769699
1230,270.614898682,60.0174865723,28.56158638,55.7249145508,1.58105064183
1230,115.63469696,97.0590591431,26.0592365265,79.7475128174,0.184041762259
1230,290.494110107,61.3075866699,21.505022049,59.5514678955,0.092721049441
1260,11.6575393677,41.6626472473,28.109960556,68.1264266968,5.08677959442
1260,602.974914551,176.743331909,19.6133842468,51.0232696533,1.34302051738
1260,56.9885826111,70.2779541016,33.9197349548,90.3940048218,0.525584025308
1260,13.3652677536,74.5869979858,33.0158042908,78.8895645142,0.328066502698
1260,250.549133301,38.7817077637,33.5027236938,77.8011169434,0.0262801506324
1290,254.288955688,281.272735596,22.566400528,51.8331451416,2.90405116975
1290,441.375946045,190.330627441,17.6483821869,47.0998535156,1.33277662098
1290,220.92515564,179.368347168,21.4043102264,54.5295524597,0.404343288392
1320,19.6951141357,166.670669556,43.0998840332,83.8125991821,19.649001956
1320,613.534851074,154.317886353,18.5220947266,51.4316215515,10.4055188596
1320,212.858947754,156.525802612,21.3837833405,64.395324707,3.33515517414
1320,72.7213668823,295.092987061,20.6634731293,45.2382659912,2.72666271776
1320,346.490844727,191.842147827,22.278968811,44.615032196,1.18896216154
1320,292.707275391,177.222595215,27.3760929108,56.2462730408,0.17326711677
1350,211.423019409,195.791564941,20.5337429047,45.1072273254,81.0357868671
1350,162.511825562,192.950363159,23.937538147,53.092086792,7.83715471625
1350,105.546470642,175.910888672,27.072883606,68.147315979,3.75736132264
1350,85.39478302,164.544189453,23.7796802521,69.7501144409,3.4627828747
1350,555.616149902,148.273880005,22.1395397186,65.023223877,1.52573743835
1350,94.1818237305,287.069702148,20.0861110687,46.6348228455,1.09267150983
1350,240.941726685,180.02583313,17.4624214172,56.3021240234,1.05749294162
1350,23.6666469574,175.677612305,29.3505249023,88.6685714722,0.819156412035
1350,223.390182495,191.25038147,17.4391345978,50.8620109558,0.407039094716
1350,61.1255683899,291.173492432,21.4707336426,46.789932251,0.275026052259
1350,581.020263672,199.575241089,16.972322464,44.0717048645,0.264364876784
1350,38.8892288208,153.529586792,30.4253082275,63.5888824463,0.236052949913
1350,196.905593872,192.031723022,18.3085956573,45.8745880127,0.194760551676
1350,271.776733398,193.789840698,25.3935928345,46.7309989929,0.138160574716
1350,600.049316406,196.657409668,23.1381320953,62.4549064636,0.117216154467
1350,543.397277832,153.514450073,19.5456256866,57.4259910583,0.107414450031
1350,183.299880981,190.662475586,18.2807292938,46.4584503174,0.0719670322724
1350,72.7864761353,156.577606201,22.4557552338,67.5551223755,0.0063048391894
1350,58.2386436462,147.329345703,23.1037273407,69.387298584,0.00515393367095
1380,55.6418190002,197.595077515,25.6739406586,57.8328590393,97.5058913231
1380,531.446716309,151.498596191,21.3306713104,73.3916320801,27.116265893
1380,610.858947754,199.462097168,19.7616233826,53.6779136658,22.7398455143
1380,35.6227607727,177.687820435,21.5681686401,69.5101089478,13.4956210852
1380,124.707527161,126.170845032,27.0316390991,102.632911682,5.8185774833
1380,86.171333313,196.148574829,23.101234436,51.6149597168,5.18801361322
1380,47.1287994385,189.737991333,19.0429916382,62.2444496155,4.63114194572
1380,153.352432251,169.195449829,19.715965271,68.8327255249,4.57284115255
1380,72.0453186035,199.505569458,21.2014961243,58.1112937927,3.04721016437
1380,510.593994141,187.532669067,18.8055496216,42.3963546753,2.34208982438
1380,582.882019043,173.701644897,23.8291702271,55.6517295837,1.7891023308
1380,83.1192169189,288.284698486,20.1957950592,49.2135009766,1.41268419102
1380,9.70345592499,215.719680786,17.7088603973,48.5524482727,1.27870664001
1380,19.0345058441,212.122314453,18.6743240356,48.2981681824,0.71242027916
1380,157.142745972,401.64855957,21.0326309204,48.5679626465,0.576875824481
1380,231.667495728,199.456893921,24.6665802002,40.6653556824,0.573917524889
1380,523.324768066,161.956802368,17.2622928619,59.4898071289,0.561790401116
1380,612.204833984,140.528427124,17.511390686,55.0481834412,0.50688222982
1380,343.983306885,277.203338623,21.5113296509,49.9393615723,0.461177062243
1380,328.332489014,284.367218018,21.5984516144,48.5934867859,0.453386362642
1380,121.903770447,116.618400574,22.2053833008,55.5069580078,0.262860115618
1380,172.931518555,404.398529053,21.6782684326,50.5424995422,0.120795075782
1380,601.362121582,194.030273438,18.975851059,45.3278198242,0.0289932038868
1380,515.518371582,129.970901489,20.9402866364,61.0294342041,0.0197658053366
1410,520.29284668,121.381263733,29.2801876068,79.8731460571,16.4350241423
1410,28.1979141235,137.29309082,38.1100502014,106.598724365,9.8684489727
1410,49.2996940613,136.870056152,35.7589912415,100.300971985,8.80742818117
1410,102.812385559,139.746963501,22.9618930817,62.5662689209,4.95680086315
1410,73.8718032837,149.150680542,25.6149959564,85.8248291016,1.87696944922
1410,280.535095215,296.89642334,21.053943634,57.0677032471,0.683953659609
1410,175.747146606,191.350021362,24.8964767456,45.2323493958,0.552233029157
1410,160.991073608,183.442260742,26.8148136139,49.5780487061,0.435863621533
1410,98.7225875854,291.622406006,20.6431102753,42.8259773254,0.36509053316
1410,539.862609863,119.836082458,19.1926212311,63.8015022278,0.251900870353
1410,56.9210090637,80.800453186,21.6157207489,56.7521972656,0.110785313882
1410,6.89234161377,132.329330444,27.826883316,92.6359024048,0.0686538580339
1410,65.0857009888,86.412940979,28.3231716156,72.7333450317,0.0177931651706
1440,518.450744629,140.545578003,21.5223560333,69.4024124146,35.9962075949
1440,570.133605957,155.475906372,25.0231304169,63.5177879333,5.59157170355
1440,130.745895386,190.398361206,26.0725650787,48.2181549072,3.39933484793
1440,9.08839321136,368.82901001,19.6608448029,49.4355049133,2.18070689589
1440,110.288917542,183.708618164,23.1356678009,54.0010871887,1.66000071913
1440,177.683700562,353.574920654,23.1625652313,53.7901268005,0.860741175711
1440,543.584350586,136.17930603,18.9550228119,68.1889801025,0.401259353384
1440,99.0710449219,171.372085571,22.5107517242,65.1511917114,0.0706100021489
1440,6.92983102798,79.3580780029,24.7323989868,72.714225769,0.0434781104559
1440,41.0786552429,200.155807495,25.8510303497,53.7168922424,0.0331434304826
1470,611.905822754,172.183776855,17.8902721405,46.802532196,19.9665054679
1470,561.782409668,74.4378738403,28.5301074982,99.6556091309,5.31057305634
1470,572.684997559,130.317947388,22.9064731598,101.823600769,4.66023236513
1470,521.765258789,136.074447632,30.1927242279,86.5947036743,2.62404885143
1470,601.074951172,161.026290894,19.9468708038,52.8152923584,1.22752906755
1470,451.768432617,174.33782959,20.0748844147,51.0070381165,0.901270657778
1470,107.783836365,179.595214844,25.0552883148,56.8666572571,0.373850041069
1470,565.291809082,131.219772339,19.5384426117,56.14402771,0.116076506674
1500,600.638366699,125.903747559,23.3537063599,103.694091797,70.8254337311
1500,614.696350098,160.990005493,18.2857627869,55.437374115,5.45531995595
1500,593.891479492,122.904853821,21.2407016754,59.8972358704,2.12190691382
1500,584.049194336,81.7853622437,28.1592960358,84.7496490479,0.643196888268
1500,465.230804443,183.217529297,20.5337619781,43.9611625671,0.385926896706
1500,611.566467285,123.728355408,17.2547645569,53.7582244873,0.33593676053
1530,600.47833252,49.0815238953,26.4888286591,102.483520508,42.5387769938
1530,612.566589355,182.907180786,14.9986772537,47.7633018494,25.6193935871
1530,609.596374512,120.255989075,18.2250041962,63.6785545349,2.02540736645
1530,611.688659668,48.1467628479,21.5118560791,53.8232917786,0.65298974514
1560,611.360290527,183.548828125,17.8545589447,50.1273841858,36.6606593132
1560,612.250549316,51.7124633789,19.190946579,50.5240135193,14.3682435155
1560,610.887817383,119.52986908,18.9299125671,58.0047035217,5.30029423535
1560,92.8014755249,190.039077759,27.4761962891,53.6910858154,2.87722721696
1560,597.247009277,82.2095108032,26.7498168945,85.2956390381,0.175559276249
1560,100.46685791,89.7266845703,32.6209831238,80.3875198364,0.00176998364623
1590,612.700622559,188.186904907,15.8777542114,49.7558326721,43.3200895786
1590,610.262390137,57.2348937988,21.5630702972,70.650100708,18.3066099882
1590,537.007568359,191.161087036,18.4197025299,44.6731567383,1.03934975341
1590,91.9801712036,183.109664917,27.7061595917,63.4762573242,0.616900250316
1590,611.989929199,122.002838135,18.6151580811,64.2413406372,0.598891917616
1590,549.502746582,193.836227417,17.8693943024,41.97108078,0.509555963799
1590,462.153839111,192.353027344,22.9025115967,45.4157218933,0.103742408101
1590,72.3848571777,186.485046387,25.7341690063,54.180973053,0.0818820670247
1590,597.422912598,89.716003418,25.525056839,91.4874954224,0.0591653923038
1620,611.117370605,183.48046875,18.0173168182,57.8603782654,24.8450130224
1620,614.360412598,58.7747497559,19.2955722809,59.2213745117,7.48075023293
1620,22.6974239349,190.092453003,23.3151321411,58.0518035889,2.2414304316
1620,441.722045898,193.158615112,21.2509784698,51.1370582581,2.1981569007
1620,40.8993797302,203.608810425,21.9937343597,46.7839851379,1.67194548994
1620,615.934387207,137.958099365,18.9375419617,60.3260345459,1.25680482015
1620,92.7292709351,194.048141479,22.7943172455,59.6506500244,1.18736233562
1620,554.396606445,198.22328186,18.6535625458,41.3577537537,0.658994074911
1620,536.987304688,193.477645874,18.3022861481,44.0061073303,0.5589582026
1620,460.347015381,197.479476929,23.6260547638,46.025592804,0.181797996629
1620,53.3852958679,199.592147827,22.9413928986,48.7872200012,0.155240448657
1620,603.502441406,108.57900238,25.863904953,81.6940612793,0.0722326280084
1620,94.993812561,94.2986221313,38.173614502,82.3772201538,0.00352211864083
1650,615.233215332,214.694412231,17.8688793182,46.1612548828,4.46722283959
1650,17.2056026459,206.182922363,20.8572807312,53.4126853943,3.45139615238
1650,442.329193115,204.25378418,17.4774608612,49.8745727539,2.20985878259
1650,189.827453613,294.926696777,20.5452442169,45.8859596252,1.24252531677
1650,215.657089233,279.132080078,21.6963272095,47.8067207336,0.337594328448
1650,560.095153809,215.20526123,18.1814479828,38.7272529602,0.274803373031
1650,472.222412109,206.59992981,18.7092285156,43.8117866516,0.210703955963
1650,28.1391372681,208.151657104,23.6578674316,50.2071380615,0.181877578143
1650,45.0889701843,204.419677734,21.2948360443,46.1014518738,0.122822250705
1650,51.365322113,146.309738159,34.3855056763,94.4010009766,0.0960201025009
1680,450.239746094,208.176925659,21.4233932495,52.4779510498,9.36777889729
1680,614.928649902,131.609207153,17.7391338348,46.5374488831,1.63167305291
1680,226.886108398,281.163909912,21.1955318451,49.3271827698,0.980911124498
1680,488.900238037,220.381652832,19.5688285828,45.0267982483,0.460068369284
1680,141.839920044,319.010345459,20.9315242767,46.9210548401,0.435334723443
1680,270.116973877,306.135620117,20.9885883331,53.6353721619,0.35057158675
1680,29.6506195068,143.381347656,29.8381023407,74.7680587769,0.236539752223
1680,498.087249756,212.729125977,21.7717647552,47.1992378235,0.2214029897
1680,472.73348999,219.754592896,19.1802158356,43.7558441162,0.133003178053
1680,30.0076541901,190.18371582,23.116109848,55.1829414368,0.118755584117
1680,270.072387695,401.714355469,24.0075054169,57.3926696777,0.0184271149919
1710,548.493713379,218.213180542,22.9924545288,51.7919311523,7.70758390427
1710,7.51833868027,167.398910522,15.8764801025,51.4755973816,6.01918920875
1710,14.6798810959,173.172805786,20.3840084076,53.6574249268,1.91073883325
1710,22.0406112671,149.897201538,27.2852687836,65.4480056763,0.152043625712
1740,493.14151001,206.246444702,27.3901443481,61.5716590881,9.0858489275
1740,578.84375,265.880828857,20.8456516266,51.068271637,1.4142986387
1740,611.036193848,216.487869263,20.1136550903,47.3923454285,0.21639992483
1740,598.737182617,257.018829346,23.6456890106,67.4586181641,0.202820263803
1740,509.925811768,223.966125488,33.8850212097,92.9558944702,0.129741849378
1770,82.2686386108,185.053817749,23.8294086456,49.3327484131,10.5838418007
1770,487.032440186,206.281921387,30.9742412567,83.5696868896,0.0264163390966
1800,32.8517723083,174.910690308,24.8901004791,61.3491477966,68.6462163925
1830,565.372558594,197.76902771,23.4442367554,58.1127128601,0.869441684335
1830,21.4514369965,60.3990364075,24.1947402954,67.5516891479,0.00222793769353
