30,78.4733657837,218.823059082,33.2744789124,92.1163330078,12.4263398349
30,602.091125488,134.392074585,19.4705677032,53.6927986145,8.32142084837
30,368.064666748,181.504089355,17.8536319733,44.1247673035,0.485251704231
30,338.914398193,171.798538208,25.458524704,64.6650009155,0.381847890094
30,64.5344390869,209.802078247,32.0170402527,78.0863418579,0.0594161741901
60,70.0520782471,221.736587524,37.1127815247,87.1044235229,29.2645454407
60,605.686035156,137.322219849,19.9224262238,49.3866081238,4.1582968086
60,553.885620117,180.533813477,37.9052009583,71.7214126587,0.886834133416
90,609.727478027,139.051193237,17.9288864136,49.5876655579,24.7527867556
90,65.7929916382,219.611938477,35.4277229309,92.4909439087,10.9132483602
90,335.14364624,166.847396851,25.1040477753,60.7143516541,0.438586995006
90,375.121704102,174.518005371,21.1500301361,57.8230705261,0.429476052523
90,17.8204231262,245.084884644,27.9749774933,81.8398742676,0.18680592766
120,603.396484375,136.88117981,21.7410030365,54.0567626953,13.8946607709
120,64.9681167603,224.887710571,43.6019439697,76.439239502,12.2715391219
150,63.5731697083,221.995162964,36.5773773193,99.2010269165,8.7856516242
150,491.553710938,218.307052612,40.6750526428,92.6001052856,0.427455594763
150,548.186950684,63.8120117188,27.210641861,58.1298217773,0.131792656612
150,374.185821533,168.024124146,25.8739528656,61.5330047607,0.120612967294
180,608.671630859,138.89805603,17.7103061676,50.2893180847,9.93010476232
180,71.5986557007,230.058639526,31.4764022827,68.196472168,4.72722239792
180,599.224914551,136.791152954,16.2694835663,54.787563324,3.14395949244
180,376.3543396,164.939575195,23.0621356964,56.5677947998,0.777257792652
180,15.0814657211,234.138381958,29.481306076,78.516708374,0.0641858845484
210,82.6211166382,226.491455078,30.1069469452,61.5737609863,12.4845698476
210,599.488342285,135.541275024,20.8643779755,57.0959968567,7.5010754168
210,375.130737305,163.128082275,24.5999011993,62.5749778748,0.281754741445
210,492.970947266,213.497390747,40.2372550964,93.0242080688,0.269678025506
210,338.179199219,171.55657959,20.7827091217,54.9658508301,0.140088808257
240,608.612487793,138.604446411,19.1296043396,51.4253730774,26.1555612087
240,599.996520996,132.801651001,15.4569978714,55.029712677,3.27425971627
240,618.069274902,52.3256797791,16.3230514526,51.6261787415,1.44604546949
240,498.209136963,218.117507935,39.3036880493,83.4660797119,0.322315702215
270,615.971862793,138.289978027,17.7333927155,52.5668182373,5.54648563266
270,376.358673096,158.887588501,21.4119281769,62.3895454407,3.40207256377
270,340.789642334,183.118942261,24.4892807007,60.7687797546,0.815969053656
270,333.750061035,166.942764282,21.2173404694,55.50182724,0.107429712079
270,505.547241211,202.272140503,41.9745597839,93.0289077759,0.0816194980871
300,336.156707764,178.03767395,33.6599159241,90.0726089478,8.13104882836
300,73.4944229126,213.817138672,27.960149765,73.5565414429,1.19944931939
330,615.388977051,219.201705933,18.997636795,59.452091217,4.78586629033
330,344.952758789,182.848632812,29.2029514313,81.1509933472,1.92529074848
360,500.859893799,207.71647644,33.9039573669,94.8521118164,5.82664124668
360,124.174438477,219.265884399,31.9260234833,79.0851364136,2.80075259507
360,344.3722229,191.043746948,29.8365097046,87.3305664062,0.655222777277
360,117.145629883,150.539169312,20.5962429047,48.5914421082,0.0462244322989
390,572.645263672,211.258956909,49.3184051514,150.978927612,40.0645315647
390,615.219116211,240.677047729,19.3215770721,45.3703422546,1.48752788082
390,419.079071045,149.17527771,22.6657009125,67.967628479,1.05436863378
390,400.01864624,157.902496338,26.8135738373,60.862121582,1.04140229523
390,422.440338135,214.728317261,20.2731189728,49.218536377,0.849927403033
390,352.246368408,186.54145813,29.2154636383,75.9802703857,0.337228085846
420,567.405212402,189.955078125,18.941942215,52.7021789551,3.74337993562
420,450.924163818,193.792373657,23.7961711884,67.959815979,1.79326198995
420,109.848503113,228.171707153,28.9585819244,58.852771759,0.516399927437
420,357.909057617,184.560165405,29.0729370117,67.4069442749,0.12367523741
450,475.093963623,177.149719238,24.7429485321,66.8425979614,25.1104444265
450,6.4200668335,238.24168396,54.4672584534,135.423355103,19.6901828051
450,451.886932373,183.452957153,19.9655017853,50.2838745117,17.2940209508
450,417.547973633,143.297012329,19.7313613892,59.1209602356,2.50102709979
450,140.74848938,214.328613281,22.0944747925,61.4446411133,1.65072735399
450,193.31590271,137.96723938,23.9459972382,51.8765525818,0.219215778634
480,456.511474609,182.098693848,20.2011318207,59.4767570496,76.4944136143
480,482.637939453,175.105712891,20.032787323,60.1236763,62.6508414745
480,516.178222656,187.495727539,17.8264446259,62.5339546204,32.053810358
480,611.860412598,299.239135742,24.0901241302,95.4268493652,11.3928385079
480,469.383087158,180.318832397,17.78865242,59.8729896545,10.9014064074
480,536.567321777,185.016891479,26.533121109,67.2738723755,8.38591456413
480,525.601867676,182.882324219,17.6506748199,53.8447761536,5.46719841659
480,551.327697754,240.366043091,29.1888523102,69.3885726929,2.55712363869
480,553.664489746,182.451034546,20.9358768463,53.0918273926,0.679113157094
480,345.064910889,183.428787231,20.454208374,55.7537117004,0.526139233261
480,502.800750732,185.23840332,21.6206951141,58.6314125061,0.51532019861
480,179.005844116,146.108139038,29.992105484,75.2676925659,0.209702714346
480,627.212768555,312.714385986,12.0255508423,55.9287376404,0.0904963817447
510,474.771575928,180.552810669,21.8109798431,65.8836746216,76.9616603851
510,497.273193359,176.04107666,21.8726882935,65.1203765869,73.8704442978
510,570.909667969,185.323303223,16.3557052612,53.2433929443,58.9306294918
510,542.565368652,180.960083008,21.7690429688,64.9869384766,49.6807515621
510,595.710205078,178.28086853,25.7241039276,62.9195098877,11.3434575498
510,555.507141113,185.493118286,25.0002212524,69.9253311157,6.94938823581
510,510.052246094,171.25944519,19.3589782715,53.9940643311,0.585326040164
510,528.74420166,178.711914062,16.8453998566,50.3440437317,0.331208342686
540,590.003662109,176.334838867,27.2597255707,71.0825958252,98.0355918407
540,513.238464355,183.514602661,26.2178497314,80.2277145386,77.5436758995
540,607.225524902,172.402709961,20.9236335754,88.3692245483,66.3058161736
540,457.368804932,181.380203247,20.1385421753,50.6017036438,38.9098405838
540,541.838684082,206.133071899,24.6327877045,61.7429046631,25.4007309675
540,542.475524902,166.986740112,22.0312786102,64.2087631226,11.5139663219
540,305.929931641,360.455047607,21.2405719757,49.3462257385,2.13226787746
540,479.744415283,166.875839233,18.838634491,46.1159477234,2.12411023676
540,536.043457031,340.597106934,21.2165660858,48.1836357117,1.34914070368
540,528.762634277,187.137893677,24.6763858795,76.225151062,1.19685763493
540,551.631408691,340.316802979,21.2273235321,50.1441192627,0.463297171518
540,506.402740479,177.471176147,20.7506885529,44.5923271179,0.322275375947
540,578.707763672,182.605529785,15.8759374619,57.7662811279,0.296017457731
540,520.902404785,169.794921875,20.59441185,52.3012809753,0.178477191366
540,557.756591797,173.171081543,19.9623088837,67.5960617065,0.0494783453178
540,174.610977173,190.904373169,25.9069900513,71.8788299561,0.010137740901
570,515.934631348,169.657073975,27.1837062836,65.7437057495,24.2864638567
570,602.92401123,163.755722046,23.5478343964,68.9665908813,13.1302714348
570,590.63482666,160.669570923,24.060338974,92.7038955688,2.42773052305
570,559.305297852,158.003097534,18.3557262421,49.5250701904,2.04224940389
570,571.171020508,162.203460693,29.705575943,68.4209136963,1.3731746003
570,536.303649902,165.796356201,17.4076156616,43.4570045471,1.29342265427
570,328.193817139,333.080047607,20.8323764801,48.6605377197,1.1782024987
570,370.501739502,345.872650146,21.6831741333,49.3364982605,0.853423960507
570,360.255767822,337.093536377,20.102399826,47.200428009,0.839848536998
570,615.955566406,191.997680664,18.0412807465,53.5533866882,0.724493898451
570,51.2153930664,179.855606079,27.7803039551,54.5010032654,0.529270246625
570,418.92855835,398.908355713,22.2433414459,51.6632347107,0.479430239648
570,542.476501465,66.0504226685,19.8850021362,49.551525116,0.414083059877
570,616.022888184,156.324356079,17.4811115265,52.6781272888,0.366379390471
570,294.498016357,316.398284912,31.6895580292,73.3333129883,0.187691079918
570,546.246826172,161.335128784,21.874704361,49.7711830139,0.147456058767
570,504.833129883,190.019424438,21.0678482056,60.4164772034,0.0967343512457
570,499.702026367,391.912017822,31.2073574066,56.79945755,0.0898927042726
570,328.817230225,89.341545105,39.2831840515,73.1433563232,0.0797647051513
600,561.379821777,156.654449463,25.190284729,54.4908294678,21.4155241847
600,608.512390137,25.4170513153,18.8504943848,58.8077964783,5.41519410908
600,328.780334473,346.009490967,20.3294639587,49.8944206238,4.60586175323
600,466.340545654,390.458953857,21.3415813446,49.9510345459,4.07148338854
600,578.543884277,157.859008789,18.4320812225,47.9822235107,2.54830215126
600,439.267211914,387.337493896,22.2807559967,50.513092041,1.51168359444
600,278.379058838,347.595611572,32.7963867188,76.8802261353,1.44523661584
600,397.737548828,162.285324097,18.8739719391,48.5093955994,1.34134050459
600,386.553314209,373.70614624,20.9126110077,49.855884552,1.12251136452
600,594.50579834,158.298965454,18.4180622101,47.7210960388,0.656745117158
600,13.2974462509,250.110351562,26.0926036835,89.7450180054,0.631103664637
600,476.420288086,398.311279297,22.3495559692,51.2775001526,0.571716111153
600,605.189758301,152.913864136,17.3656806946,50.9157066345,0.526360329241
600,525.897033691,130.899597168,18.0091762543,50.2613334656,0.359884928912
600,511.710662842,125.603088379,19.7429790497,50.5263252258,0.271966517903
600,21.6546325684,234.985031128,22.9163074493,57.3535346985,0.0383490812965
600,429.729156494,190.521987915,18.5384082794,42.8328552246,0.0284168112557
630,619.113952637,150.387695312,20.6376228333,62.8166046143,4.11129407585
630,463.621673584,179.940811157,22.8826961517,47.0397949219,0.0631608010735
660,606.596618652,169.807937622,20.0669708252,43.5777931213,23.978933692
660,435.346466064,178.294326782,18.9870796204,44.8051300049,1.03055769578
660,446.616363525,184.183273315,18.2660751343,40.5114135742,0.330210616812
660,314.774353027,158.615188599,23.6296863556,56.2233276367,0.17668948276
660,243.022949219,270.039489746,20.9368133545,48.5470237732,0.134197575971
660,548.132751465,98.6700363159,26.6779842377,60.096157074,0.0444908073405
660,417.887664795,126.722328186,21.5365371704,60.7848014832,0.00320390136039
690,576.234069824,177.683822632,19.5169029236,44.4166603088,4.61420416832
690,475.293334961,185.729446411,23.7187805176,53.9006919861,1.76513697952
690,374.197235107,60.5386543274,34.893321991,106.599449158,0.420841621235
720,561.782897949,181.780136108,39.826374054,90.9175186157,35.9255880117
720,584.637878418,165.384628296,18.3130836487,63.5179176331,0.487231276929
720,86.8742980957,182.888916016,19.9232120514,47.7730369568,0.444320449606
750,15.2186470032,194.845214844,19.4968585968,44.9675178528,9.72391664982
750,181.863098145,170.993408203,23.5385379791,49.3885765076,3.47423739731
750,27.4786434174,186.389328003,20.0607013702,54.6726493835,0.388066470623
750,438.726165771,177.035095215,19.3946208954,42.2332000732,0.345027074218
750,600.842346191,180.611404419,18.6697731018,45.6314544678,0.198188470677
750,424.137054443,123.505912781,19.3871688843,55.1683311462,0.0673057569657
780,115.859680176,179.124588013,21.1019496918,53.9596595764,30.5255830288
780,456.595611572,183.781234741,21.2831058502,49.5791130066,30.1011145115
780,597.458557129,218.837814331,24.4160232544,56.5178947449,23.2721924782
780,157.86177063,172.772888184,22.8477153778,54.9961280823,14.3339678645
780,170.49861145,167.572906494,19.3010139465,52.4178276062,1.24027933925
780,455.75869751,94.2811203003,18.3665962219,52.757183075,0.871860608459
780,107.480781555,185.858444214,17.5517482758,46.3309020996,0.640935776755
780,576.00994873,192.097900391,19.1915435791,52.1393928528,0.137799105141
810,507.268066406,190.74458313,18.5805950165,53.063747406,32.259234786
810,514.459655762,191.019897461,28.2158908844,71.1337203979,5.78788891435
810,452.065826416,182.439819336,19.0037822723,50.4631462097,3.1554184854
810,495.075897217,190.308609009,19.4215335846,53.9383239746,2.83563341945
810,487.435638428,309.802978516,21.6238574982,49.8116645813,1.47421685979
810,61.7310180664,195.522949219,22.0991687775,48.3365745544,0.942053087056
810,118.288726807,186.209945679,21.3827667236,50.4103889465,0.818643067032
810,440.129608154,175.621566772,22.0917282104,49.0496940613,0.270008970983
810,488.579193115,87.0286254883,27.5275878906,74.9825820923,0.246405811049
810,252.79649353,277.639373779,21.6237850189,49.6687774658,0.115420902148
810,461.380096436,124.683265686,30.605802536,90.4870681763,0.035547564039
810,355.467254639,159.365356445,20.3552742004,54.1716270447,0.0161212505191
840,503.586303711,173.180831909,21.1002941132,56.0691833496,26.8866539001
840,558.273742676,209.49836731,28.1146450043,60.3910102844,18.7600195408
840,66.074836731,184.273971558,22.2297916412,54.1849708557,6.59662038088
840,137.652542114,162.819503784,21.6996669769,55.2731971741,3.30427996814
840,492.868408203,174.870849609,17.198972702,48.0688362122,3.04528865963
840,590.793701172,222.770202637,28.667673111,60.9896965027,2.74291858077
840,576.783996582,203.94670105,27.1490859985,61.0799674988,2.18908973038
840,419.386566162,171.711425781,16.1115913391,51.8854980469,0.317582394928
840,513.657897949,187.112747192,19.1847629547,51.3531303406,0.308927777223
840,2.67376971245,65.4807357788,19.7704906464,56.1108818054,0.205551530235
840,109.763572693,161.458557129,22.5758361816,59.6417999268,0.0967096537352
840,121.991752625,157.12361145,23.2105464935,62.4557304382,0.0254161976045
870,547.001037598,172.067703247,21.0060901642,55.4293708801,83.0255270004
870,0.622552216053,172.684814453,21.9889507294,68.0041427612,10.3907383978
870,558.000793457,165.391769409,24.1215801239,62.030456543,9.41650867462
870,83.0798873901,167.35496521,19.7645511627,59.1364402771,1.16755645722
870,337.621734619,158.27130127,23.1169490814,55.6925544739,0.436008349061
870,102.627342224,152.674743652,23.1791591644,71.8614044189,0.320037058555
900,22.5930461884,171.327331543,21.7389831543,55.952419281,8.24378207326
900,615.50604248,176.527175903,20.4872188568,66.8584594727,8.2099750638
900,528.442871094,156.404495239,33.3032302856,66.0409851074,1.07681667432
900,51.9037742615,166.831329346,22.2060985565,61.9729652405,0.899034272879
900,342.269744873,159.092010498,21.9938220978,50.8300590515,0.482981745154
900,12.3679666519,176.401977539,17.0483398438,49.4046974182,0.396321387962
900,152.143600464,320.995544434,21.6664047241,52.8141021729,0.351539137773
900,36.0273323059,174.004928589,17.8963718414,53.3886070251,0.344364903867
930,54.6693840027,176.166702271,16.4289474487,48.7016716003,0.626811757684
930,9.18803310394,172.001159668,17.7288513184,56.5798034668,0.555892335251
930,21.4758777618,176.594711304,16.5277748108,51.5646209717,0.280326232314
960,609.709106445,162.934280396,21.9739208221,61.1310882568,10.3634178638
960,209.378417969,255.390930176,21.2553939819,51.7017364502,1.94828175008
960,534.03326416,161.383590698,21.231256485,60.8887519836,1.22030852363
960,4.33423995972,181.593582153,16.1166629791,51.6723823547,1.18567235768
990,606.520751953,170.557937622,27.5152454376,64.5668411255,0.177624693606
1020,24.4134044647,186.60874939,22.8952026367,54.0185852051,13.1488651037
1020,354.214324951,165.642349243,25.3257007599,62.6335868835,1.85150336474
1020,488.247955322,114.273864746,28.0564441681,63.5495300293,0.0121276782011
1050,60.360332489,186.060546875,18.3520565033,47.1324005127,15.2447059751
1050,48.1194572449,184.868362427,17.6962718964,46.3833580017,14.6442428231
1050,362.600921631,170.501846313,22.4109573364,56.3928642273,5.69312423468
1050,34.1618385315,185.14692688,22.631811142,50.3880615234,1.62051338702
1050,488.140014648,173.387130737,20.9118309021,47.5018424988,1.4958947897
1050,593.255249023,242.314331055,31.889497757,101.786804199,1.35820349678
1050,124.226951599,180.734237671,18.5477237701,43.403263092,0.206132652238
1050,376.120635986,158.690475464,19.7344055176,49.0691833496,0.137618684676
1050,446.285919189,179.634933472,18.9573116302,46.3310852051,0.0839685264509
1080,9.2917842865,191.018676758,18.2784252167,47.6069145203,57.3937296867
1080,610.377075195,168.874099731,18.8564243317,50.7490386963,1.14825088531
1080,418.763824463,179.051040649,22.1277008057,46.7653160095,0.162091699895
1110,204.324905396,160.065063477,26.4729824066,70.3792800903,9.60226878524
1110,617.411193848,97.7470092773,18.765953064,56.20262146,0.561492796987
1110,137.368392944,165.950302124,17.4256362915,56.6446838379,0.516641931608
1110,192.86505127,163.429718018,20.3574848175,48.6556549072,0.167006568518
1110,147.011260986,168.495285034,17.4297943115,50.4762573242,0.0962021702435
1140,358.339508057,161.743469238,19.7127895355,59.566822052,25.429096818
1140,25.5898303986,199.811325073,24.1807804108,50.0430335999,4.0237210691
1140,450.300323486,181.875747681,18.5037918091,50.4839286804,1.7065256834
1140,173.759262085,172.945068359,23.6018218994,57.8187217712,1.09649868682
1140,371.450561523,167.48135376,22.1919078827,54.9246673584,0.598588306457
1140,435.135467529,183.22303772,23.8000774384,52.4678497314,0.176794931758
1170,193.028060913,185.269180298,27.5997219086,54.010433197,65.3517961502
1170,545.828308105,186.077316284,28.2410640717,64.9689025879,17.5934791565
1170,524.567321777,180.5990448,26.2648830414,69.5130081177,12.1311575174
1170,361.34475708,157.700881958,24.7523345947,65.063873291,7.34264627099
1170,65.9999847412,132.0284729,21.5128879547,77.9455795288,6.62538856268
1170,384.193817139,172.908126831,20.2482872009,50.6326751709,3.19441519678
1170,74.0661010742,179.575485229,22.9763202667,68.8686447144,2.48977076262
1170,517.91973877,171.606338501,17.1331691742,56.8134269714,2.11454592645
1170,613.60357666,22.3435497284,20.5248508453,41.6480064392,3.51714000146e-06
1200,370.916534424,158.221755981,23.633140564,66.1239242554,36.4805489779
1200,526.359558105,163.37562561,18.9829998016,50.6438140869,1.20796496049
1200,12.8913221359,199.709289551,18.9060382843,44.782333374,1.18187880144
1200,401.803436279,174.770629883,18.0106048584,48.2903633118,0.466283829883
1200,451.746704102,180.117843628,20.5534477234,48.3166999817,0.429017515853
1200,546.507629395,161.621612549,19.5476474762,45.8705787659,0.38387181703
1200,9.74077606201,84.3169403076,22.4126663208,57.7805480957,0.100777833723
1200,343.657623291,363.614837646,21.0434207916,51.2413825989,0.0725102145225
1200,418.136993408,393.144317627,22.8673114777,50.3433418274,0.000476696231999
1230,574.035827637,338.90335083,20.4252490997,48.6518516541,5.36609999835
1230,411.894866943,170.658203125,21.8090114594,56.0384559631,2.4800227955
1230,546.013122559,337.242401123,21.2454109192,49.4445953369,1.54872955754
1230,557.625488281,330.232788086,21.7740459442,47.2054748535,1.0928989388
1230,474.005615234,185.667861938,29.0444431305,66.4283370972,0.903612747788
1230,377.986663818,156.963760376,23.7552337646,55.8488578796,0.337366433814
1230,57.6328544617,188.178207397,17.2269363403,55.1155357361,0.154984730761
1230,602.622253418,163.06338501,22.9711837769,57.0970611572,0.147768331226
1230,588.542785645,331.345672607,28.7974491119,52.889175415,0.121718877926
1260,424.593231201,187.744812012,18.655002594,47.0001525879,39.9366825819
1260,445.293426514,207.133102417,23.8979969025,48.0991477966,2.40900386125
1260,557.48638916,361.989654541,21.4499969482,47.8423423767,1.75671055913
1260,568.063354492,366.013763428,22.4995861053,53.2148551941,1.72661747783
1260,504.233306885,314.637176514,20.7297687531,48.3152351379,1.03173060343
1260,413.669464111,325.141906738,21.2281551361,50.8335266113,0.863409694284
1260,132.106811523,153.260421753,19.528295517,55.8301239014,0.64263837412
1260,525.43963623,189.668380737,22.2651367188,54.7174835205,0.424767564982
1260,429.6769104,199.557815552,25.1005878448,54.0114784241,0.383791071363
1260,523.198120117,47.6720237732,31.2501506805,93.2503356934,0.374548742548
1260,139.297180176,167.03074646,26.9461727142,55.9980812073,0.287405541167
1260,461.08493042,186.197433472,18.8121814728,51.8873596191,0.210511963814
1260,409.880950928,179.717773438,22.3275966644,48.2750053406,0.165929261129
1290,471.565704346,187.250976562,19.9068431854,48.8068084717,17.4901738763
1290,444.37387085,184.298538208,21.059261322,51.2466697693,4.41499203444
1290,616.951843262,174.282913208,18.7656669617,51.9637947083,3.92759628594
1290,109.515571594,148.752929688,23.0457611084,55.4117126465,0.724050449207
1290,367.092437744,195.578201294,20.3428974152,52.5637245178,0.622000405565
1290,573.644104004,270.741363525,26.6957530975,46.6326751709,0.274857319891
1290,472.788665771,364.748138428,31.639295578,60.8429679871,0.225583440624
1290,482.854400635,182.379592896,20.5661869049,51.0827674866,0.214707269333
1290,495.225372314,181.315429688,18.5745315552,54.0823020935,0.188711844385
1290,551.001953125,392.054779053,22.4968795776,52.211971283,0.11467061704
1290,256.8722229,403.3387146,26.4621810913,63.7716712952,0.10627041338
1320,517.13885498,185.725540161,19.5807380676,49.0956611633,49.9038487673
1320,462.524932861,188.630447388,18.9222583771,51.8432655334,11.4943347871
1320,478.436065674,186.528076172,19.5504188538,49.4035148621,3.9815146476
1320,482.796844482,309.33493042,21.0452442169,48.38621521,3.94182950258
1320,547.769348145,185.289840698,21.5652618408,54.0635528564,3.25696542859
1320,414.490692139,199.771286011,20.5284633636,42.8111877441,1.70567128807
1320,503.780975342,319.6222229,21.7016220093,48.8162956238,1.20500242338
1320,498.970825195,187.902511597,19.5578651428,47.8027687073,1.15710953251
1320,472.372558594,291.810882568,21.4237689972,50.534286499,0.578028522432
1320,514.379211426,332.676727295,21.4511394501,47.2285499573,0.56646601297
1320,446.916290283,188.70451355,24.2268543243,49.6759796143,0.471634184942
1320,429.451660156,195.688156128,17.9071178436,43.2922973633,0.320848193951
1320,499.353637695,298.65133667,21.3272476196,48.1036682129,0.213533290662
1320,7.07767534256,203.669540405,14.9163064957,52.3607521057,0.171321944799
1320,514.550292969,303.260345459,20.8986110687,46.9338188171,0.106884399429
1320,529.256530762,41.1871910095,34.1536369324,64.5716018677,0.0129740161356
1350,498.575531006,184.819625854,20.3644199371,58.3582763672,64.9717569351
1350,543.89263916,195.21043396,19.6933708191,53.1473884583,16.0102918744
1350,434.225067139,211.369064331,21.3046703339,46.0595703125,3.60605157912
1350,579.950622559,184.380569458,19.0965366364,57.0254631042,1.08695887029
1350,485.150115967,188.119277954,17.241153717,51.4832191467,1.08430208638
1350,117.142097473,193.571548462,26.4549026489,68.0660552979,0.885115005076
1350,451.870452881,199.315567017,21.5927658081,52.0309715271,0.556425424293
1350,54.3725318909,137.267349243,29.1210956573,83.9931411743,0.22365085315
1350,23.8507976532,153.661560059,22.6939334869,59.0260810852,0.158812233713
1350,602.008972168,204.470565796,16.9368648529,47.5479850769,0.103172590025
1350,39.0699272156,156.950073242,20.1233062744,58.3699493408,0.0282759399852
1350,562.024353027,30.8013973236,32.8089637756,74.2985305786,0.00582413122174
1380,556.030151367,172.057434082,32.3776130676,86.9266357422,99.79185462
1380,597.58782959,184.413223267,20.000295639,60.2581825256,24.6968790889
1380,3.39034342766,210.363082886,15.5823965073,48.2355651855,16.6271671653
1380,462.191650391,207.479904175,25.8098545074,54.6096763611,15.4573976994
1380,605.166442871,193.984481812,24.6873645782,78.8572769165,9.59599092603
1380,416.816070557,167.162033081,20.5892162323,49.0440711975,3.48946787417
1380,536.25,181.518676758,23.9553661346,57.4714202881,3.43101359904
1380,549.039733887,185.560317993,20.6980648041,64.8803482056,0.834217015654
1380,414.445098877,291.057067871,20.1206455231,44.1123199463,0.507576810196
1380,578.616821289,189.929916382,16.9468212128,59.2726135254,0.443636393175
1380,180.406692505,181.967575073,20.2464237213,56.9534454346,0.306397117674
1380,402.790283203,284.776580811,20.8278484344,46.6333885193,0.286173797213
1380,43.3240966797,137.512756348,35.3009986877,97.5091934204,0.0614470161963
1380,23.6384811401,119.832946777,25.0247955322,86.8936386108,0.0169694176293
1410,586.012512207,186.059402466,25.4025707245,59.9640159607,9.82151776552
1410,28.5033321381,201.371231079,23.6272602081,58.083114624,2.72349808365
1410,599.927185059,192.373474121,27.9580287933,58.7238426208,1.26235950738
1410,429.771759033,201.846786499,20.2370357513,46.1542930603,0.343181123026
1410,48.331035614,178.867492676,27.2999095917,68.8823165894,0.189854402561
1410,445.707611084,311.891082764,22.2727451324,49.6428337097,0.0792765815277
1440,608.777587891,172.672134399,24.7716083527,74.3211669922,19.4516330957
1440,603.125671387,137.466064453,23.7075061798,71.3723602295,5.81838265061
1440,224.45854187,289.199279785,22.2520427704,52.7502746582,1.18237994611
1440,65.5161590576,198.569885254,20.3420791626,53.5000152588,1.13187022507
1440,355.99597168,193.536697388,18.6059055328,50.7521514893,0.927675981075
1440,455.8777771,188.738876343,20.5575199127,53.3649635315,0.896101351827
1440,367.467559814,189.571899414,17.7582035065,50.2358856201,0.87064774707
1440,404.675689697,266.577026367,28.0259094238,60.2075386047,0.371440593153
1440,606.797485352,112.479095459,20.7117881775,56.1587677002,0.263311062008
1440,611.13482666,233.87727356,17.3043193817,46.0420188904,0.230979267508
1440,118.484558105,400.230743408,30.0492725372,55.8355865479,0.0124744561617
1470,346.450805664,186.970993042,22.7375621796,54.506855011,4.26264852285
1470,359.104095459,181.487258911,21.0436115265,49.5070457458,1.20171066374
1470,617.038085938,97.527015686,16.0339870453,49.1508903503,1.0297617875
1470,488.530639648,185.892929077,23.7907810211,65.4261322021,0.808203965425
1470,127.889152527,194.549026489,22.861869812,51.4929695129,0.432852609083
1500,353.761260986,193.434768677,22.0884876251,52.7454109192,3.11354193836
1500,581.446105957,234.129760742,26.7768325806,53.772567749,0.199962104671
1530,350.848388672,179.69758606,32.2207374573,62.7636909485,6.71039372683
1530,369.937225342,182.409439087,21.3770771027,52.8876991272,4.9870479852
1530,13.4327936172,202.683166504,20.780122757,46.658367157,2.29745805264
1530,216.87272644,180.348556519,21.325258255,53.655456543,0.704609975219
1530,617.06427002,271.583099365,16.2518768311,44.7649497986,0.48200446181
1530,387.659545898,198.927810669,18.7082042694,46.9492835999,0.110373192001
1560,214.369506836,177.831542969,19.2800769806,52.540599823,9.40817371011
1560,373.176269531,173.577835083,18.1068019867,56.370300293,4.92252483964
1560,13.7266664505,195.410415649,23.4217281342,65.1566543579,2.96777263284
1560,411.024505615,180.794631958,25.5354919434,54.9753456116,2.3784538731
1560,480.484619141,202.144760132,23.6325550079,48.3566932678,1.47410193458
1560,383.305786133,176.865982056,20.876493454,56.7354774475,1.17744524032
1560,201.389633179,186.7006073,21.8104095459,47.8226585388,0.989378895611
1560,42.6545372009,198.211013794,20.0234336853,57.8076591492,0.647424673662
1560,337.789337158,387.794525146,23.8157711029,61.1992912292,0.506067276001
1560,398.798980713,185.194702148,20.0256996155,48.8683204651,0.433119339868
1560,226.69972229,178.438766479,16.3215465546,48.3981628418,0.170714315027
1560,419.739898682,155.839431763,25.0005588531,63.1430168152,0.116661784705
1590,428.323150635,162.80128479,25.9574356079,74.0652236938,26.2438297272
1590,541.01348877,179.617126465,25.6979999542,62.2312889099,8.62145274878
1590,376.697235107,166.318954468,24.1933040619,59.9993629456,2.65048462898
1590,529.316711426,170.321853638,18.9473571777,46.2605628967,1.72806736082
1590,192.420333862,174.249282837,22.4138793945,59.8457603455,1.50293530896
1590,136.809127808,205.513427734,23.6984004974,38.3024902344,0.861770100892
1590,409.367553711,184.619094849,18.9603443146,47.7118377686,0.227114302106
1590,419.87399292,191.352767944,23.5587005615,49.9645195007,0.192024605349
1620,167.382369995,183.42616272,21.2582607269,43.2139549255,13.5221019387
1620,375.500610352,159.433395386,20.9447994232,59.3162345886,1.48202050477
1620,383.728057861,179.246704102,22.837896347,50.72605896,0.52902973257
1620,434.271270752,190.028152466,22.178609848,46.3764190674,0.414116401225
1620,525.054260254,70.6844024658,29.5625591278,80.9575500488,0.315117021091
1620,211.391357422,166.515731812,20.3245754242,53.1170196533,0.29609000776
1620,190.347976685,169.796737671,20.4716014862,56.1620063782,0.160240731202
1650,613.075134277,172.057861328,20.4736919403,61.2119789124,18.5284808278
1650,88.487953186,195.080886841,19.0984325409,48.1393432617,2.05395948142
1650,65.9501419067,207.366333008,26.9859771729,41.1486930847,1.62685215473
1650,478.725311279,182.126220703,21.0394191742,46.2861480713,1.56953316182
1650,36.987323761,88.6264648438,26.6912784576,50.7715873718,1.4137070626
1650,366.299316406,156.404174805,21.9082546234,60.0058708191,1.13042797893
1650,99.10131073,188.547592163,19.2443981171,47.6319160461,0.871919468045
1650,385.510772705,153.420547485,20.9322681427,55.5283508301,0.643526343629
1650,466.646240234,174.990921021,20.6037464142,53.3102149963,0.265038223006
1650,244.039260864,157.485717773,18.9849967957,54.1183738708,0.168955768459
1680,13.4201383591,203.425720215,30.7320709229,46.2211608887,26.1839985847
1680,430.747955322,38.6425590515,20.3142223358,50.544254303,5.57943023741
1680,447.418701172,37.1622657776,23.4823989868,45.735748291,4.23554480076
1680,11.7638540268,71.6850891113,19.7065200806,43.2121162415,2.37647742033
1680,243.861022949,153.402435303,24.359003067,58.7618560791,1.15595217794
1680,437.920928955,182.533065796,21.7764797211,50.3641815186,1.03052575141
1680,44.0991821289,190.138198853,21.6304264069,47.7899131775,0.934973172843
1680,558.574768066,194.466262817,23.3556575775,53.4295463562,0.888091977686
1680,578.409118652,124.322181702,19.5441112518,49.1541633606,0.181713083293
1680,450.606536865,188.024765015,17.9331378937,42.4478569031,0.0646289496217
1680,557.710510254,112.148826599,27.1014938354,84.1049880981,0.00431055595982
1710,610.09173584,187.416793823,17.2693157196,45.317325592,1.42744109035
1710,403.081939697,164.812789917,20.9409885406,56.3193702698,0.83835804835
1710,442.272857666,178.577392578,19.2066860199,44.9223480225,0.443859864026
1710,448.674316406,19.5425567627,22.4509735107,56.4250183105,0.00158621423907
1710,464.206176758,26.4217910767,24.9376754761,52.6099090576,2.76535168098e-06
1740,517.907836914,186.484008789,22.610704422,52.8180198669,10.8508370817
1740,612.646240234,177.723922729,20.6065673828,62.3158454895,5.14077655971
1740,480.923553467,181.923339844,22.4835834503,46.6383972168,3.5125747323
1740,179.44720459,193.234436035,19.8273696899,41.8047866821,1.31184188649
1740,417.295776367,171.274520874,19.8757591248,50.9845085144,0.656564859673
1740,406.074798584,151.174682617,23.1814365387,68.0249862671,0.206280546263
1740,588.155822754,178.342773438,25.413187027,65.962638855,0.108906556852
1740,218.96257019,162.230819702,20.9786586761,52.5058479309,0.0212451079278
1770,585.170654297,191.170852661,19.5603160858,52.0424156189,48.761728406
1770,615.295349121,207.58833313,18.3714160919,47.1017112732,11.3813489676
1770,558.828308105,158.782806396,22.1754665375,82.9044876099,10.4324050248
1770,188.874694824,177.988265991,19.5372982025,50.425693512,4.43232990801
1770,442.28805542,178.067871094,19.8912258148,59.2457847595,3.97026240826
1770,46.2854804993,201.786804199,16.4346179962,42.7644920349,1.85355581343
1770,433.696044922,154.952636719,19.7361240387,61.7248649597,1.02508543059
1770,150.409820557,197.024353027,22.8360748291,39.7463340759,0.862474180758
1770,539.247131348,178.480651855,24.6950054169,61.0461425781,0.729744276032
1770,516.401611328,178.647644043,17.8900737762,50.8305015564,0.289966491982
1770,231.760192871,145.308120728,22.1242828369,52.2528839111,0.192807160784
1770,455.390258789,194.859939575,18.9874629974,47.300037384,0.183437776286
1770,89.6714401245,113.145622253,26.4698123932,56.8853340149,0.135446095373
1800,585.579711914,169.937088013,21.1268634796,54.083240509,65.9451305866
1800,611.455078125,166.668258667,20.7790870667,56.8184013367,20.7690730691
1800,599.441650391,166.036727905,20.407617569,52.046672821,13.3064597845
1800,225.742172241,150.228897095,27.0842685699,73.244392395,5.06831593812
1800,120.005638123,181.91204834,24.9528026581,56.0290260315,3.52371521294
1800,136.612808228,193.758987427,18.0083580017,43.3695678711,0.410257605836
1800,499.595672607,200.784851074,29.1927776337,64.9856414795,0.357252988033
1800,572.436889648,184.041870117,27.9182834625,62.3641242981,0.22398235742
1800,419.537963867,148.448959351,19.9407215118,55.7938079834,0.0187270983588
1830,185.999328613,146.397003174,20.1328372955,48.7053375244,3.72834429145
1830,70.6443634033,190.344284058,19.8677883148,51.0019569397,1.06254573911
1830,428.72277832,178.368972778,17.6941261292,46.3160591125,0.691999355331
1830,461.223480225,182.623336792,22.9296779633,58.4669189453,0.488119293004
1830,440.686248779,176.858139038,21.8471069336,53.0165367126,0.394635926932
1830,226.035964966,141.072769165,21.4317417145,59.6358795166,0.337181705981
1830,143.069778442,172.754760742,27.0253219604,52.4785652161,0.149642699398
