30,582.216003418,120.24332428,21.1353378296,63.2187232971,7.56960138679
30,595.078613281,46.2017707825,44.9213867188,227.235168457,4.67544645071
30,502.09487915,86.9831161499,22.6129150391,72.4088439941,2.90769562125
30,594.429016113,46.040019989,23.1567459106,71.9268341064,2.55245938897
30,511.953125,184.699050903,16.9387264252,46.5558013916,2.15360373259
30,528.485534668,75.3172302246,20.3182811737,48.8768310547,1.38749917969
30,551.341552734,173.896911621,18.5523357391,55.4862213135,1.19625013322
30,612.85345459,108.751617432,27.1465454102,84.3512954712,1.05897476897
30,596.665405273,123.808998108,18.0120410919,64.3046569824,0.943387392908
30,269.044219971,170.895370483,21.3603229523,53.2661399841,0.762630952522
30,585.35333252,38.3550376892,20.5543880463,55.5981636047,0.321247242391
30,460.998504639,179.994400024,21.8798465729,56.8365631104,0.235421722755
30,568.410949707,43.5840034485,29.0936641693,75.348197937,0.125337205827
30,618.032348633,26.714887619,21.9676513672,80.5152664185,0.0537581916433
60,519.505432129,114.115379333,27.4944324493,101.475585938,2.80962493271
60,560.482116699,58.4300727844,26.9897480011,64.6161346436,1.77169591188
60,566.933532715,172.199111938,23.1359729767,52.2146568298,1.72210969031
60,615.464782715,193.973632812,17.9343662262,43.095199585,1.49374958128
60,503.023162842,195.810073853,20.4224758148,51.295841217,1.28160789609
60,472.129058838,319.384155273,20.5948390961,48.5771369934,0.780498608947
60,533.36932373,61.7353019714,29.3897304535,76.8117675781,0.360616715625
60,428.973388672,180.435134888,21.7264614105,52.9992332458,0.340314139612
60,485.565887451,189.783126831,21.8170719147,58.5446510315,0.299809360877
60,518.290405273,72.7745437622,30.4649791718,84.6013717651,0.150732370093
60,514.317810059,207.640945435,19.1883831024,46.6207389832,0.0197023779037
90,124.938194275,269.676422119,21.6104888916,51.4909934998,1.36835109442
90,135.798141479,288.312591553,21.3716640472,50.1460266113,0.998156797141
90,263.663513184,172.277023315,20.201789856,52.5073204041,0.753165269271
90,468.806365967,170.404312134,27.7605419159,64.2605056763,0.556312920526
90,433.333892822,187.47668457,22.1993236542,63.4893226624,0.00105397448351
120,541.831054688,213.337173462,24.8276519775,64.3835372925,4.27639745176
120,265.636749268,170.613922119,21.322687149,53.2485923767,3.3194962889
120,450.126251221,310.913269043,21.6923007965,52.2978477478,0.248051225208
120,486.483673096,203.380630493,19.5992603302,61.4778747559,0.104214053135
150,259.311920166,164.402877808,23.454788208,64.4196090698,5.96797540784
150,593.002929688,220.06111145,31.8509998322,89.7912902832,5.54845519364
150,127.121498108,179.579299927,19.5420036316,58.3479766846,2.26483345032
150,585.731140137,196.651443481,27.3527393341,73.6036911011,0.66198031418
150,276.207672119,170.327438354,18.7876300812,51.2587928772,0.0467777950689
180,254.406051636,164.623779297,18.346540451,57.2924919128,25.1428127289
180,27.338968277,189.122512817,17.9315109253,56.4863128662,18.4844642878
180,13.2663040161,191.840759277,22.1288356781,55.987991333,4.59448210895
180,37.9277954102,187.761657715,24.8446674347,62.5422935486,1.79974008352
210,232.35496521,161.055007935,21.1198310852,60.8034057617,60.7596099377
210,498.725921631,165.965072632,21.308429718,54.68309021,2.98358239233
210,242.597549438,171.328735352,25.409538269,50.9626502991,0.182346568909
210,477.169708252,139.445999146,18.4975376129,58.8517303467,0.059779745061
240,210.321182251,152.936386108,23.6363372803,68.8746948242,2.81661115587
240,237.430252075,173.285568237,17.4769001007,49.7194976807,1.23438118026
270,541.900939941,162.889846802,33.4448509216,79.2271652222,8.00825878978
270,189.603683472,151.832824707,28.0516986847,69.8022842407,4.35857623816
270,551.301574707,213.527420044,23.2643108368,53.7154350281,3.00920065492
270,603.682556152,121.387748718,22.0954208374,55.4607963562,1.40692479908
270,559.349121094,167.35093689,21.7859592438,51.1488075256,0.454662088305
270,205.061843872,173.066040039,19.6528377533,49.645236969,0.115178024862
270,497.260864258,141.96534729,20.7254276276,61.3372344971,0.0127329985844
300,489.722686768,175.650863647,15.310959816,43.4373130798,52.3741662502
300,147.929672241,165.294906616,22.9420452118,62.9456825256,18.600320816
300,474.14944458,175.730575562,18.6552753448,46.0976982117,0.332016381435
300,536.716674805,126.472312927,22.7401218414,57.3202972412,0.016507258988
300,524.314453125,132.878845215,19.5779304504,52.3447265625,0.0122433091747
330,484.661651611,173.85333252,22.512758255,51.7914924622,11.838708818
330,125.52481842,207.653945923,21.3980789185,61.1277770996,9.99581888318
330,72.9092941284,169.052612305,23.0530261993,59.9346160889,2.4399952963
330,616.423156738,111.592552185,18.5426864624,55.0589294434,1.3362262398
360,50.4990196228,205.541213989,25.4498729706,74.8346328735,35.8383774757
360,480.734649658,174.923660278,17.5455036163,43.1901817322,14.4225955009
360,504.603607178,165.260971069,24.0054302216,57.8387031555,14.1514897346
360,397.204223633,165.18170166,18.3388156891,52.3539123535,1.76770426333
360,125.921897888,163.351852417,25.6558513641,54.6493682861,0.996809266508
360,520.503601074,181.139022827,20.766160965,48.3436126709,0.512726046145
360,615.520324707,125.445960999,17.1816272736,59.2829627991,0.44182529673
360,109.120887756,196.792922974,26.4321517944,90.9031982422,0.227631791495
360,484.950073242,152.836791992,26.7973804474,60.1274833679,0.139856035821
390,515.796875,165.540527344,19.3654918671,50.6448097229,31.3955008984
390,557.053466797,120.854187012,24.5069198608,81.8501663208,4.76922430098
390,78.742225647,202.591293335,26.2977581024,83.6833953857,2.04263124615
390,519.940612793,304.990386963,21.6079940796,47.1781921387,1.95802617818
390,535.733032227,304.409210205,21.5997772217,48.7810707092,0.890404451638
390,502.527313232,169.436248779,17.6265010834,45.8959007263,0.135839392897
390,399.672515869,163.563705444,19.3882293701,54.1086082458,0.0900327926502
390,63.802734375,177.544387817,27.1175537109,76.968132019,0.0853368197568
390,572.289306641,100.244689941,31.2901153564,76.4478378296,0.0014982423636
420,523.046691895,167.554031372,18.5452423096,52.0825614929,92.1095907688
420,555.497009277,171.374526978,28.5717391968,70.0721893311,34.8370313644
420,571.668945312,188.341247559,18.5198516846,51.1870384216,2.94022206217
420,550.424926758,169.941818237,16.9362049103,56.308883667,1.60696711391
420,88.8437805176,92.6783828735,31.6804332733,60.0511932373,1.51160089299
420,8.38590335846,192.779067993,20.7933979034,60.3488807678,0.962132681161
420,533.306518555,166.783676147,23.2413005829,57.6395111084,0.913687888533
420,418.061065674,157.295227051,20.8029289246,61.2589073181,0.897032767534
420,22.8649520874,207.860916138,36.683883667,105.269203186,0.612730672583
420,612.789367676,105.789329529,22.7741069794,60.6227111816,0.03564133076
450,526.683654785,164.035263062,19.5323123932,52.479801178,68.1460380554
450,562.26171875,161.482421875,34.8670921326,81.4097442627,46.2181121111
450,556.83026123,162.271026611,19.0901165009,57.7289009094,20.7813546062
450,417.990386963,147.233901978,22.6473789215,71.0489196777,1.46345952526
450,545.382751465,163.530105591,16.2198448181,50.3445930481,0.503698177636
450,400.824005127,157.708892822,21.4050312042,61.2300758362,0.129038351588
480,525.817016602,165.32673645,19.4411067963,49.220539093,81.9205284119
480,579.002258301,191.340713501,22.8109893799,55.3259391785,44.3382024765
480,424.402252197,155.519577026,18.987154007,64.5510177612,3.3204715699
480,550.688598633,166.409500122,21.0726242065,57.4603729248,0.670016370714
480,437.620880127,175.889343262,20.855222702,55.1908721924,0.297521287575
510,571.408752441,183.691604614,27.1612854004,67.4719924927,56.2221109867
510,529.617492676,167.020980835,16.6763782501,52.4672241211,19.4112285972
510,417.783691406,152.196960449,22.4353847504,68.6413269043,0.72032683529
510,562.692626953,168.06137085,19.3653697968,51.6052818298,0.516322348267
510,548.942321777,168.966110229,17.4088382721,46.3368721008,0.0663088925648
510,557.094482422,131.14289856,22.3766460419,69.7356033325,0.00765187578509
540,528.169006348,168.642883301,20.8041973114,50.6479034424,62.0476841927
540,586.98236084,195.970169067,17.3854160309,53.3150672913,36.8330270052
540,563.694335938,167.238357544,18.4288024902,54.5172157288,2.52386983484
540,548.512207031,175.910964966,17.9031658173,45.4109916687,0.199852557853
570,579.347167969,196.072311401,22.5690670013,57.7810554504,30.5940538645
570,530.18536377,168.785049438,18.8191680908,50.8137664795,30.2105337381
570,84.7396011353,98.5295639038,28.6024074554,55.8327140808,1.47094102576
600,530.748657227,170.439590454,18.592004776,45.6974754333,36.8974298239
600,585.448547363,194.501831055,19.6140842438,56.9145965576,7.13793188334
630,525.595031738,173.078369141,20.9285869598,48.5110588074,40.2179598808
630,580.855041504,199.756546021,21.7577228546,54.1576843262,15.4664263129
630,556.784545898,132.22958374,27.5776824951,84.6391067505,0.0751241866965
630,33.9968223572,180.571090698,22.0919113159,53.2777404785,0.0218958637561
660,581.617126465,198.200378418,22.1155166626,56.6372871399,25.8108139038
660,529.131896973,170.033325195,17.2433490753,54.3739929199,7.27652609348
660,91.642250061,93.2862319946,21.0350704193,54.1352272034,0.502985529602
660,557.954040527,134.69934082,23.269903183,72.2824401855,0.00116199917102
690,526.511413574,170.583129883,18.8338375092,48.820098877,26.9535660744
690,584.734741211,199.163635254,18.8566513062,52.7857246399,18.5454502702
690,91.2781448364,95.767539978,21.3830928802,55.6961708069,2.04369146377
690,419.385284424,160.02947998,20.4109973907,62.5717811584,0.0967155734543
690,544.364440918,173.578170776,16.6258563995,49.2917976379,0.0939518155064
690,9.03715610504,180.31892395,16.2848186493,51.9026794434,0.0776792468969
720,526.936035156,169.817993164,20.5913982391,50.7227478027,66.1035001278
720,581.460876465,198.511734009,21.4334545135,53.440990448,31.5615773201
720,419.349273682,153.528579712,20.7988376617,67.2361679077,0.243741134182
720,431.859710693,174.020385742,18.2169322968,54.7315330505,0.231030024588
720,548.115661621,173.468490601,17.5173549652,45.8805732727,0.0946858373936
720,558.606628418,129.459243774,22.3460922241,79.0731735229,0.0825318682473
750,581.634460449,201.126480103,21.3601512909,54.1027488708,41.865876317
750,529.971252441,167.597900391,17.9117412567,46.9581413269,3.02883200347
750,435.216308594,179.846069336,23.492307663,61.8576927185,0.352195044979
750,556.3828125,128.905105591,27.8123779297,89.6618118286,0.0864817237016
780,580.857971191,199.367980957,21.4448318481,55.5540351868,37.9645198584
780,522.989501953,169.733200073,19.0685272217,44.3265991211,4.02628779411
810,579.298034668,199.28742981,22.9002246857,55.8139457703,20.0979784131
810,527.017211914,166.74382019,18.677696228,49.1659812927,3.51547338068
840,526.04083252,169.292770386,21.4248905182,51.4320526123,71.2246954441
840,582.049743652,201.991775513,20.7226428986,52.3863677979,33.4836065769
840,91.0422134399,95.8150253296,21.5155582428,52.5158996582,0.475043617189
840,543.861755371,171.790206909,16.841375351,51.1107368469,0.219776434824
870,527.841003418,172.935165405,20.5766620636,49.2231025696,51.6852557659
870,578.644836426,195.723388672,25.0090713501,56.4748573303,6.53077661991
870,91.4502944946,96.2985610962,21.4284763336,53.802898407,0.987650919706
870,555.851257324,130.453231812,28.3794651031,85.9133529663,0.0987817300484
870,549.914489746,170.596511841,15.7830238342,49.5964698792,0.0342342653312
900,531.933532715,169.923049927,17.2899894714,50.0521812439,31.4289778471
900,581.29675293,199.160568237,21.9091129303,54.3859100342,26.8333047628
900,91.2442626953,95.0072555542,21.4512386322,55.0061302185,0.814421009272
900,560.843078613,156.434539795,21.5453662872,60.6322975159,0.599091174081
900,550.155700684,170.589645386,15.8484611511,48.8527870178,0.368409138173
930,527.223571777,171.710876465,18.4701843262,51.6905555725,43.4310257435
930,579.829162598,196.999649048,23.7643642426,56.5049247742,40.7715380192
930,556.645935059,149.650619507,23.8443317413,66.6093215942,0.343137746677
930,544.281921387,174.360183716,18.6059017181,48.4072875977,0.117248180322
960,579.012023926,196.467910767,24.3129405975,56.5961761475,14.0332072973
960,524.889587402,172.327560425,16.6037006378,51.7498970032,1.90019477159
960,420.070281982,151.981811523,21.5632038116,70.2797012329,0.280563114211
960,555.41394043,126.108757019,30.0345020294,86.6921768188,0.0831511861179
990,583.421936035,200.208374023,18.9639873505,53.6349143982,34.3881487846
990,523.141662598,171.706222534,21.0897827148,54.3364830017,14.0936225653
990,91.0942993164,94.9446411133,22.0995388031,56.327205658,0.643495982513
990,556.388244629,149.299499512,24.3142700195,68.2675018311,0.216209678911
990,535.718933105,174.476257324,16.8584308624,48.8781280518,0.215581618249
990,608.728942871,107.131767273,20.04139328,55.7567405701,0.0426063255873
1020,523.206115723,176.339645386,20.4631881714,46.4802207947,38.259345293
1020,579.088500977,192.951278687,23.9184703827,61.8589019775,9.82365012169
1020,438.343780518,178.139709473,20.8444080353,62.6584968567,0.440832786262
1020,536.899963379,172.986328125,17.1990890503,49.3834381104,0.0483381969389
1050,522.901306152,174.208358765,21.3061161041,49.6662597656,27.9014855623
1050,585.527770996,195.831069946,18.640914917,55.0494346619,7.93521851301
1050,544.018615723,174.091308594,18.8958625793,48.8841743469,0.0748025777284
1050,555.797180176,147.075912476,24.5676136017,67.8515853882,0.0607167836279
1080,527.123596191,171.862197876,20.5495071411,49.1350135803,30.5149376392
1080,587.119567871,196.80140686,17.7524719238,54.3645477295,21.0461959243
1080,544.226989746,174.146957397,17.9616222382,48.0771980286,0.176529050805
1080,558.196960449,154.933624268,23.216178894,59.7036743164,0.0699402298778
1110,525.926452637,172.512741089,19.7056388855,52.0748138428,44.8345422745
1110,581.645263672,198.589950562,21.2642402649,55.5377235413,12.4808005989
1140,532.126708984,173.307022095,16.9230766296,46.4485778809,14.9027466774
1140,584.376403809,200.756240845,20.8886547089,51.7131462097,7.46087655425
1140,91.4148254395,96.3753585815,21.8369998932,52.9472999573,0.783350225538
1140,550.501464844,173.454177856,17.5954303741,48.2714347839,0.232148403302
1140,556.055603027,125.13167572,29.2103366852,90.6917800903,0.0593342119828
1170,531.147155762,170.455841064,19.3178672791,50.7009429932,48.7023174763
1170,580.455383301,199.019729614,22.1229629517,55.9329833984,48.3407944441
1170,548.546936035,172.743026733,17.3017520905,51.7994842529,0.356081151403
1170,555.845581055,140.986618042,23.6444950104,70.2954711914,0.236086593941
1200,527.981567383,174.925415039,19.0718021393,49.5678596497,26.1153370142
1200,579.859680176,199.105117798,21.9284152985,56.0812721252,9.63148847222
1200,436.944671631,170.440872192,20.3376750946,71.7077026367,1.38678476214
1230,528.644958496,172.278259277,17.2779827118,51.0511016846,54.2704164982
1230,583.949768066,200.57093811,19.0663452148,53.2426185608,24.509768188
1230,9.43389129639,199.660324097,22.6371631622,57.8400001526,0.101953046396
1230,556.680725098,126.276062012,27.5735759735,88.9444503784,0.0968440959696
1230,543.065979004,174.476211548,17.5933265686,49.7139892578,0.0696485629305
1230,418.979156494,151.820251465,20.9052715302,69.4772033691,0.0559758162126
1260,581.911804199,201.512039185,20.0604724884,53.7710113525,50.1673877239
1260,527.985290527,173.179519653,17.8923358917,48.6045951843,18.736602366
1260,161.650527954,342.437164307,19.0189495087,52.0157051086,1.31333377212
1290,526.925415039,174.396438599,20.2104530334,50.8043556213,41.9910430908
1290,580.093811035,197.437179565,22.0223369598,57.8533935547,12.9728674889
1290,161.395401001,342.399291992,18.7590236664,52.3096580505,0.943399500102
1290,97.6117324829,97.607460022,20.1437091827,45.3352851868,0.228197593242
1290,557.478881836,132.721969604,25.8252658844,82.62474823,0.146490731277
1320,524.13458252,173.251220703,20.1047744751,54.113910675,38.3561998606
1320,583.025695801,196.572067261,19.2684593201,58.1199531555,25.6561934948
1320,162.052780151,339.521881104,18.5991306305,53.8038749695,0.999112799764
1320,544.795715332,175.020339966,17.3498954773,47.9057922363,0.0479371956317
1350,524.520690918,172.167831421,21.6932678223,47.8114929199,47.0178872347
1350,583.032775879,195.089675903,23.2162418365,59.9038734436,39.7075295448
1350,91.6872177124,95.389793396,21.1421489716,54.3333320618,0.715599907562
1350,161.156478882,341.808502197,18.8734226227,52.5862236023,0.486765196547
1380,531.329650879,173.499816895,20.1127758026,47.4940032959,55.8326900005
1380,580.543518066,197.813232422,22.6541061401,54.1446380615,6.08212165534
1380,161.709518433,342.350952148,18.2885608673,49.4690513611,1.3140055351
1410,582.900939941,200.139526367,19.1951007843,55.3296775818,39.4039392471
1410,534.785705566,172.309005737,16.0587482452,43.1605415344,4.55114357173
1410,557.453979492,130.01763916,23.0733470917,81.1716995239,0.139513309114
1440,586.692871094,195.464584351,18.2893466949,57.1165428162,16.1733523011
1440,161.386352539,341.0340271,19.1094551086,51.8126029968,1.64884459227
1440,532.707458496,174.205734253,16.7768688202,44.8507347107,0.118445628323
1440,558.759277344,134.120422363,21.5225143433,74.951210022,0.0105747189082
1470,580.098693848,194.748397827,22.7201137543,57.6819114685,14.9757415056
1470,419.477325439,151.229263306,19.8483810425,67.1512374878,0.221782317385
1470,558.282531738,155.747665405,22.5675125122,60.7148857117,0.0961410987657
1500,524.707519531,166.131973267,20.1085071564,51.8566589355,49.6395349503
1500,579.40814209,202.348205566,20.3872947693,51.1759147644,29.9791455269
1500,162.970703125,340.409606934,16.9460124969,52.9246788025,1.63605064154
1500,558.039306641,129.343032837,22.4149723053,80.8192214966,0.0339679274475
1530,529.01739502,171.647583008,18.5624065399,45.0615997314,33.9298903942
1530,588.057189941,198.555740356,16.2528381348,53.799861908,27.1360576153
1530,161.456008911,340.194732666,18.0378780365,55.7200050354,2.28099413216
1530,541.922912598,170.423797607,16.6834449768,51.4058685303,0.197899434716
1530,556.521484375,127.616661072,28.3192615509,82.0492477417,0.00779017063905
1560,584.13482666,199.601119995,18.5028476715,55.8651390076,30.1804304123
1560,612.650695801,166.676544189,19.5198364258,57.298160553,9.00976881385
1560,530.841918945,171.125717163,17.8122882843,50.0199241638,8.66493657231
1560,161.592697144,341.343536377,18.7990341187,52.3151512146,1.87231320888
1590,523.573791504,173.378616333,20.9441242218,50.612071991,29.9845010042
1590,580.514770508,200.843078613,21.2419281006,52.7031555176,16.1652550101
1590,536.296569824,174.052139282,17.3487968445,48.3529319763,0.0294536992442
1620,579.74798584,187.95249939,24.2868862152,63.3686485291,6.9201618433
1620,558.777893066,129.191421509,22.2355880737,79.9527511597,0.00903738909983
1650,521.419372559,170.864501953,19.600561142,52.3249053955,16.8962672353
1650,580.345458984,196.888595581,21.274274826,55.6100463867,14.5542323589
1650,161.414840698,341.298339844,18.7090206146,51.1160697937,0.617962516844
1650,553.902648926,127.371482849,30.4474201202,88.5007629395,0.0231522353715
1680,527.110229492,170.362304688,20.5748195648,53.588634491,83.3669543266
1680,581.118591309,198.916305542,21.0023899078,53.9064331055,15.7034531236
1680,162.009719849,340.888519287,18.3616962433,53.8382301331,1.10979387537
1680,550.141479492,175.552246094,17.5008640289,50.6736450195,0.127882778179
1680,561.137390137,158.348022461,21.8524837494,63.5585441589,0.108095852192
1710,528.012573242,169.866439819,21.3485355377,54.6795463562,35.2285176516
1710,582.845336914,201.671524048,19.0752239227,52.0086784363,20.9505885839
1710,161.392578125,342.894287109,19.0956993103,50.1912994385,1.89147461206
1710,558.735412598,159.875289917,20.8908596039,55.5543670654,0.51576490514
1740,525.483459473,169.344802856,21.8513641357,55.7597312927,59.8309993744
1740,578.785461426,191.280990601,24.9340801239,60.3790931702,17.0597285032
1740,561.145568848,164.59147644,20.559387207,57.558971405,1.61484740674
1740,552.133605957,175.47088623,16.9932308197,43.6382904053,0.599211826921
1740,161.392410278,340.889923096,19.6387424469,53.3021888733,0.551528856158
1770,530.141052246,172.078598022,21.0255260468,48.3609886169,64.1375303268
1770,581.834533691,199.374282837,20.1118659973,54.5349006653,23.8910540938
1770,555.048339844,171.353256226,19.2271156311,48.6901283264,3.28634791076
1770,27.7139606476,212.519042969,18.3602848053,43.2955131531,2.89594847709
1770,543.096618652,170.896408081,17.2230854034,50.4751701355,0.663763750345
1800,530.128173828,170.436630249,19.979221344,50.5147361755,65.6126320362
1800,581.962890625,201.360031128,20.8208560944,53.1527709961,12.1712140739
1800,549.621948242,172.103439331,16.2247524261,51.0335540771,0.661715213209
1800,561.538024902,159.953155518,21.9841022491,60.8144721985,0.0896533427294
1830,531.998352051,172.876449585,19.4335479736,46.2430534363,59.1461062431
1830,588.98046875,197.752243042,16.6727352142,54.8225860596,12.7139016986
1830,178.1771698,324.688262939,18.6370372772,55.8298034668,1.02901291102
1830,6.50499391556,251.575393677,21.2160053253,75.5422592163,0.721036829054
1830,417.390838623,153.457839966,22.3026599884,71.6185379028,0.328896613792
1830,550.20111084,175.375259399,17.553068161,48.936832428,0.151570048183
1830,599.234313965,111.421714783,20.783159256,60.7863883972,0.0952976406552
1830,129.698623657,222.247192383,23.0394878387,62.8805122375,0.0402480858611
1830,554.331970215,127.188415527,28.2922649384,87.7343215942,0.00693202600814
