30,531.848754883,177.883010864,20.1312618256,48.3634643555,0.335424323566
60,486.540008545,179.794250488,20.2004623413,53.6362190247,78.8026869297
60,577.131896973,57.8849601746,20.3927383423,63.8213500977,5.13486564159
60,567.086242676,175.404983521,27.7102432251,70.8574447632,1.65275596082
60,555.069580078,67.1494064331,19.5842075348,54.0678672791,0.909370835871
60,371.299285889,155.644699097,21.1207084656,73.7416610718,0.596039043739
60,481.804840088,343.752471924,22.0539169312,50.6204986572,0.448456592858
60,512.718566895,335.919342041,34.4763450623,59.5822715759,0.277997693047
60,588.477294922,52.2524871826,20.1522006989,52.0249023438,0.206160289235
60,14.4580221176,30.7825222015,26.3685016632,58.5058403015,0.0914058298804
90,545.773742676,179.471664429,23.1973571777,64.1299209595,89.7520244122
90,465.256378174,163.039321899,24.4617538452,45.9731864929,14.0062525868
90,616.781555176,169.466384888,15.9853401184,48.7812309265,0.778224878013
120,480.290740967,144.133560181,25.9312763214,61.9687995911,21.6421768069
120,97.7328262329,183.564376831,20.2048778534,42.8647193909,8.15489217639
120,153.380722046,31.6341342926,22.7410030365,55.2149772644,6.33499026299
120,411.815032959,118.740379333,23.8573322296,66.5332717896,0.463335169479
120,530.084411621,168.720993042,20.1515846252,46.1290397644,0.44914400205
120,595.988952637,78.9110107422,20.1782932281,55.7626075745,0.0841392728034
150,102.21081543,162.74029541,18.517162323,61.1033821106,2.40871291608
150,554.189758301,173.07434082,17.6688175201,48.4380836487,1.99602600187
150,121.236167908,25.7906246185,19.9251556396,50.7200813293,0.0446789752459
180,467.408966064,154.820541382,19.3280391693,60.9003143311,50.5935907364
180,602.151977539,166.945907593,17.212097168,52.5175666809,26.4174371958
180,615.345214844,172.424514771,16.7354888916,43.8759002686,19.592449069
180,460.929931641,187.574172974,17.9188632965,45.0760307312,3.63738834858
180,493.826751709,166.601577759,24.0578937531,66.1345596313,1.1454930529
180,478.202484131,172.596084595,18.8863315582,51.6585426331,0.816169567406
180,616.390686035,46.6723823547,17.2525119781,47.8860778809,0.747311115265
180,96.3937454224,191.101516724,20.1207561493,44.2890777588,0.413813674822
180,86.5180740356,159.211914062,22.3773365021,70.1903381348,0.130536255892
210,7.14981031418,195.577468872,20.5172023773,43.4653511047,24.3633881211
210,469.953033447,164.662765503,21.9647445679,57.7961082458,8.35650414228
210,553.508178711,206.455368042,20.1455192566,52.2390556335,3.6729209125
210,586.278015137,170.067153931,24.4631786346,54.6718864441,2.76285912842
210,565.776245117,161.017684937,36.0436058044,97.8694458008,2.00526509434
240,23.9449520111,194.047851562,18.1590328217,42.8073883057,11.4033743739
240,498.019927979,160.996932983,21.0298519135,63.377166748,0.786144752055
240,216.329299927,174.824829102,20.7737407684,50.6186943054,0.284408591688
240,525.049316406,182.993103027,20.0075149536,46.7030601501,0.103593349922
270,24.7576370239,198.38911438,17.2016010284,40.4448471069,10.4640282691
270,509.947143555,182.74772644,26.5531749725,51.7846031189,7.66656920314
270,166.256515503,175.998291016,23.0728530884,60.6312828064,6.31908252835
270,11.3816518784,189.444839478,17.2231273651,46.6194801331,1.13352555782
270,496.309356689,163.529449463,19.4274101257,48.1998100281,0.26433232706
270,567.884521484,181.22845459,21.0297832489,52.6556549072,0.191892136354
300,476.956512451,160.280654907,24.7691802979,55.851398468,0.514908088371
300,440.065551758,108.284095764,18.957567215,54.1698417664,0.418488215655
300,5.76000833511,194.43611145,15.171005249,49.7761535645,0.148622738197
330,587.560546875,176.87121582,18.4722099304,49.464263916,4.35607731342
330,19.143743515,61.3086051941,21.2187709808,55.1985664368,0.0636613985989
330,398.595794678,141.54750061,20.1169223785,51.236125946,0.023746372608
360,132.808319092,177.285263062,22.6295528412,55.281665802,9.48887988925
390,433.536895752,89.4508361816,24.8528995514,54.9199676514,53.2806456089
390,385.731231689,178.719711304,20.0093212128,57.5674629211,16.1878064275
390,255.296554565,132.568084717,24.1506137848,56.0550689697,2.30430942029
390,388.772857666,133.802978516,21.6996555328,64.0728530884,0.784712657332
390,75.6757888794,180.560348511,19.3214092255,48.0733985901,0.145122397225
390,15.4359140396,207.474990845,22.2167682648,53.2293243408,0.0669889384881
390,130.28288269,151.384811401,20.3474063873,55.2019691467,0.0445764278993
390,122.945068359,169.292098999,20.0393428802,53.5561561584,0.0382343569072
420,415.186523438,176.026977539,23.1896591187,80.0077438354,86.1711740494
420,600.447753906,198.620620728,27.1688232422,55.1933174133,18.6260357499
420,431.758209229,174.07270813,26.6732311249,76.0533981323,7.33617469668
420,613.615478516,181.01991272,18.8404026031,56.7347831726,3.30577231944
420,442.203369141,147.278137207,26.5407505035,65.3743515015,2.51421891153
420,105.334350586,173.285232544,17.4225845337,51.5632514954,0.749805476516
420,192.079650879,122.42590332,20.4305858612,55.6674232483,0.448668468744
420,394.32131958,177.65586853,26.4881343842,66.256072998,0.280071073212
420,162.051925659,92.0466308594,28.8989009857,87.6044082642,0.0580978463404
450,470.588409424,157.687423706,44.4317131042,139.929244995,98.4293520451
450,104.784751892,61.764755249,18.5643367767,50.0579948425,4.7134142369
450,139.449905396,62.8889274597,19.8802814484,61.27734375,1.76459942013
450,149.389083862,82.0878753662,31.4036483765,86.0907058716,1.13085685298
450,564.566589355,50.8041725159,27.2853374481,65.1020202637,0.601596524939
480,127.674682617,61.6099357605,19.3884563446,60.5634765625,2.58247219026
480,138.471679688,75.156867981,30.2509002686,94.7154464722,0.979971978813
480,157.151077271,185.81803894,20.5364055634,43.4104766846,0.489887641743
480,116.245323181,66.6269226074,18.0289936066,52.1574134827,0.290326331742
480,414.294158936,157.888809204,19.2984600067,50.0938224792,0.0868570466992
480,388.932739258,167.843093872,17.4417209625,43.1240844727,0.0569014227949
510,4.02978754044,184.523574829,13.407585144,54.0906944275,1.88572797924
510,10.6646490097,191.487472534,16.2534255981,47.8231964111,0.356997805648
510,111.139854431,59.4606437683,20.8183288574,58.4563140869,0.150227791164
510,168.864593506,109.62273407,24.3299274445,64.9300918579,0.144460413139
540,582.201416016,172.940444946,44.9152946472,139.506958008,7.67354518175
540,519.594177246,170.726730347,17.139787674,51.0690193176,4.88829426467
540,16.3029251099,185.156417847,20.3063812256,54.1236686707,2.76389047503
540,85.8086776733,57.0282897949,29.0660839081,69.8720855713,2.10970342159
540,552.272460938,164.254837036,17.94323349,61.1460418701,1.63987763226
540,602.734619141,213.241653442,23.501909256,69.5410842896,1.03024793789
540,154.432662964,110.7682724,25.7433853149,81.054107666,0.907637830824
540,506.505218506,170.625747681,16.9006195068,47.5330543518,0.456292228773
540,567.175415039,213.835632324,27.1243057251,80.9458312988,0.261902459897
540,79.2764434814,34.847568512,19.9747657776,61.364780426,0.053666747408
570,421.767364502,179.597900391,18.0241546631,45.3434143066,17.7242517471
570,474.036376953,186.204269409,20.1825580597,43.867023468,3.24694290757
570,547.496032715,169.490005493,18.1877384186,46.9451637268,2.41553541273
570,60.672668457,179.409973145,21.0143985748,50.9327125549,1.93522945046
570,525.078979492,167.106140137,17.7696056366,46.1168174744,1.46204857156
570,337.0440979,134.61831665,29.0789489746,63.3533592224,0.681629963219
570,392.882080078,170.959793091,18.4735164642,46.963760376,0.544990925118
570,411.309783936,179.617507935,16.6715774536,39.9028701782,0.330113642849
570,357.201202393,162.076873779,18.7914466858,55.6857299805,0.251650135033
570,52.101852417,45.4420471191,18.8972263336,51.4758758545,0.143058982212
570,70.8639297485,168.404968262,21.5835361481,54.9957618713,0.0413806730649
570,63.6862373352,42.8715400696,26.748260498,63.5515403748,0.0227700555115
570,155.965637207,104.034729004,20.6665630341,58.0434265137,0.0196104112547
570,14.1144628525,33.7016181946,22.744890213,59.1764717102,0.00140908541653
600,517.663879395,174.988586426,21.313615799,61.7570495605,93.2688295841
600,529.311218262,167.249755859,22.2456073761,61.0327148438,10.2578915656
600,421.110809326,172.596878052,15.2436704636,48.1557769775,6.73699080944
600,544.562805176,165.634353638,22.2137832642,53.9120063782,0.880971178412
600,484.556549072,168.997344971,17.274969101,47.6760063171,0.862939842045
600,429.697021484,169.948959351,19.5984477997,53.3563728333,0.563125312328
600,556.70690918,164.359390259,23.1004390717,47.8538475037,0.493482220918
600,79.697807312,71.5253982544,19.641828537,62.8533439636,0.450277933851
600,501.808868408,170.807052612,17.8849334717,55.5851593018,0.2855544677
630,17.161523819,190.443008423,23.6172733307,45.201675415,13.6250376701
630,578.594299316,179.316894531,16.4737129211,49.9740142822,1.74874775112
630,590.393005371,180.522384644,21.7908935547,62.943649292,1.41796926036
630,449.320770264,83.8314437866,23.2696056366,75.3713760376,1.09653631225
630,486.588623047,191.787841797,24.8942737579,48.013671875,0.158929091413
660,500.904388428,183.745803833,19.136095047,46.453792572,90.0500237942
660,438.861175537,176.777954102,17.5214633942,47.6948356628,28.8243561983
660,468.871704102,169.165298462,20.3376121521,58.4741668701,28.3748954535
660,615.493591309,172.090209961,16.0075702667,53.3985786438,19.5937991142
660,10.05676651,148.736312866,29.0947399139,83.9942321777,3.59025411308
660,7.30464982986,40.5455474854,15.8314123154,57.484375,2.5917943567
660,583.659912109,159.794006348,21.7880249023,62.4381103516,2.32692528516
660,513.291931152,180.965148926,17.7157020569,48.5788612366,1.96844637394
660,482.759521484,174.998657227,19.1304225922,53.5277290344,0.845494866371
660,460.965576172,164.585571289,15.8924026489,57.1602745056,0.744940945879
660,15.2622337341,43.4557495117,29.0094432831,68.5510253906,0.538442702964
660,435.236816406,109.318511963,18.311050415,54.2884979248,0.409092800692
660,426.141448975,174.849777222,20.603017807,49.9431762695,0.260047777556
660,30.4574718475,189.596572876,17.9136161804,51.062335968,0.154078216292
660,342.781005859,94.7169418335,35.5567703247,92.3997802734,0.0242792753852
660,51.292766571,138.052474976,20.4464817047,52.6899261475,0.00435472211393
660,499.029022217,24.872335434,28.9138965607,83.1326828003,0.00196896507987
690,567.655822754,177.525009155,26.6120128632,65.3092880249,97.4104940891
690,454.767700195,123.991874695,22.2812824249,83.7980728149,35.5189353228
690,537.666992188,183.8671875,19.3470478058,58.6685180664,11.1236929893
690,586.141601562,173.887313843,17.6021118164,59.3242225647,6.69898763299
690,520.200805664,188.529190063,22.1480560303,53.5256919861,2.46727634221
690,18.4811954498,152.680358887,24.2585697174,61.8604850769,1.07249226421
690,599.817565918,199.719833374,21.4376010895,49.1216888428,0.807632505894
690,551.498596191,173.2865448,19.3082485199,60.9327049255,0.76560433954
690,376.067230225,151.615432739,19.229883194,54.3283805847,0.413766456768
690,460.054534912,106.887062073,19.0967540741,51.7440834045,0.396087625995
690,450.78604126,167.695022583,17.6551837921,45.3327178955,0.263690110296
690,467.067352295,150.4974823,26.2009792328,76.3707809448,0.210604188032
690,118.290313721,160.891647339,26.8523693085,65.19947052,0.196555443108
690,447.434967041,106.477081299,21.3566665649,54.8026123047,0.188743486069
720,85.4756774902,181.911193848,19.2204380035,45.5990486145,8.46661254764
720,545.228027344,45.9741020203,20.6070213318,65.5330886841,6.08827881515
720,168.717483521,51.3388328552,32.0984573364,75.9441223145,2.14526895434
720,433.497344971,102.464256287,23.9015140533,61.0285224915,0.15622493811
720,618.236022949,67.5522155762,18.0410404205,51.0081214905,0.121932371985
750,501.341522217,174.837387085,20.071969986,50.1488380432,4.95761595666
750,36.9386634827,44.4636535645,18.7035770416,53.6267852783,0.114029482938
750,514.549743652,174.221069336,21.7883090973,50.1581726074,0.0341534934705
750,615.329650879,27.1831207275,20.5613803864,51.2595214844,0.000274146123047
780,0.0,160.457626343,24.3199634552,73.6714401245,41.7855590582
780,585.592407227,170.226074219,22.3575763702,48.1084289551,2.60212235153
780,392.659942627,134.416641235,27.1110515594,74.3461608887,1.28084151074
780,406.884063721,156.420455933,21.4662570953,54.3423576355,0.0950271263719
810,576.532531738,166.123840332,23.544670105,58.708896637,51.2036383152
810,550.298828125,171.807373047,17.6210803986,48.3318748474,5.35292364657
810,536.98626709,166.447692871,19.8433074951,48.8998222351,1.9908554852
810,398.767578125,120.710884094,28.1903972626,76.1252212524,1.07253864408
840,610.738220215,169.85269165,17.8196849823,48.598815918,38.9616549015
840,17.2897129059,172.209838867,25.8381652832,50.4026451111,11.8163503706
840,595.522766113,165.942947388,22.541343689,52.4792366028,2.03719642013
840,413.749267578,161.750259399,18.556886673,46.9067497253,0.948092248291
840,583.590637207,161.837921143,19.7797451019,53.8485679626,0.53288070485
840,388.370147705,150.467391968,17.6596889496,50.952835083,0.31883798074
840,376.724853516,152.999954224,16.7710361481,50.0381355286,0.122200720944
870,614.702392578,155.804214478,16.41847229,58.3980751038,25.5448967218
870,395.755523682,145.25,18.8110733032,55.5278282166,1.59092377871
870,163.308364868,384.211273193,19.0602645874,48.1347312927,1.00956689566
870,23.4580154419,175.527877808,20.2619667053,48.354511261,0.297525757924
870,36.026348114,163.589157104,17.7936611176,52.1841392517,0.155474827625
870,55.9439506531,184.619750977,25.3449039459,42.9963493347,0.122601608746
870,382.991210938,371.105621338,29.5614528656,74.7750320435,0.120727380272
900,405.663543701,147.480056763,20.242729187,52.2778282166,8.15720036626
900,436.469085693,160.595809937,18.5237121582,48.6023712158,2.12565567344
900,43.1731300354,182.543029785,16.1650257111,39.5349311829,1.70953720808
900,32.0879173279,180.188308716,17.3221511841,42.4823875427,0.308925448917
900,419.488922119,154.554504395,19.3762989044,52.7490692139,0.298348278739
900,523.310180664,171.405319214,16.6859779358,55.2855415344,0.2258827677
930,134.730804443,170.506759644,25.2740459442,42.1285667419,76.0146021843
930,9.54123783112,181.932662964,15.0009155273,41.3763046265,7.83210247755
930,523.195800781,155.410140991,24.4049701691,58.1921195984,0.114361476153
930,537.881835938,173.744018555,17.9813117981,44.8614959717,0.0816658837721
960,506.824920654,150.90612793,20.4751605988,69.642906189,9.69273597002
960,517.800720215,157.207870483,24.8606433868,66.0085067749,0.596276670694
960,551.01184082,165.581222534,21.4123325348,49.0650444031,0.427155289799
960,484.693725586,163.79133606,23.9725971222,52.0739402771,0.17129011685
990,43.4706420898,187.570617676,22.3469676971,38.5486106873,54.449224472
990,471.034545898,159.821884155,20.8862419128,53.6332092285,54.0985882282
990,3.59116816521,182.376876831,13.0903177261,49.7331733704,7.76046738029
990,615.921264648,170.39692688,17.7561283112,43.4107322693,2.40797139704
990,452.32800293,162.428451538,16.5773105621,47.7138786316,0.650699390098
1020,9.00741291046,193.915328979,17.4968166351,39.8689613342,29.8893094063
1020,535.280334473,266.074005127,28.2119693756,65.6637191772,5.82435131073
1020,477.119903564,132.142150879,26.3386764526,79.0151290894,4.79395650327
1020,450.155273438,136.567932129,20.3373126984,56.5770835876,0.544295087457
1020,257.965820312,391.948883057,21.9688034058,49.4881248474,0.311970291659
1020,465.478485107,149.929611206,21.4265384674,53.0934791565,0.104205682874
1020,540.765808105,62.687664032,31.2183151245,95.6181030273,0.0267339753918
1050,549.586242676,280.535675049,23.9792308807,63.192440033,0.245575141162
1050,455.538360596,144.433776855,18.5470714569,55.9063720703,0.180335948244
1050,55.2807159424,321.984130859,21.7786960602,48.8161468506,0.149087363388
1050,200.904724121,170.422897339,17.5602779388,51.5369148254,0.101035914849
1080,35.1380653381,185.031494141,18.4565792084,41.5102882385,0.811320822686
1110,612.022827148,153.735092163,16.0504379272,44.7951622009,0.933694280684
1110,460.789215088,170.17350769,27.880027771,81.516166687,0.259057036601
1110,513.259155273,45.0881080627,30.9738674164,94.9433517456,0.00209220324905
1140,12.843878746,184.032363892,22.7949695587,46.4830055237,6.43721595407
1140,134.316543579,179.19140625,18.5440750122,57.3317222595,0.00436760819866
1170,553.253356934,187.731369019,19.2624263763,48.0751647949,0.929280184209
1200,51.1992797852,191.475204468,19.0714378357,44.7961845398,63.4395122528
1200,12.0900001526,209.015213013,38.8869819641,82.1006240845,4.34684343636
1200,206.341506958,312.641876221,21.3817768097,54.0581626892,0.502903526649
1230,207.507156372,317.810577393,20.4696559906,55.2619476318,1.91333051771
1260,505.601531982,171.839309692,19.4396133423,49.1009216309,50.5317568779
1260,7.82028198242,202.856155396,18.9219532013,42.1751022339,34.5024764538
1260,211.068908691,317.251678467,22.3739395142,54.0494842529,1.58712137491
1260,493.552154541,165.071456909,21.532333374,58.6446800232,0.575075624511
1290,511.699066162,168.346359253,19.3089427948,53.2916221619,80.2904188633
1290,578.744934082,85.4566726685,21.4564495087,52.1196289062,15.5681863427
1290,215.284729004,314.66293335,21.904592514,49.6539573669,2.96474210918
1290,188.18371582,313.426635742,37.8750419617,70.3004379272,1.54263488948
1290,617.272277832,156.291320801,18.1770458221,49.8442687988,0.324407126755
1290,587.861633301,181.945617676,25.2503490448,69.4641113281,0.0448122795206
1320,612.1796875,290.607940674,20.5603542328,55.2386779785,59.6939682961
1320,503.665618896,155.834884644,39.7000770569,80.9870986938,11.2221091986
1320,567.359985352,253.129516602,23.8048496246,67.164604187,2.62459032238
1320,513.517333984,132.948348999,22.0129108429,62.9333190918,2.09166835994
1320,548.679443359,231.381332397,29.2258243561,81.1576843262,1.07825668529
1320,486.928436279,174.924789429,39.6337242126,123.168861389,0.31374504324
1320,593.664550781,271.015930176,22.7082061768,63.2989501953,0.245845969766
1320,583.58215332,259.350646973,21.4743709564,66.9341888428,0.151663925499
1320,507.806060791,243.656555176,26.2993755341,68.0924911499,0.0950065266807
1350,597.995788574,309.222045898,25.6753921509,74.5847167969,0.459888577461
1380,576.304748535,266.11618042,31.7198009491,83.2133255005,4.31279726326
1380,593.712524414,261.773223877,29.9864902496,69.6455230713,1.92449185997
1380,196.545028687,315.702819824,42.3997993469,72.9284896851,1.84638500214
1380,490.300933838,198.624450684,24.3887939453,62.2698173523,1.36627592146
1410,400.333984375,112.5442276,20.533996582,50.9807243347,4.31173630059
1410,514.424621582,248.297958374,20.637556076,50.2138404846,1.09335863963
1440,199.094360352,314.623138428,41.5949325562,78.4021987915,7.28171765804
1440,455.650054932,105.23651886,17.9537410736,52.8913230896,0.378218083642
1440,484.503997803,145.033004761,15.9301767349,50.0666465759,0.155653012916
1440,61.9040565491,199.916870117,20.635887146,58.0069465637,0.149928650353
1440,73.5473251343,196.843566895,19.3681755066,57.2259559631,0.0716017908417
1470,185.167785645,317.328826904,44.1864929199,83.2523269653,8.33677276969
1470,445.006347656,106.32106781,19.0303668976,48.7218475342,2.29154974222
1500,196.116516113,316.597381592,43.6675720215,85.6447067261,5.02674281597
1500,444.706695557,108.700233459,18.7327957153,47.8441619873,1.43320504576
1500,93.9651260376,182.375915527,20.0407161713,55.1728935242,0.563898822293
1530,211.140518188,316.802276611,37.2646789551,70.2473983765,4.61357720196
1530,448.886993408,108.362159729,17.5459918976,46.4898719788,1.69460382313
1560,210.492507935,318.09387207,37.7198295593,72.3138046265,6.76960796118
1560,445.512908936,109.574333191,18.3627414703,47.2231712341,1.32629256696
1560,20.0257072449,186.197143555,21.9279346466,47.5786476135,0.640184944496
1590,126.013771057,194.171005249,18.9716377258,47.4310760498,5.12247420847
1590,194.606994629,316.396697998,45.8445320129,78.8764419556,2.76592690498
1590,445.389801025,108.289520264,18.0088768005,48.589050293,1.78903657943
1620,52.24659729,198.859603882,32.9914474487,97.3963241577,5.69492094219
1620,216.334152222,314.006591797,24.0318279266,61.8055114746,2.03705392778
1620,128.171539307,194.011779785,16.3851509094,38.5322303772,1.10832797363
1620,445.556762695,109.285636902,18.5313091278,48.7194976807,0.94044636935
1650,17.0163516998,196.70765686,17.5093193054,40.7060585022,3.0268361792
1650,222.856628418,306.419891357,22.7758846283,59.1703147888,0.865062698722
1650,446.476531982,112.054931641,17.0833091736,57.378162384,0.393282761797
1710,13.7550783157,192.979797363,21.5714511871,42.6933708191,1.21471043676
1710,95.3903579712,193.979385376,18.8985080719,41.8409309387,0.528986379504
1740,18.7348632812,199.003479004,20.7359523773,40.4474143982,6.37876391411
1770,11.7473192215,197.555007935,18.7458877563,40.9192962646,3.36437821388
1800,9.96322250366,198.167663574,23.5318889618,40.5936012268,12.4485388398
1800,440.646697998,175.050048828,19.1344242096,59.7026329041,0.257956725545
1830,6.41847229004,197.241271973,21.4677581787,40.7480812073,1.69858001173
1830,169.695144653,193.279647827,20.3633441925,53.1879463196,0.576731003821
