30,482.811157227,203.402160645,28.7809696198,63.4764709473,0.303056440316
30,460.906646729,186.169021606,23.6992359161,64.0413589478,0.0947438529693
30,291.910980225,34.7543907166,33.9528312683,64.3717727661,0.0149648651131
60,519.631958008,170.536117554,33.7806739807,90.6338882446,6.16550669074
60,45.2772827148,171.912231445,23.0203723907,53.5671424866,1.58090889454
60,600.812683105,238.337402344,30.3248214722,96.767539978,0.231826212257
90,598.742126465,189.061477661,31.0643062592,86.498374939,1.94488186389
90,505.130706787,172.266098022,18.8997707367,46.2064208984,1.80874504149
90,492.70791626,171.189346313,21.2082271576,47.1902122498,0.613978551701
120,539.585083008,171.846450806,27.1695690155,53.1027488708,99.7418880463
120,573.507385254,171.253616333,24.2194900513,56.4016265869,98.783582449
150,97.6685409546,122.179176331,21.8322963715,57.4206848145,0.290634366684
150,408.472869873,162.217544556,18.1191959381,43.4604911804,0.0164543249412
180,432.973388672,168.532577515,20.759349823,42.1202964783,1.03118810803
180,455.680175781,31.3863296509,21.7731781006,53.2662506104,0.372722744942
180,616.703796387,219.107116699,16.4198799133,49.8490791321,0.153846316971
180,6.83180379868,37.953502655,21.5596485138,59.24401474,0.0435361551354
210,72.8210830688,188.167541504,20.574464798,35.5834159851,28.1934410334
210,5.76082229614,190.113952637,15.6317443848,42.7405052185,7.14519321918
210,31.1197147369,136.667526245,26.986032486,82.0845413208,7.03895688057
210,13.5251169205,185.813705444,19.3443527222,40.1528968811,0.138549180701
240,440.35546875,170.940475464,19.7841262817,51.5476264954,12.9716873169
240,133.550827026,151.588775635,21.8728961945,51.5203590393,1.91312283278
240,7.22370147705,184.206771851,16.888999939,43.5308837891,1.31890894845
240,609.486206055,95.1400985718,19.1786689758,51.0037994385,0.372009933926
240,155.216995239,87.4250564575,24.8611679077,69.9944839478,0.265774130821
240,464.01574707,175.651199341,18.9753665924,46.4356575012,0.265603861772
270,476.436401367,185.093673706,17.9862995148,47.6065330505,48.0223417282
270,521.694274902,184.819046021,18.2930526733,47.7092170715,2.84514799714
270,489.577056885,185.90196228,17.864320755,46.1014442444,0.392376119271
270,536.945251465,188.275985718,18.4064769745,44.867767334,0.233645923436
270,403.903442383,158.386734009,21.6810455322,57.6378822327,0.122410571203
300,538.640380859,186.57434082,20.1096935272,48.5884742737,76.156771183
300,609.857788086,169.093643188,20.3973293304,64.6921005249,47.0308035612
300,530.903991699,185.774978638,13.3051958084,47.7147064209,27.5622427464
300,565.657287598,53.6844673157,22.1154270172,49.3366546631,23.1050863862
300,554.120422363,187.503890991,25.7452774048,57.2009925842,5.6752204895
300,430.50088501,172.759017944,19.4309482574,46.72108078,5.51091022789
300,598.828674316,183.670227051,17.5295543671,55.2161865234,0.789265427738
300,415.413116455,162.496765137,21.0606746674,55.8587989807,0.381996901706
300,525.779846191,94.8760681152,20.2514190674,48.6696205139,0.342269707471
330,510.81338501,182.888870239,20.8816165924,43.9112358093,44.2926824093
330,455.227996826,157.433776855,22.4239444733,65.0686569214,6.27891123295
330,40.0986480713,187.178283691,20.0362739563,51.6058502197,1.24500812963
330,54.4723777771,145.383132935,26.5163879395,70.1713790894,0.0494289211929
330,348.059173584,272.192871094,23.6222858429,50.4625396729,0.00996726957965
360,597.550231934,179.044662476,21.2350177765,51.8475379944,92.1174108982
360,517.413391113,173.609237671,21.4697952271,56.7679786682,82.6044082642
360,582.956359863,183.983566284,23.2042217255,47.1656455994,42.6598072052
360,553.788879395,175.766418457,21.3785762787,52.1724090576,35.4631334543
360,500.695709229,173.260604858,19.9467124939,56.5240592957,4.96451333165
360,456.967285156,184.745040894,18.0175991058,41.3651542664,0.58807535097
360,530.508850098,172.537231445,19.0364971161,51.9306030273,0.580848101526
360,482.046905518,31.9768066406,22.0360031128,52.9024772644,0.370209873654
390,615.559265137,167.519607544,18.9967288971,77.408706665,81.8775296211
390,472.028900146,182.669937134,19.937795639,39.4974327087,80.3516089916
390,598.068664551,160.000137329,25.0069255829,92.1322097778,6.32635727525
390,611.044128418,207.750839233,18.8637123108,56.8141670227,1.32813835517
390,77.826210022,192.301879883,18.1025390625,42.5854606628,1.0372790508
390,613.696716309,114.520378113,19.9454803467,62.0959510803,0.106431602035
390,64.5295944214,191.595214844,17.5753326416,42.7716255188,0.0936253403779
390,137.604705811,99.0174331665,26.0938053131,80.3094558716,0.0203845687793
390,604.930358887,44.2683906555,20.7015361786,60.5185546875,0.00434021094406
390,451.06539917,34.0146141052,28.4357089996,64.8213500977,7.6388312209e-05
420,507.720977783,182.994934082,16.486082077,43.9838905334,54.8169136047
420,552.38104248,186.852050781,20.8340682983,42.5769844055,3.01766041666
420,562.707580566,175.096984863,20.3350315094,49.8048858643,1.45638594404
420,496.355926514,181.145385742,17.2547359467,48.3583946228,0.26266661007
420,8.74162197113,174.919021606,16.6116046906,50.145324707,0.245543895289
450,561.492736816,177.889541626,20.2324542999,57.5453796387,94.0836727619
450,54.7657051086,74.6779251099,28.8231716156,74.7696990967,42.1934843063
450,616.563171387,187.628707886,15.6358156204,48.6161460876,4.32505495846
450,379.785644531,133.567489624,23.8857803345,73.808555603,1.7810838297
450,533.534240723,187.377151489,20.3915195465,45.7177391052,1.09372241423
450,573.014831543,180.383834839,25.3788509369,55.6153259277,0.155578635167
450,6.80641889572,186.154418945,18.4456272125,49.9093360901,0.0824583461508
480,383.571411133,129.781936646,24.147146225,80.1893386841,20.4067528248
480,11.4922094345,65.8053817749,23.4465007782,62.3925819397,9.65029746294
480,34.3415107727,82.7307052612,22.3559093475,52.1892242432,0.582067994401
480,403.823638916,136.869644165,20.8374710083,52.4832649231,0.123383442406
480,393.581512451,173.327407837,18.1137599945,45.3359527588,0.0553955556825
480,48.401966095,82.9530029297,25.0648288727,56.3885040283,0.0453711545561
510,478.993896484,183.159729004,22.0752162933,53.9916992188,28.0132085085
510,398.069732666,109.59009552,25.4962921143,98.0369262695,20.7070529461
510,617.157958984,156.777587891,18.5355358124,46.200969696,2.52744294703
510,11.1996269226,69.7585449219,31.3243694305,52.3351898193,0.285639357753
510,160.69833374,392.809539795,24.3433990479,56.6179389954,0.0408930878621
510,413.216461182,158.24230957,19.9824237823,53.8389778137,0.0257466163021
540,526.480529785,180.686813354,19.879617691,49.8750152588,75.1600503922
540,404.800933838,92.8776931763,30.853729248,115.934486389,11.2662352622
540,537.936340332,181.151733398,21.8021469116,49.7865257263,9.65391397476
540,511.452392578,181.105575562,17.7038326263,47.7196960449,6.04370571673
570,604.764831543,176.136291504,22.67278862,62.3115119934,87.1996045113
570,590.86932373,175.435058594,22.575422287,57.8030586243,2.84185968339
570,453.596313477,119.897399902,30.4247436523,72.0603561401,0.0338380254107
570,386.807617188,154.911376953,28.8320178986,61.2546386719,0.0277559272945
570,6.88015508652,145.780532837,22.377073288,55.7499732971,0.00711759130354
570,415.615875244,75.2629470825,29.6838607788,113.673698425,0.00226737774938
600,443.10269165,66.1161651611,42.9404640198,163.234848022,2.85343900323
600,370.810882568,47.8200263977,39.5868797302,78.5648193359,0.522330775857
600,17.5436878204,163.912307739,20.1429576874,52.5920906067,0.209772516973
600,141.275039673,395.824432373,25.5950641632,61.3863105774,0.112043041736
600,2.54831695557,176.91595459,13.4904975891,50.240524292,0.00601630890742
630,345.088531494,174.060974121,16.5643539429,47.2510681152,7.30567798018
630,477.163421631,55.2914924622,31.2847309113,97.4909896851,3.07041145861
630,303.415313721,367.899261475,23.4077682495,55.2342376709,0.257166428491
630,474.051055908,93.6427841187,50.4782218933,135.322418213,0.227570557036
630,499.065887451,185.666671753,19.1186237335,48.0867576599,0.223332759924
630,290.315704346,399.2159729,22.751115799,52.8730735779,0.0432657718193
660,525.061645508,89.010307312,33.9172096252,128.755004883,2.11144667119
660,8.94284725189,177.063217163,27.6084423065,55.4300880432,1.84638276696
660,341.698028564,170.679214478,20.7273025513,57.0115966797,0.657198857516
660,427.608520508,152.774841309,20.2199039459,60.0629920959,0.100469670724
660,540.410583496,74.6681900024,29.2629070282,92.0370254517,0.0117258765385
690,423.960235596,163.137145996,22.4201221466,65.3445510864,50.5052268505
690,609.448913574,71.9157943726,22.0715351105,72.3624038696,19.01756078
690,435.645599365,152.990447998,21.4670181274,60.6616783142,0.71230372414
690,399.00894165,164.616531372,20.8073177338,58.2345619202,0.254814233631
690,197.031021118,170.227340698,34.5918006897,81.5685501099,0.191673182417
690,344.218658447,153.85774231,23.3346881866,62.1819877625,0.156493042596
690,487.627655029,88.8872680664,60.8952598572,156.314285278,0.13863282511
690,332.316772461,167.304214478,18.0868320465,51.0550994873,0.0396597577492
690,413.965423584,147.413375854,20.4447689056,56.7611694336,0.0334249576554
720,463.366485596,163.934020996,20.0574531555,55.0316200256,6.43669739366
720,452.198394775,169.146987915,19.2343997955,53.7969055176,4.00394611061
720,103.046028137,182.114196777,19.5641136169,38.0117073059,2.58622970432
720,7.74759340286,186.862075806,16.2963199615,46.8300743103,0.412528449669
720,447.930328369,138.800094604,19.9196872711,58.1350097656,0.18949728692
720,434.432861328,136.442764282,20.3245773315,56.8959960938,0.0942079583183
750,517.37310791,171.212585449,20.446516037,53.4602928162,3.9417874068
750,580.312316895,183.241333008,22.8763885498,57.0342292786,3.2555129379
750,592.422912598,49.1136741638,41.7203788757,86.4867630005,0.892730429769
750,3.15493321419,171.511047363,12.2743082047,59.3433570862,0.608539627865
750,494.065338135,159.160430908,26.615737915,67.9416351318,0.476423371583
750,252.668777466,176.568481445,22.2456645966,63.8611450195,0.241278694011
750,528.547302246,163.14302063,20.4820156097,60.5992469788,0.193646526895
780,581.867614746,183.344406128,23.296585083,59.2241401672,3.12758535147
780,34.002368927,182.881942749,18.7509326935,45.8347587585,1.11692398787
780,608.101379395,175.454238892,18.7694816589,60.5377464294,0.537069793791
780,444.517822266,174.418746948,21.7154541016,66.8746948242,0.0877708604094
780,475.947357178,167.991378784,22.1824703217,53.1803321838,0.0814653700218
810,504.948455811,123.27419281,31.0419921875,79.4967498779,1.97947695851
810,525.894165039,177.6900177,20.033624649,51.8885002136,1.38354776427
810,580.876281738,237.484680176,27.4002857208,77.7575302124,1.04841236025
810,205.420089722,146.608062744,22.8701152802,66.1390609741,0.554503500462
810,487.433929443,131.585617065,26.6224117279,86.6867675781,0.430730078369
810,167.211868286,168.066177368,22.0024414062,50.9196662903,0.250521954149
810,84.1186599731,187.816055298,18.0769824982,41.6671104431,0.191419257317
810,535.778991699,180.639328003,25.1543331146,72.0928268433,0.181848055217
810,93.9321060181,188.678833008,19.7890911102,40.2822685242,0.168630178086
810,587.080566406,156.965652466,21.9704589844,60.3492393494,0.100823072717
810,76.7780914307,71.0849914551,20.4810256958,60.650188446,0.0549805175979
810,476.483154297,166.6509552,25.5730991364,59.8823204041,0.0264507310931
840,476.450408936,188.110656738,21.6589946747,47.9617462158,29.9121856689
840,583.875671387,185.042556763,19.6335582733,62.0179138184,18.1735798717
840,495.887054443,177.164779663,19.1055202484,54.7805671692,9.99073013663
840,615.428527832,102.185951233,19.2729530334,75.3294754028,2.83571761101
840,107.643074036,126.27848053,31.3023815155,85.2319717407,2.25623548031
840,544.570678711,189.305130005,24.6418094635,51.5746192932,2.24808752537
840,563.112304688,186.349304199,18.9772853851,56.074672699,2.12953593582
840,610.654418945,75.8740005493,20.7370452881,51.9921913147,1.00898249075
840,529.297180176,193.880737305,24.9973239899,50.4131660461,0.849935039878
840,10.2881536484,186.693115234,18.0170936584,42.0523414612,0.504456600174
840,464.824066162,182.67388916,17.0880374908,50.6008644104,0.295255356468
840,519.070617676,111.954917908,28.1241989136,85.3230743408,0.0924609310459
840,557.759521484,106.783119202,18.1838493347,56.1073760986,0.0750528997742
840,600.473144531,61.7890510559,21.9378128052,55.8038673401,0.031074785511
870,590.63482666,176.938232422,30.3074207306,76.8177566528,22.2475424409
870,466.344848633,181.572616577,16.3010902405,52.9491691589,7.27662593126
870,519.872741699,195.066772461,19.3048534393,55.304523468,6.81185945868
870,7.61226272583,179.647720337,16.6431503296,47.6542854309,5.90402521193
870,446.120574951,174.86289978,19.1734333038,57.1693878174,5.12190274894
870,557.826477051,60.1146850586,22.0653095245,60.0207176208,4.90215495229
870,475.615692139,182.914611816,19.7311840057,52.8915252686,3.58539558947
870,539.547851562,62.1610984802,44.4324302673,152.195053101,2.42220982909
870,562.806335449,202.405319214,18.667049408,51.5759010315,1.05306785554
870,570.812988281,57.3027992249,21.327009201,56.5540885925,0.930194277316
870,105.268226624,183.790908813,18.557094574,41.4110679626,0.85315592587
870,456.770141602,157.453018188,20.1975421906,62.3690681458,0.161646737251
870,535.308898926,66.8964614868,29.1994781494,69.940284729,0.0557955179829
870,486.444671631,164.135940552,20.3011245728,57.0125312805,0.0517217500601
900,522.90826416,173.432373047,26.9327926636,74.0656509399,95.8137571812
900,554.926330566,177.988708496,21.3105239868,56.0463981628,55.2664875984
900,465.248260498,172.536209106,19.8349742889,53.8587493896,45.3218609095
900,489.124023438,176.911300659,19.0602970123,53.5807800293,35.2755397558
900,422.808441162,178.356124878,33.3589744568,65.2163696289,4.32314798236
900,498.816650391,182.433395386,21.0429706573,64.6140060425,1.67578160763
900,511.39956665,177.810287476,22.7049350739,70.3410263062,1.56320221722
900,613.758117676,151.50112915,19.5245265961,56.3124389648,0.74702994898
900,628.367614746,95.4139633179,11.6323852539,53.581741333,0.38138970267
900,445.589630127,168.89302063,22.7558803558,55.5157661438,0.268002343364
900,519.20703125,138.731002808,23.3216571808,66.5904922485,0.0539728906006
930,44.074131012,171.771560669,19.9398326874,52.3685112,7.79435038567
930,92.785369873,141.24710083,22.3691654205,72.3185806274,0.845892261714
930,599.782226562,191.435348511,25.6401748657,53.4807548523,0.684639671817
930,9.49285793304,188.436904907,20.363325119,46.4359588623,0.440265890211
930,107.754112244,139.389022827,27.4354324341,70.5177841187,0.249985838309
930,608.108520508,99.7084579468,21.8252429962,54.7847557068,0.242671114393
960,535.156311035,174.043334961,23.9341564178,67.5002059937,95.5169439316
960,592.312988281,160.859359741,26.1212387085,75.9232406616,94.4270372391
960,120.574951172,182.671691895,22.8202533722,47.3196144104,7.42367058992
960,609.994934082,165.451126099,17.8692684174,58.0752983093,6.90133944154
960,548.655273438,173.532775879,28.0476608276,62.7484130859,1.57505664974
960,574.17779541,164.969802856,24.8065872192,65.7418823242,0.481545878574
990,610.533203125,216.056518555,18.7863864899,56.8106079102,20.9801822901
990,512.05279541,135.18951416,20.9032268524,61.3019447327,1.84359326959
990,614.858154297,168.334976196,19.7822170258,55.8358917236,1.21989585459
990,112.932579041,130.454193115,26.2711772919,70.4347686768,0.553109962493
990,61.9314002991,56.8779411316,20.2845630646,58.77866745,0.379751855507
990,489.644287109,124.035095215,19.5069408417,48.637928009,0.289359735325
990,410.799224854,172.665893555,15.5636329651,45.3836860657,0.2584944712
990,63.7591438293,173.88899231,23.3405971527,50.0947875977,0.0857769744471
990,97.6722946167,140.669876099,23.0474376678,71.9100875854,0.015432901273
1020,609.118713379,175.190429688,20.7815036774,45.8920021057,51.4044046402
1020,425.557861328,168.220718384,17.5312252045,52.0417785645,13.815331459
1020,414.940826416,160.299850464,19.5653820038,55.6130638123,1.35324504226
1020,96.6747436523,176.833862305,17.7644824982,43.9999427795,0.619723089039
1020,490.251800537,158.915527344,22.9040985107,65.8439407349,0.0552756071556
1050,62.6415901184,145.736282349,21.1662197113,72.8095016479,0.328323245049
1050,33.5800476074,89.5176315308,20.0840358734,56.3721733093,0.227461289614
1050,81.7012252808,169.798126221,21.7769908905,56.145980835,0.10163517436
1050,296.227508545,184.86680603,20.2023582458,49.8483085632,0.0838105916046
1080,501.930908203,170.548751831,19.6500740051,67.3530044556,9.8237156868
1080,488.897827148,173.778762817,17.4936485291,50.5500679016,2.49883588403
1080,541.546569824,160.200424194,24.4565353394,66.5463943481,0.929710548371
1080,515.958679199,186.503616333,18.8179149628,53.2043037415,0.782617554069
1080,476.885284424,158.00920105,22.0107975006,59.3417472839,0.673369970173
1080,562.713928223,160.255325317,22.0898208618,60.4863700867,0.225603580475
1080,51.7899665833,173.68522644,20.4496135712,53.2668914795,0.167122273706
1080,462.650115967,185.008483887,28.4280071259,50.1073799133,0.139047158882
1080,31.379858017,140.45451355,27.5893249512,83.6739730835,0.0991782406345
1110,596.976379395,158.74067688,21.8817996979,62.4409179688,57.2143912315
1110,609.641357422,156.922729492,27.46808815,90.466178894,49.9019443989
1110,441.957885742,161.527908325,20.3465995789,54.5956459045,26.0685533285
1110,579.084472656,150.492843628,30.4865779877,78.9410171509,5.38904629648
1110,627.015258789,168.026687622,12.6813545227,52.5449676514,2.16006767005
1110,3.86180186272,196.569259644,17.7747440338,51.2288169861,0.85951462388
1110,533.130004883,172.316040039,18.8731098175,48.5795707703,0.516387401149
1110,388.467498779,165.600891113,18.0380954742,52.1625061035,0.312228128314
1110,475.983612061,133.736221313,20.8493919373,54.4589996338,0.279233441688
1110,56.8694419861,182.826660156,20.7360439301,48.6407661438,0.079437205568
1140,615.663330078,164.508575439,17.0841674805,48.4277992249,6.14580921829
1140,452.891967773,157.699920654,25.7529067993,64.9876022339,0.395464571193
1140,398.39855957,176.431289673,19.1049480438,48.8865852356,0.127002107911
1140,45.8339347839,187.269287109,19.685049057,44.2154388428,0.0645723252092
1140,56.34998703,181.32019043,20.8523349762,48.1172943115,0.00791437050793
1170,615.578430176,168.985839844,17.9308586121,46.8930206299,11.0622286797
1170,568.393737793,167.565628052,20.2135696411,54.7554779053,4.2858928442
1170,15.9733734131,178.370849609,19.1421108246,51.8207588196,2.7672784403
1170,502.81741333,172.973876953,20.8429355621,50.3384361267,1.61905549467
1170,553.050415039,173.383911133,20.6687355042,47.1246528625,1.53689496219
1170,376.708892822,164.044937134,18.4756450653,52.8310852051,1.33280102164
1170,479.057739258,161.18057251,25.8572540283,61.8444976807,0.925689563155
1170,514.589660645,160.664199829,19.8975505829,52.7798500061,0.59094731696
1170,541.587890625,170.749099731,19.9228534698,49.9388618469,0.408626068383
1200,417.100921631,172.012863159,18.5006561279,49.0236854553,25.3161042929
1200,611.762329102,158.48739624,22.243062973,62.7737388611,21.3443621993
1200,597.170227051,155.388748169,25.7479343414,59.7077674866,2.16450616717
1200,583.990966797,161.095840454,21.4020462036,51.6643714905,0.223166705109
1230,610.03302002,170.926940918,20.0452919006,54.3645439148,32.1108281612
1230,588.083312988,191.927536011,21.8631439209,48.0894966125,17.0474335551
1230,426.133514404,170.212524414,18.6480617523,47.9827156067,2.11771186441
1230,601.338134766,189.405380249,17.7233753204,47.1237297058,0.834625866264
1230,392.725006104,173.187362671,19.307138443,44.9249305725,0.236873747781
1260,580.645812988,124.513031006,21.8908996582,65.0914230347,12.007035315
1260,440.464508057,171.19682312,20.2290401459,48.2717247009,4.99489530921
1260,348.552215576,173.68132019,20.0735378265,51.1915473938,0.698232837021
1260,407.378143311,179.59715271,20.4430885315,46.3310852051,0.0670687411912
1260,400.053192139,121.671150208,27.0452785492,85.5669555664,0.0270577787887
1290,461.381347656,180.08555603,18.8636264801,44.5680198669,52.6153624058
1290,5.30973863602,161.425369263,19.4552745819,57.7720756531,3.22315096855
1290,454.349945068,121.86529541,30.2949314117,94.5855941772,1.51434354484
1290,448.148590088,168.021224976,15.7217979431,54.1777687073,1.4862395823
1290,14.0266876221,160.787994385,29.8733272552,69.8714065552,0.830218195915
1290,412.203857422,153.280044556,23.9471893311,66.0922622681,0.0633269723039
1290,439.286834717,114.793067932,21.5975704193,62.6379051208,0.00751966290409
1320,481.796478271,181.529495239,18.4801940918,48.1730537415,91.7647600174
1320,477.784210205,117.409263611,35.9058380127,108.156646729,6.61040842533
1320,415.33505249,156.598068237,19.8354492188,56.044002533,4.1810516268
1320,58.684551239,102.036460876,21.1510982513,51.0996704102,0.53559015505
1320,462.017791748,88.2704238892,33.305644989,133.994979858,0.298569328152
1320,462.088500977,179.402450562,17.9621562958,50.0356864929,0.266206194647
1320,124.270851135,187.328918457,20.9348220825,42.4388961792,0.15379145043
1320,442.895477295,77.5081634521,35.6100311279,123.664375305,0.0299106322927
1320,6.72261047363,178.179519653,15.4676408768,50.1249656677,0.0213146719034
1350,527.434143066,176.247924805,21.2608757019,63.2615470886,26.1337190866
1350,23.6119861603,90.6533813477,20.8153362274,50.2836952209,9.57484915853
1350,481.302032471,187.194824219,17.201007843,46.6155815125,0.77734477818
1350,517.4375,193.256088257,20.4132099152,51.2569274902,0.346931535751
1350,295.371734619,320.955749512,20.46251297,50.1953620911,0.215778825805
1350,364.407226562,315.372039795,21.9635066986,46.6308174133,0.171373295598
1350,514.844604492,54.6967887878,34.6555747986,109.682701111,0.145262293518
1350,276.782501221,302.027679443,31.393945694,71.608795166,0.119418208487
1350,490.7215271,57.823638916,35.3020324707,110.607116699,0.0441325479187
1380,599.841552734,174.339950562,26.4425868988,72.5765686035,99.6613323689
1380,578.61706543,171.149230957,22.4339733124,66.8917770386,93.6117827892
1380,426.617950439,178.787460327,18.9656143188,59.4351043701,3.22067327797
1380,472.323944092,377.097808838,21.4058856964,50.3204917908,2.08032913506
1380,448.759185791,376.62979126,33.6578369141,64.7531509399,1.98923870921
1380,566.993347168,174.120315552,17.7841091156,57.8105278015,1.42135992646
1380,483.478179932,373.921173096,31.8802318573,67.4523162842,1.29458252341
1380,530.37677002,387.6640625,21.9922008514,56.5522003174,1.0598693043
1380,428.84475708,376.000640869,21.2268733978,56.2720527649,1.04189570993
1380,503.387939453,392.833587646,21.5052623749,52.6490325928,0.693418458104
1380,6.48943328857,73.3327636719,16.68633461,49.7336463928,0.469949375838
1380,205.7993927,360.677978516,35.6532592773,81.672996521,0.410399446264
1380,23.1703968048,69.9458618164,24.0178527832,61.6600341797,0.0432198576164
1380,313.247589111,375.190338135,29.1249523163,68.4312744141,0.0196776905796
1410,467.893707275,179.316467285,17.9470348358,53.6589317322,79.9615979195
1410,493.328857422,147.132919312,27.2257156372,87.9097213745,3.80990244448
1410,4.92585706711,54.2287139893,12.4726419449,57.1098747253,2.94841937721
1410,483.519195557,177.81211853,23.7185611725,55.5039520264,1.21036209166
1410,350.042938232,176.836181641,27.3106327057,62.7957458496,0.0489581318107
1440,524.650695801,168.470413208,24.5655994415,62.6887245178,91.4038777351
1440,542.240844727,169.570236206,23.9841136932,62.128818512,18.6330288649
1440,614.344177246,201.938491821,20.092748642,52.122303009,9.89001914859
1440,569.865661621,123.234642029,20.4328689575,56.7374916077,1.07812965289
1440,578.361755371,115.209754944,32.9746932983,88.3348922729,0.472839362919
1440,556.912719727,172.004348755,18.0992069244,56.1986122131,0.384467164986
1440,506.086395264,176.033401489,17.2576122284,45.09217453,0.13101346558
1440,551.254089355,140.855392456,21.9370498657,54.9463920593,0.061711051967
1440,515.019836426,145.761642456,25.8775463104,65.9955673218,0.0334550219122
1470,120.855628967,176.199050903,17.7051124573,45.9472084045,0.0212281709537
1470,336.19631958,400.693695068,24.8556423187,57.7576904297,0.00074686950029
1500,500.174102783,152.787979126,29.2636947632,72.1663360596,10.7552319765
1500,520.094848633,153.680282593,18.916929245,52.292388916,1.4704272151
1500,412.876220703,172.879226685,25.1912994385,64.2211837769,0.306753674522
1530,9.84846401215,191.354202271,18.585767746,44.2253379822,18.1051388383
1530,524.174560547,173.748718262,17.9046783447,53.9374694824,6.26909732819
1530,556.865539551,183.213088989,25.6410293579,59.425945282,3.84322144091
1530,570.658691406,174.995117188,23.2019901276,55.0054168701,0.749342050403
1530,615.95880127,389.0909729,18.383234024,51.6777458191,0.67438269034
1530,562.503601074,149.449295044,23.0768375397,66.391494751,0.656985491514
1530,536.429504395,161.981369019,17.6767635345,59.5812835693,0.204603350721
1560,547.550842285,184.721847534,20.8052997589,51.5965766907,97.2656548023
1560,526.100341797,188.801391602,17.2883472443,48.4340553284,20.9767475724
1560,614.249511719,175.240402222,18.7807788849,57.9807434082,10.2395884693
1560,500.703399658,142.610427856,17.7109603882,46.6128883362,2.37374398857
1560,569.514831543,179.38079834,17.8086528778,49.016368866,0.271353195421
1560,508.350982666,134.686630249,20.7176437378,43.4588775635,0.212510325946
1590,592.838195801,177.892318726,27.0794353485,78.3575134277,93.962675333
1590,582.325805664,186.139709473,20.3692684174,57.4694252014,12.6478463411
1590,611.836242676,185.882553101,21.8589611053,58.8219451904,2.72218510509
1590,290.295806885,249.897827148,21.1024723053,52.4138374329,0.794521067291
1620,177.178665161,193.714767456,24.3436508179,38.5782661438,14.6780818701
1620,258.445495605,364.75769043,31.2255573273,83.4337081909,0.664521707222
1620,360.1199646,353.505126953,22.4471645355,64.3229751587,0.405814498663
1620,97.4862976074,182.285354614,20.7343711853,48.1570320129,0.402459735051
1650,606.540893555,89.2038345337,20.0239391327,61.1256217957,33.4685981274
1650,425.137542725,180.291152954,26.221244812,77.8544387817,1.33565114811
1650,322.908782959,166.624893188,20.6398658752,44.1115531921,1.28582762554
1650,100.393623352,175.174255371,24.3038578033,64.5640792847,0.757384253666
1650,376.159423828,371.653289795,24.1121234894,62.8335227966,0.498546939343
1680,453.596343994,179.42906189,51.8242073059,76.6521530151,31.7264080048
1680,535.997497559,146.8931427,22.9789581299,48.0076713562,7.73676708341
1680,71.2670974731,72.7905197144,23.7161312103,60.5989341736,6.50413930416
1680,35.648311615,191.914672852,26.0864562988,50.0732841492,0.857242010534
1710,18.1618881226,57.3536987305,24.9075870514,58.9136695862,18.088118732
1740,482.628997803,181.217605591,22.4561767578,45.9506225586,3.23825143278
1740,23.6991882324,156.816696167,23.3394947052,68.0578308105,2.02739201486
1740,280.665618896,160.483200073,20.8581085205,51.1480255127,0.0408012827393
1770,534.541625977,184.99446106,19.4691753387,55.8409080505,6.99419081211
1770,549.405334473,161.826095581,19.6521034241,52.9989433289,3.4139957279
1770,248.351821899,278.951721191,19.7345142365,50.8829841614,0.229357043281
1800,574.589904785,174.296203613,25.6568202972,66.8785705566,0.771155068651
1800,590.925231934,194.619873047,17.8696117401,48.2231025696,0.1302188728
1830,198.982009888,161.995651245,19.4268360138,51.110660553,3.157537058
1830,23.8801670074,192.600387573,25.5186748505,44.6291694641,1.99381764978
1830,509.294891357,152.767196655,20.5816745758,49.941204071,0.0372918177163
