30,607.552307129,234.239334106,20.1138324738,47.792881012,19.9480235577
30,186.630004883,178.112442017,23.7934360504,65.3380966187,0.946815405041
30,295.323272705,74.7954025269,29.6841144562,70.469543457,0.711150234565
60,108.850334167,246.045333862,20.7846927643,43.6312446594,5.08563555777
90,597.327453613,364.848999023,23.2148361206,74.9129714966,43.3657586575
90,564.370300293,360.704467773,27.3149242401,85.1391677856,17.6266714931
90,614.18737793,362.027008057,18.9029026031,56.5843963623,12.5777542591
90,130.7006073,157.565261841,134.959197998,287.803009033,4.40241210163
90,545.58215332,361.656890869,30.8754329681,82.4373321533,2.07120291889
90,583.814758301,361.928588867,22.9424190521,79.7364883423,1.55489016324
90,237.747558594,50.7635307312,20.6572055817,54.3624153137,1.14697208628
90,216.748123169,34.93491745,18.9136104584,54.3482398987,1.06751816347
90,211.591323853,287.305786133,27.1287460327,80.5050582886,0.87439250201
90,50.9364929199,328.166717529,20.4995937347,50.7910957336,0.509272236377
90,615.715209961,395.578216553,18.0457572937,46.9273414612,0.304411747493
90,222.055786133,325.961914062,19.8426799774,58.2247505188,0.153974618297
90,52.0801429749,159.699249268,112.068534851,249.499130249,0.133382063359
120,375.523590088,136.581314087,116.698646545,203.590454102,36.8189096451
120,245.300765991,270.117675781,33.1224632263,99.8814468384,24.8073101044
120,203.742202759,262.68359375,49.7198944092,113.667610168,5.31050302088
120,455.415435791,147.211334229,54.340423584,156.55140686,0.640994496644
150,346.124664307,130.353042603,36.5968360901,77.494354248,15.288977325
150,445.346405029,34.4113998413,29.3601131439,67.4675979614,12.5803977251
150,186.109619141,146.070327759,112.844512939,127.71471405,4.72426339984
150,100.559486389,155.582443237,108.421112061,173.484741211,3.26188914478
150,316.036346436,126.319396973,38.1182022095,92.5340042114,1.10608981922
180,183.653213501,154.098388672,30.6462039948,66.3771209717,1.47979715839
180,200.441574097,27.0119113922,20.8251438141,56.9904785156,0.807484053075
180,182.365707397,24.2935256958,28.0180892944,62.4499549866,0.000536469588042
240,515.894470215,227.428115845,20.1644306183,53.2093353271,2.86764092743
240,93.9677200317,177.407516479,30.8858509064,80.1141738892,0.146939535625
240,536.291503906,117.167747498,28.222694397,84.6292037964,0.0204847267014
270,600.76348877,123.942016602,24.3574905396,67.6015930176,5.35311810672
270,601.714294434,160.660629272,26.2937488556,92.5225296021,2.28089019656
270,73.0873031616,212.145751953,29.1870937347,77.8141098022,0.102983321995
300,223.926864624,180.344314575,19.1896915436,54.1558990479,0.0892562617082
300,81.042640686,179.450973511,31.4122543335,82.90209198,0.00264556001639
330,183.115234375,188.690734863,22.6104640961,64.1313858032,1.02956369519
360,172.866470337,210.898498535,19.7302513123,53.1642417908,1.14331357181
360,234.332046509,184.224075317,27.1512813568,56.3617744446,0.854000449181
420,208.532913208,186.870361328,30.6753559113,64.3411636353,1.5094704926
480,158.028091431,246.071411133,26.8236408234,62.6216430664,0.336579722352
480,247.114242554,105.663574219,24.2604446411,70.1467132568,0.00530871002411
510,36.9320411682,257.14932251,35.5891685486,69.6230392456,3.00700962543
510,242.161132812,88.0303878784,31.3014774323,77.0179519653,0.243630167097
510,205.119949341,197.09513855,21.8531475067,50.0205116272,0.143556587864
540,160.795394897,198.046630859,21.8050327301,61.4824333191,54.2916417122
540,591.127624512,199.25730896,28.8621807098,80.1675567627,4.25701774657
540,241.681030273,61.6295433044,51.0353279114,125.749259949,0.221138633788
540,200.684692383,115.281455994,131.702377319,250.019699097,0.0388881220715
570,178.937332153,199.000305176,26.0671482086,73.0997619629,45.9275335073
570,266.171386719,45.0834770203,72.7794876099,185.196151733,12.794059515
570,206.959671021,67.6022109985,107.633361816,209.629074097,5.07695488632
570,223.333145142,210.347091675,27.4467029572,63.5436134338,3.70255820453
600,203.120056152,198.485733032,30.1259384155,88.6805725098,72.0666825771
600,255.106887817,229.223373413,29.6716079712,64.49659729,12.9206493497
600,310.471191406,28.2592163086,56.3576011658,174.425720215,9.25961583853
600,277.944030762,43.5838127136,106.383110046,330.629089355,3.61733101308
630,317.479949951,175.932617188,37.5328674316,95.6801147461,6.18768297136
630,442.085449219,26.5200595856,106.900794983,312.655883789,5.22657930851
630,190.812637329,207.060134888,40.9934959412,74.5541381836,0.0070863738074
660,146.538589478,177.925292969,78.0420303345,189.715011597,92.8289413452
660,269.979980469,186.498535156,55.2780036926,152.970321655,75.9287297726
660,195.055297852,211.201339722,39.0860786438,119.929573059,28.4831434488
660,152.587310791,300.653289795,41.0800971985,73.0587539673,4.980186373
690,57.3388366699,124.254669189,70.7562637329,174.216171265,34.5815032721
690,42.3658447266,172.72883606,46.9390449524,120.833557129,7.19070807099
690,21.2819881439,177.780685425,43.2958679199,100.318244934,5.02251796424
690,8.53912258148,150.975708008,26.9944324493,59.2600440979,0.214470759965
720,213.084106445,124.432868958,76.4580688477,195.897201538,16.0001590848
720,174.021011353,188.419570923,28.3847637177,72.3035812378,15.7349407673
720,201.585372925,161.456695557,44.9433479309,127.783836365,4.91060651839
720,185.71043396,111.907318115,19.4930477142,59.5400390625,4.59701828659
720,65.4897994995,166.440078735,19.5186481476,57.1289329529,4.22766543925
720,72.0194778442,179.763977051,29.4324474335,76.2818603516,1.96804888546
720,108.03969574,117.450714111,22.3985271454,67.3808822632,1.22294332832
720,201.964950562,109.409889221,31.9307575226,94.1921005249,0.485622650012
720,222.881469727,113.304267883,31.7742767334,81.024055481,0.0467853649752
750,452.907714844,79.4221725464,142.629013062,308.303619385,47.5351423025
750,286.313415527,194.830200195,33.1686134338,82.696685791,15.8473864198
750,421.771697998,115.13369751,84.9863433838,192.158065796,9.89242345095
750,245.342773438,174.317276001,49.1416053772,118.895561218,3.78749780357
750,242.356582642,162.265274048,21.0604686737,69.5706558228,1.34811205789
750,439.378173828,78.1278991699,29.5010585785,79.1547698975,0.995782762766
750,454.759185791,64.7631530762,55.0462837219,141.04309082,0.861269887537
780,546.294677734,166.451599121,70.2308044434,172.245239258,12.2994035482
780,586.229431152,183.185012817,47.808807373,103.076324463,5.20118251443
780,590.93347168,46.9365234375,46.9922447205,104.27935791,0.406878488138
840,425.201660156,146.119857788,27.9776611328,60.9243469238,9.81450155377
840,476.525146484,162.017868042,22.7906246185,54.3743743896,1.8515009433
840,355.391204834,134.878921509,19.2203788757,45.2146873474,0.944315176457
840,489.006744385,169.3384552,22.1658172607,55.5455169678,0.30274677556
870,220.072219849,161.594940186,21.5374145508,54.6247406006,0.30126448255
900,50.1170845032,184.574234009,24.3302764893,72.2901077271,14.9544835091
900,543.561645508,164.505203247,31.0436153412,91.4858322144,0.713648414239
930,181.017807007,181.193725586,24.1625537872,60.854839325,4.28098104894
930,462.484588623,210.46697998,20.1371555328,43.2742347717,1.7730280757
930,195.307693481,178.774276733,26.2503414154,64.6377487183,0.24815602228
930,511.317108154,207.855636597,21.4139766693,52.168598175,0.0681905250531
960,610.455383301,244.903686523,18.2120304108,53.0178260803,0.0481080525788
990,141.7212677,209.677688599,20.7458171844,56.1232719421,1.03888558224
990,518.559631348,220.859802246,23.5619945526,52.7109031677,0.907470658422
990,388.559112549,192.150222778,19.1042194366,47.9959907532,0.101486756466
990,230.331314087,193.500259399,19.4562168121,47.2855072021,0.0655928219203
1020,248.791854858,195.516036987,16.7592468262,46.9799385071,36.4573121071
1020,391.070953369,192.025680542,22.7622699738,51.4654121399,0.11535534868
1050,242.948196411,193.744689941,20.329782486,48.0869560242,12.7355948091
1050,481.341064453,191.796798706,28.0433139801,64.71068573,0.131086574402
1080,509.727661133,170.790588379,28.1751766205,60.9633903503,1.59387942404
1110,549.82989502,176.713623047,39.4899559021,71.0999679565,0.888586882502
1110,83.9513473511,206.930969238,20.4613666534,48.1386070251,0.744394818321
1110,71.3118057251,206.339187622,21.0779018402,53.5039329529,0.0223719587666
1140,18.924539566,205.960372925,24.1395359039,55.2183494568,30.6469619274
1140,258.005584717,197.801589966,20.625957489,55.5872306824,29.0665864944
1140,220.558044434,190.277816772,33.4599494934,70.1277389526,4.35455814004
1140,271.229095459,195.427688599,22.6023387909,66.9970932007,0.0439957802882
1170,3.11837387085,213.535751343,13.469543457,78.5748138428,21.0883051157
1170,210.127624512,200.702651978,23.0462284088,66.7645950317,2.42740400136
1170,79.8953781128,205.576538086,25.4498596191,60.3679237366,0.144029268995
1200,11.8413848877,221.3021698,28.6651096344,62.0679016113,0.491344742477
1200,65.829826355,214.879837036,31.5689620972,70.7479095459,0.331919244491
1230,214.586593628,195.66619873,27.1366977692,81.5581970215,4.79223653674
1230,246.469192505,209.788513184,20.715719223,58.7093238831,1.45086813718
1230,194.503890991,201.889572144,31.066904068,68.5555801392,0.456934794784
1260,100.476402283,197.802810669,41.3713264465,91.4505996704,23.5260143876
1260,188.380050659,225.343017578,25.9628448486,74.4127120972,5.74581585824
1260,591.635681152,169.628936768,32.8152580261,78.0505142212,0.67771547474
1260,203.657394409,234.608581543,20.4483261108,51.5981407166,0.125702528749
1290,37.2581367493,192.754318237,62.9807701111,120.826805115,32.8354924917
1290,159.968032837,244.638748169,28.471162796,62.6646270752,4.60340976715
1320,92.6462402344,170.929458618,98.9034957886,163.686798096,56.758004427
1320,274.215393066,249.518325806,25.4037570953,72.069480896,0.876799784601
1350,375.56161499,160.154220581,118.166137695,219.759140015,72.54088521
1350,594.203674316,244.067153931,28.333398819,111.740600586,43.586435914
1350,233.959152222,221.305435181,27.111158371,75.6345367432,29.4424086809
1350,32.0628585815,207.669906616,32.282169342,104.1277771,11.2024247646
1350,408.733001709,158.175552368,27.7985477448,68.7709350586,5.78482039273
1350,585.269104004,247.541687012,18.2903232574,74.4978713989,0.740980263799
1350,579.903747559,156.201400757,26.1542224884,81.5107955933,0.27934613172
1350,601.761413574,194.358154297,27.7601013184,75.9579544067,0.220313970931
1350,19.7207527161,227.992080688,22.285276413,70.7004776001,0.0305126945022
1350,8.37950897217,191.382873535,24.646604538,104.464118958,0.00552454439458
1380,567.949523926,230.954849243,69.8822784424,173.609420776,57.3170125484
1380,159.516723633,195.278503418,33.3666877747,130.693572998,13.6417761445
1380,113.343994141,134.399108887,143.682296753,281.307373047,8.38328301907
1380,588.302490234,92.500831604,51.1068153381,229.318603516,2.7932992205
1380,79.3997879028,197.281387329,36.9419212341,88.5301437378,0.450361846015
1380,402.789337158,211.549087524,31.3885593414,88.5635147095,0.363657996058
1380,605.351501465,154.326126099,28.1060810089,95.508430481,0.0779345282353
1410,586.834533691,93.2251281738,53.1654663086,273.959014893,9.13212522864
1410,174.707473755,198.986404419,34.6953697205,119.4010849,7.8335903585
1410,121.318054199,146.585861206,142.406890869,252.42741394,0.745664723217
1410,426.813140869,212.433486938,25.1140422821,71.8203430176,0.414732843637
1410,97.0298080444,193.003890991,32.6601409912,98.2048339844,0.0067482891609
1440,586.046203613,90.3835220337,53.9537963867,263.233154297,4.7068182379
1440,175.66355896,200.672744751,31.647233963,108.814056396,0.707316212356
1440,118.542381287,133.736129761,150.678146362,281.540924072,0.602688314393
1440,616.297180176,107.687644958,23.7028198242,96.725730896,0.254023144953
1440,170.142868042,203.055130005,19.9908428192,70.6234664917,0.0880463630892
1440,426.275482178,214.650466919,25.1240520477,74.387550354,0.0841187895276
1470,586.515075684,123.035652161,53.4849243164,266.028259277,8.10708329082
1470,175.038314819,202.033615112,31.5367488861,115.558952332,3.91532815993
1470,120.216491699,134.709701538,150.840835571,274.854766846,1.08178434893
1470,616.315063477,104.675315857,23.6849365234,104.012237549,0.910403486341
1470,423.245361328,210.489212036,29.3899536133,91.5997390747,0.444754865021
1500,585.664672852,137.578475952,54.3353271484,255.926696777,4.83567900956
1500,140.16645813,119.881843567,104.875701904,252.695083618,2.57096309215
1500,174.465820312,195.657974243,32.0979728699,123.951538086,0.424624606967
1500,427.640167236,213.714981079,25.7651195526,75.2678604126,0.102246855386
1530,175.504394531,203.445510864,41.2014808655,117.140411377,4.96453940868
1530,427.201538086,202.528869629,37.4861068726,122.803962708,0.866094790399
1530,126.193626404,124.87878418,153.94418335,282.387542725,0.442083599046
1530,625.094238281,106.606803894,14.9057617188,82.2507095337,0.36286583636
1530,583.149475098,89.518157959,56.8505249023,258.581695557,0.304718012922
1560,221.810470581,206.493423462,40.5716209412,115.476043701,12.6045137644
1560,196.252929688,121.779792786,99.6838989258,251.350723267,3.60684916377
1560,138.933288574,204.251968384,37.6048583984,88.4436416626,2.11929343641
1590,289.565185547,254.493423462,19.5001239777,63.8032646179,13.7955754995
1590,371.785797119,190.476608276,99.9856796265,220.59185791,2.48489063233
1590,391.496734619,105.078552246,18.7146091461,46.8071098328,1.71398594975
1590,45.1917228699,228.227722168,31.9206314087,90.0925216675,0.69941249676
1590,7.53907775879,141.761703491,128.653762817,294.182006836,0.00207653374673
1620,372.772674561,276.2081604,23.0978717804,58.4312286377,2.56871245801
1680,572.567749023,212.76499939,36.2700805664,78.4882736206,1.96107085794
1710,14.2041292191,163.433395386,31.7069396973,60.9059906006,5.81572726369
1710,447.768951416,198.987869263,83.861000061,120.930595398,0.248862290755
1740,98.2816848755,159.407333374,25.9613857269,67.7057266235,26.8899410963
1740,582.163146973,197.10295105,57.8368530273,230.886169434,0.377060100436
1770,132.980255127,159.937484741,28.5600910187,71.6740493774,28.8034111261
1770,194.019470215,173.187698364,26.7181034088,78.7890090942,0.123979325872
1800,357.379852295,30.8080921173,30.8032665253,62.4052085876,63.5630309582
1800,126.702415466,155.967300415,22.3695526123,61.7060585022,10.0181937218
1800,205.247009277,183.865036011,21.0578193665,66.7484588623,0.473560160026
1830,77.6136169434,154.020187378,30.9314403534,74.2950210571,8.89518111944
1830,352.203582764,17.0529689789,24.2214221954,64.2999954224,4.31219227612
1830,442.437408447,170.023498535,34.5176811218,91.0968933105,0.51938444376
